#!ascii label  , from subject A00073545 vox2ras=TkReg
1389
103190  -46.365  29.194  38.816 0.0000000000
112271  -35.378  43.833  30.952 0.0000000000
105845  -34.252  34.213  38.429 0.0000000000
105923  -35.928  33.312  32.674 0.0000000000
112886  -41.324  43.880  32.445 0.0000000000
109013  -37.936  38.341  28.615 0.0000000000
105290  -38.555  32.194  25.583 0.0000000000
103947  -32.989  30.309  27.982 0.0000000000
97475  -42.586  22.378  49.870 0.0000000000
100413  -43.275  25.132  41.442 0.0000000000
112942  -27.801  45.092  26.695 0.0000000000
114141  -34.183  46.835  25.406 0.0000000000
116447  -38.341  49.868  25.090 0.0000000000
104498  -40.850  31.770  38.671 0.0000000000
108962  -32.738  39.168  32.380 0.0000000000
108315  -38.292  37.233  36.070 0.0000000000
104519  -41.818  32.085  36.144 0.0000000000
102590  -38.343  28.620  32.146 0.0000000000
100552  -35.661  25.312  29.643 0.0000000000
102547  -44.222  28.708  36.516 0.0000000000
112306  -41.694  43.418  27.248 0.0000000000
109613  -41.627  39.430  27.084 0.0000000000
107826  -39.390  36.319  25.191 0.0000000000
105993  -35.806  32.658  24.490 0.0000000000
98285  -43.886  22.683  46.032 0.0000000000
98326  -41.570  22.907  43.007 0.0000000000
114678  -26.798  47.284  28.534 0.0000000000
115309  -36.548  49.012  25.660 0.0000000000
103202  -39.292  29.561  38.427 0.0000000000
105829  -37.983  34.164  39.783 0.0000000000
112231  -31.719  43.952  33.115 0.0000000000
111607  -34.778  42.808  33.403 0.0000000000
106593  -38.037  34.697  30.975 0.0000000000
107776  -37.552  36.469  31.323 0.0000000000
106571  -37.751  34.979  34.123 0.0000000000
106523  -38.959  34.655  37.689 0.0000000000
105192  -37.430  32.295  36.374 0.0000000000
103903  -40.115  29.977  34.769 0.0000000000
103901  -35.366  30.422  34.634 0.0000000000
101979  -34.331  27.080  28.318 0.0000000000
112882  -37.632  44.444  31.465 0.0000000000
111625  -36.349  42.327  30.355 0.0000000000
111646  -39.342  42.176  28.958 0.0000000000
107217  -39.940  35.077  28.201 0.0000000000
105257  -37.003  32.669  29.000 0.0000000000
105253  -33.779  32.059  30.574 0.0000000000
105275  -35.750  31.879  26.823 0.0000000000
104616  -34.141  30.766  23.731 0.0000000000
98267  -45.383  22.470  47.715 0.0000000000
100393  -45.290  24.911  43.150 0.0000000000
101810  -45.738  27.117  41.627 0.0000000000
112891  -24.588  45.422  30.536 0.0000000000
112265  -28.499  43.294  30.354 0.0000000000
112299  -31.978  43.643  29.428 0.0000000000
113508  -34.905  45.222  28.162 0.0000000000
114663  -37.947  47.007  30.376 0.0000000000
114107  -39.779  46.394  29.084 0.0000000000
114131  -40.172  46.556  26.222 0.0000000000
114726  -38.447  48.418  24.693 0.0000000000
100453  -40.768  25.613  39.416 0.0000000000
102513  -42.751  27.828  39.277 0.0000000000
103206  -43.680  29.786  38.581 0.0000000000
106568  -33.042  34.999  34.445 0.0000000000
109000  -35.543  38.868  30.249 0.0000000000
107750  -35.700  36.690  33.140 0.0000000000
107118  -36.055  36.043  37.450 0.0000000000
107102  -39.813  35.728  39.540 0.0000000000
107111  -42.666  35.704  39.080 0.0000000000
104520  -44.661  32.181  35.972 0.0000000000
103906  -43.175  30.725  34.812 0.0000000000
102593  -42.290  28.748  31.726 0.0000000000
101971  -41.064  27.636  28.789 0.0000000000
103287  -34.904  29.005  31.919 0.0000000000
101968  -37.493  26.881  29.485 0.0000000000
100555  -38.884  25.517  29.988 0.0000000000
101108  -48.284  26.926  40.999 0.0000000000
101860  -46.911  27.429  39.205 0.0000000000
102538  -45.828  28.600  37.865 0.0000000000
111675  -41.170  42.764  25.961 0.0000000000
110302  -41.464  41.063  26.093 0.0000000000
109637  -40.066  39.438  25.518 0.0000000000
107815  -38.409  36.323  25.568 0.0000000000
105827  -35.275  34.127  39.769 0.0000000000
112233  -33.331  44.281  32.444 0.0000000000
105933  -36.902  33.907  31.524 0.0000000000
106583  -38.067  34.814  32.150 0.0000000000
105913  -36.622  33.851  33.471 0.0000000000
106543  -36.823  33.673  36.002 0.0000000000
105906  -35.686  32.867  34.494 0.0000000000
104523  -36.472  31.356  35.562 0.0000000000
105216  -35.185  32.374  33.720 0.0000000000
112869  -39.370  44.348  33.297 0.0000000000
112256  -39.080  44.153  31.145 0.0000000000
112258  -40.875  42.937  31.833 0.0000000000
107242  -41.014  35.088  25.713 0.0000000000
108416  -40.362  36.832  26.566 0.0000000000
105975  -41.092  33.535  27.026 0.0000000000
105962  -38.937  33.272  28.376 0.0000000000
105277  -37.987  32.327  27.019 0.0000000000
105266  -36.438  32.371  28.135 0.0000000000
104598  -37.173  31.524  26.171 0.0000000000
105287  -34.785  31.853  25.582 0.0000000000
99001  -43.466  23.537  43.752 0.0000000000
98983  -45.113  23.663  45.409 0.0000000000
100400  -44.243  25.209  42.662 0.0000000000
100415  -45.296  25.764  42.352 0.0000000000
101088  -44.064  26.218  41.222 0.0000000000
113512  -26.696  45.849  27.732 0.0000000000
112906  -27.014  44.435  28.947 0.0000000000
112295  -28.404  44.116  28.408 0.0000000000
112284  -30.355  43.548  29.895 0.0000000000
112933  -30.252  44.439  27.589 0.0000000000
113544  -33.127  46.206  25.822 0.0000000000
113516  -33.874  45.038  27.643 0.0000000000
113517  -34.957  45.801  27.194 0.0000000000
114104  -37.108  46.176  28.930 0.0000000000
114691  -36.714  47.445  27.457 0.0000000000
116445  -37.538  50.069  25.336 0.0000000000
115856  -37.993  49.190  27.731 0.0000000000
115295  -39.013  48.517  27.339 0.0000000000
114122  -40.536  46.634  26.999 0.0000000000
114713  -39.560  47.765  25.951 0.0000000000
114144  -39.436  47.313  25.875 0.0000000000
115324  -38.533  49.131  24.294 0.0000000000
101835  -35.118  27.809  39.513 0.0000000000
100448  -35.969  25.567  39.659 0.0000000000
101121  -37.344  26.264  39.333 0.0000000000
99771  -39.432  24.791  39.549 0.0000000000
101839  -38.425  26.683  38.857 0.0000000000
103864  -39.604  30.586  38.423 0.0000000000
102530  -41.049  28.611  38.554 0.0000000000
103204  -41.405  29.620  38.477 0.0000000000
102532  -43.162  29.036  38.851 0.0000000000
103867  -42.699  30.839  38.311 0.0000000000
108956  -31.007  38.619  33.136 0.0000000000
107745  -30.844  36.705  33.375 0.0000000000
107747  -32.457  36.794  32.669 0.0000000000
110236  -36.981  40.885  29.358 0.0000000000
110930  -36.082  40.911  29.758 0.0000000000
109586  -36.331  39.360  29.456 0.0000000000
107752  -38.107  36.858  34.008 0.0000000000
107765  -36.671  36.686  32.262 0.0000000000
107737  -37.073  36.825  34.763 0.0000000000
107722  -36.355  36.524  35.523 0.0000000000
108313  -37.453  37.452  36.761 0.0000000000
107684  -37.983  36.737  39.185 0.0000000000
107702  -38.466  36.842  37.757 0.0000000000
105181  -39.988  33.175  37.108 0.0000000000
106525  -41.005  34.895  38.260 0.0000000000
105869  -42.018  33.732  36.831 0.0000000000
105184  -44.118  33.510  37.578 0.0000000000
105202  -42.955  33.026  35.406 0.0000000000
103908  -44.332  31.805  34.223 0.0000000000
104529  -42.736  31.904  35.414 0.0000000000
103244  -39.305  29.434  34.387 0.0000000000
103262  -40.916  29.226  33.108 0.0000000000
102578  -40.409  28.607  32.554 0.0000000000
101920  -41.875  28.056  30.749 0.0000000000
102620  -39.876  28.165  30.180 0.0000000000
104579  -33.201  31.178  29.870 0.0000000000
104571  -33.479  31.303  31.212 0.0000000000
103293  -33.560  29.410  30.463 0.0000000000
101257  -35.193  26.430  28.280 0.0000000000
101966  -35.334  27.139  28.887 0.0000000000
101243  -36.385  26.336  29.073 0.0000000000
101245  -38.603  26.300  28.704 0.0000000000
100554  -37.771  25.520  29.909 0.0000000000
100542  -37.826  25.333  30.938 0.0000000000
99729  -45.690  24.638  42.822 0.0000000000
103217  -43.845  28.952  35.567 0.0000000000
112912  -41.579  43.793  29.870 0.0000000000
111630  -42.499  41.932  30.358 0.0000000000
110271  -42.098  41.119  27.583 0.0000000000
109035  -41.784  38.580  26.015 0.0000000000
106643  -39.291  34.157  25.512 0.0000000000
105301  -37.463  32.105  24.059 0.0000000000
106641  -37.496  33.489  25.385 0.0000000000
97489  -43.261  22.498  48.137 0.0000000000
98284  -42.677  22.275  46.294 0.0000000000
99017  -42.459  23.735  42.687 0.0000000000
114697  -26.311  47.622  26.695 0.0000000000
114709  -35.421  47.967  25.696 0.0000000000
115900  -37.508  50.116  23.697 0.0000000000
115901  -38.321  50.015  23.817 0.0000000000
102527  -37.929  28.582  38.710 0.0000000000
104495  -37.864  31.636  38.756 0.0000000000
105162  -39.247  32.488  38.947 0.0000000000
110899  -33.091  41.021  32.576 0.0000000000
107793  -38.273  36.191  29.147 0.0000000000
107783  -37.692  36.792  30.153 0.0000000000
107193  -37.904  35.872  31.260 0.0000000000
107175  -38.437  35.822  33.203 0.0000000000
107152  -38.292  36.175  35.237 0.0000000000
107121  -38.528  35.865  37.462 0.0000000000
106544  -37.321  34.582  36.162 0.0000000000
105888  -38.108  33.242  36.981 0.0000000000
104516  -39.182  31.752  36.332 0.0000000000
104527  -40.713  31.253  35.798 0.0000000000
104525  -38.991  30.926  36.094 0.0000000000
103227  -37.633  29.822  35.117 0.0000000000
103242  -37.077  29.251  34.330 0.0000000000
102631  -33.239  28.426  28.822 0.0000000000
105883  -31.617  33.696  36.404 0.0000000000
112880  -36.348  43.838  30.780 0.0000000000
112253  -35.856  43.378  31.062 0.0000000000
111618  -37.042  43.462  30.908 0.0000000000
111634  -37.731  42.363  29.381 0.0000000000
110250  -38.637  40.431  28.111 0.0000000000
110950  -41.044  41.786  29.023 0.0000000000
109024  -39.639  38.424  27.438 0.0000000000
108393  -38.761  37.270  28.083 0.0000000000
106609  -39.030  34.193  29.548 0.0000000000
105944  -37.574  33.526  30.157 0.0000000000
105942  -36.277  33.253  30.971 0.0000000000
105236  -35.322  32.792  31.906 0.0000000000
105255  -35.336  32.660  29.546 0.0000000000
105264  -34.396  32.281  28.569 0.0000000000
104588  -34.181  31.599  27.547 0.0000000000
105288  -35.627  31.737  25.488 0.0000000000
104606  -34.577  30.997  25.145 0.0000000000
98276  -44.987  23.058  46.885 0.0000000000
99689  -46.561  24.197  46.303 0.0000000000
99719  -46.155  24.825  43.545 0.0000000000
100402  -45.663  25.180  42.648 0.0000000000
101091  -46.692  26.273  42.968 0.0000000000
102500  -46.670  28.421  41.125 0.0000000000
112225  -25.848  43.738  31.737 0.0000000000
112262  -25.867  44.196  30.090 0.0000000000
112227  -27.752  43.473  32.321 0.0000000000
112247  -29.556  43.002  31.759 0.0000000000
112269  -32.265  43.257  31.087 0.0000000000
112907  -33.579  43.931  29.932 0.0000000000
113525  -29.675  45.107  26.318 0.0000000000
112935  -31.920  44.434  27.553 0.0000000000
112937  -33.449  44.457  28.349 0.0000000000
112909  -35.363  44.329  29.861 0.0000000000
113488  -37.090  45.039  30.926 0.0000000000
113481  -38.495  45.347  31.937 0.0000000000
113482  -39.643  45.934  32.311 0.0000000000
115293  -37.093  48.699  28.219 0.0000000000
114675  -39.103  47.126  29.613 0.0000000000
113492  -40.354  45.353  30.829 0.0000000000
113510  -40.698  45.369  28.470 0.0000000000
113535  -41.181  44.648  26.798 0.0000000000
113533  -39.726  45.692  26.485 0.0000000000
114701  -38.193  47.106  25.999 0.0000000000
115344  -38.555  49.143  23.336 0.0000000000
99049  -41.134  23.921  40.957 0.0000000000
100433  -41.945  25.135  40.146 0.0000000000
101855  -39.573  27.694  38.599 0.0000000000
101840  -41.485  27.312  38.779 0.0000000000
101103  -43.049  26.255  40.281 0.0000000000
101843  -44.099  27.515  39.752 0.0000000000
103188  -44.770  29.231  39.192 0.0000000000
103207  -44.822  29.875  38.306 0.0000000000
106541  -33.636  34.441  36.065 0.0000000000
111616  -35.583  42.503  31.103 0.0000000000
110906  -34.616  41.471  31.268 0.0000000000
109562  -33.984  39.602  31.304 0.0000000000
108376  -36.150  37.685  30.775 0.0000000000
108365  -35.472  37.583  31.376 0.0000000000
107774  -33.928  36.887  31.785 0.0000000000
107174  -34.386  35.932  33.710 0.0000000000
107132  -34.951  35.744  35.804 0.0000000000
106521  -35.134  35.283  37.516 0.0000000000
106493  -36.102  35.292  39.446 0.0000000000
106495  -38.650  35.332  39.999 0.0000000000
105831  -39.948  34.381  39.479 0.0000000000
106507  -39.363  35.405  38.518 0.0000000000
106509  -41.663  35.340  39.212 0.0000000000
105165  -42.083  33.214  38.755 0.0000000000
105166  -43.030  33.251  38.638 0.0000000000
103875  -44.069  31.256  37.585 0.0000000000
103876  -44.327  30.932  36.957 0.0000000000
103881  -44.585  31.261  35.911 0.0000000000
103230  -44.188  30.615  34.925 0.0000000000
103248  -43.547  29.769  33.928 0.0000000000
103905  -41.948  30.307  34.669 0.0000000000
103247  -42.631  29.811  33.869 0.0000000000
103278  -43.745  29.091  32.026 0.0000000000
102609  -43.726  28.197  30.155 0.0000000000
102622  -42.724  27.350  29.680 0.0000000000
105224  -34.076  31.755  32.843 0.0000000000
103256  -34.550  29.875  33.329 0.0000000000
102588  -36.234  28.279  32.328 0.0000000000
101948  -34.639  28.121  30.237 0.0000000000
101934  -36.013  27.968  31.313 0.0000000000
101936  -37.967  27.853  31.039 0.0000000000
101969  -38.651  27.078  29.034 0.0000000000
100580  -40.060  25.930  28.543 0.0000000000
102518  -47.299  28.196  39.555 0.0000000000
101845  -47.456  27.386  39.572 0.0000000000
102534  -46.540  28.444  38.722 0.0000000000
102533  -46.067  28.154  38.303 0.0000000000
102539  -46.339  29.006  38.127 0.0000000000
110980  -40.715  41.983  26.019 0.0000000000
110995  -40.432  41.309  25.691 0.0000000000
112878  -33.871  44.154  31.928 0.0000000000
112879  -34.482  43.932  32.184 0.0000000000
112252  -35.249  43.694  31.439 0.0000000000
105924  -36.750  33.817  32.463 0.0000000000
105907  -36.277  33.632  34.453 0.0000000000
105912  -35.752  33.185  33.622 0.0000000000
105226  -35.208  32.711  32.844 0.0000000000
112203  -40.500  43.970  34.317 0.0000000000
112236  -40.102  43.635  32.694 0.0000000000
112259  -41.288  43.079  31.774 0.0000000000
105304  -40.504  33.689  25.840 0.0000000000
105987  -41.209  33.603  26.205 0.0000000000
105291  -40.490  33.329  26.326 0.0000000000
105973  -39.012  33.084  27.210 0.0000000000
105278  -38.636  32.455  26.357 0.0000000000
104599  -37.818  31.638  25.970 0.0000000000
104609  -37.962  31.699  25.324 0.0000000000
98255  -43.193  22.869  50.111 0.0000000000
99726  -43.173  24.078  43.018 0.0000000000
99717  -43.801  24.089  43.466 0.0000000000
99742  -43.777  25.077  42.429 0.0000000000
100414  -43.894  25.716  41.992 0.0000000000
113521  -26.751  45.858  26.989 0.0000000000
113513  -27.112  45.340  27.493 0.0000000000
112931  -28.335  44.424  27.645 0.0000000000
112305  -28.987  44.017  28.105 0.0000000000
112944  -29.068  44.596  26.852 0.0000000000
114156  -33.269  46.984  24.867 0.0000000000
114139  -32.785  46.504  25.279 0.0000000000
114140  -33.488  46.651  25.419 0.0000000000
113529  -34.184  46.117  26.812 0.0000000000
113530  -34.942  46.344  26.648 0.0000000000
114681  -35.729  46.941  27.710 0.0000000000
114699  -35.362  47.398  26.410 0.0000000000
116446  -38.112  50.062  25.274 0.0000000000
115864  -38.228  49.440  26.742 0.0000000000
115874  -38.475  49.504  25.730 0.0000000000
114702  -39.706  47.861  26.692 0.0000000000
115311  -39.105  48.435  25.930 0.0000000000
115310  -38.700  48.685  25.378 0.0000000000
115888  -38.453  49.617  24.816 0.0000000000
102512  -34.992  28.750  39.398 0.0000000000
101851  -35.726  28.104  38.966 0.0000000000
101836  -36.068  27.297  39.209 0.0000000000
101837  -36.922  26.996  38.922 0.0000000000
101838  -37.813  26.825  38.849 0.0000000000
104497  -39.888  31.631  38.566 0.0000000000
103865  -40.620  30.644  38.462 0.0000000000
103866  -41.647  30.743  38.522 0.0000000000
104499  -41.838  31.966  38.472 0.0000000000
109553  -32.294  39.693  32.969 0.0000000000
109552  -31.820  39.245  32.808 0.0000000000
108347  -31.408  38.046  32.753 0.0000000000
108362  -32.624  38.156  31.969 0.0000000000
109598  -37.317  39.301  28.771 0.0000000000
109597  -36.747  39.569  29.022 0.0000000000
109012  -37.322  38.589  29.107 0.0000000000
108326  -38.329  37.018  35.255 0.0000000000
108325  -38.072  37.362  35.552 0.0000000000
107723  -37.278  37.175  35.965 0.0000000000
108314  -37.865  37.513  36.315 0.0000000000
108295  -38.154  37.227  37.830 0.0000000000
108302  -38.232  37.310  36.985 0.0000000000
105195  -40.497  32.532  36.633 0.0000000000
105183  -41.660  33.198  36.960 0.0000000000
105197  -42.276  32.827  36.373 0.0000000000
105890  -42.752  33.766  36.597 0.0000000000
104530  -43.435  32.430  34.750 0.0000000000
103260  -38.586  29.116  33.316 0.0000000000
103261  -39.734  28.869  33.132 0.0000000000
102591  -39.588  28.621  32.144 0.0000000000
102607  -39.773  28.284  30.941 0.0000000000
102606  -38.864  28.415  31.037 0.0000000000
104586  -32.955  30.807  28.957 0.0000000000
104578  -32.944  30.614  29.482 0.0000000000
103942  -32.798  30.149  29.092 0.0000000000
100564  -35.442  25.631  28.851 0.0000000000
101258  -35.659  26.207  28.548 0.0000000000
100565  -36.435  25.819  29.145 0.0000000000
100553  -36.670  25.309  29.810 0.0000000000
99744  -45.593  24.656  41.900 0.0000000000
112927  -41.661  44.029  28.669 0.0000000000
112292  -42.437  42.521  29.445 0.0000000000
111649  -42.173  42.809  28.081 0.0000000000
109638  -41.207  39.714  25.723 0.0000000000
109624  -41.608  38.916  26.108 0.0000000000
109046  -41.237  38.362  25.621 0.0000000000
107827  -40.271  36.249  25.661 0.0000000000
107239  -39.345  35.193  25.497 0.0000000000
106642  -38.324  33.955  25.390 0.0000000000
107231  -38.700  35.474  25.533 0.0000000000
107229  -37.107  35.245  26.067 0.0000000000
97510  -41.932  21.944  46.499 0.0000000000
99000  -42.719  23.350  43.481 0.0000000000
98999  -42.028  23.153  43.081 0.0000000000
115908  -37.013  49.388  23.193 0.0000000000
115909  -37.662  49.814  22.782 0.0000000000
115921  -36.543  49.219  21.663 0.0000000000
105828  -36.548  33.885  40.141 0.0000000000
104489  -37.062  32.009  39.233 0.0000000000
105146  -37.563  32.840  39.462 0.0000000000
105161  -38.424  32.378  38.971 0.0000000000
105147  -38.641  33.259  39.422 0.0000000000
112230  -30.650  43.569  33.111 0.0000000000
111606  -34.250  42.292  33.083 0.0000000000
107201  -38.391  35.128  29.857 0.0000000000
107784  -37.989  36.023  30.419 0.0000000000
106574  -37.894  34.909  33.171 0.0000000000
107164  -38.431  35.705  33.865 0.0000000000
107176  -39.065  35.965  33.842 0.0000000000
107151  -38.050  35.663  34.688 0.0000000000
107134  -37.743  35.579  35.704 0.0000000000
106563  -37.412  34.888  35.061 0.0000000000
105886  -36.736  32.826  36.117 0.0000000000
105887  -37.584  33.488  36.757 0.0000000000
105193  -38.420  32.661  36.883 0.0000000000
104515  -38.135  31.478  36.250 0.0000000000
104522  -35.657  30.947  35.107 0.0000000000
103887  -37.117  30.709  35.555 0.0000000000
103886  -36.041  30.305  35.116 0.0000000000
103226  -36.651  29.827  35.006 0.0000000000
103902  -35.748  30.044  34.759 0.0000000000
112881  -36.679  44.285  31.331 0.0000000000
112254  -36.884  43.709  31.304 0.0000000000
112255  -37.842  43.564  31.311 0.0000000000
112289  -39.781  43.187  30.012 0.0000000000
112274  -38.730  43.388  30.342 0.0000000000
111635  -38.716  42.673  29.558 0.0000000000
110947  -37.952  41.473  28.587 0.0000000000
110948  -38.975  41.494  28.398 0.0000000000
110951  -41.869  41.299  29.004 0.0000000000
110918  -41.973  41.518  30.461 0.0000000000
110253  -41.443  40.962  28.159 0.0000000000
107224  -40.396  35.494  27.463 0.0000000000
109025  -40.758  38.384  27.376 0.0000000000
107800  -39.839  36.099  27.554 0.0000000000
108402  -39.123  37.852  27.364 0.0000000000
107799  -39.240  36.156  28.261 0.0000000000
107216  -39.119  35.569  28.652 0.0000000000
107210  -39.757  34.473  28.681 0.0000000000
105961  -38.184  32.982  28.367 0.0000000000
105953  -38.630  33.460  29.395 0.0000000000
105952  -37.733  33.076  29.314 0.0000000000
105943  -36.881  33.431  30.489 0.0000000000
105951  -37.130  32.983  29.737 0.0000000000
105247  -36.084  32.852  30.281 0.0000000000
105256  -36.334  32.675  29.393 0.0000000000
105265  -35.468  32.402  28.243 0.0000000000
105274  -34.773  32.038  27.116 0.0000000000
106006  -36.380  32.387  23.853 0.0000000000
104618  -36.427  31.424  24.192 0.0000000000
105299  -35.635  31.980  24.556 0.0000000000
104605  -34.363  31.297  24.572 0.0000000000
98275  -43.656  22.502  47.398 0.0000000000
99708  -45.459  24.138  44.906 0.0000000000
98984  -45.668  23.772  45.773 0.0000000000
99709  -46.238  24.686  44.607 0.0000000000
99702  -46.943  25.147  45.437 0.0000000000
100394  -45.566  24.941  42.957 0.0000000000
101090  -45.929  26.425  42.395 0.0000000000
102491  -47.103  28.235  42.030 0.0000000000
101822  -46.161  27.735  41.352 0.0000000000
113485  -23.741  46.203  30.856 0.0000000000
114077  -23.043  46.177  31.662 0.0000000000
113472  -23.925  45.476  31.591 0.0000000000
112860  -24.197  44.905  32.239 0.0000000000
112877  -25.097  44.385  31.413 0.0000000000
114103  -26.374  46.466  28.805 0.0000000000
112281  -27.471  44.073  29.058 0.0000000000
112263  -26.498  43.945  29.815 0.0000000000
112264  -27.492  43.493  30.066 0.0000000000
112244  -26.633  43.539  30.913 0.0000000000
112245  -27.603  43.290  31.198 0.0000000000
112246  -28.579  43.122  31.485 0.0000000000
112266  -29.481  43.165  30.624 0.0000000000
112298  -31.184  43.846  29.222 0.0000000000
112285  -31.233  43.468  30.104 0.0000000000
112286  -32.016  43.407  30.218 0.0000000000
112270  -33.108  43.617  31.014 0.0000000000
112287  -32.733  43.606  30.143 0.0000000000
112946  -30.891  44.635  27.031 0.0000000000
113527  -31.895  44.850  26.576 0.0000000000
113507  -34.314  44.907  28.160 0.0000000000
112923  -34.114  44.500  28.740 0.0000000000
112924  -35.142  44.671  29.055 0.0000000000
112910  -36.158  44.506  29.692 0.0000000000
113509  -36.081  45.396  28.779 0.0000000000
114106  -38.075  46.350  29.446 0.0000000000
113489  -38.084  45.279  30.010 0.0000000000
114085  -38.375  46.059  30.755 0.0000000000
114078  -38.685  46.264  32.619 0.0000000000
114658  -38.681  46.728  30.981 0.0000000000
115308  -35.949  48.411  25.237 0.0000000000
115292  -36.898  48.612  27.591 0.0000000000
115854  -36.973  49.099  27.726 0.0000000000
114685  -39.214  47.519  28.554 0.0000000000
114684  -38.578  47.678  29.265 0.0000000000
114096  -39.404  46.516  30.351 0.0000000000
113503  -40.450  45.449  29.553 0.0000000000
114108  -40.357  45.845  28.778 0.0000000000
114132  -40.391  46.706  26.267 0.0000000000
113518  -40.920  45.512  27.457 0.0000000000
113534  -40.704  45.559  26.570 0.0000000000
112952  -40.966  44.345  26.412 0.0000000000
112951  -40.215  44.612  26.423 0.0000000000
114712  -38.672  47.669  25.494 0.0000000000
114130  -39.154  46.732  26.050 0.0000000000
114711  -37.494  47.249  25.611 0.0000000000
114725  -37.869  47.875  24.575 0.0000000000
115910  -38.382  49.629  22.580 0.0000000000
99047  -39.272  23.781  40.685 0.0000000000
100452  -39.743  25.499  39.204 0.0000000000
99772  -40.272  24.925  39.624 0.0000000000
99773  -40.813  25.092  39.779 0.0000000000
99758  -42.165  24.475  40.991 0.0000000000
100454  -41.732  25.697  39.589 0.0000000000
103201  -38.284  29.555  38.511 0.0000000000
102528  -38.945  28.559  38.544 0.0000000000
102529  -39.987  28.576  38.433 0.0000000000
101857  -41.557  27.866  38.751 0.0000000000
101841  -42.195  27.356  39.107 0.0000000000
101126  -42.545  26.324  39.739 0.0000000000
101842  -43.167  27.187  39.780 0.0000000000
101819  -43.888  26.964  40.050 0.0000000000
102514  -43.399  28.221  39.327 0.0000000000
103187  -43.893  29.011  39.201 0.0000000000
107171  -31.923  36.018  33.140 0.0000000000
106559  -32.851  34.565  35.189 0.0000000000
111617  -36.395  43.191  30.719 0.0000000000
112235  -35.564  42.990  31.682 0.0000000000
111624  -35.925  42.001  30.556 0.0000000000
110222  -35.350  40.347  30.306 0.0000000000
110915  -35.091  40.912  30.675 0.0000000000
110221  -34.782  40.394  30.703 0.0000000000
110211  -34.215  40.441  31.149 0.0000000000
109573  -34.543  39.549  30.821 0.0000000000
108377  -37.051  37.425  30.619 0.0000000000
108367  -37.046  36.953  31.213 0.0000000000
107764  -35.931  36.875  32.455 0.0000000000
108352  -35.998  37.066  31.982 0.0000000000
108351  -35.315  37.028  32.344 0.0000000000
108364  -34.377  37.384  31.782 0.0000000000
108350  -34.723  36.932  32.634 0.0000000000
107763  -34.139  36.725  32.305 0.0000000000
107735  -35.260  36.376  33.749 0.0000000000
107708  -36.553  36.605  36.540 0.0000000000
107133  -35.725  36.123  36.229 0.0000000000
107117  -35.094  35.521  36.680 0.0000000000
106506  -35.474  35.367  38.384 0.0000000000
107098  -36.565  35.958  39.055 0.0000000000
107101  -39.208  36.270  39.529 0.0000000000
107100  -38.191  36.222  39.723 0.0000000000
106496  -39.653  35.317  39.849 0.0000000000
106524  -39.912  34.496  38.342 0.0000000000
106526  -42.030  35.100  38.044 0.0000000000
105846  -41.481  34.257  39.192 0.0000000000
105847  -42.320  34.375  39.090 0.0000000000
105848  -43.010  34.384  38.638 0.0000000000
105185  -44.375  33.012  36.832 0.0000000000
104502  -44.144  32.453  37.603 0.0000000000
104508  -44.184  31.785  37.424 0.0000000000
103869  -44.427  30.512  37.645 0.0000000000
103907  -43.922  31.348  34.016 0.0000000000
103249  -44.164  31.142  34.287 0.0000000000
103890  -40.357  30.640  35.227 0.0000000000
103891  -41.271  30.768  35.262 0.0000000000
103904  -40.915  30.178  34.624 0.0000000000
102579  -41.365  28.779  32.386 0.0000000000
103246  -41.504  29.708  33.874 0.0000000000
103263  -42.161  29.250  32.882 0.0000000000
103264  -43.194  29.398  32.878 0.0000000000
102594  -43.236  28.924  31.680 0.0000000000
102595  -43.894  28.795  31.605 0.0000000000
127322  -43.041  28.562  30.838 0.0000000000
127320  -41.492  27.788  29.758 0.0000000000
127329  -42.498  27.719  29.837 0.0000000000
127325  -42.151  27.337  28.899 0.0000000000
102633  -42.515  26.657  29.166 0.0000000000
101262  -41.918  26.449  28.524 0.0000000000
105245  -34.558  32.482  31.190 0.0000000000
105235  -34.573  32.418  32.165 0.0000000000
105244  -33.868  32.115  31.659 0.0000000000
103930  -33.798  30.377  31.894 0.0000000000
103924  -34.171  30.152  32.714 0.0000000000
103272  -34.582  29.578  32.595 0.0000000000
102573  -35.584  28.899  33.235 0.0000000000
103273  -35.025  29.111  32.323 0.0000000000
101964  -33.551  27.957  28.602 0.0000000000
101965  -34.185  27.898  29.037 0.0000000000
101967  -36.396  26.854  29.424 0.0000000000
101950  -36.209  27.377  30.162 0.0000000000
101951  -37.267  27.441  30.132 0.0000000000
101935  -36.971  27.980  30.919 0.0000000000
101952  -38.433  27.699  30.038 0.0000000000
100567  -38.976  25.701  28.836 0.0000000000
100579  -39.681  26.026  28.403 0.0000000000
100568  -39.968  25.629  29.173 0.0000000000
100418  -47.912  26.241  41.788 0.0000000000
101107  -47.726  26.446  40.658 0.0000000000
101142  -46.236  26.693  39.094 0.0000000000
112314  -41.524  43.426  26.736 0.0000000000
111677  -41.916  42.375  27.062 0.0000000000
110981  -41.536  41.735  26.354 0.0000000000
110301  -41.093  40.729  25.693 0.0000000000
109045  -39.654  38.425  25.252 0.0000000000
107825  -38.680  36.924  25.192 0.0000000000
108426  -39.046  37.508  25.181 0.0000000000
105817  -36.084  33.185  40.043 0.0000000000
112232  -32.666  44.434  32.861 0.0000000000
112866  -33.463  44.482  32.998 0.0000000000
112216  -34.628  43.351  33.672 0.0000000000
106591  -37.356  34.078  31.130 0.0000000000
106592  -37.854  34.373  31.273 0.0000000000
105934  -37.716  34.153  31.711 0.0000000000
105914  -37.367  34.114  33.046 0.0000000000
106570  -37.090  34.242  34.361 0.0000000000
106562  -36.787  34.074  35.263 0.0000000000
105901  -36.227  33.167  35.346 0.0000000000
105191  -36.759  31.962  35.949 0.0000000000
105900  -35.730  32.483  35.101 0.0000000000
105206  -35.322  32.130  34.557 0.0000000000
104551  -34.931  31.795  34.057 0.0000000000
112868  -38.589  44.792  32.811 0.0000000000
112883  -38.561  44.625  31.715 0.0000000000
112884  -39.308  44.281  32.244 0.0000000000
112257  -39.982  43.597  31.629 0.0000000000
112290  -40.283  43.127  30.371 0.0000000000
108418  -41.825  37.692  26.640 0.0000000000
109026  -41.621  38.512  27.154 0.0000000000
108417  -40.981  37.146  26.519 0.0000000000
107225  -40.912  35.277  26.943 0.0000000000
106619  -40.773  34.238  27.793 0.0000000000
106618  -40.238  34.083  28.439 0.0000000000
105963  -39.792  33.476  28.197 0.0000000000
105972  -38.497  32.987  27.751 0.0000000000
105267  -37.355  32.580  28.178 0.0000000000
105276  -36.836  32.011  27.100 0.0000000000
104597  -36.346  31.631  26.156 0.0000000000
105992  -35.306  32.635  24.995 0.0000000000
98258  -45.149  22.225  48.690 0.0000000000
98991  -43.741  23.273  44.375 0.0000000000
98294  -44.089  23.110  45.142 0.0000000000
99002  -44.104  23.813  43.979 0.0000000000
99718  -44.923  24.499  43.792 0.0000000000
99728  -44.676  24.985  43.040 0.0000000000
101089  -44.882  26.461  41.540 0.0000000000
114093  -24.415  46.701  29.938 0.0000000000
114110  -26.624  46.531  28.101 0.0000000000
113505  -26.508  45.647  28.515 0.0000000000
113506  -26.877  45.295  28.117 0.0000000000
112916  -27.330  44.669  28.281 0.0000000000
112282  -28.445  43.684  29.303 0.0000000000
112283  -29.426  43.593  29.599 0.0000000000
112296  -29.401  44.004  28.524 0.0000000000
112297  -30.313  44.031  29.003 0.0000000000
112920  -31.144  44.241  28.380 0.0000000000
114138  -31.999  46.276  25.029 0.0000000000
113528  -33.158  45.577  26.528 0.0000000000
114111  -35.693  46.386  27.757 0.0000000000
114112  -36.683  46.744  28.059 0.0000000000
114113  -37.530  47.012  28.341 0.0000000000
115872  -37.128  49.561  26.182 0.0000000000
115863  -37.564  49.490  27.040 0.0000000000
115857  -38.505  49.061  27.227 0.0000000000
114693  -39.632  47.651  27.475 0.0000000000
114114  -39.876  46.844  27.806 0.0000000000
114694  -40.112  47.330  26.886 0.0000000000
114703  -40.168  47.224  26.380 0.0000000000
114714  -40.180  47.078  26.029 0.0000000000
103184  -33.758  29.619  40.095 0.0000000000
102511  -34.312  28.711  39.707 0.0000000000
101834  -33.941  27.744  39.497 0.0000000000
101119  -35.546  26.608  39.453 0.0000000000
99755  -38.799  24.450  40.087 0.0000000000
100451  -38.639  25.287  39.478 0.0000000000
101123  -39.116  26.394  38.871 0.0000000000
101124  -40.249  26.266  38.885 0.0000000000
103203  -40.331  29.585  38.374 0.0000000000
102531  -42.256  28.526  38.849 0.0000000000
103205  -42.483  29.736  38.561 0.0000000000
108333  -30.990  37.635  33.179 0.0000000000
107746  -31.500  36.766  33.018 0.0000000000
107172  -32.931  35.879  33.187 0.0000000000
111633  -36.954  42.173  29.766 0.0000000000
110917  -36.117  41.777  30.328 0.0000000000
110235  -36.557  40.374  29.271 0.0000000000
110234  -35.860  40.332  29.767 0.0000000000
109001  -36.080  38.661  29.913 0.0000000000
107766  -37.597  36.106  32.747 0.0000000000
107751  -36.877  36.573  33.550 0.0000000000
107736  -35.839  36.433  34.383 0.0000000000
107709  -36.972  37.169  36.950 0.0000000000
107699  -36.658  36.678  37.188 0.0000000000
107692  -37.227  36.810  38.691 0.0000000000
108288  -37.839  37.194  38.292 0.0000000000
107694  -38.571  37.071  38.732 0.0000000000
107109  -39.048  36.329  38.612 0.0000000000
105866  -39.473  33.797  37.558 0.0000000000
105867  -40.462  33.915  37.651 0.0000000000
105868  -41.463  34.077  37.444 0.0000000000
106527  -42.859  34.972  37.828 0.0000000000
106511  -43.794  34.566  37.872 0.0000000000
106547  -43.477  34.310  37.089 0.0000000000
105871  -44.091  33.310  36.570 0.0000000000
105198  -44.347  32.817  35.961 0.0000000000
104531  -44.446  32.368  35.307 0.0000000000
105207  -44.030  32.591  34.602 0.0000000000
104539  -43.528  31.825  34.450 0.0000000000
103245  -40.414  29.590  33.978 0.0000000000
102592  -40.892  28.136  31.485 0.0000000000
101937  -41.039  27.951  30.534 0.0000000000
101954  -40.405  27.976  29.740 0.0000000000
105263  -33.787  31.988  29.467 0.0000000000
103936  -33.342  30.384  30.816 0.0000000000
103285  -33.712  29.851  31.245 0.0000000000
101980  -34.985  26.819  28.368 0.0000000000
101242  -35.774  26.540  28.760 0.0000000000
101244  -37.579  26.362  29.216 0.0000000000
100566  -37.675  25.955  29.330 0.0000000000
100541  -36.800  25.025  30.805 0.0000000000
99019  -45.908  23.909  43.046 0.0000000000
112899  -41.434  43.754  31.180 0.0000000000
112277  -42.083  42.775  30.424 0.0000000000
111639  -42.645  41.905  29.527 0.0000000000
110270  -41.707  40.442  27.375 0.0000000000
110285  -42.059  41.479  26.998 0.0000000000
109625  -41.637  39.723  26.510 0.0000000000
109036  -41.944  38.517  26.488 0.0000000000
108428  -41.018  37.023  25.916 0.0000000000
106644  -40.110  34.490  25.563 0.0000000000
105996  -38.968  33.065  25.483 0.0000000000
105302  -38.105  32.101  24.915 0.0000000000
105995  -37.883  32.826  24.951 0.0000000000
107230  -38.073  35.198  25.706 0.0000000000
106634  -37.568  34.364  25.692 0.0000000000
97488  -42.571  22.321  48.585 0.0000000000
98274  -42.903  22.129  47.153 0.0000000000
98292  -42.014  22.139  45.323 0.0000000000
98293  -42.971  22.740  44.885 0.0000000000
98990  -43.115  23.108  44.072 0.0000000000
99716  -43.275  23.772  43.413 0.0000000000
99741  -43.066  24.522  42.000 0.0000000000
114688  -26.780  47.505  27.808 0.0000000000
114117  -26.635  46.608  27.233 0.0000000000
114124  -26.816  46.408  26.155 0.0000000000
114708  -34.824  47.424  25.612 0.0000000000
115322  -36.431  49.090  24.763 0.0000000000
115887  -36.858  49.843  25.144 0.0000000000
116465  -37.370  50.227  24.621 0.0000000000
116482  -38.092  50.257  24.354 0.0000000000
103863  -38.591  30.573  38.480 0.0000000000
104496  -38.921  31.561  38.606 0.0000000000
105163  -40.130  32.638  38.987 0.0000000000
110895  -32.981  41.296  33.200 0.0000000000
110202  -32.756  40.519  32.807 0.0000000000
108386  -37.905  37.387  29.053 0.0000000000
108385  -37.499  37.513  29.747 0.0000000000
107777  -37.951  35.990  31.001 0.0000000000
106584  -38.101  34.905  31.515 0.0000000000
107184  -37.966  35.554  31.811 0.0000000000
107739  -38.416  36.515  34.821 0.0000000000
107725  -38.381  36.712  35.709 0.0000000000
107710  -38.394  36.792  36.705 0.0000000000
107135  -38.253  36.146  36.250 0.0000000000
107120  -37.883  35.398  36.615 0.0000000000
106522  -37.876  34.561  37.210 0.0000000000
105864  -37.880  33.893  37.155 0.0000000000
105865  -38.400  33.590  37.271 0.0000000000
105180  -39.078  32.985  37.399 0.0000000000
105194  -39.569  32.414  36.847 0.0000000000
104517  -40.167  31.783  36.333 0.0000000000
104518  -40.985  32.030  36.070 0.0000000000
104526  -39.850  31.052  35.938 0.0000000000
103889  -39.416  30.187  35.480 0.0000000000
104514  -37.172  31.410  35.874 0.0000000000
103888  -38.209  30.457  35.792 0.0000000000
103228  -38.572  29.677  35.188 0.0000000000
103243  -38.159  29.367  34.366 0.0000000000
103259  -37.726  29.044  33.691 0.0000000000
102576  -37.771  28.852  32.971 0.0000000000
103300  -32.769  29.417  28.590 0.0000000000
102630  -32.695  28.880  28.263 0.0000000000
102639  -33.001  28.101  28.191 0.0000000000
101256  -34.524  26.484  28.184 0.0000000000
100563  -34.588  25.796  28.632 0.0000000000
112896  -35.784  43.827  30.485 0.0000000000
112272  -35.601  43.642  30.984 0.0000000000
111626  -37.189  43.127  30.224 0.0000000000
112273  -37.921  43.171  30.594 0.0000000000
110932  -37.264  41.446  29.303 0.0000000000
110249  -37.424  40.415  28.734 0.0000000000
109599  -38.153  39.374  28.261 0.0000000000
111629  -41.717  42.171  30.864 0.0000000000
110933  -41.243  41.949  29.629 0.0000000000
111647  -40.304  42.222  29.162 0.0000000000
109612  -40.976  39.290  27.344 0.0000000000
110268  -40.336  40.102  27.606 0.0000000000
110251  -39.663  40.803  27.977 0.0000000000
109610  -39.108  39.319  27.779 0.0000000000
109023  -38.677  38.428  27.780 0.0000000000
106601  -38.382  34.331  30.230 0.0000000000
105954  -39.307  33.610  29.018 0.0000000000
106600  -38.004  34.036  30.604 0.0000000000
106599  -37.541  33.936  30.717 0.0000000000
105932  -36.129  33.265  31.735 0.0000000000
105246  -35.475  32.749  30.820 0.0000000000
105254  -34.466  32.533  30.013 0.0000000000
104587  -33.540  31.321  28.396 0.0000000000
103948  -33.460  30.784  27.526 0.0000000000
104619  -37.059  30.862  24.564 0.0000000000
104607  -36.496  31.432  25.172 0.0000000000
105298  -35.153  32.221  25.125 0.0000000000
98265  -43.651  23.013  48.703 0.0000000000
98266  -44.595  22.726  48.135 0.0000000000
98286  -44.654  23.239  45.807 0.0000000000
98971  -45.317  23.428  46.041 0.0000000000
98277  -46.167  23.053  46.976 0.0000000000
99704  -48.357  24.981  45.761 0.0000000000
99720  -46.825  24.623  43.991 0.0000000000
100416  -46.207  25.538  42.554 0.0000000000
101081  -48.084  26.784  42.626 0.0000000000
102493  -48.131  28.189  41.380 0.0000000000
102517  -46.562  28.447  39.613 0.0000000000
113487  -24.827  45.594  30.072 0.0000000000
113498  -26.050  45.715  29.165 0.0000000000
112904  -25.779  45.246  29.520 0.0000000000
112892  -25.364  44.821  30.173 0.0000000000
112226  -26.804  43.551  32.038 0.0000000000
112864  -27.923  43.973  33.260 0.0000000000
112228  -28.666  43.354  32.614 0.0000000000
112229  -29.622  43.246  32.934 0.0000000000
112248  -30.562  42.993  32.001 0.0000000000
112267  -30.439  43.089  30.863 0.0000000000
112268  -31.365  43.138  31.038 0.0000000000
112249  -31.550  43.267  32.103 0.0000000000
112251  -33.287  43.935  31.936 0.0000000000
112894  -33.820  44.196  30.929 0.0000000000
112895  -34.816  44.102  30.962 0.0000000000
113524  -28.803  45.146  26.273 0.0000000000
112945  -29.994  44.696  26.973 0.0000000000
112934  -31.013  44.473  27.663 0.0000000000
112921  -32.010  44.029  28.575 0.0000000000
113515  -32.681  44.755  27.189 0.0000000000
112936  -32.830  44.409  28.036 0.0000000000
112922  -32.923  43.931  29.058 0.0000000000
112908  -34.485  44.279  29.887 0.0000000000
112897  -36.520  44.431  30.537 0.0000000000
113479  -37.273  44.728  31.396 0.0000000000
113499  -36.878  45.355  29.863 0.0000000000
113480  -38.040  44.830  30.984 0.0000000000
113473  -38.526  45.594  33.275 0.0000000000
113464  -39.564  45.377  34.109 0.0000000000
113475  -40.290  45.301  32.693 0.0000000000
115291  -36.408  47.851  26.849 0.0000000000
114692  -37.240  47.912  28.105 0.0000000000
115265  -37.904  47.697  30.181 0.0000000000
115849  -37.618  48.948  28.337 0.0000000000
115277  -38.185  47.997  29.775 0.0000000000
114664  -38.417  47.129  30.618 0.0000000000
114665  -39.181  46.887  30.334 0.0000000000
113483  -40.195  45.481  31.785 0.0000000000
112885  -40.836  44.686  31.801 0.0000000000
112898  -40.948  44.576  30.409 0.0000000000
112911  -41.045  44.629  29.156 0.0000000000
112938  -41.188  44.893  27.457 0.0000000000
112939  -41.494  44.276  27.485 0.0000000000
112313  -41.281  43.514  26.350 0.0000000000
112312  -40.657  43.669  26.070 0.0000000000
99015  -41.099  23.138  42.015 0.0000000000
99756  -39.831  24.258  40.022 0.0000000000
99048  -40.261  23.717  40.669 0.0000000000
99034  -41.606  23.701  41.627 0.0000000000
99035  -42.230  23.845  42.060 0.0000000000
99740  -42.285  24.103  41.637 0.0000000000
99759  -42.931  24.872  41.228 0.0000000000
101854  -38.579  27.447  38.762 0.0000000000
101137  -39.298  27.125  38.735 0.0000000000
101139  -40.563  26.816  38.723 0.0000000000
101856  -40.696  27.543  38.637 0.0000000000
101125  -41.332  26.562  38.980 0.0000000000
100455  -42.368  25.624  39.953 0.0000000000
100434  -43.000  25.560  40.690 0.0000000000
100435  -43.673  25.983  41.097 0.0000000000
101105  -44.279  26.518  40.950 0.0000000000
101820  -44.567  26.992  40.537 0.0000000000
102515  -44.474  28.348  39.538 0.0000000000
101821  -45.501  27.549  40.728 0.0000000000
102516  -45.694  28.182  39.796 0.0000000000
103189  -45.796  29.337  39.103 0.0000000000
106558  -31.816  34.393  35.231 0.0000000000
106540  -32.672  34.184  35.917 0.0000000000
106519  -33.679  34.268  36.884 0.0000000000
111611  -34.855  42.431  32.143 0.0000000000
110916  -35.603  41.386  30.423 0.0000000000
111615  -34.990  42.160  31.347 0.0000000000
110901  -34.309  41.995  31.999 0.0000000000
110900  -33.745  41.493  32.323 0.0000000000
110210  -33.686  40.489  31.660 0.0000000000
109561  -33.478  39.663  31.857 0.0000000000
109002  -36.895  38.302  29.671 0.0000000000
108990  -36.411  38.030  30.249 0.0000000000
108989  -35.819  38.260  30.429 0.0000000000
108366  -36.518  37.165  31.400 0.0000000000
108375  -35.634  37.981  30.810 0.0000000000
108988  -35.128  38.568  30.781 0.0000000000
108975  -34.689  38.204  31.358 0.0000000000
108974  -33.930  38.639  31.569 0.0000000000
108363  -33.310  37.911  31.655 0.0000000000
107762  -33.336  37.064  32.121 0.0000000000
107748  -33.576  36.403  32.785 0.0000000000
107161  -34.095  35.611  34.061 0.0000000000
107163  -35.234  36.107  34.753 0.0000000000
107148  -34.331  35.457  34.723 0.0000000000
106560  -33.814  34.977  35.176 0.0000000000
106542  -34.424  35.099  36.012 0.0000000000
106520  -34.391  34.770  36.978 0.0000000000
106505  -34.701  34.733  38.009 0.0000000000
106492  -34.931  34.667  38.977 0.0000000000
106494  -37.433  35.237  39.806 0.0000000000
107099  -37.130  36.324  39.388 0.0000000000
105830  -39.102  34.325  39.769 0.0000000000
105148  -39.553  33.426  39.351 0.0000000000
105149  -40.269  33.557  39.235 0.0000000000
107110  -39.862  35.905  39.159 0.0000000000
106508  -40.462  35.400  38.844 0.0000000000
106497  -40.461  35.243  39.439 0.0000000000
106498  -41.108  34.856  39.399 0.0000000000
105832  -40.724  34.278  39.323 0.0000000000
105164  -41.022  33.130  38.862 0.0000000000
104500  -42.881  32.054  38.441 0.0000000000
105167  -43.823  33.294  38.081 0.0000000000
104501  -43.689  32.157  37.960 0.0000000000
103868  -43.736  30.901  38.030 0.0000000000
103208  -46.018  29.841  38.285 0.0000000000
103213  -45.099  29.638  37.411 0.0000000000
103218  -44.147  29.994  36.052 0.0000000000
103229  -43.638  29.415  34.798 0.0000000000
104528  -41.625  31.434  35.761 0.0000000000
103892  -42.168  30.969  35.285 0.0000000000
103265  -43.746  29.230  32.466 0.0000000000
102580  -44.264  28.880  32.695 0.0000000000
102581  -44.680  28.203  32.025 0.0000000000
105225  -34.544  32.164  32.985 0.0000000000
104550  -34.415  31.233  33.841 0.0000000000
104566  -33.715  31.425  32.312 0.0000000000
104549  -34.032  30.995  33.481 0.0000000000
103900  -34.645  30.511  34.054 0.0000000000
103258  -35.691  29.127  33.790 0.0000000000
102575  -36.974  28.520  33.449 0.0000000000
102589  -37.346  28.141  32.502 0.0000000000
103301  -33.075  29.401  29.458 0.0000000000
101949  -35.257  27.760  30.057 0.0000000000
101933  -35.029  27.953  30.958 0.0000000000
102604  -35.271  28.538  31.813 0.0000000000
101916  -36.361  28.086  31.811 0.0000000000
101918  -37.525  27.975  31.708 0.0000000000
101953  -39.402  27.846  29.623 0.0000000000
101970  -39.838  27.450  28.881 0.0000000000
101981  -39.354  26.768  28.568 0.0000000000
101983  -41.129  26.869  28.382 0.0000000000
97500  -42.955  22.225  47.735 0.0000000000
98264  -43.116  23.004  49.508 0.0000000000
98283  -41.974  22.093  46.017 0.0000000000
98295  -44.594  23.425  45.254 0.0000000000
98341  -40.667  22.867  41.974 0.0000000000
98972  -46.061  23.585  46.310 0.0000000000
98975  -47.929  24.897  46.381 0.0000000000
98985  -48.275  24.305  46.063 0.0000000000
98986  -48.148  24.776  46.273 0.0000000000
98992  -44.571  23.705  44.679 0.0000000000
98994  -48.195  24.286  45.443 0.0000000000
99016  -41.675  23.316  42.448 0.0000000000
99033  -40.630  23.272  41.454 0.0000000000
99690  -46.962  24.837  46.345 0.0000000000
99691  -47.668  25.104  46.304 0.0000000000
99692  -48.105  25.173  46.170 0.0000000000
99700  -45.622  23.951  45.420 0.0000000000
99701  -46.226  24.293  45.655 0.0000000000
99703  -48.357  24.638  45.590 0.0000000000
99710  -47.329  25.113  44.549 0.0000000000
99711  -48.323  24.957  45.083 0.0000000000
99712  -48.493  25.038  45.398 0.0000000000
99727  -43.935  24.700  42.931 0.0000000000
99757  -40.948  24.608  40.262 0.0000000000
100367  -47.428  25.317  45.933 0.0000000000
100368  -47.874  25.416  45.885 0.0000000000
100369  -48.173  25.320  45.779 0.0000000000
100379  -47.677  25.411  45.392 0.0000000000
100380  -48.107  25.466  45.492 0.0000000000
100381  -48.298  25.241  45.568 0.0000000000
100387  -48.076  25.495  45.034 0.0000000000
100388  -48.273  25.126  45.284 0.0000000000
100389  -48.388  25.246  45.410 0.0000000000
100401  -44.975  25.296  42.718 0.0000000000
100403  -47.891  25.986  43.118 0.0000000000
100404  -47.951  26.169  42.528 0.0000000000
100417  -47.306  25.739  42.539 0.0000000000
100431  -38.317  24.855  39.951 0.0000000000
100432  -41.234  25.227  39.834 0.0000000000
100438  -47.434  25.951  41.326 0.0000000000
100439  -47.892  26.328  41.173 0.0000000000
100575  -34.273  26.258  28.246 0.0000000000
100576  -34.666  26.046  28.090 0.0000000000
100577  -35.264  25.920  28.319 0.0000000000
100578  -35.838  25.945  28.648 0.0000000000
100581  -40.665  25.949  28.738 0.0000000000
101080  -47.416  26.616  43.029 0.0000000000
101082  -48.243  27.294  42.338 0.0000000000
101092  -48.276  26.681  41.966 0.0000000000
101093  -48.387  27.245  42.050 0.0000000000
101104  -43.639  26.455  40.508 0.0000000000
101106  -47.122  26.051  40.539 0.0000000000
101109  -48.407  27.136  41.595 0.0000000000
101122  -38.161  26.121  39.113 0.0000000000
101127  -43.079  26.582  40.110 0.0000000000
101130  -47.378  26.772  39.857 0.0000000000
101131  -47.921  26.899  40.302 0.0000000000
101138  -39.915  26.952  38.650 0.0000000000
101259  -39.480  26.292  28.343 0.0000000000
101260  -40.233  26.364  28.329 0.0000000000
101261  -40.875  26.319  28.519 0.0000000000
101803  -47.352  27.291  42.707 0.0000000000
101804  -47.773  27.267  42.622 0.0000000000
101805  -48.071  27.302  42.489 0.0000000000
101809  -45.158  27.062  41.130 0.0000000000
101811  -46.707  27.392  42.336 0.0000000000
101812  -47.470  27.811  42.354 0.0000000000
101813  -48.151  27.788  42.143 0.0000000000
101823  -48.243  27.802  40.754 0.0000000000
101824  -48.419  27.672  41.406 0.0000000000
101844  -44.904  27.689  39.995 0.0000000000
101846  -47.842  27.544  40.051 0.0000000000
101850  -35.348  28.363  39.253 0.0000000000
101861  -47.386  27.735  39.459 0.0000000000
101917  -36.757  28.011  31.771 0.0000000000
101919  -41.279  28.028  30.940 0.0000000000
101982  -40.188  26.910  28.421 0.0000000000
102492  -47.600  28.308  41.663 0.0000000000
102499  -46.119  27.940  40.715 0.0000000000
102501  -47.690  28.316  40.614 0.0000000000
102502  -48.285  28.147  40.999 0.0000000000
102535  -47.114  27.998  39.171 0.0000000000
102564  -36.070  29.003  34.019 0.0000000000
102565  -36.401  28.942  33.996 0.0000000000
102574  -35.938  28.802  33.528 0.0000000000
102577  -39.889  28.630  32.652 0.0000000000
102587  -35.550  28.772  32.768 0.0000000000
102605  -35.847  28.270  31.815 0.0000000000
102608  -40.333  28.120  30.497 0.0000000000
102617  -33.450  28.936  29.660 0.0000000000
102619  -39.249  28.234  30.302 0.0000000000
102621  -40.185  28.125  30.118 0.0000000000
103209  -46.367  29.258  38.345 0.0000000000
103214  -46.103  29.349  37.924 0.0000000000
103215  -46.382  29.301  38.079 0.0000000000
103225  -36.188  29.842  34.888 0.0000000000
103239  -34.577  30.204  33.709 0.0000000000
103240  -34.976  29.887  33.986 0.0000000000
103241  -35.905  29.463  34.388 0.0000000000
103257  -35.266  29.223  33.357 0.0000000000
103274  -39.141  29.028  32.628 0.0000000000
103275  -39.456  28.846  32.652 0.0000000000
103276  -42.973  29.098  32.239 0.0000000000
103277  -43.554  29.162  32.105 0.0000000000
103286  -34.347  29.297  31.660 0.0000000000
103879  -37.304  31.052  35.768 0.0000000000
103880  -37.582  30.999  35.907 0.0000000000
103885  -35.670  30.551  34.991 0.0000000000
103893  -44.505  31.708  34.948 0.0000000000
103915  -33.922  30.892  33.230 0.0000000000
103916  -34.213  30.556  33.429 0.0000000000
103923  -33.826  30.752  32.818 0.0000000000
103931  -34.278  29.906  32.188 0.0000000000
103943  -33.008  30.191  29.927 0.0000000000
103971  -37.366  30.775  24.076 0.0000000000
103972  -37.736  30.764  24.035 0.0000000000
103978  -37.112  30.709  23.776 0.0000000000
103979  -37.458  30.706  23.783 0.0000000000
103988  -37.032  30.740  23.516 0.0000000000
103989  -37.294  30.705  23.619 0.0000000000
104509  -44.380  32.099  36.861 0.0000000000
104513  -36.800  31.589  35.798 0.0000000000
104524  -36.931  31.171  35.657 0.0000000000
104537  -34.796  30.866  34.362 0.0000000000
104538  -35.118  31.321  34.579 0.0000000000
104540  -43.993  32.322  34.159 0.0000000000
104541  -44.312  32.314  34.683 0.0000000000
104558  -33.968  31.277  33.139 0.0000000000
104559  -34.310  31.678  33.286 0.0000000000
104595  -33.788  31.100  27.245 0.0000000000
104608  -37.425  31.259  25.275 0.0000000000
104610  -38.142  31.905  25.177 0.0000000000
104620  -37.727  31.234  24.372 0.0000000000
104621  -37.914  31.756  24.963 0.0000000000
104628  -36.556  31.323  23.593 0.0000000000
104629  -36.841  30.850  23.940 0.0000000000
104630  -37.610  30.860  23.600 0.0000000000
104639  -36.720  31.285  23.322 0.0000000000
104640  -36.887  30.891  23.374 0.0000000000
104641  -37.265  30.781  23.402 0.0000000000
105168  -44.282  32.900  37.440 0.0000000000
105179  -38.600  33.062  37.217 0.0000000000
105182  -40.886  33.236  37.030 0.0000000000
105196  -41.335  32.625  36.518 0.0000000000
105200  -35.657  31.763  35.183 0.0000000000
105201  -36.210  32.281  35.592 0.0000000000
105203  -43.721  32.875  34.960 0.0000000000
105204  -44.147  32.764  35.228 0.0000000000
105208  -44.197  32.553  34.784 0.0000000000
105215  -34.667  31.862  33.576 0.0000000000
105234  -34.080  32.050  32.406 0.0000000000
105279  -40.693  33.321  26.684 0.0000000000
105280  -40.877  33.426  26.443 0.0000000000
105289  -38.288  31.934  26.042 0.0000000000
105292  -40.755  33.513  26.001 0.0000000000
105300  -36.946  32.355  23.839 0.0000000000
105303  -40.352  33.479  25.971 0.0000000000
105311  -35.979  31.944  23.557 0.0000000000
105312  -36.810  32.048  23.349 0.0000000000
105313  -37.435  31.421  23.405 0.0000000000
105323  -36.594  31.592  23.365 0.0000000000
105324  -36.931  31.342  23.095 0.0000000000
105325  -37.286  30.959  23.112 0.0000000000
105833  -42.298  34.993  39.283 0.0000000000
105834  -42.579  34.798  39.201 0.0000000000
105849  -43.876  34.223  38.110 0.0000000000
105870  -43.992  33.910  37.330 0.0000000000
105884  -32.538  33.841  36.537 0.0000000000
105885  -33.160  34.090  36.521 0.0000000000
105889  -42.067  34.495  37.070 0.0000000000
105891  -43.583  33.719  36.676 0.0000000000
105892  -44.040  33.124  35.934 0.0000000000
105899  -31.379  34.053  35.653 0.0000000000
105902  -43.387  33.281  35.825 0.0000000000
105903  -43.840  33.122  35.668 0.0000000000
105904  -44.007  33.052  35.561 0.0000000000
105925  -37.638  34.131  32.367 0.0000000000
105945  -38.113  33.645  29.998 0.0000000000
105964  -40.488  33.631  27.745 0.0000000000
105974  -40.211  33.119  26.941 0.0000000000
105976  -41.439  33.945  26.556 0.0000000000
105985  -39.254  32.851  26.208 0.0000000000
105986  -39.981  33.126  25.998 0.0000000000
105988  -41.543  34.035  25.931 0.0000000000
105994  -36.810  32.734  24.629 0.0000000000
105997  -40.011  33.720  25.762 0.0000000000
105998  -40.866  33.910  25.587 0.0000000000
105999  -41.202  34.415  25.661 0.0000000000
106007  -36.698  32.396  23.822 0.0000000000
106499  -42.590  35.245  39.240 0.0000000000
106504  -33.981  34.207  37.613 0.0000000000
106510  -43.324  35.121  38.449 0.0000000000
106528  -43.520  34.523  37.495 0.0000000000
106539  -31.999  34.032  35.966 0.0000000000
106545  -42.547  34.663  37.301 0.0000000000
106546  -43.143  34.396  37.155 0.0000000000
106561  -34.494  35.388  35.362 0.0000000000
106569  -33.723  35.282  34.468 0.0000000000
106573  -37.448  34.324  33.661 0.0000000000
106610  -39.697  34.043  28.997 0.0000000000
106626  -41.264  34.431  27.061 0.0000000000
106627  -41.435  34.371  26.426 0.0000000000
106633  -36.732  33.971  25.864 0.0000000000
106635  -41.279  34.819  26.548 0.0000000000
106636  -41.341  34.688  26.013 0.0000000000
106645  -40.760  34.710  25.549 0.0000000000
106646  -41.105  34.849  25.701 0.0000000000
107107  -36.243  35.876  38.549 0.0000000000
107108  -36.759  36.372  38.648 0.0000000000
107119  -36.538  36.249  38.123 0.0000000000
107122  -42.196  35.612  38.825 0.0000000000
107123  -42.608  35.427  38.493 0.0000000000
107149  -34.902  35.769  35.036 0.0000000000
107150  -35.453  36.176  35.313 0.0000000000
107159  -32.396  35.407  33.752 0.0000000000
107160  -33.350  35.436  33.862 0.0000000000
107162  -34.868  35.948  34.194 0.0000000000
107165  -38.729  36.058  34.405 0.0000000000
107170  -31.347  36.276  33.310 0.0000000000
107173  -33.847  35.901  33.444 0.0000000000
107185  -38.111  35.142  31.322 0.0000000000
107194  -38.108  35.368  30.888 0.0000000000
107209  -39.150  34.911  29.027 0.0000000000
107218  -40.756  34.912  27.576 0.0000000000
107232  -40.982  35.282  26.262 0.0000000000
107233  -41.160  35.033  25.904 0.0000000000
107238  -38.754  34.765  25.593 0.0000000000
107240  -40.153  35.370  25.452 0.0000000000
107241  -40.719  35.375  25.811 0.0000000000
107683  -37.509  36.816  39.035 0.0000000000
107685  -38.548  36.641  39.351 0.0000000000
107693  -37.777  37.068  38.593 0.0000000000
107700  -37.038  36.793  37.829 0.0000000000
107701  -37.413  37.020  38.292 0.0000000000
107724  -37.778  37.408  35.736 0.0000000000
107738  -37.808  37.244  35.153 0.0000000000
107749  -34.626  36.513  33.238 0.0000000000
107753  -38.677  36.315  34.122 0.0000000000
107761  -32.682  37.319  32.291 0.0000000000
107773  -33.748  37.257  31.758 0.0000000000
107775  -36.977  36.811  31.546 0.0000000000
107792  -37.827  36.998  29.558 0.0000000000
107806  -40.341  36.156  26.848 0.0000000000
107807  -40.623  35.686  26.565 0.0000000000
107816  -38.939  35.819  25.328 0.0000000000
107817  -40.454  36.615  26.450 0.0000000000
107818  -40.527  36.175  26.264 0.0000000000
107828  -40.425  36.198  25.942 0.0000000000
108289  -38.055  37.189  38.281 0.0000000000
108293  -37.352  37.155  37.698 0.0000000000
108294  -37.652  37.217  37.944 0.0000000000
108300  -37.382  37.282  37.382 0.0000000000
108301  -37.798  37.466  37.203 0.0000000000
108334  -31.659  37.391  32.749 0.0000000000
108335  -34.783  36.884  33.015 0.0000000000
108336  -35.044  37.027  33.007 0.0000000000
108337  -38.188  37.080  34.931 0.0000000000
108338  -38.365  36.737  34.631 0.0000000000
108348  -32.132  37.850  32.362 0.0000000000
108349  -32.796  37.620  32.005 0.0000000000
108394  -39.395  36.670  27.682 0.0000000000
108403  -39.969  37.294  26.994 0.0000000000
108404  -41.429  37.749  27.135 0.0000000000
108405  -42.018  38.043  27.009 0.0000000000
108427  -40.100  37.315  25.505 0.0000000000
108429  -41.532  37.392  26.334 0.0000000000
108960  -31.550  38.746  32.664 0.0000000000
108961  -32.235  38.823  32.347 0.0000000000
108972  -32.848  38.607  32.060 0.0000000000
108973  -33.270  38.945  32.066 0.0000000000
108987  -34.428  38.890  31.130 0.0000000000
109003  -37.554  38.056  29.292 0.0000000000
109047  -41.744  37.725  26.163 0.0000000000
109554  -32.982  39.751  32.417 0.0000000000
109574  -35.141  39.523  30.421 0.0000000000
109585  -35.673  39.497  29.948 0.0000000000
109587  -36.884  38.977  29.147 0.0000000000
109611  -40.076  39.251  27.456 0.0000000000
109639  -41.543  40.402  26.075 0.0000000000
110203  -33.230  40.516  32.229 0.0000000000
110248  -36.888  39.926  28.733 0.0000000000
110252  -40.622  40.935  28.101 0.0000000000
110254  -41.978  40.952  28.185 0.0000000000
110267  -39.543  39.990  27.730 0.0000000000
110269  -41.094  40.287  27.415 0.0000000000
110284  -41.787  40.833  26.682 0.0000000000
110300  -40.259  40.454  25.538 0.0000000000
110905  -34.040  41.002  31.576 0.0000000000
110907  -35.137  41.937  30.970 0.0000000000
110919  -42.279  41.649  30.489 0.0000000000
110931  -36.493  41.413  29.830 0.0000000000
110934  -41.636  41.698  29.839 0.0000000000
110935  -42.294  41.480  29.873 0.0000000000
110949  -39.997  41.655  28.492 0.0000000000
110952  -42.330  41.476  28.645 0.0000000000
110964  -42.295  41.786  27.648 0.0000000000
110982  -42.012  42.078  26.997 0.0000000000
110996  -41.145  41.372  25.920 0.0000000000
110997  -41.399  41.376  26.093 0.0000000000
111610  -34.279  42.130  32.419 0.0000000000
111619  -41.434  42.461  31.417 0.0000000000
111620  -41.332  42.682  31.437 0.0000000000
111627  -38.041  42.871  30.092 0.0000000000
111628  -41.210  42.685  31.022 0.0000000000
111636  -39.706  42.709  29.499 0.0000000000
111637  -40.892  42.436  29.970 0.0000000000
111638  -41.611  41.848  30.315 0.0000000000
111645  -38.501  42.080  28.913 0.0000000000
111648  -40.755  42.162  29.376 0.0000000000
111650  -42.416  42.399  28.377 0.0000000000
111658  -42.005  42.816  27.683 0.0000000000
111659  -42.088  42.357  27.412 0.0000000000
111676  -41.706  42.729  26.825 0.0000000000
112202  -40.095  43.906  34.544 0.0000000000
112217  -40.057  43.692  33.744 0.0000000000
112218  -40.755  43.653  33.833 0.0000000000
112219  -41.097  43.655  33.496 0.0000000000
112237  -40.770  43.285  32.944 0.0000000000
112238  -41.144  43.515  33.062 0.0000000000
112243  -25.775  43.931  30.657 0.0000000000
112250  -32.495  43.617  32.066 0.0000000000
112275  -39.754  43.513  30.703 0.0000000000
112276  -40.577  43.099  30.936 0.0000000000
112278  -42.529  42.220  30.003 0.0000000000
112280  -26.837  44.278  29.244 0.0000000000
112288  -39.204  42.983  29.859 0.0000000000
112291  -42.097  43.195  29.258 0.0000000000
112294  -27.795  44.288  28.485 0.0000000000
112300  -32.423  43.643  29.690 0.0000000000
112301  -42.003  43.220  28.196 0.0000000000
112302  -42.309  42.831  28.824 0.0000000000
112304  -28.771  44.157  27.939 0.0000000000
112838  -39.893  44.623  34.468 0.0000000000
112839  -40.237  44.359  34.482 0.0000000000
112853  -38.759  44.947  33.680 0.0000000000
112854  -39.513  44.645  34.077 0.0000000000
112855  -40.643  44.200  33.892 0.0000000000
112856  -41.019  43.794  33.709 0.0000000000
112870  -40.836  44.501  33.028 0.0000000000
112871  -41.173  43.898  33.352 0.0000000000
112876  -24.514  45.091  31.155 0.0000000000
112893  -26.001  44.381  29.791 0.0000000000
112905  -26.421  44.806  29.207 0.0000000000
112915  -26.790  45.090  28.540 0.0000000000
112917  -27.962  44.346  28.198 0.0000000000
112918  -29.853  44.204  27.979 0.0000000000
112919  -30.342  44.250  28.189 0.0000000000
112925  -35.733  44.626  29.253 0.0000000000
112926  -41.190  44.793  28.080 0.0000000000
112930  -27.640  44.892  27.207 0.0000000000
112932  -29.347  44.255  27.672 0.0000000000
112943  -28.263  44.833  26.787 0.0000000000
112947  -31.446  44.567  27.190 0.0000000000
112953  -41.390  43.964  26.764 0.0000000000
113451  -39.944  44.812  34.456 0.0000000000
113452  -40.116  44.770  34.235 0.0000000000
113463  -38.865  45.441  34.004 0.0000000000
113465  -40.231  45.049  33.636 0.0000000000
113474  -39.688  45.814  33.331 0.0000000000
113477  -23.524  45.971  31.392 0.0000000000
113478  -24.060  45.669  30.965 0.0000000000
113486  -24.279  46.040  30.360 0.0000000000
113490  -38.165  45.912  29.546 0.0000000000
113491  -39.713  45.963  31.192 0.0000000000
113496  -24.746  46.108  29.858 0.0000000000
113497  -25.349  45.758  29.610 0.0000000000
113500  -37.801  45.794  29.322 0.0000000000
113501  -38.119  46.144  29.307 0.0000000000
113502  -39.927  45.957  30.203 0.0000000000
113514  -32.190  44.627  27.077 0.0000000000
113519  -41.151  44.993  27.076 0.0000000000
113522  -27.370  45.504  26.570 0.0000000000
113523  -28.060  45.280  26.305 0.0000000000
113526  -30.668  45.017  26.319 0.0000000000
113540  -29.270  45.463  25.688 0.0000000000
113554  -31.296  46.124  24.759 0.0000000000
114067  -38.813  46.234  33.741 0.0000000000
114068  -39.295  46.180  33.699 0.0000000000
114079  -39.182  46.394  32.992 0.0000000000
114086  -38.641  46.337  31.506 0.0000000000
114087  -39.109  46.564  31.619 0.0000000000
114092  -23.806  46.725  30.463 0.0000000000
114094  -38.144  46.342  29.815 0.0000000000
114095  -38.184  46.150  29.548 0.0000000000
114105  -37.875  46.638  29.174 0.0000000000
114115  -40.441  46.142  28.064 0.0000000000
114118  -35.346  46.645  26.982 0.0000000000
114119  -37.132  47.280  27.656 0.0000000000
114120  -37.268  47.203  27.924 0.0000000000
114121  -40.099  47.137  27.227 0.0000000000
114126  -33.787  46.425  26.067 0.0000000000
114127  -34.743  46.740  26.104 0.0000000000
114128  -35.125  46.785  26.525 0.0000000000
114145  -39.959  47.065  25.958 0.0000000000
114146  -40.274  46.883  26.065 0.0000000000
114157  -33.793  46.894  24.998 0.0000000000
114656  -37.826  46.968  30.838 0.0000000000
114657  -38.376  46.774  30.911 0.0000000000
114673  -37.877  47.332  29.727 0.0000000000
114674  -38.472  47.357  29.982 0.0000000000
114682  -35.983  47.122  27.908 0.0000000000
114683  -37.607  47.724  28.974 0.0000000000
114690  -35.770  47.218  27.405 0.0000000000
114698  -34.997  47.193  26.042 0.0000000000
115252  -37.923  47.400  30.637 0.0000000000
115253  -38.093  47.317  30.923 0.0000000000
115266  -38.142  47.588  30.436 0.0000000000
115276  -37.794  48.130  29.445 0.0000000000
115283  -37.501  48.591  28.555 0.0000000000
115284  -38.311  48.479  28.564 0.0000000000
115285  -39.012  48.059  27.974 0.0000000000
115294  -38.422  48.838  27.712 0.0000000000
115300  -36.189  48.132  26.007 0.0000000000
115301  -36.695  48.781  26.620 0.0000000000
115302  -39.254  48.467  26.386 0.0000000000
115848  -37.364  48.953  28.394 0.0000000000
115855  -37.252  49.121  27.995 0.0000000000
115862  -36.974  49.269  27.282 0.0000000000
115865  -38.761  49.029  26.565 0.0000000000
115873  -37.853  49.769  26.052 0.0000000000
115875  -38.874  48.849  25.998 0.0000000000
115899  -36.887  49.865  24.179 0.0000000000
116466  -37.893  50.287  24.735 0.0000000000
116467  -38.234  50.086  24.667 0.0000000000
116480  -37.374  50.247  24.164 0.0000000000
116481  -37.779  50.321  24.213 0.0000000000
127323  -41.850  27.611  29.266 0.0000000000
127324  -42.520  26.973  28.848 0.0000000000
127327  -42.203  26.354  28.908 0.0000000000
127328  -42.508  27.474  29.407 0.0000000000
127733  -42.247  35.503  39.196 0.0000000000
127734  -42.518  35.574  39.338 0.0000000000
