#!ascii label  , from subject A00073545 vox2ras=TkReg
882
55233  -5.840  -15.713  83.234 0.0000000000
64367  -28.187  -9.069  71.735 0.0000000000
70122  -25.047  -4.543  68.363 0.0000000000
61596  -23.041  -11.222  75.676 0.0000000000
76531  -32.142  1.033  55.984 0.0000000000
70253  -29.750  -4.441  61.335 0.0000000000
66595  -29.162  -7.727  75.904 0.0000000000
61644  -26.280  -10.820  73.557 0.0000000000
125153  -37.126  4.178  57.307 0.0000000000
79981  -41.975  3.184  54.284 0.0000000000
81084  -43.615  4.664  51.166 0.0000000000
73938  -29.167  -1.199  68.943 0.0000000000
71458  -27.064  -3.161  64.098 0.0000000000
73995  -32.013  -1.665  65.198 0.0000000000
72693  -35.063  -2.107  62.344 0.0000000000
64329  -17.186  -8.971  74.658 0.0000000000
55169  -2.771  -16.733  85.533 0.0000000000
66622  -25.234  -7.347  72.327 0.0000000000
72553  -27.115  -2.258  73.254 0.0000000000
64365  -19.698  -9.949  71.803 0.0000000000
61695  -22.481  -11.650  70.484 0.0000000000
78912  -42.342  2.290  46.770 0.0000000000
84130  -43.700  7.679  48.544 0.0000000000
72770  -31.074  -1.979  58.755 0.0000000000
77630  -35.094  1.675  59.914 0.0000000000
57770  -7.623  -14.701  79.368 0.0000000000
47959  -0.358  -21.490  82.958 0.0000000000
78841  -39.787  3.998  55.382 0.0000000000
73963  -30.360  -1.275  66.732 0.0000000000
62989  -15.257  -10.523  73.136 0.0000000000
55186  -4.443  -16.395  84.271 0.0000000000
65610  -27.593  -8.217  69.792 0.0000000000
66639  -27.546  -7.817  72.009 0.0000000000
62993  -21.376  -10.200  73.539 0.0000000000
61694  -21.511  -11.322  70.878 0.0000000000
61659  -22.475  -11.045  72.684 0.0000000000
63015  -27.296  -10.181  72.676 0.0000000000
60397  -25.482  -11.113  71.644 0.0000000000
63047  -26.849  -10.301  70.294 0.0000000000
62961  -21.682  -10.292  76.159 0.0000000000
64332  -20.166  -9.377  74.643 0.0000000000
77736  -39.504  0.629  50.641 0.0000000000
78906  -41.618  2.294  48.452 0.0000000000
83052  -43.446  6.205  50.423 0.0000000000
71495  -28.415  -3.651  62.699 0.0000000000
70282  -31.235  -3.796  59.810 0.0000000000
75288  -35.191  -0.657  60.968 0.0000000000
125215  -11.585  -10.586  76.970 0.0000000000
60284  -9.630  -11.848  78.917 0.0000000000
60273  -8.729  -12.512  80.648 0.0000000000
59037  -9.107  -13.646  77.023 0.0000000000
49112  -2.032  -21.346  82.191 0.0000000000
65566  -28.098  -8.602  74.134 0.0000000000
67736  -27.363  -7.659  74.132 0.0000000000
67699  -28.582  -6.609  76.381 0.0000000000
60323  -24.721  -12.154  76.721 0.0000000000
61627  -24.940  -11.475  74.581 0.0000000000
61614  -27.052  -10.692  75.776 0.0000000000
62979  -28.091  -9.748  74.770 0.0000000000
78824  -34.824  2.903  56.301 0.0000000000
125151  -36.572  2.820  54.836 0.0000000000
78869  -39.616  2.479  53.051 0.0000000000
78880  -41.772  2.189  51.684 0.0000000000
80004  -42.257  3.169  50.175 0.0000000000
78873  -43.306  2.848  52.456 0.0000000000
72640  -27.120  -2.597  68.595 0.0000000000
71425  -25.901  -3.219  66.709 0.0000000000
72647  -27.896  -2.123  66.878 0.0000000000
72676  -29.111  -2.271  64.269 0.0000000000
72702  -30.523  -2.367  62.564 0.0000000000
72718  -31.573  -2.118  61.656 0.0000000000
72691  -33.241  -1.738  62.987 0.0000000000
65543  -15.658  -8.904  76.164 0.0000000000
62941  -13.412  -10.466  75.448 0.0000000000
82111  -44.584  5.606  44.810 0.0000000000
55167  -0.651  -16.895  85.983 0.0000000000
66675  -25.995  -7.758  69.394 0.0000000000
67766  -24.259  -6.288  71.336 0.0000000000
67720  -25.385  -6.095  74.503 0.0000000000
68919  -24.963  -4.876  73.280 0.0000000000
71350  -26.470  -3.277  70.957 0.0000000000
73912  -28.318  -1.567  70.909 0.0000000000
60383  -24.218  -11.554  72.254 0.0000000000
65533  -18.857  -8.697  76.694 0.0000000000
64355  -18.382  -9.655  72.486 0.0000000000
81104  -41.864  4.192  49.083 0.0000000000
82092  -42.641  5.474  48.191 0.0000000000
82104  -43.189  5.569  46.353 0.0000000000
84145  -44.216  7.888  47.358 0.0000000000
54019  -5.038  -17.258  79.114 0.0000000000
53997  -3.610  -18.135  81.040 0.0000000000
75368  -31.130  -0.469  57.234 0.0000000000
74043  -32.519  -1.417  60.463 0.0000000000
76483  -32.992  0.402  59.346 0.0000000000
77665  -33.280  1.775  57.891 0.0000000000
79940  -36.071  3.329  58.840 0.0000000000
57752  -6.465  -14.851  80.806 0.0000000000
51470  -3.112  -18.986  82.722 0.0000000000
51427  -1.471  -18.837  84.148 0.0000000000
52681  0.137  -18.434  83.975 0.0000000000
55207  -5.559  -15.897  83.615 0.0000000000
64378  -28.026  -9.025  70.636 0.0000000000
65581  -27.812  -8.334  71.482 0.0000000000
66625  -27.769  -8.169  72.770 0.0000000000
62977  -22.241  -10.795  74.257 0.0000000000
63013  -21.887  -10.580  72.892 0.0000000000
61640  -22.655  -11.084  73.568 0.0000000000
63033  -27.903  -9.533  72.149 0.0000000000
61682  -26.869  -10.447  71.381 0.0000000000
63049  -27.885  -9.522  71.332 0.0000000000
63066  -27.447  -9.777  69.826 0.0000000000
62944  -23.261  -11.548  76.946 0.0000000000
62924  -22.512  -10.648  77.831 0.0000000000
62962  -22.349  -10.745  75.419 0.0000000000
62976  -21.489  -10.106  74.925 0.0000000000
77748  -41.223  1.222  49.117 0.0000000000
68992  -24.284  -5.845  68.710 0.0000000000
69003  -24.831  -5.260  67.430 0.0000000000
70235  -28.897  -4.157  62.092 0.0000000000
70267  -28.697  -5.272  60.480 0.0000000000
70269  -30.628  -4.366  60.508 0.0000000000
62938  -11.374  -12.036  76.217 0.0000000000
61569  -10.852  -10.762  78.031 0.0000000000
60303  -10.144  -12.824  77.011 0.0000000000
60293  -9.619  -12.184  77.733 0.0000000000
59038  -9.794  -13.279  76.722 0.0000000000
65559  -28.351  -8.268  74.996 0.0000000000
66602  -28.366  -7.995  75.051 0.0000000000
67713  -28.870  -7.262  75.770 0.0000000000
64300  -25.875  -11.206  77.289 0.0000000000
61600  -26.361  -10.979  76.414 0.0000000000
61601  -26.863  -10.595  76.487 0.0000000000
64320  -29.909  -8.570  76.070 0.0000000000
64319  -28.227  -9.272  75.628 0.0000000000
65558  -28.309  -8.350  75.144 0.0000000000
64348  -28.186  -8.919  74.068 0.0000000000
125149  -36.425  3.736  57.051 0.0000000000
125148  -36.044  3.177  55.459 0.0000000000
125150  -37.017  3.587  56.264 0.0000000000
78842  -40.719  3.685  54.984 0.0000000000
78852  -39.196  3.103  54.243 0.0000000000
78854  -41.287  2.889  54.111 0.0000000000
78878  -40.118  2.139  52.366 0.0000000000
78871  -41.539  2.400  52.870 0.0000000000
78872  -42.470  2.410  52.613 0.0000000000
78856  -42.959  2.787  53.326 0.0000000000
72629  -27.776  -2.015  68.848 0.0000000000
72646  -27.194  -2.525  67.478 0.0000000000
73948  -28.600  -1.667  67.251 0.0000000000
73980  -31.147  -1.459  65.940 0.0000000000
73979  -30.058  -1.664  65.683 0.0000000000
73994  -30.802  -2.054  64.768 0.0000000000
72677  -29.971  -2.289  64.095 0.0000000000
74003  -31.079  -2.237  64.069 0.0000000000
72690  -32.175  -2.034  63.276 0.0000000000
74005  -33.058  -1.514  64.297 0.0000000000
65545  -17.300  -8.603  75.817 0.0000000000
65531  -16.719  -8.599  76.913 0.0000000000
64314  -16.219  -9.098  75.443 0.0000000000
64326  -14.362  -10.473  74.361 0.0000000000
84160  -44.910  7.188  45.542 0.0000000000
83091  -45.772  6.881  44.712 0.0000000000
53905  -1.792  -16.946  86.239 0.0000000000
66638  -26.912  -7.833  71.373 0.0000000000
66658  -26.830  -7.780  70.185 0.0000000000
66657  -25.821  -7.854  70.416 0.0000000000
66655  -24.018  -7.199  70.702 0.0000000000
66635  -24.347  -6.969  71.629 0.0000000000
67711  -27.193  -6.707  75.804 0.0000000000
67722  -26.872  -7.148  74.786 0.0000000000
68891  -25.954  -5.451  75.915 0.0000000000
71283  -26.772  -2.574  73.841 0.0000000000
70050  -25.439  -4.126  74.079 0.0000000000
71298  -26.429  -2.740  73.111 0.0000000000
70078  -25.496  -3.860  72.319 0.0000000000
71331  -26.737  -2.764  71.840 0.0000000000
71351  -26.826  -2.805  71.194 0.0000000000
72597  -27.860  -1.703  71.785 0.0000000000
60413  -21.831  -11.806  70.249 0.0000000000
61643  -25.393  -11.216  73.838 0.0000000000
60365  -24.397  -11.636  72.912 0.0000000000
60366  -25.163  -11.438  73.153 0.0000000000
61697  -24.268  -11.422  70.147 0.0000000000
64275  -19.690  -8.956  76.917 0.0000000000
64345  -20.165  -9.478  73.440 0.0000000000
64331  -19.324  -9.058  74.414 0.0000000000
64364  -18.973  -9.950  71.857 0.0000000000
63027  -18.115  -10.466  71.539 0.0000000000
78889  -43.406  3.359  50.824 0.0000000000
80013  -41.852  3.620  49.562 0.0000000000
80015  -43.150  3.976  49.854 0.0000000000
83062  -43.559  6.627  50.226 0.0000000000
82082  -42.805  5.376  49.316 0.0000000000
84113  -42.748  6.776  48.586 0.0000000000
82098  -42.962  5.894  46.924 0.0000000000
83071  -42.978  6.824  47.594 0.0000000000
84152  -43.772  7.285  46.633 0.0000000000
72663  -26.532  -2.977  65.203 0.0000000000
71441  -25.431  -4.181  65.482 0.0000000000
74097  -30.113  -1.477  56.940 0.0000000000
74080  -30.820  -1.364  57.924 0.0000000000
72705  -33.448  -1.988  62.045 0.0000000000
72719  -32.445  -1.833  61.333 0.0000000000
72720  -33.623  -2.034  61.182 0.0000000000
76464  -35.733  0.416  60.588 0.0000000000
75330  -34.444  -0.230  59.915 0.0000000000
77629  -34.442  1.234  59.662 0.0000000000
77647  -33.566  1.267  58.875 0.0000000000
77648  -34.087  1.825  58.817 0.0000000000
79939  -35.216  2.959  58.409 0.0000000000
78800  -35.614  2.850  59.194 0.0000000000
58990  -7.921  -13.117  80.147 0.0000000000
58989  -7.530  -13.580  80.679 0.0000000000
57738  -6.852  -14.069  81.722 0.0000000000
56543  -7.060  -15.072  79.714 0.0000000000
56565  -6.612  -15.542  79.326 0.0000000000
56586  -7.036  -15.583  78.352 0.0000000000
52757  -3.403  -19.250  80.164 0.0000000000
52715  -3.711  -17.905  82.351 0.0000000000
52733  -2.870  -19.345  81.476 0.0000000000
49111  -1.380  -21.350  82.735 0.0000000000
50271  -2.315  -20.128  82.877 0.0000000000
50270  -1.532  -20.449  83.247 0.0000000000
51426  -0.775  -18.938  83.989 0.0000000000
50269  -0.612  -20.472  83.391 0.0000000000
62929  -28.570  -10.218  77.228 0.0000000000
79971  -39.197  5.626  57.558 0.0000000000
79970  -38.120  4.174  56.385 0.0000000000
79964  -40.721  6.088  57.015 0.0000000000
75203  -30.188  -0.906  67.918 0.0000000000
64342  -16.957  -9.707  73.548 0.0000000000
64328  -16.108  -9.526  74.504 0.0000000000
56438  -4.053  -15.579  85.414 0.0000000000
55185  -3.590  -16.673  84.709 0.0000000000
64394  -27.926  -8.706  70.098 0.0000000000
65580  -27.440  -8.088  71.196 0.0000000000
66623  -26.211  -7.483  72.265 0.0000000000
72578  -28.730  -1.538  72.977 0.0000000000
64357  -20.154  -9.801  72.355 0.0000000000
63029  -20.193  -10.335  71.348 0.0000000000
63030  -21.002  -10.700  71.566 0.0000000000
61676  -21.790  -10.946  71.930 0.0000000000
61677  -22.465  -11.379  71.578 0.0000000000
63014  -26.770  -10.572  73.020 0.0000000000
60398  -25.783  -11.079  72.051 0.0000000000
61664  -26.840  -10.469  71.838 0.0000000000
61681  -26.211  -10.896  71.151 0.0000000000
63064  -26.159  -10.522  68.706 0.0000000000
64299  -21.047  -9.708  76.857 0.0000000000
64298  -20.366  -9.243  76.448 0.0000000000
64318  -21.043  -9.568  75.814 0.0000000000
64346  -20.819  -9.710  74.300 0.0000000000
77725  -38.384  1.025  51.196 0.0000000000
78911  -41.888  2.059  47.483 0.0000000000
81079  -45.157  4.924  52.130 0.0000000000
82074  -43.694  5.604  50.888 0.0000000000
71477  -27.708  -3.223  63.397 0.0000000000
70281  -30.055  -4.233  59.211 0.0000000000
71534  -30.633  -3.237  59.028 0.0000000000
74014  -36.397  -1.307  62.473 0.0000000000
72722  -35.104  -1.739  61.504 0.0000000000
75290  -37.214  -0.805  61.343 0.0000000000
125214  -12.042  -10.051  77.218 0.0000000000
62905  -11.389  -10.080  79.047 0.0000000000
61555  -10.471  -10.704  80.114 0.0000000000
60274  -9.530  -11.992  80.056 0.0000000000
60292  -8.905  -12.508  78.627 0.0000000000
57787  -8.187  -14.114  78.721 0.0000000000
57786  -7.700  -14.933  78.297 0.0000000000
57817  -8.184  -15.281  76.593 0.0000000000
64358  -28.320  -9.152  72.528 0.0000000000
66626  -27.783  -8.394  73.495 0.0000000000
66612  -27.932  -8.218  74.146 0.0000000000
67712  -28.139  -6.984  75.644 0.0000000000
61597  -23.764  -11.635  76.276 0.0000000000
61610  -23.599  -11.462  75.175 0.0000000000
61611  -24.398  -11.665  75.351 0.0000000000
61613  -26.257  -11.341  75.579 0.0000000000
61629  -26.903  -10.897  74.607 0.0000000000
62948  -28.278  -10.016  76.159 0.0000000000
62978  -27.740  -10.501  75.030 0.0000000000
61645  -26.979  -10.615  73.877 0.0000000000
62997  -28.150  -9.285  73.940 0.0000000000
63016  -28.157  -9.466  73.134 0.0000000000
61587  -24.456  -11.670  77.663 0.0000000000
78830  -33.476  2.243  55.897 0.0000000000
77691  -33.169  1.181  54.670 0.0000000000
78838  -34.486  2.565  54.741 0.0000000000
125146  -35.207  2.411  53.854 0.0000000000
77701  -36.833  2.033  53.032 0.0000000000
78840  -38.719  3.837  55.482 0.0000000000
78851  -38.182  2.978  54.180 0.0000000000
77713  -37.616  1.772  52.476 0.0000000000
77715  -39.647  1.986  52.282 0.0000000000
77726  -39.896  1.464  51.527 0.0000000000
77738  -41.427  1.712  50.263 0.0000000000
78887  -42.092  2.365  50.701 0.0000000000
78881  -42.717  2.527  51.607 0.0000000000
79991  -43.676  3.913  52.349 0.0000000000
79975  -44.014  3.854  54.021 0.0000000000
81073  -44.735  4.213  52.771 0.0000000000
71391  -26.347  -3.165  68.975 0.0000000000
71407  -25.381  -3.934  67.494 0.0000000000
71408  -26.147  -3.027  67.842 0.0000000000
71443  -26.518  -2.812  66.047 0.0000000000
72664  -27.254  -2.544  65.396 0.0000000000
73962  -29.341  -1.509  66.488 0.0000000000
73977  -28.430  -2.064  65.697 0.0000000000
72685  -27.993  -2.557  63.884 0.0000000000
72686  -28.523  -2.545  63.683 0.0000000000
71479  -29.455  -2.891  62.895 0.0000000000
70237  -30.358  -3.425  62.063 0.0000000000
70254  -30.826  -3.778  61.588 0.0000000000
72717  -30.946  -2.335  61.929 0.0000000000
72704  -32.371  -1.919  62.290 0.0000000000
72692  -34.303  -1.827  62.612 0.0000000000
75273  -34.879  -0.734  63.940 0.0000000000
74007  -35.332  -1.161  63.014 0.0000000000
64296  -14.137  -9.309  77.243 0.0000000000
64313  -15.039  -9.620  75.777 0.0000000000
64295  -13.248  -9.842  76.375 0.0000000000
62940  -12.712  -10.607  75.767 0.0000000000
67805  -23.911  -6.501  69.451 0.0000000000
70105  -24.521  -4.809  70.218 0.0000000000
66610  -27.287  -7.896  73.367 0.0000000000
67735  -26.612  -7.252  73.613 0.0000000000
67750  -25.867  -7.015  72.927 0.0000000000
68905  -25.135  -5.210  74.355 0.0000000000
67749  -24.944  -6.325  72.788 0.0000000000
68935  -24.925  -5.105  72.133 0.0000000000
70087  -25.340  -4.234  71.452 0.0000000000
71370  -25.676  -3.782  69.744 0.0000000000
71372  -26.901  -2.856  70.376 0.0000000000
73924  -27.490  -1.876  70.169 0.0000000000
73926  -29.008  -1.220  70.063 0.0000000000
73892  -28.889  -1.382  71.691 0.0000000000
75158  -29.606  -0.760  70.601 0.0000000000
61641  -23.497  -11.516  73.424 0.0000000000
61660  -23.314  -11.490  72.233 0.0000000000
61678  -23.254  -11.542  71.235 0.0000000000
61680  -24.944  -11.263  71.136 0.0000000000
61679  -24.027  -11.559  71.049 0.0000000000
65532  -17.741  -8.551  76.817 0.0000000000
65555  -17.975  -8.650  75.090 0.0000000000
64316  -19.634  -9.057  75.207 0.0000000000
65556  -18.723  -8.752  75.027 0.0000000000
64343  -17.895  -9.250  73.475 0.0000000000
64354  -17.633  -9.782  72.861 0.0000000000
78895  -41.685  2.557  49.580 0.0000000000
80026  -41.575  3.393  48.789 0.0000000000
80032  -41.624  3.175  47.759 0.0000000000
81094  -43.170  4.774  50.230 0.0000000000
81105  -42.327  4.737  48.627 0.0000000000
81118  -41.805  3.928  47.243 0.0000000000
81119  -42.325  4.495  46.482 0.0000000000
81126  -43.555  4.592  45.604 0.0000000000
81127  -44.523  4.533  45.167 0.0000000000
82110  -43.925  5.561  45.512 0.0000000000
84159  -44.132  7.201  45.840 0.0000000000
55276  -5.522  -16.343  80.537 0.0000000000
53961  -4.720  -16.989  81.886 0.0000000000
53999  -4.983  -17.192  80.052 0.0000000000
70173  -25.132  -4.879  65.997 0.0000000000
76530  -31.650  0.381  56.422 0.0000000000
70270  -31.517  -3.698  60.800 0.0000000000
71523  -31.801  -2.862  60.276 0.0000000000
74042  -31.864  -1.304  59.935 0.0000000000
74045  -34.238  -1.327  60.645 0.0000000000
75304  -32.955  -0.850  60.099 0.0000000000
75327  -32.207  -0.258  59.487 0.0000000000
76502  -32.022  0.757  58.547 0.0000000000
77663  -31.918  1.238  57.656 0.0000000000
78821  -32.832  1.829  56.686 0.0000000000
78823  -34.315  2.506  56.696 0.0000000000
79954  -34.826  3.186  57.450 0.0000000000
125152  -36.940  4.204  57.992 0.0000000000
56454  -7.011  -15.199  83.803 0.0000000000
57716  -6.995  -14.266  82.749 0.0000000000
56519  -6.045  -15.188  81.149 0.0000000000
55277  -6.007  -15.848  80.302 0.0000000000
55316  -5.467  -16.831  78.755 0.0000000000
53960  -4.293  -17.244  82.514 0.0000000000
53944  -3.708  -17.654  83.520 0.0000000000
52667  -3.032  -17.888  84.067 0.0000000000
51469  -2.784  -19.612  82.558 0.0000000000
51449  -2.415  -19.106  83.493 0.0000000000
52650  -2.093  -17.824  84.949 0.0000000000
52649  -1.411  -17.803  85.197 0.0000000000
53926  -0.287  -17.527  84.890 0.0000000000
49110  -0.094  -21.454  82.830 0.0000000000
50288  0.159  -20.278  82.683 0.0000000000
56470  -6.386  -15.448  83.539 0.0000000000
61609  -22.930  -11.150  74.845 0.0000000000
62943  -22.643  -11.016  76.648 0.0000000000
68979  -24.670  -5.135  68.860 0.0000000000
68993  -24.723  -5.258  68.115 0.0000000000
70252  -28.418  -4.752  61.084 0.0000000000
70268  -29.371  -4.913  60.115 0.0000000000
59053  -10.527  -13.057  75.794 0.0000000000
61585  -10.719  -12.069  76.992 0.0000000000
67714  -29.665  -7.083  76.107 0.0000000000
62927  -27.011  -11.129  77.942 0.0000000000
62946  -26.660  -10.638  77.217 0.0000000000
62928  -27.558  -10.782  77.588 0.0000000000
65549  -29.048  -8.193  76.014 0.0000000000
64260  -26.707  -11.288  78.114 0.0000000000
78855  -42.213  2.610  53.682 0.0000000000
79982  -42.615  3.604  54.075 0.0000000000
73937  -28.492  -1.570  68.375 0.0000000000
74004  -31.735  -2.064  64.184 0.0000000000
65544  -16.390  -8.657  76.093 0.0000000000
64315  -16.790  -8.825  75.490 0.0000000000
84154  -45.339  7.762  45.852 0.0000000000
84161  -45.774  7.356  45.278 0.0000000000
55164  -2.927  -16.147  85.875 0.0000000000
55163  -2.258  -16.501  86.224 0.0000000000
66637  -25.576  -7.700  71.455 0.0000000000
66636  -24.698  -7.407  71.530 0.0000000000
66621  -24.600  -7.034  72.176 0.0000000000
68892  -26.621  -6.027  75.972 0.0000000000
68874  -26.372  -5.137  76.290 0.0000000000
72552  -26.775  -2.459  72.760 0.0000000000
71315  -26.322  -2.930  72.217 0.0000000000
72576  -27.061  -2.344  72.311 0.0000000000
72577  -27.808  -1.825  72.736 0.0000000000
63028  -19.296  -10.310  71.237 0.0000000000
60367  -25.636  -11.139  73.345 0.0000000000
64356  -19.397  -9.572  72.496 0.0000000000
78918  -43.055  2.613  46.135 0.0000000000
79998  -43.618  3.883  51.374 0.0000000000
80006  -43.450  3.959  50.543 0.0000000000
84115  -43.720  7.185  49.831 0.0000000000
84114  -42.910  7.089  49.049 0.0000000000
84129  -42.879  7.070  48.183 0.0000000000
84144  -43.368  7.312  47.518 0.0000000000
71457  -26.313  -3.540  64.437 0.0000000000
72769  -30.441  -2.378  58.321 0.0000000000
74079  -30.226  -1.873  57.673 0.0000000000
72706  -34.412  -2.339  61.886 0.0000000000
77613  -35.345  1.233  60.315 0.0000000000
76463  -34.979  0.453  60.201 0.0000000000
77612  -34.784  0.968  60.185 0.0000000000
78784  -34.971  1.897  59.688 0.0000000000
78799  -34.757  2.319  59.176 0.0000000000
78785  -35.667  2.283  60.003 0.0000000000
57771  -7.770  -13.927  79.662 0.0000000000
57754  -7.556  -13.763  80.226 0.0000000000
57753  -7.056  -14.342  80.468 0.0000000000
56566  -7.143  -15.206  78.996 0.0000000000
49097  -0.722  -21.236  83.143 0.0000000000
49096  -0.175  -21.207  83.122 0.0000000000
75204  -30.646  -0.777  68.077 0.0000000000
62991  -16.573  -10.118  73.207 0.0000000000
56451  -5.026  -15.846  84.332 0.0000000000
56439  -4.861  -15.592  84.864 0.0000000000
55171  -4.050  -16.065  84.888 0.0000000000
64393  -27.908  -9.038  69.586 0.0000000000
66624  -27.043  -7.688  72.602 0.0000000000
62992  -20.735  -10.015  72.753 0.0000000000
63011  -20.578  -10.256  72.052 0.0000000000
63012  -21.340  -10.468  72.446 0.0000000000
61658  -21.881  -10.764  72.490 0.0000000000
61663  -26.431  -10.763  72.439 0.0000000000
63031  -27.013  -10.334  71.012 0.0000000000
61699  -26.096  -10.737  69.775 0.0000000000
61712  -26.077  -10.604  69.140 0.0000000000
62942  -21.750  -10.300  77.303 0.0000000000
62923  -21.913  -9.967  78.312 0.0000000000
70234  -27.375  -4.319  62.170 0.0000000000
71535  -31.376  -3.031  59.476 0.0000000000
74015  -37.118  -1.060  62.814 0.0000000000
74028  -37.113  -1.256  62.023 0.0000000000
77614  -36.337  1.033  61.135 0.0000000000
61570  -10.799  -10.601  79.304 0.0000000000
61541  -9.965  -11.363  80.554 0.0000000000
59021  -8.820  -13.262  78.009 0.0000000000
59008  -8.164  -13.144  79.055 0.0000000000
57802  -8.394  -14.237  77.584 0.0000000000
64359  -28.469  -8.956  73.270 0.0000000000
65574  -28.015  -8.647  73.348 0.0000000000
67724  -28.176  -7.657  74.994 0.0000000000
60322  -24.331  -12.000  76.461 0.0000000000
61598  -24.691  -11.787  76.155 0.0000000000
61612  -25.305  -11.575  75.478 0.0000000000
61628  -25.844  -11.199  74.607 0.0000000000
64280  -29.205  -9.427  77.060 0.0000000000
62964  -28.084  -10.026  75.449 0.0000000000
62996  -27.600  -10.160  73.930 0.0000000000
63017  -28.422  -9.144  73.541 0.0000000000
61588  -25.158  -11.586  77.602 0.0000000000
60310  -24.470  -12.235  77.245 0.0000000000
60309  -24.125  -12.277  76.749 0.0000000000
78831  -34.372  2.559  55.717 0.0000000000
78837  -33.774  2.419  55.108 0.0000000000
125147  -35.474  2.566  54.606 0.0000000000
78866  -35.900  2.305  53.504 0.0000000000
78850  -37.208  2.453  53.926 0.0000000000
78868  -38.552  2.475  53.208 0.0000000000
77714  -38.951  1.847  52.272 0.0000000000
78879  -40.830  2.074  52.080 0.0000000000
77727  -41.004  1.771  51.068 0.0000000000
77728  -41.608  1.954  50.926 0.0000000000
78882  -43.437  3.086  51.518 0.0000000000
72645  -26.736  -2.697  67.966 0.0000000000
72654  -27.250  -2.507  66.460 0.0000000000
72655  -27.932  -2.213  65.965 0.0000000000
73950  -30.560  -1.022  67.544 0.0000000000
73949  -29.579  -1.192  67.692 0.0000000000
73993  -29.690  -2.099  64.859 0.0000000000
73978  -29.016  -1.927  65.453 0.0000000000
72666  -28.768  -2.224  64.801 0.0000000000
72665  -28.185  -2.221  65.123 0.0000000000
72675  -28.346  -2.337  64.328 0.0000000000
72688  -30.239  -2.355  63.358 0.0000000000
72687  -29.398  -2.486  63.432 0.0000000000
72701  -29.896  -2.579  62.903 0.0000000000
71497  -29.978  -3.041  62.423 0.0000000000
71498  -30.590  -2.930  61.959 0.0000000000
74006  -34.075  -1.094  63.416 0.0000000000
75274  -35.445  -0.843  63.787 0.0000000000
74008  -36.535  -1.049  63.490 0.0000000000
65530  -15.770  -8.743  76.970 0.0000000000
65513  -14.751  -8.792  77.947 0.0000000000
65529  -15.036  -8.972  76.780 0.0000000000
64340  -15.638  -10.160  73.425 0.0000000000
64327  -15.154  -10.084  74.175 0.0000000000
62960  -13.761  -10.689  74.759 0.0000000000
64312  -14.169  -10.179  75.142 0.0000000000
55166  0.064  -16.493  85.734 0.0000000000
66676  -26.841  -7.630  69.306 0.0000000000
66674  -24.951  -7.980  69.479 0.0000000000
66672  -23.765  -7.308  70.162 0.0000000000
67785  -23.965  -6.408  70.316 0.0000000000
68978  -24.275  -5.455  69.674 0.0000000000
68963  -24.241  -5.256  70.772 0.0000000000
66611  -27.638  -8.149  73.729 0.0000000000
67721  -26.015  -6.756  74.605 0.0000000000
67734  -25.541  -6.656  73.761 0.0000000000
70067  -25.433  -3.868  73.155 0.0000000000
67733  -25.079  -5.881  73.781 0.0000000000
68934  -24.540  -5.976  72.032 0.0000000000
71329  -25.908  -3.473  71.533 0.0000000000
71349  -25.813  -3.704  70.742 0.0000000000
70096  -25.054  -4.457  70.548 0.0000000000
71371  -26.396  -3.306  70.069 0.0000000000
72615  -27.505  -1.754  71.132 0.0000000000
72614  -27.055  -2.118  70.676 0.0000000000
73911  -27.654  -1.715  70.542 0.0000000000
73925  -28.046  -1.494  69.688 0.0000000000
73872  -29.588  -0.939  72.661 0.0000000000
72598  -28.307  -1.602  72.315 0.0000000000
63046  -20.657  -10.813  70.853 0.0000000000
61693  -20.529  -11.523  70.549 0.0000000000
61626  -24.063  -11.642  74.452 0.0000000000
61625  -23.410  -11.406  74.406 0.0000000000
60364  -23.845  -11.604  72.622 0.0000000000
60382  -23.806  -11.585  72.235 0.0000000000
61661  -23.839  -11.575  71.792 0.0000000000
65546  -18.296  -8.601  75.830 0.0000000000
64317  -20.301  -9.266  75.522 0.0000000000
64344  -18.938  -9.112  73.353 0.0000000000
64330  -18.352  -8.938  74.314 0.0000000000
81092  -42.110  4.087  49.528 0.0000000000
81111  -41.738  4.120  48.184 0.0000000000
82083  -43.092  5.671  50.214 0.0000000000
81112  -42.187  4.763  47.618 0.0000000000
81120  -42.886  4.848  46.083 0.0000000000
83086  -43.638  6.486  46.034 0.0000000000
84153  -44.702  7.740  46.345 0.0000000000
85273  -45.202  8.673  46.968 0.0000000000
71424  -25.422  -4.014  66.355 0.0000000000
70157  -25.121  -4.728  66.945 0.0000000000
75367  -30.635  -0.844  56.788 0.0000000000
75383  -31.060  -0.468  56.439 0.0000000000
71510  -31.125  -2.854  61.495 0.0000000000
70255  -31.326  -3.332  61.223 0.0000000000
71511  -31.710  -2.760  61.057 0.0000000000
72738  -32.269  -1.872  60.768 0.0000000000
71524  -32.008  -2.306  60.549 0.0000000000
72737  -31.985  -2.026  60.280 0.0000000000
74026  -35.511  -1.121  61.440 0.0000000000
74025  -34.804  -1.298  60.995 0.0000000000
75287  -34.821  -0.793  60.823 0.0000000000
75329  -34.156  -0.198  59.818 0.0000000000
75305  -33.821  -0.761  60.208 0.0000000000
75328  -33.355  -0.195  59.712 0.0000000000
75351  -31.489  -0.335  58.316 0.0000000000
76482  -32.476  0.476  59.101 0.0000000000
77666  -33.739  1.816  58.385 0.0000000000
77646  -32.678  1.372  58.407 0.0000000000
77664  -32.505  1.559  57.700 0.0000000000
77677  -32.832  1.763  57.334 0.0000000000
78822  -33.279  2.014  57.001 0.0000000000
78815  -33.574  2.001  57.583 0.0000000000
79955  -36.033  3.510  57.916 0.0000000000
57737  -6.431  -14.680  81.459 0.0000000000
57715  -6.532  -14.614  82.230 0.0000000000
56541  -5.881  -15.665  80.693 0.0000000000
56542  -6.468  -15.360  80.284 0.0000000000
55317  -6.308  -16.357  78.415 0.0000000000
53977  -4.029  -17.760  81.626 0.0000000000
52714  -3.233  -18.641  82.016 0.0000000000
52701  -3.822  -17.704  82.838 0.0000000000
52700  -3.420  -18.277  82.804 0.0000000000
52684  -3.243  -18.126  83.471 0.0000000000
49126  -2.459  -21.229  81.582 0.0000000000
50306  -2.653  -20.488  81.466 0.0000000000
50290  -2.544  -20.486  82.196 0.0000000000
52666  -2.439  -18.241  84.290 0.0000000000
51428  -2.067  -18.725  84.246 0.0000000000
52665  -1.696  -18.320  84.640 0.0000000000
52682  -0.383  -18.740  84.040 0.0000000000
52664  -0.616  -18.161  84.658 0.0000000000
52663  -0.122  -18.063  84.401 0.0000000000
53925  -0.068  -17.547  84.472 0.0000000000
49109  0.164  -21.158  82.656 0.0000000000
55187  -5.095  -16.006  83.983 0.0000000000
62994  -22.135  -10.739  73.384 0.0000000000
63032  -27.364  -10.042  71.562 0.0000000000
63048  -27.644  -9.884  70.668 0.0000000000
62925  -23.209  -11.183  77.513 0.0000000000
67823  -24.102  -6.748  68.573 0.0000000000
62922  -11.307  -11.179  76.737 0.0000000000
59022  -9.538  -13.079  77.349 0.0000000000
59052  -9.580  -13.694  76.345 0.0000000000
62926  -25.730  -11.393  77.364 0.0000000000
61599  -25.547  -11.706  76.610 0.0000000000
62945  -25.955  -11.064  76.942 0.0000000000
64302  -28.650  -9.188  76.516 0.0000000000
65535  -28.807  -8.533  76.273 0.0000000000
65548  -28.331  -8.492  75.643 0.0000000000
64334  -28.156  -8.925  74.687 0.0000000000
64335  -28.269  -8.600  74.664 0.0000000000
64278  -26.087  -11.242  77.684 0.0000000000
79961  -35.375  3.432  56.734 0.0000000000
78832  -35.232  2.935  55.670 0.0000000000
79963  -35.981  3.535  56.174 0.0000000000
78839  -37.619  3.407  55.106 0.0000000000
78853  -40.222  3.082  54.142 0.0000000000
78870  -40.608  2.500  53.092 0.0000000000
72641  -27.877  -2.110  67.898 0.0000000000
72678  -30.637  -2.286  63.929 0.0000000000
72689  -31.100  -2.190  63.388 0.0000000000
65515  -17.083  -8.611  77.883 0.0000000000
62975  -14.625  -10.573  73.746 0.0000000000
62959  -13.119  -11.090  75.171 0.0000000000
82116  -45.226  5.514  44.327 0.0000000000
83090  -45.159  6.557  44.630 0.0000000000
83093  -45.516  6.048  44.128 0.0000000000
83094  -46.035  6.512  44.109 0.0000000000
55168  -1.080  -17.020  86.107 0.0000000000
66656  -24.753  -7.774  70.566 0.0000000000
67723  -27.643  -7.419  74.976 0.0000000000
67710  -26.342  -6.485  75.476 0.0000000000
67709  -25.773  -6.120  75.163 0.0000000000
71282  -25.995  -3.132  74.257 0.0000000000
70051  -25.784  -3.379  73.435 0.0000000000
70079  -25.906  -3.210  72.249 0.0000000000
71314  -25.976  -3.157  71.969 0.0000000000
71330  -26.430  -3.100  71.637 0.0000000000
72596  -27.038  -2.192  71.521 0.0000000000
75130  -30.117  -0.525  72.375 0.0000000000
61642  -24.580  -11.530  73.739 0.0000000000
61698  -25.241  -11.127  70.025 0.0000000000
78888  -42.881  2.910  50.800 0.0000000000
80005  -43.015  3.450  50.252 0.0000000000
80014  -42.485  3.792  49.788 0.0000000000
81093  -42.627  4.392  49.437 0.0000000000
83061  -43.042  6.402  49.766 0.0000000000
83060  -42.709  6.288  48.733 0.0000000000
82097  -42.689  5.476  47.122 0.0000000000
83070  -42.772  6.293  47.790 0.0000000000
83080  -42.895  6.033  47.216 0.0000000000
83081  -43.141  6.488  46.993 0.0000000000
85255  -44.516  8.558  48.222 0.0000000000
54033  -5.356  -17.514  78.243 0.0000000000
54032  -4.798  -17.876  78.743 0.0000000000
71442  -25.858  -3.412  65.556 0.0000000000
71456  -25.648  -3.943  64.862 0.0000000000
70195  -25.731  -4.103  64.267 0.0000000000
74098  -30.645  -1.037  57.214 0.0000000000
74024  -33.353  -1.789  60.909 0.0000000000
75307  -35.453  -0.145  60.635 0.0000000000
75306  -34.638  -0.477  60.368 0.0000000000
76485  -34.498  0.143  59.739 0.0000000000
76484  -33.820  0.529  59.408 0.0000000000
76504  -33.310  0.803  59.180 0.0000000000
77628  -33.980  0.951  59.219 0.0000000000
78816  -34.127  2.264  57.914 0.0000000000
58971  -8.053  -13.144  81.291 0.0000000000
58970  -7.357  -13.685  81.254 0.0000000000
56585  -6.733  -15.600  78.770 0.0000000000
55318  -6.990  -15.966  77.983 0.0000000000
52735  -3.674  -18.359  80.573 0.0000000000
52734  -3.098  -18.852  80.951 0.0000000000
52713  -2.978  -19.086  81.701 0.0000000000
51489  -3.000  -19.209  82.257 0.0000000000
50289  -1.986  -20.778  82.683 0.0000000000
51448  -1.182  -19.594  83.708 0.0000000000
51447  -0.370  -19.465  83.618 0.0000000000
64321  -30.326  -8.674  76.302 0.0000000000
125154  -37.923  4.493  57.519 0.0000000000
79972  -40.477  5.063  55.729 0.0000000000
79973  -41.625  4.172  54.844 0.0000000000
79974  -42.501  4.377  54.801 0.0000000000
75188  -29.977  -0.831  68.445 0.0000000000
73951  -31.065  -0.937  67.759 0.0000000000
73964  -31.453  -1.186  67.170 0.0000000000
73996  -32.988  -1.160  65.624 0.0000000000
64341  -16.073  -9.897  73.577 0.0000000000
55170  -3.366  -16.175  85.304 0.0000000000
55184  -3.068  -16.673  85.023 0.0000000000
65611  -27.894  -8.606  70.268 0.0000000000
65594  -27.717  -8.553  70.568 0.0000000000
65593  -27.395  -8.181  70.771 0.0000000000
64366  -20.160  -10.054  71.856 0.0000000000
60385  -25.723  -11.116  72.797 0.0000000000
63065  -26.688  -10.280  69.277 0.0000000000
64276  -20.267  -9.204  77.555 0.0000000000
64333  -20.768  -9.606  75.033 0.0000000000
82068  -44.438  5.239  51.546 0.0000000000
82075  -44.509  6.035  51.309 0.0000000000
85239  -44.392  8.221  49.594 0.0000000000
71476  -26.801  -3.610  63.641 0.0000000000
70219  -26.955  -3.852  63.089 0.0000000000
72755  -31.082  -2.621  58.964 0.0000000000
74013  -35.578  -1.594  61.996 0.0000000000
72707  -35.068  -2.209  61.775 0.0000000000
74027  -36.403  -1.191  61.649 0.0000000000
75289  -36.153  -0.528  61.015 0.0000000000
75308  -35.937  -0.062  60.700 0.0000000000
76465  -36.267  0.136  60.794 0.0000000000
78768  -35.973  1.685  60.560 0.0000000000
60283  -8.758  -12.465  79.576 0.0000000000
57801  -7.904  -14.974  77.159 0.0000000000
47973  -0.670  -22.010  82.657 0.0000000000
65573  -28.239  -8.702  72.486 0.0000000000
67737  -27.821  -7.852  74.383 0.0000000000
67700  -29.385  -6.681  76.566 0.0000000000
62947  -27.533  -10.440  76.598 0.0000000000
62963  -27.727  -10.303  75.778 0.0000000000
62995  -27.020  -10.502  73.409 0.0000000000
61571  -23.884  -11.207  77.965 0.0000000000
61586  -23.760  -11.902  77.281 0.0000000000
77683  -32.840  1.452  55.435 0.0000000000
77684  -33.419  2.005  55.179 0.0000000000
78849  -34.824  2.448  54.105 0.0000000000
78867  -37.795  2.334  53.383 0.0000000000
77702  -37.369  2.124  53.187 0.0000000000
77737  -40.627  0.800  50.239 0.0000000000
81062  -43.339  3.969  54.075 0.0000000000
79983  -43.558  3.536  53.345 0.0000000000
81072  -44.114  4.266  52.401 0.0000000000
81078  -44.148  4.475  51.974 0.0000000000
71390  -25.541  -3.767  68.642 0.0000000000
71426  -26.625  -2.797  67.013 0.0000000000
72673  -26.928  -2.921  64.685 0.0000000000
73961  -28.526  -1.864  66.273 0.0000000000
72674  -27.593  -2.603  64.373 0.0000000000
71478  -28.774  -2.997  63.088 0.0000000000
71496  -29.286  -3.509  62.675 0.0000000000
70236  -29.966  -3.902  62.233 0.0000000000
72703  -31.408  -2.052  62.486 0.0000000000
75272  -34.059  -0.772  64.299 0.0000000000
75261  -34.771  -0.633  64.889 0.0000000000
64294  -12.203  -10.462  76.456 0.0000000000
62958  -12.583  -11.130  75.525 0.0000000000
62939  -12.097  -11.274  76.069 0.0000000000
84162  -46.322  7.565  44.986 0.0000000000
84164  -46.100  7.122  44.739 0.0000000000
66673  -23.997  -7.452  69.636 0.0000000000
70106  -24.921  -4.513  69.432 0.0000000000
67751  -26.505  -7.293  72.829 0.0000000000
68890  -25.480  -5.535  75.050 0.0000000000
67748  -24.496  -6.579  72.045 0.0000000000
68950  -24.504  -5.491  71.543 0.0000000000
68951  -24.741  -4.858  71.248 0.0000000000
70095  -24.570  -4.782  70.611 0.0000000000
71392  -26.834  -2.856  69.552 0.0000000000
72628  -27.352  -2.302  69.709 0.0000000000
73891  -28.366  -1.560  71.472 0.0000000000
75142  -29.816  -0.578  71.688 0.0000000000
73913  -29.025  -1.353  70.811 0.0000000000
75173  -29.785  -0.753  69.414 0.0000000000
61624  -22.926  -11.250  74.105 0.0000000000
60384  -24.993  -11.270  72.215 0.0000000000
61662  -24.402  -11.448  71.698 0.0000000000
61696  -23.398  -11.615  70.292 0.0000000000
65516  -18.134  -8.743  77.781 0.0000000000
64297  -19.702  -8.896  76.058 0.0000000000
65547  -19.079  -8.809  75.630 0.0000000000
65557  -19.199  -8.906  75.052 0.0000000000
63009  -17.077  -10.336  72.622 0.0000000000
63010  -17.797  -10.029  72.322 0.0000000000
80033  -41.888  2.841  47.127 0.0000000000
80040  -42.187  3.305  46.616 0.0000000000
80047  -42.722  3.600  45.916 0.0000000000
78930  -43.200  3.221  45.768 0.0000000000
82103  -42.769  5.104  46.500 0.0000000000
81125  -42.877  4.283  45.792 0.0000000000
80048  -43.402  3.710  45.663 0.0000000000
83089  -44.315  6.487  45.310 0.0000000000
85288  -45.285  8.170  46.224 0.0000000000
56490  -5.312  -15.828  82.024 0.0000000000
55256  -5.130  -16.386  81.584 0.0000000000
53978  -4.821  -17.116  81.050 0.0000000000
53998  -4.219  -17.843  80.527 0.0000000000
54018  -4.531  -17.894  79.487 0.0000000000
70140  -25.054  -4.750  67.667 0.0000000000
70218  -26.062  -4.430  63.289 0.0000000000
71512  -32.018  -2.333  60.803 0.0000000000
72756  -31.593  -2.207  59.506 0.0000000000
72721  -34.590  -2.068  61.228 0.0000000000
72739  -34.119  -1.893  60.811 0.0000000000
74044  -33.463  -1.513  60.631 0.0000000000
75303  -32.325  -0.892  60.108 0.0000000000
74063  -31.453  -1.235  59.025 0.0000000000
76516  -31.610  0.448  57.553 0.0000000000
76503  -32.796  0.916  58.968 0.0000000000
77675  -31.732  0.998  57.085 0.0000000000
77676  -32.378  1.510  56.750 0.0000000000
78829  -32.897  1.891  56.333 0.0000000000
79960  -34.787  3.088  56.776 0.0000000000
56471  -6.799  -15.006  83.190 0.0000000000
56491  -6.048  -15.323  82.397 0.0000000000
56518  -5.533  -15.716  81.385 0.0000000000
55297  -5.546  -16.618  79.442 0.0000000000
55298  -6.114  -16.027  79.740 0.0000000000
56606  -7.383  -15.567  77.675 0.0000000000
55344  -7.100  -16.240  77.401 0.0000000000
55232  -5.102  -16.274  82.647 0.0000000000
55231  -4.487  -16.763  82.983 0.0000000000
55206  -4.711  -16.491  83.514 0.0000000000
53945  -4.107  -17.264  83.324 0.0000000000
53929  -4.311  -16.937  83.822 0.0000000000
53928  -3.771  -17.389  84.073 0.0000000000
53927  -2.820  -17.313  84.758 0.0000000000
50318  -2.638  -20.659  80.870 0.0000000000
51488  -2.933  -19.629  81.878 0.0000000000
51450  -3.119  -18.669  83.121 0.0000000000
52683  -2.791  -18.341  83.811 0.0000000000
53911  -2.050  -17.369  85.760 0.0000000000
52648  -0.897  -17.673  85.257 0.0000000000
53909  -0.505  -17.292  85.313 0.0000000000
53908  -0.078  -17.076  85.056 0.0000000000
47972  -0.058  -21.892  82.467 0.0000000000
47958  -0.252  -21.642  82.793 0.0000000000
49095  -0.019  -21.030  83.039 0.0000000000
50268  -0.073  -20.510  83.140 0.0000000000
51446  0.068  -19.452  83.131 0.0000000000
52685  -3.656  -17.801  83.195 0.0000000000
53904  -1.450  -17.125  86.118 0.0000000000
53910  -1.135  -17.349  85.713 0.0000000000
53976  -3.409  -18.289  81.483 0.0000000000
55208  -6.014  -15.662  83.631 0.0000000000
56492  -6.609  -14.833  82.685 0.0000000000
60311  -24.778  -11.937  77.433 0.0000000000
60324  -25.008  -12.114  77.166 0.0000000000
62998  -28.297  -9.097  73.780 0.0000000000
64259  -26.407  -11.267  78.087 0.0000000000
64279  -26.527  -11.144  77.777 0.0000000000
64293  -11.779  -10.835  76.546 0.0000000000
64301  -26.174  -11.006  77.401 0.0000000000
64347  -28.244  -9.112  74.046 0.0000000000
65534  -28.365  -8.725  76.092 0.0000000000
66654  -23.809  -7.282  70.412 0.0000000000
67784  -23.749  -7.076  70.303 0.0000000000
67804  -23.642  -7.007  69.946 0.0000000000
68964  -24.623  -4.793  70.855 0.0000000000
70068  -25.891  -3.306  72.714 0.0000000000
71299  -26.792  -2.490  73.377 0.0000000000
71316  -26.668  -2.729  72.163 0.0000000000
71409  -26.675  -2.731  67.567 0.0000000000
72575  -26.648  -2.670  72.476 0.0000000000
72639  -26.576  -2.827  68.351 0.0000000000
72740  -34.463  -1.735  60.892 0.0000000000
73992  -29.153  -2.170  64.847 0.0000000000
74023  -32.955  -1.723  60.904 0.0000000000
77645  -32.207  1.326  58.114 0.0000000000
80039  -41.812  3.337  47.167 0.0000000000
84128  -42.731  6.598  48.319 0.0000000000
85302  -46.243  7.871  45.299 0.0000000000
