#!ascii label  , from subject A00073545 vox2ras=TkReg
1706
68813  -30.807  -5.758  80.428 0.0000000000
83948  -44.066  7.716  58.782 0.0000000000
76353  -34.523  1.249  68.962 0.0000000000
57816  -4.769  -14.612  76.791 0.0000000000
65447  -18.008  -8.720  81.224 0.0000000000
68818  -1.073  -5.407  79.673 0.0000000000
68728  -2.154  -4.902  86.545 0.0000000000
77563  -39.738  1.723  64.617 0.0000000000
71258  -6.489  -3.741  75.084 0.0000000000
55183  -0.121  -15.801  84.150 0.0000000000
68875  -26.948  -5.413  76.577 0.0000000000
62913  -28.158  -10.951  78.234 0.0000000000
62864  -24.961  -10.821  81.507 0.0000000000
83005  -47.657  6.677  56.414 0.0000000000
76409  -37.863  0.269  66.632 0.0000000000
64274  -13.871  -9.085  78.017 0.0000000000
73791  -0.541  -0.984  75.693 0.0000000000
64242  -4.369  -9.262  79.166 0.0000000000
64309  -1.888  -9.330  75.692 0.0000000000
59136  -5.988  -13.782  71.447 0.0000000000
60214  -5.893  -12.740  88.360 0.0000000000
60201  -1.603  -12.010  89.290 0.0000000000
77459  -31.940  1.629  73.090 0.0000000000
67651  -21.380  -7.586  82.950 0.0000000000
64277  -21.209  -9.508  77.885 0.0000000000
68770  -2.763  -5.240  82.608 0.0000000000
62843  -4.555  -10.332  83.039 0.0000000000
81968  -40.659  5.029  62.269 0.0000000000
61481  -7.810  -11.409  85.555 0.0000000000
61528  -10.273  -10.750  81.908 0.0000000000
68851  -4.042  -4.982  77.337 0.0000000000
65572  -2.957  -8.168  72.225 0.0000000000
68693  -3.006  -5.270  90.584 0.0000000000
61464  -1.911  -11.253  86.621 0.0000000000
58985  -1.785  -14.063  80.943 0.0000000000
69944  -29.708  -4.330  80.282 0.0000000000
66588  -31.092  -7.334  77.415 0.0000000000
68843  -29.661  -5.467  78.217 0.0000000000
64261  -30.208  -9.357  78.892 0.0000000000
64280  -29.205  -9.427  77.060 0.0000000000
64222  -29.395  -9.101  80.917 0.0000000000
83991  -45.520  6.787  57.313 0.0000000000
79964  -40.721  6.088  57.015 0.0000000000
82045  -42.549  6.160  55.566 0.0000000000
81048  -44.233  5.001  54.994 0.0000000000
76371  -36.143  0.305  68.477 0.0000000000
76367  -31.533  0.478  68.513 0.0000000000
75223  -33.423  -0.210  67.076 0.0000000000
75243  -34.645  -0.521  65.896 0.0000000000
61568  -5.949  -11.044  78.447 0.0000000000
61604  -6.070  -10.989  75.486 0.0000000000
57852  -6.114  -14.427  74.518 0.0000000000
54150  -4.984  -17.379  71.682 0.0000000000
55427  -4.757  -16.816  74.317 0.0000000000
58920  -5.808  -14.188  85.666 0.0000000000
58915  -4.045  -13.653  86.941 0.0000000000
76314  -31.525  0.842  74.712 0.0000000000
72507  -28.335  -1.855  76.515 0.0000000000
71267  -26.732  -2.731  74.873 0.0000000000
73830  -29.623  -1.493  74.479 0.0000000000
73873  -30.100  -0.646  72.805 0.0000000000
68794  -23.261  -5.507  82.181 0.0000000000
61571  -23.884  -11.207  77.965 0.0000000000
62877  -22.842  -10.755  79.988 0.0000000000
82070  -46.490  5.911  51.943 0.0000000000
84083  -45.815  7.444  51.362 0.0000000000
68736  -2.209  -5.047  84.852 0.0000000000
66528  -3.886  -8.041  82.975 0.0000000000
65393  -4.254  -8.041  84.858 0.0000000000
79883  -40.094  3.530  63.325 0.0000000000
75276  -37.352  -0.296  63.272 0.0000000000
77594  -37.366  1.163  62.079 0.0000000000
78787  -37.468  3.473  60.711 0.0000000000
61449  -9.293  -11.686  88.340 0.0000000000
61473  -10.799  -11.070  86.725 0.0000000000
72434  -1.994  -3.051  80.046 0.0000000000
72453  -2.556  -2.000  78.645 0.0000000000
68836  -2.610  -4.898  78.536 0.0000000000
63024  -2.014  -11.133  72.063 0.0000000000
65554  -2.003  -8.408  74.358 0.0000000000
64375  -1.584  -9.630  70.953 0.0000000000
67541  -4.398  -6.633  91.657 0.0000000000
57667  0.122  -14.079  86.839 0.0000000000
62795  -0.408  -10.906  88.050 0.0000000000
58925  -0.028  -13.404  84.560 0.0000000000
61493  -1.572  -12.602  83.223 0.0000000000
57712  -0.945  -14.685  83.193 0.0000000000
71192  -27.526  -3.749  78.580 0.0000000000
67653  -24.468  -7.154  81.673 0.0000000000
66534  -27.146  -7.987  82.277 0.0000000000
61547  -26.964  -11.396  80.419 0.0000000000
84044  -48.721  7.333  54.339 0.0000000000
81065  -46.641  4.484  53.571 0.0000000000
76421  -38.911  0.756  65.587 0.0000000000
73998  -36.234  -0.886  64.062 0.0000000000
65515  -17.083  -8.611  77.883 0.0000000000
125212  -15.711  -8.532  79.575 0.0000000000
73794  -3.090  -1.610  75.598 0.0000000000
65457  -1.802  -8.168  79.905 0.0000000000
65488  -1.933  -8.253  78.020 0.0000000000
65527  -3.240  -9.653  77.294 0.0000000000
61634  -4.012  -11.196  73.519 0.0000000000
60408  -2.948  -12.888  70.784 0.0000000000
62783  -5.923  -10.915  90.914 0.0000000000
64126  -3.690  -9.413  91.527 0.0000000000
58894  -3.908  -13.318  89.352 0.0000000000
57665  -2.285  -14.337  87.174 0.0000000000
77474  -32.659  1.550  71.236 0.0000000000
75159  -30.529  -0.135  70.824 0.0000000000
62829  -20.096  -9.656  83.229 0.0000000000
64189  -23.265  -9.630  83.094 0.0000000000
62848  -21.347  -10.563  81.830 0.0000000000
65480  -19.266  -8.399  79.766 0.0000000000
75041  -2.771  -2.177  80.809 0.0000000000
126467  -2.064  -2.958  82.670 0.0000000000
67627  -1.243  -6.022  81.604 0.0000000000
65427  -2.721  -8.256  82.247 0.0000000000
64228  -5.307  -9.643  80.780 0.0000000000
60282  -5.431  -12.332  79.626 0.0000000000
82968  -42.182  6.820  59.984 0.0000000000
86257  -38.843  5.316  59.709 0.0000000000
61444  -8.146  -11.611  89.413 0.0000000000
61469  -7.044  -11.887  86.888 0.0000000000
58928  -7.348  -13.802  84.193 0.0000000000
65431  -13.381  -8.635  81.081 0.0000000000
64182  -12.151  -8.670  82.832 0.0000000000
64164  -10.272  -9.609  84.883 0.0000000000
61499  -9.447  -11.094  83.601 0.0000000000
58957  -8.357  -12.938  82.443 0.0000000000
75068  -1.079  -0.334  77.237 0.0000000000
72472  -3.779  -2.520  77.589 0.0000000000
71241  -5.433  -3.853  76.471 0.0000000000
66586  -2.389  -7.045  76.318 0.0000000000
67718  -3.441  -6.489  74.663 0.0000000000
67732  -4.884  -6.551  73.464 0.0000000000
68713  -2.827  -5.455  88.318 0.0000000000
65362  -2.498  -7.854  89.888 0.0000000000
66484  -1.257  -7.790  88.352 0.0000000000
65383  -2.289  -8.096  87.096 0.0000000000
61486  -3.409  -11.186  84.648 0.0000000000
61524  -3.149  -12.066  81.816 0.0000000000
57784  -3.398  -14.631  78.349 0.0000000000
52699  0.145  -18.392  82.313 0.0000000000
54016  -0.979  -17.543  79.947 0.0000000000
55368  -2.804  -16.613  76.026 0.0000000000
69970  -30.549  -5.310  79.932 0.0000000000
69934  -30.703  -4.849  81.379 0.0000000000
67681  -31.044  -6.682  78.818 0.0000000000
68829  -30.756  -5.546  79.338 0.0000000000
66561  -30.686  -7.075  79.115 0.0000000000
65520  -31.069  -8.252  78.196 0.0000000000
67658  -30.216  -6.029  80.789 0.0000000000
66559  -29.682  -8.091  79.721 0.0000000000
83969  -44.814  7.275  58.114 0.0000000000
81041  -42.297  6.980  58.339 0.0000000000
81044  -41.670  6.645  57.017 0.0000000000
82982  -43.141  6.742  57.308 0.0000000000
82989  -44.288  6.345  56.933 0.0000000000
76370  -35.176  0.595  68.416 0.0000000000
76356  -36.765  0.729  69.109 0.0000000000
77489  -36.438  1.918  70.155 0.0000000000
76387  -32.486  0.603  67.550 0.0000000000
76368  -33.691  1.210  68.151 0.0000000000
76389  -34.555  0.540  67.458 0.0000000000
59036  -6.242  -13.370  76.965 0.0000000000
60302  -6.438  -12.652  76.601 0.0000000000
59063  -5.894  -14.228  75.725 0.0000000000
57872  -5.874  -15.054  74.384 0.0000000000
56641  -5.044  -15.513  75.330 0.0000000000
56453  -6.556  -15.406  84.137 0.0000000000
56440  -5.483  -15.351  84.868 0.0000000000
73783  -29.549  -1.271  76.293 0.0000000000
72524  -28.937  -1.667  75.765 0.0000000000
75099  -30.721  -0.739  75.497 0.0000000000
75109  -30.722  -0.634  74.544 0.0000000000
84064  -47.267  7.418  52.376 0.0000000000
83045  -46.135  6.594  51.427 0.0000000000
86472  -46.236  9.016  52.145 0.0000000000
68729  -2.461  -4.951  85.660 0.0000000000
66515  -3.574  -6.460  84.841 0.0000000000
66505  -3.220  -6.837  85.751 0.0000000000
78723  -39.582  2.779  63.584 0.0000000000
78714  -40.842  2.761  64.233 0.0000000000
77570  -38.349  1.056  63.673 0.0000000000
76442  -37.513  0.350  62.735 0.0000000000
77580  -38.528  1.812  63.127 0.0000000000
78736  -38.576  2.440  62.736 0.0000000000
62799  -11.546  -10.075  88.595 0.0000000000
61474  -11.265  -11.015  87.013 0.0000000000
65420  -17.724  -9.303  83.261 0.0000000000
65433  -16.873  -8.518  82.017 0.0000000000
72514  -5.880  -2.569  75.294 0.0000000000
71198  -1.603  -4.055  79.751 0.0000000000
69976  -2.073  -4.264  79.053 0.0000000000
68835  -1.597  -5.286  78.818 0.0000000000
61690  -1.917  -12.027  71.551 0.0000000000
63023  -1.761  -10.475  71.620 0.0000000000
61707  -1.458  -11.953  69.631 0.0000000000
67543  -6.109  -6.174  91.066 0.0000000000
66445  -5.828  -8.094  91.266 0.0000000000
57677  0.546  -14.491  85.677 0.0000000000
58913  0.162  -13.347  86.347 0.0000000000
57686  0.286  -14.163  84.488 0.0000000000
57695  -0.350  -14.341  83.766 0.0000000000
56468  -0.267  -15.507  83.696 0.0000000000
71194  -28.680  -3.562  79.666 0.0000000000
69987  -28.155  -4.634  78.416 0.0000000000
72450  -28.564  -2.920  79.358 0.0000000000
72466  -28.525  -2.253  78.697 0.0000000000
61562  -28.896  -10.550  79.487 0.0000000000
62880  -27.765  -10.362  80.287 0.0000000000
61574  -27.092  -11.348  78.788 0.0000000000
62910  -25.774  -11.245  78.145 0.0000000000
83016  -48.340  6.714  55.858 0.0000000000
82050  -46.308  5.199  55.479 0.0000000000
81057  -45.416  4.436  54.341 0.0000000000
82051  -46.967  5.124  54.931 0.0000000000
81066  -47.446  4.662  53.498 0.0000000000
76410  -38.572  0.527  66.281 0.0000000000
76395  -40.040  0.755  66.778 0.0000000000
76374  -38.906  0.854  67.793 0.0000000000
75226  -36.114  0.121  66.216 0.0000000000
75244  -35.500  -0.336  65.548 0.0000000000
75245  -36.402  -0.167  65.345 0.0000000000
75246  -37.288  0.034  65.230 0.0000000000
73815  -0.766  -1.031  74.889 0.0000000000
73817  -2.220  -1.406  74.655 0.0000000000
73793  -2.036  -1.475  75.673 0.0000000000
65474  -3.535  -8.889  79.534 0.0000000000
65490  -3.324  -8.927  78.527 0.0000000000
64271  -4.152  -8.988  77.378 0.0000000000
61637  -6.313  -11.980  73.805 0.0000000000
61618  -5.337  -11.275  73.991 0.0000000000
61652  -4.881  -11.880  72.530 0.0000000000
61670  -3.923  -12.014  72.086 0.0000000000
59134  -4.238  -13.303  70.839 0.0000000000
56739  -5.175  -15.229  70.841 0.0000000000
58890  -6.350  -12.734  90.022 0.0000000000
60197  -5.048  -12.483  90.245 0.0000000000
58895  -4.859  -12.877  89.353 0.0000000000
56433  -3.416  -15.562  85.887 0.0000000000
57666  -2.962  -14.508  87.088 0.0000000000
56431  -1.872  -15.640  86.379 0.0000000000
56430  -0.908  -15.553  86.446 0.0000000000
77473  -32.057  1.303  71.472 0.0000000000
75144  -31.132  0.176  72.181 0.0000000000
75143  -30.551  -0.219  71.867 0.0000000000
76331  -31.625  0.868  71.496 0.0000000000
76343  -32.041  1.074  70.733 0.0000000000
66522  -20.296  -6.963  83.221 0.0000000000
66520  -20.066  -8.006  84.353 0.0000000000
125209  -20.812  -9.220  84.076 0.0000000000
65438  -25.343  -8.636  81.919 0.0000000000
66531  -23.925  -8.249  82.165 0.0000000000
62850  -24.278  -10.630  82.298 0.0000000000
62906  -21.912  -9.907  79.259 0.0000000000
62862  -21.973  -10.685  80.970 0.0000000000
64245  -21.327  -9.420  79.844 0.0000000000
64231  -20.437  -9.181  80.489 0.0000000000
65518  -19.851  -8.804  78.389 0.0000000000
65517  -19.214  -8.770  77.839 0.0000000000
126463  -1.588  -3.950  83.372 0.0000000000
126469  -1.798  -3.799  82.423 0.0000000000
126465  -1.600  -4.581  81.678 0.0000000000
68769  -1.909  -5.302  82.160 0.0000000000
66525  -1.315  -7.044  82.004 0.0000000000
66526  -2.211  -7.390  82.465 0.0000000000
65414  -4.246  -8.578  83.268 0.0000000000
65445  -4.469  -8.747  82.040 0.0000000000
64192  -5.253  -9.855  82.025 0.0000000000
62872  -5.352  -10.493  80.964 0.0000000000
61526  -5.087  -10.989  81.190 0.0000000000
82919  -41.646  6.455  61.268 0.0000000000
82943  -42.884  7.059  61.736 0.0000000000
82920  -42.390  6.623  62.692 0.0000000000
81016  -38.975  4.096  61.830 0.0000000000
81026  -38.148  4.673  60.140 0.0000000000
87499  -39.400  4.932  60.970 0.0000000000
81043  -41.274  6.634  59.292 0.0000000000
62786  -9.517  -10.167  90.995 0.0000000000
61458  -8.440  -11.801  87.029 0.0000000000
60224  -8.244  -12.056  87.583 0.0000000000
61470  -7.826  -11.512  86.461 0.0000000000
60233  -7.187  -12.737  85.710 0.0000000000
60234  -7.988  -12.441  85.110 0.0000000000
65493  -14.052  -8.528  79.345 0.0000000000
125213  -15.251  -8.548  79.638 0.0000000000
65492  -13.512  -8.837  79.510 0.0000000000
62858  -10.840  -10.287  81.309 0.0000000000
64194  -11.942  -9.187  81.691 0.0000000000
64193  -11.313  -9.523  82.690 0.0000000000
64174  -11.830  -8.961  84.130 0.0000000000
62836  -10.688  -10.170  83.093 0.0000000000
62827  -9.304  -9.914  84.366 0.0000000000
61513  -10.381  -10.843  82.840 0.0000000000
60261  -8.821  -12.490  81.653 0.0000000000
76251  -1.292  0.527  77.998 0.0000000000
71220  -3.602  -3.392  78.418 0.0000000000
72471  -2.942  -2.204  77.951 0.0000000000
71221  -4.156  -3.591  77.778 0.0000000000
72473  -4.430  -3.125  77.299 0.0000000000
70007  -4.436  -4.748  77.148 0.0000000000
65508  -1.482  -8.579  77.295 0.0000000000
66577  -1.810  -7.260  77.244 0.0000000000
66583  0.168  -7.952  76.223 0.0000000000
65564  -2.206  -8.412  73.529 0.0000000000
66600  -2.647  -7.646  74.486 0.0000000000
66601  -3.425  -7.152  74.176 0.0000000000
67719  -4.068  -6.154  74.374 0.0000000000
66607  -3.641  -7.588  73.347 0.0000000000
66618  -4.407  -7.412  72.346 0.0000000000
68705  -3.419  -4.960  89.531 0.0000000000
61434  -2.722  -11.268  90.435 0.0000000000
65345  -3.008  -8.678  91.222 0.0000000000
62789  -1.540  -10.031  89.762 0.0000000000
61452  -1.293  -11.426  87.485 0.0000000000
64150  -0.699  -9.646  88.193 0.0000000000
64151  -1.389  -9.501  87.943 0.0000000000
65378  -2.008  -7.983  87.743 0.0000000000
64154  -2.235  -9.142  86.937 0.0000000000
62809  -3.387  -9.517  86.279 0.0000000000
61465  -2.846  -10.997  86.276 0.0000000000
60257  -1.640  -13.015  81.962 0.0000000000
61523  -2.257  -12.239  81.827 0.0000000000
58986  -2.171  -13.484  80.650 0.0000000000
58988  -3.490  -13.069  80.178 0.0000000000
59004  -2.345  -13.913  79.777 0.0000000000
51506  0.202  -19.893  80.788 0.0000000000
53996  -0.651  -17.561  80.972 0.0000000000
72432  -29.538  -2.921  80.472 0.0000000000
66596  -30.034  -7.385  76.244 0.0000000000
68878  -29.712  -5.872  76.828 0.0000000000
67688  -30.613  -6.335  77.691 0.0000000000
69989  -29.681  -5.157  78.920 0.0000000000
62914  -29.230  -10.563  78.433 0.0000000000
62931  -30.296  -9.626  77.360 0.0000000000
65536  -30.499  -8.269  76.720 0.0000000000
65467  -29.652  -9.074  79.939 0.0000000000
82991  -46.613  6.632  56.911 0.0000000000
79965  -41.411  5.539  55.856 0.0000000000
79967  -42.594  4.728  55.145 0.0000000000
81061  -43.014  4.171  54.524 0.0000000000
81047  -43.456  5.098  55.192 0.0000000000
82040  -45.081  5.509  56.196 0.0000000000
76391  -36.451  -0.064  67.709 0.0000000000
76373  -38.183  0.657  68.245 0.0000000000
76357  -37.706  0.728  69.046 0.0000000000
78660  -38.515  2.239  70.199 0.0000000000
75189  -30.569  -0.507  68.773 0.0000000000
75205  -31.441  -0.423  68.061 0.0000000000
75221  -32.079  -0.700  67.468 0.0000000000
73982  -32.963  -0.850  66.540 0.0000000000
73996  -32.988  -1.160  65.624 0.0000000000
75224  -34.414  0.150  66.769 0.0000000000
75210  -35.844  0.075  67.002 0.0000000000
62921  -5.599  -10.226  77.942 0.0000000000
62937  -5.254  -10.102  76.659 0.0000000000
61594  -6.346  -11.861  76.338 0.0000000000
60329  -6.521  -12.571  74.877 0.0000000000
59102  -6.520  -13.364  73.275 0.0000000000
56723  -6.116  -15.094  71.555 0.0000000000
56684  -6.337  -15.281  73.012 0.0000000000
54108  -5.419  -17.313  73.210 0.0000000000
60228  -5.514  -12.627  86.845 0.0000000000
60220  -4.658  -12.914  87.526 0.0000000000
57673  -5.116  -14.425  85.837 0.0000000000
76318  -31.529  0.872  73.643 0.0000000000
71233  -27.182  -3.252  76.981 0.0000000000
71249  -26.371  -3.758  76.179 0.0000000000
72506  -27.620  -2.499  76.254 0.0000000000
72537  -28.123  -1.813  74.657 0.0000000000
72554  -28.001  -1.845  73.675 0.0000000000
73850  -29.563  -1.314  73.593 0.0000000000
75118  -30.681  -0.501  73.646 0.0000000000
68793  -21.275  -5.989  82.313 0.0000000000
61545  -24.706  -11.450  80.366 0.0000000000
61531  -23.753  -11.547  81.385 0.0000000000
62892  -23.069  -10.747  79.299 0.0000000000
62907  -22.503  -10.412  78.784 0.0000000000
82075  -44.509  6.035  51.309 0.0000000000
83044  -45.004  6.884  51.415 0.0000000000
84098  -44.412  7.524  50.663 0.0000000000
85239  -44.392  8.221  49.594 0.0000000000
67612  -3.163  -5.567  83.507 0.0000000000
67629  -2.989  -6.468  82.656 0.0000000000
67602  -3.874  -6.107  84.100 0.0000000000
66516  -4.427  -7.052  84.277 0.0000000000
64179  -4.367  -9.405  83.730 0.0000000000
80997  -39.947  4.147  62.753 0.0000000000
79856  -41.108  3.338  63.894 0.0000000000
76448  -36.777  0.023  61.161 0.0000000000
77614  -36.337  1.033  61.135 0.0000000000
78786  -36.774  2.960  60.395 0.0000000000
78770  -37.424  2.856  61.242 0.0000000000
79898  -38.857  3.530  62.207 0.0000000000
64141  -10.180  -9.878  89.967 0.0000000000
62793  -10.576  -10.111  89.283 0.0000000000
61460  -10.302  -11.402  87.166 0.0000000000
62811  -9.183  -10.754  85.760 0.0000000000
61570  -10.799  -10.601  79.304 0.0000000000
61527  -9.822  -11.359  81.514 0.0000000000
73722  -2.127  -1.371  79.230 0.0000000000
73721  -1.695  -0.791  78.727 0.0000000000
72435  -2.407  -2.507  79.630 0.0000000000
69977  -3.118  -4.132  78.985 0.0000000000
68837  -3.257  -4.706  78.426 0.0000000000
62967  -1.506  -10.024  74.513 0.0000000000
65553  -1.679  -8.711  74.981 0.0000000000
64353  -1.274  -9.616  73.249 0.0000000000
64363  -1.445  -9.593  72.186 0.0000000000
65586  -1.664  -8.798  70.868 0.0000000000
67562  -5.526  -5.530  89.739 0.0000000000
68688  -5.553  -5.248  91.142 0.0000000000
68686  -3.595  -5.883  91.245 0.0000000000
60219  -1.330  -12.473  87.745 0.0000000000
61447  -0.939  -11.411  88.692 0.0000000000
60218  -1.114  -12.251  87.601 0.0000000000
61462  -1.159  -12.387  86.926 0.0000000000
60231  -0.926  -12.704  85.525 0.0000000000
60238  -1.595  -12.318  84.767 0.0000000000
60242  -0.646  -13.165  84.292 0.0000000000
58954  -1.563  -14.062  82.733 0.0000000000
57714  -1.801  -14.583  82.004 0.0000000000
67698  -27.816  -6.365  76.278 0.0000000000
68877  -28.957  -6.067  77.032 0.0000000000
70001  -28.020  -4.756  77.733 0.0000000000
70000  -27.245  -4.336  77.465 0.0000000000
72465  -27.655  -2.425  78.103 0.0000000000
73757  -29.259  -0.992  77.314 0.0000000000
64201  -25.763  -9.240  81.715 0.0000000000
64203  -28.062  -9.218  82.196 0.0000000000
64233  -26.791  -10.019  80.808 0.0000000000
61546  -25.807  -11.301  80.496 0.0000000000
62893  -24.957  -10.811  78.680 0.0000000000
79992  -44.000  3.988  52.980 0.0000000000
82062  -46.484  5.365  52.506 0.0000000000
82064  -47.323  5.872  52.648 0.0000000000
76432  -39.411  1.386  64.961 0.0000000000
76424  -41.007  1.086  65.523 0.0000000000
76412  -40.393  0.878  66.181 0.0000000000
75272  -34.059  -0.772  64.299 0.0000000000
75275  -37.134  -0.601  63.788 0.0000000000
76430  -38.125  0.493  64.306 0.0000000000
65478  -17.906  -8.702  79.392 0.0000000000
125211  -17.213  -8.360  80.513 0.0000000000
65495  -16.378  -8.619  79.080 0.0000000000
65514  -16.003  -8.559  77.946 0.0000000000
73818  -3.301  -1.369  74.593 0.0000000000
72513  -5.081  -2.055  75.722 0.0000000000
66546  -1.019  -6.897  79.956 0.0000000000
66567  -1.079  -6.799  78.915 0.0000000000
65472  -1.575  -8.435  78.984 0.0000000000
65509  -2.369  -9.094  77.568 0.0000000000
64310  -2.508  -9.506  76.116 0.0000000000
62936  -4.486  -9.617  76.490 0.0000000000
62955  -4.175  -9.856  75.697 0.0000000000
62969  -3.244  -10.422  74.769 0.0000000000
63005  -2.955  -10.980  73.283 0.0000000000
64119  -5.048  -9.206  91.145 0.0000000000
62772  -5.269  -10.447  91.722 0.0000000000
61435  -3.596  -11.265  90.878 0.0000000000
60202  -2.170  -12.344  89.502 0.0000000000
58912  -4.013  -13.363  87.928 0.0000000000
58901  -2.658  -13.253  88.307 0.0000000000
58900  -2.042  -12.716  88.075 0.0000000000
57663  -0.731  -13.759  87.171 0.0000000000
56429  0.178  -15.497  86.387 0.0000000000
55166  0.064  -16.493  85.734 0.0000000000
77486  -33.669  1.542  70.378 0.0000000000
77487  -34.749  1.722  70.443 0.0000000000
77475  -34.077  1.962  71.581 0.0000000000
70033  -25.466  -4.674  75.124 0.0000000000
75173  -29.785  -0.753  69.414 0.0000000000
76352  -31.886  1.079  69.812 0.0000000000
64178  -19.085  -8.453  84.897 0.0000000000
64213  -19.009  -9.315  81.458 0.0000000000
67664  -23.767  -6.523  81.671 0.0000000000
66539  -22.669  -7.910  82.515 0.0000000000
66529  -22.558  -8.508  83.008 0.0000000000
61517  -23.512  -10.929  82.276 0.0000000000
61503  -22.621  -10.634  82.649 0.0000000000
62838  -21.538  -10.509  83.272 0.0000000000
62828  -20.543  -10.257  82.773 0.0000000000
64214  -19.767  -9.279  81.297 0.0000000000
65463  -18.546  -8.629  80.300 0.0000000000
65497  -18.418  -8.654  78.706 0.0000000000
86511  -44.921  9.167  49.013 0.0000000000
86527  -45.045  9.405  47.979 0.0000000000
86528  -45.990  9.402  47.592 0.0000000000
72417  -2.127  -2.700  80.147 0.0000000000
71175  -1.789  -3.610  80.355 0.0000000000
75027  -3.111  -2.047  81.503 0.0000000000
71156  -1.644  -3.986  81.307 0.0000000000
68784  -0.766  -5.575  80.654 0.0000000000
66537  -1.140  -7.428  81.246 0.0000000000
65442  -1.782  -8.082  80.862 0.0000000000
65459  -3.614  -8.649  80.642 0.0000000000
65428  -3.689  -8.312  82.438 0.0000000000
65460  -4.611  -8.932  81.051 0.0000000000
64243  -5.106  -9.559  79.745 0.0000000000
62904  -5.615  -10.289  79.054 0.0000000000
60291  -6.002  -12.237  78.465 0.0000000000
59020  -5.349  -13.147  78.832 0.0000000000
82978  -42.692  7.205  59.150 0.0000000000
79930  -37.207  3.643  60.039 0.0000000000
79941  -37.096  4.014  59.158 0.0000000000
81034  -37.783  4.677  58.751 0.0000000000
86258  -38.334  5.247  58.366 0.0000000000
61439  -6.880  -11.280  90.085 0.0000000000
60207  -7.114  -12.235  89.369 0.0000000000
61445  -8.935  -11.354  89.024 0.0000000000
60208  -7.955  -12.434  89.095 0.0000000000
60222  -6.471  -12.330  87.517 0.0000000000
58927  -6.498  -13.827  84.901 0.0000000000
65432  -15.902  -8.277  80.673 0.0000000000
65418  -14.125  -8.280  82.366 0.0000000000
65406  -14.580  -8.515  83.335 0.0000000000
64195  -12.567  -9.318  80.691 0.0000000000
65430  -12.656  -8.810  81.997 0.0000000000
64175  -13.343  -8.592  83.626 0.0000000000
64166  -12.774  -8.886  84.926 0.0000000000
64165  -11.398  -9.457  85.331 0.0000000000
64156  -11.675  -9.910  86.053 0.0000000000
62821  -10.522  -10.105  85.563 0.0000000000
62820  -9.640  -10.108  85.157 0.0000000000
61488  -8.452  -11.163  84.672 0.0000000000
60255  -9.368  -11.927  81.996 0.0000000000
60247  -8.698  -12.211  83.222 0.0000000000
60241  -8.388  -12.140  84.040 0.0000000000
58939  -7.756  -13.473  83.254 0.0000000000
75079  -0.821  -0.560  76.420 0.0000000000
73734  -1.560  -0.899  77.953 0.0000000000
73747  -2.277  -1.601  77.615 0.0000000000
73767  -1.726  -1.436  76.565 0.0000000000
72493  -3.869  -2.190  76.808 0.0000000000
72494  -4.797  -2.605  76.519 0.0000000000
71257  -5.978  -3.799  75.760 0.0000000000
67685  -1.533  -6.246  77.888 0.0000000000
67686  -2.482  -5.994  77.092 0.0000000000
67687  -3.225  -5.709  77.103 0.0000000000
66593  -1.467  -7.946  75.503 0.0000000000
67705  -2.887  -6.729  75.577 0.0000000000
67707  -3.911  -6.140  75.934 0.0000000000
68884  -4.192  -6.139  75.533 0.0000000000
68903  -5.188  -5.973  74.822 0.0000000000
68904  -6.114  -5.665  74.691 0.0000000000
67745  -5.384  -6.553  73.248 0.0000000000
65346  -4.091  -8.713  91.255 0.0000000000
66448  -3.023  -7.853  91.225 0.0000000000
67549  -2.198  -6.712  90.322 0.0000000000
64146  -0.625  -9.721  88.874 0.0000000000
66469  -1.524  -7.618  89.441 0.0000000000
68703  -1.906  -6.406  89.631 0.0000000000
67569  -2.063  -6.355  88.509 0.0000000000
67576  -2.167  -6.321  87.727 0.0000000000
66495  -2.771  -6.703  86.573 0.0000000000
65384  -2.992  -7.766  86.448 0.0000000000
62817  -4.259  -9.353  85.067 0.0000000000
62834  -4.214  -10.544  83.956 0.0000000000
61485  -2.685  -11.684  84.402 0.0000000000
60253  -3.313  -11.903  83.106 0.0000000000
61511  -4.202  -11.155  82.763 0.0000000000
60271  -4.144  -12.378  80.477 0.0000000000
57769  -4.224  -13.839  79.170 0.0000000000
57799  -4.353  -14.428  77.612 0.0000000000
53942  0.167  -17.507  83.848 0.0000000000
52698  0.423  -18.540  83.060 0.0000000000
55205  -0.075  -16.605  83.556 0.0000000000
55230  -0.239  -16.575  82.352 0.0000000000
56517  -0.800  -15.831  81.779 0.0000000000
56540  -1.398  -15.702  80.314 0.0000000000
55296  -1.376  -16.497  78.660 0.0000000000
56564  -1.486  -15.775  79.477 0.0000000000
56584  -2.111  -15.567  77.683 0.0000000000
57798  -3.098  -15.356  77.367 0.0000000000
56623  -3.882  -15.704  76.031 0.0000000000
55395  -3.778  -16.424  75.349 0.0000000000
52877  -4.047  -18.314  74.391 0.0000000000
69946  -30.790  -4.997  80.397 0.0000000000
69935  -30.828  -5.334  80.860 0.0000000000
68830  -31.008  -5.805  79.658 0.0000000000
67673  -30.645  -6.571  79.741 0.0000000000
67669  -30.550  -6.137  80.398 0.0000000000
67672  -30.228  -6.996  79.832 0.0000000000
68800  -30.614  -5.589  81.064 0.0000000000
83949  -45.111  7.615  59.182 0.0000000000
83947  -43.140  7.282  58.464 0.0000000000
125162  -42.822  7.007  57.822 0.0000000000
83967  -43.190  7.064  57.812 0.0000000000
83968  -43.801  7.083  57.715 0.0000000000
76354  -34.895  1.039  69.044 0.0000000000
76355  -35.786  0.866  69.100 0.0000000000
77503  -35.333  1.421  69.674 0.0000000000
77521  -33.856  1.382  68.940 0.0000000000
77520  -33.346  1.312  68.497 0.0000000000
76369  -34.235  1.142  68.471 0.0000000000
59050  -5.604  -14.125  76.679 0.0000000000
57851  -5.616  -14.910  75.087 0.0000000000
57832  -4.978  -15.122  76.004 0.0000000000
56469  -6.127  -15.658  83.888 0.0000000000
73784  -30.233  -1.253  75.731 0.0000000000
67591  -2.910  -5.787  85.318 0.0000000000
67584  -2.873  -5.770  86.240 0.0000000000
77572  -39.394  2.133  63.968 0.0000000000
78712  -39.997  2.336  64.223 0.0000000000
77564  -40.531  1.925  64.689 0.0000000000
77571  -38.792  1.517  63.903 0.0000000000
77579  -38.011  1.231  63.177 0.0000000000
78722  -38.983  2.252  63.400 0.0000000000
64148  -12.780  -9.418  88.231 0.0000000000
62806  -12.231  -10.054  87.863 0.0000000000
72515  -6.601  -3.070  74.790 0.0000000000
69950  -1.320  -4.549  80.027 0.0000000000
69975  -1.459  -4.561  79.395 0.0000000000
61689  -1.580  -12.027  70.707 0.0000000000
56437  0.393  -15.663  85.450 0.0000000000
56449  0.312  -15.255  84.615 0.0000000000
56467  -0.067  -14.896  84.018 0.0000000000
56450  -0.044  -15.333  84.108 0.0000000000
72451  -29.351  -2.573  79.756 0.0000000000
72467  -29.396  -1.957  79.115 0.0000000000
61576  -28.496  -11.145  79.040 0.0000000000
61575  -27.611  -11.354  78.919 0.0000000000
62912  -27.362  -11.211  78.313 0.0000000000
83015  -47.459  6.031  55.272 0.0000000000
83014  -46.769  5.684  55.415 0.0000000000
76393  -38.365  0.558  67.254 0.0000000000
75227  -37.090  -0.028  66.247 0.0000000000
75228  -37.830  0.156  65.923 0.0000000000
75078  -0.745  -0.392  75.803 0.0000000000
73792  -1.108  -1.323  75.694 0.0000000000
64241  -3.847  -9.092  78.767 0.0000000000
64253  -3.818  -8.919  78.434 0.0000000000
64254  -4.246  -8.986  78.246 0.0000000000
60375  -6.253  -12.788  72.743 0.0000000000
61636  -5.704  -11.773  73.305 0.0000000000
60374  -5.651  -12.601  72.278 0.0000000000
60373  -4.943  -12.448  71.995 0.0000000000
59135  -5.121  -13.562  71.080 0.0000000000
57923  -4.833  -14.553  70.664 0.0000000000
57903  -5.731  -14.586  71.086 0.0000000000
58905  -6.124  -13.013  89.050 0.0000000000
58896  -5.650  -12.959  89.474 0.0000000000
58904  -5.342  -12.938  88.910 0.0000000000
56432  -2.740  -15.607  86.272 0.0000000000
77466  -32.001  1.504  72.027 0.0000000000
77467  -33.007  1.971  72.550 0.0000000000
68892  -26.621  -6.027  75.972 0.0000000000
125207  -20.365  -7.638  83.664 0.0000000000
125208  -21.421  -8.793  83.707 0.0000000000
64217  -24.771  -10.242  81.857 0.0000000000
64200  -24.604  -9.613  82.197 0.0000000000
64258  -21.364  -9.315  78.884 0.0000000000
64244  -20.675  -8.870  79.516 0.0000000000
64257  -20.584  -8.987  78.550 0.0000000000
64276  -20.267  -9.204  77.555 0.0000000000
68754  -2.155  -4.436  83.341 0.0000000000
126462  -2.239  -4.617  82.561 0.0000000000
68787  -2.606  -5.872  82.230 0.0000000000
67628  -2.051  -6.351  82.284 0.0000000000
67646  -2.529  -6.264  82.383 0.0000000000
64191  -4.699  -9.384  82.606 0.0000000000
62844  -5.026  -10.167  82.405 0.0000000000
62857  -5.168  -10.560  81.738 0.0000000000
62856  -4.711  -10.733  82.305 0.0000000000
125157  -39.816  4.938  61.533 0.0000000000
62810  -8.327  -10.851  85.808 0.0000000000
65512  -13.829  -8.866  78.425 0.0000000000
64256  -13.343  -8.943  79.294 0.0000000000
62845  -10.928  -10.078  82.166 0.0000000000
61500  -10.130  -10.587  83.261 0.0000000000
75058  -1.249  -0.186  78.481 0.0000000000
69994  -3.727  -4.300  78.244 0.0000000000
69995  -4.176  -4.497  77.627 0.0000000000
64268  -1.084  -9.145  76.945 0.0000000000
65507  -0.388  -8.550  76.961 0.0000000000
64287  -0.365  -9.091  76.372 0.0000000000
65565  -2.796  -8.190  73.033 0.0000000000
66606  -2.888  -8.035  73.623 0.0000000000
66617  -3.610  -7.657  71.893 0.0000000000
69858  -3.799  -4.750  90.736 0.0000000000
61433  -1.873  -11.337  90.087 0.0000000000
62779  -1.862  -10.287  90.044 0.0000000000
61432  -1.671  -10.966  89.707 0.0000000000
61453  -1.566  -11.127  87.300 0.0000000000
62802  -1.099  -10.448  87.687 0.0000000000
62803  -1.715  -10.350  87.440 0.0000000000
64153  -1.972  -9.376  87.546 0.0000000000
62807  -2.261  -10.180  86.962 0.0000000000
58969  -2.005  -13.425  81.365 0.0000000000
59003  -1.784  -14.161  80.106 0.0000000000
50325  0.096  -20.651  80.199 0.0000000000
51505  0.416  -20.362  81.267 0.0000000000
71174  -29.722  -3.461  80.846 0.0000000000
66587  -30.617  -7.506  76.771 0.0000000000
67701  -30.257  -6.591  76.719 0.0000000000
69969  -30.103  -5.089  79.650 0.0000000000
62899  -29.814  -10.042  78.956 0.0000000000
62915  -30.231  -10.057  78.169 0.0000000000
66579  -31.113  -7.462  78.062 0.0000000000
65537  -30.988  -8.080  77.373 0.0000000000
65483  -29.840  -8.667  79.563 0.0000000000
65482  -29.550  -8.338  79.922 0.0000000000
84012  -45.882  6.577  56.690 0.0000000000
83992  -46.591  6.768  57.591 0.0000000000
79971  -39.197  5.626  57.558 0.0000000000
82044  -42.383  6.465  56.374 0.0000000000
81045  -42.048  5.891  55.788 0.0000000000
79966  -42.153  4.958  55.290 0.0000000000
81046  -42.701  5.277  55.323 0.0000000000
81054  -43.011  4.502  55.102 0.0000000000
82046  -43.264  6.038  55.423 0.0000000000
82990  -44.872  6.416  56.947 0.0000000000
83002  -44.672  5.973  56.562 0.0000000000
83003  -45.451  6.179  56.556 0.0000000000
76372  -37.168  0.170  68.449 0.0000000000
78658  -36.897  1.918  69.925 0.0000000000
77505  -37.344  1.448  69.456 0.0000000000
78659  -37.637  2.361  69.752 0.0000000000
75190  -31.042  -0.038  68.999 0.0000000000
75207  -32.872  0.097  67.462 0.0000000000
75206  -32.234  -0.092  67.579 0.0000000000
75222  -32.677  -0.475  67.293 0.0000000000
73965  -32.414  -0.938  66.993 0.0000000000
73966  -32.894  -0.669  66.999 0.0000000000
75242  -33.759  -0.669  66.230 0.0000000000
76390  -35.533  0.235  67.699 0.0000000000
75209  -35.077  0.369  67.020 0.0000000000
61583  -6.061  -11.362  77.285 0.0000000000
59064  -6.340  -13.395  75.320 0.0000000000
60316  -6.454  -12.560  75.779 0.0000000000
59082  -6.396  -13.537  74.371 0.0000000000
60340  -6.517  -12.598  74.001 0.0000000000
57888  -6.453  -14.346  72.688 0.0000000000
57873  -6.321  -14.498  73.727 0.0000000000
56662  -5.179  -15.766  74.672 0.0000000000
55428  -5.346  -16.475  73.806 0.0000000000
52898  -5.125  -17.809  73.296 0.0000000000
54107  -5.008  -17.367  73.838 0.0000000000
58917  -5.917  -13.077  86.522 0.0000000000
58916  -5.280  -13.637  86.438 0.0000000000
72538  -28.973  -1.871  74.957 0.0000000000
72523  -28.246  -1.985  75.553 0.0000000000
72555  -28.842  -1.602  74.072 0.0000000000
75119  -31.155  0.049  74.118 0.0000000000
61556  -23.826  -11.069  78.885 0.0000000000
81080  -45.864  5.496  52.329 0.0000000000
82069  -45.355  5.936  51.863 0.0000000000
85204  -45.014  8.181  51.153 0.0000000000
85205  -45.366  8.372  51.280 0.0000000000
68746  -2.627  -4.870  84.125 0.0000000000
67601  -3.073  -5.650  84.462 0.0000000000
66506  -3.878  -7.261  85.090 0.0000000000
65403  -4.364  -8.268  84.019 0.0000000000
64169  -4.358  -8.952  84.618 0.0000000000
80977  -39.892  3.853  62.982 0.0000000000
125165  -40.637  3.931  63.165 0.0000000000
79884  -40.345  3.540  63.402 0.0000000000
75279  -37.327  -0.583  62.293 0.0000000000
76449  -37.124  0.064  61.871 0.0000000000
77593  -36.909  0.550  61.552 0.0000000000
77615  -37.111  1.916  61.451 0.0000000000
78750  -37.819  2.391  62.107 0.0000000000
78737  -39.102  2.804  63.087 0.0000000000
78751  -38.519  2.916  62.265 0.0000000000
79899  -39.171  3.494  62.622 0.0000000000
80996  -39.450  3.923  62.554 0.0000000000
62794  -11.316  -9.886  89.308 0.0000000000
61461  -10.867  -11.072  87.214 0.0000000000
62804  -10.529  -11.025  87.607 0.0000000000
61472  -9.889  -11.165  86.435 0.0000000000
61555  -10.471  -10.704  80.114 0.0000000000
61554  -10.231  -11.244  79.503 0.0000000000
69951  -2.565  -3.793  79.328 0.0000000000
62983  -1.495  -10.276  73.896 0.0000000000
63003  -1.668  -10.326  72.685 0.0000000000
65577  -1.499  -8.831  71.765 0.0000000000
64384  -1.513  -9.955  69.756 0.0000000000
67542  -5.379  -6.352  91.400 0.0000000000
68689  -5.819  -5.557  90.732 0.0000000000
68687  -4.599  -5.547  91.409 0.0000000000
57662  -0.295  -13.474  87.213 0.0000000000
58907  -0.120  -13.056  87.214 0.0000000000
58919  0.278  -13.428  85.323 0.0000000000
60226  -0.446  -12.525  86.974 0.0000000000
60230  -0.235  -12.638  86.005 0.0000000000
61475  -0.945  -12.323  86.219 0.0000000000
60236  -0.370  -12.981  85.002 0.0000000000
58953  -0.957  -13.886  83.528 0.0000000000
57713  -1.380  -14.993  82.230 0.0000000000
68876  -28.074  -5.942  76.924 0.0000000000
68859  -29.255  -5.449  77.571 0.0000000000
69966  -27.703  -4.152  78.821 0.0000000000
70002  -28.607  -5.016  77.896 0.0000000000
69986  -27.630  -4.159  78.189 0.0000000000
68857  -27.750  -5.213  77.278 0.0000000000
71213  -27.299  -3.287  78.104 0.0000000000
73741  -28.692  -1.383  77.927 0.0000000000
62948  -28.278  -10.016  76.159 0.0000000000
66533  -26.022  -7.661  82.120 0.0000000000
65439  -26.521  -8.748  82.023 0.0000000000
65451  -28.827  -8.376  81.820 0.0000000000
64221  -28.769  -9.237  81.452 0.0000000000
61548  -27.382  -10.880  80.282 0.0000000000
64234  -27.323  -9.957  80.874 0.0000000000
62879  -27.005  -10.545  80.585 0.0000000000
62866  -26.473  -10.301  80.829 0.0000000000
61558  -25.554  -11.183  79.606 0.0000000000
61573  -25.197  -11.222  78.095 0.0000000000
81055  -43.666  4.336  54.662 0.0000000000
81062  -43.339  3.969  54.075 0.0000000000
81056  -44.534  4.374  54.360 0.0000000000
81058  -46.293  4.365  54.315 0.0000000000
81063  -44.862  4.240  53.714 0.0000000000
81064  -45.664  4.516  53.622 0.0000000000
81074  -45.910  4.957  52.917 0.0000000000
81075  -46.910  4.915  52.924 0.0000000000
83022  -47.583  6.165  54.211 0.0000000000
82056  -47.530  5.508  53.436 0.0000000000
83029  -48.146  6.755  54.016 0.0000000000
84054  -48.159  7.407  53.394 0.0000000000
76422  -39.644  1.088  65.522 0.0000000000
77535  -40.010  0.849  67.270 0.0000000000
77536  -40.694  1.160  67.066 0.0000000000
77506  -38.641  1.662  69.086 0.0000000000
77522  -38.872  1.134  68.278 0.0000000000
75260  -33.843  -0.794  65.188 0.0000000000
75262  -35.733  -0.721  64.497 0.0000000000
73997  -35.861  -0.939  63.767 0.0000000000
75263  -36.720  -0.496  64.402 0.0000000000
75247  -38.209  0.302  65.207 0.0000000000
75264  -37.566  0.141  64.304 0.0000000000
75265  -38.165  0.429  64.599 0.0000000000
76431  -38.642  0.950  64.649 0.0000000000
65496  -17.509  -8.680  78.764 0.0000000000
73839  -1.372  -1.421  73.710 0.0000000000
73795  -4.277  -1.639  75.588 0.0000000000
66547  -1.272  -7.501  80.387 0.0000000000
66556  -1.295  -7.557  79.520 0.0000000000
65510  -2.952  -9.432  77.717 0.0000000000
65489  -2.550  -8.720  78.329 0.0000000000
64270  -2.451  -9.734  77.505 0.0000000000
64290  -2.728  -9.853  77.003 0.0000000000
62956  -5.471  -10.594  75.413 0.0000000000
62970  -4.528  -10.871  74.481 0.0000000000
62984  -2.512  -10.648  73.964 0.0000000000
62985  -3.555  -10.996  73.846 0.0000000000
60391  -3.339  -12.430  71.480 0.0000000000
55452  -6.062  -15.721  71.725 0.0000000000
56722  -5.653  -15.552  71.237 0.0000000000
55450  -4.796  -17.134  71.280 0.0000000000
62766  -5.684  -9.918  91.586 0.0000000000
62782  -5.476  -11.138  91.281 0.0000000000
60204  -4.357  -12.861  89.861 0.0000000000
61436  -4.586  -11.681  90.842 0.0000000000
60196  -3.981  -12.213  90.336 0.0000000000
60195  -2.986  -12.052  90.322 0.0000000000
60203  -3.337  -12.769  89.828 0.0000000000
58914  -3.424  -14.257  87.118 0.0000000000
58911  -3.115  -13.819  87.613 0.0000000000
58910  -2.160  -13.575  87.625 0.0000000000
58909  -1.465  -13.260  87.467 0.0000000000
57664  -1.461  -14.095  87.178 0.0000000000
55161  -0.331  -16.265  86.309 0.0000000000
55160  0.121  -16.170  86.255 0.0000000000
71266  -26.136  -3.668  75.476 0.0000000000
70034  -25.815  -4.478  75.716 0.0000000000
71265  -25.699  -4.140  75.371 0.0000000000
75142  -29.816  -0.578  71.688 0.0000000000
75174  -30.511  -0.228  69.720 0.0000000000
77485  -32.719  1.299  70.132 0.0000000000
64196  -19.680  -9.055  84.350 0.0000000000
65434  -19.483  -9.671  82.233 0.0000000000
64199  -23.881  -9.333  82.639 0.0000000000
66540  -23.627  -7.739  82.013 0.0000000000
66530  -23.154  -8.361  82.526 0.0000000000
65435  -22.862  -8.727  82.928 0.0000000000
61543  -22.802  -10.942  80.392 0.0000000000
61530  -22.600  -10.983  81.062 0.0000000000
62861  -21.469  -10.461  81.339 0.0000000000
61515  -21.855  -10.700  81.825 0.0000000000
61502  -21.854  -10.726  82.466 0.0000000000
64188  -22.350  -9.757  83.364 0.0000000000
62837  -21.108  -10.667  82.596 0.0000000000
64198  -20.669  -10.329  81.848 0.0000000000
65481  -19.982  -8.488  80.063 0.0000000000
64230  -19.849  -8.919  80.768 0.0000000000
65465  -19.886  -8.783  80.491 0.0000000000
65464  -19.208  -8.771  80.539 0.0000000000
66557  -18.857  -8.386  79.894 0.0000000000
65479  -18.593  -8.549  79.622 0.0000000000
65498  -19.213  -8.530  78.891 0.0000000000
65533  -18.857  -8.697  76.694 0.0000000000
86500  -44.866  9.067  50.088 0.0000000000
86501  -45.521  9.551  49.581 0.0000000000
86513  -46.622  9.938  48.178 0.0000000000
73709  -2.423  -2.330  80.395 0.0000000000
72418  -2.206  -2.955  80.458 0.0000000000
73673  -2.243  -2.270  82.879 0.0000000000
73674  -2.609  -2.814  82.273 0.0000000000
69927  -1.403  -4.750  81.210 0.0000000000
69936  -1.357  -4.585  80.701 0.0000000000
67644  -0.812  -5.899  81.247 0.0000000000
67643  -0.594  -6.071  80.879 0.0000000000
66524  -0.772  -6.646  81.376 0.0000000000
65426  -1.749  -7.994  81.861 0.0000000000
65443  -2.644  -8.408  81.292 0.0000000000
65458  -2.618  -8.519  80.269 0.0000000000
67630  -3.921  -7.224  82.746 0.0000000000
66527  -3.151  -7.697  82.751 0.0000000000
64209  -5.087  -9.356  81.595 0.0000000000
65461  -5.033  -9.235  80.828 0.0000000000
65476  -4.992  -9.195  80.490 0.0000000000
62887  -5.324  -10.438  80.057 0.0000000000
61540  -5.141  -11.373  80.463 0.0000000000
61553  -5.720  -11.286  79.397 0.0000000000
82969  -42.612  7.259  59.908 0.0000000000
83917  -43.081  7.451  60.498 0.0000000000
77477  -35.713  2.430  70.870 0.0000000000
79942  -37.525  4.169  59.986 0.0000000000
81025  -37.656  4.527  59.343 0.0000000000
125161  -41.989  6.746  60.556 0.0000000000
82977  -42.239  6.895  59.346 0.0000000000
62790  -7.232  -11.125  90.115 0.0000000000
61443  -7.241  -11.519  89.748 0.0000000000
60206  -6.807  -11.870  89.649 0.0000000000
62797  -9.348  -10.983  88.802 0.0000000000
62792  -9.251  -10.547  89.687 0.0000000000
61457  -7.674  -11.893  87.181 0.0000000000
60216  -8.270  -12.309  88.303 0.0000000000
60223  -7.477  -12.215  87.762 0.0000000000
60215  -7.004  -12.529  88.617 0.0000000000
60229  -6.480  -12.518  86.534 0.0000000000
60239  -7.368  -13.115  84.819 0.0000000000
57689  -6.980  -14.734  84.269 0.0000000000
57696  -7.264  -14.514  83.616 0.0000000000
64212  -12.267  -9.465  79.955 0.0000000000
64183  -13.107  -8.298  82.791 0.0000000000
64173  -10.636  -9.233  84.298 0.0000000000
62822  -11.192  -10.183  85.938 0.0000000000
61489  -8.956  -10.568  84.399 0.0000000000
62826  -8.494  -10.151  84.720 0.0000000000
60262  -9.368  -11.948  81.082 0.0000000000
60254  -8.914  -12.295  82.412 0.0000000000
58940  -8.245  -12.852  83.107 0.0000000000
60246  -8.153  -12.690  83.547 0.0000000000
77389  -1.810  0.941  77.405 0.0000000000
76263  -1.317  0.519  76.825 0.0000000000
75067  -1.053  -0.041  76.399 0.0000000000
73735  -1.998  -1.330  78.436 0.0000000000
73748  -2.970  -2.106  77.458 0.0000000000
73768  -2.939  -1.892  76.708 0.0000000000
71240  -4.763  -3.895  77.177 0.0000000000
72495  -5.589  -3.166  76.058 0.0000000000
70024  -5.629  -4.838  75.948 0.0000000000
66568  -1.193  -7.286  78.528 0.0000000000
67679  -1.244  -6.275  78.782 0.0000000000
66578  -2.378  -6.649  76.734 0.0000000000
66599  -1.917  -8.147  74.819 0.0000000000
67717  -2.810  -6.968  75.051 0.0000000000
67706  -3.452  -6.284  75.662 0.0000000000
68901  -3.764  -6.051  75.213 0.0000000000
67731  -4.275  -6.544  73.907 0.0000000000
68915  -4.566  -6.066  74.315 0.0000000000
68916  -5.274  -6.017  73.850 0.0000000000
68721  -2.190  -5.143  87.264 0.0000000000
64127  -4.782  -9.479  91.268 0.0000000000
65338  -4.804  -9.014  91.151 0.0000000000
66447  -2.578  -8.183  90.683 0.0000000000
66460  -2.668  -7.043  90.769 0.0000000000
66459  -2.296  -7.573  90.273 0.0000000000
62796  -0.671  -10.734  88.526 0.0000000000
64145  -0.469  -10.403  88.374 0.0000000000
65376  -1.190  -8.639  88.391 0.0000000000
65370  -0.835  -8.581  88.879 0.0000000000
66478  -1.051  -7.802  88.892 0.0000000000
68690  -1.346  -6.910  90.032 0.0000000000
67560  -1.547  -6.805  89.115 0.0000000000
67561  -1.998  -6.479  88.971 0.0000000000
67574  -1.175  -7.191  88.251 0.0000000000
66486  -2.004  -7.319  87.691 0.0000000000
66494  -2.485  -7.047  87.174 0.0000000000
61479  -3.479  -10.768  85.500 0.0000000000
62816  -3.931  -9.775  85.559 0.0000000000
62823  -3.877  -10.535  84.772 0.0000000000
62824  -4.241  -9.784  84.629 0.0000000000
62833  -3.839  -11.009  84.277 0.0000000000
61483  -1.403  -12.366  83.732 0.0000000000
61484  -1.723  -11.944  84.142 0.0000000000
61494  -1.866  -12.178  83.236 0.0000000000
61509  -2.592  -12.204  82.656 0.0000000000
61510  -3.478  -11.797  82.622 0.0000000000
61525  -4.360  -11.490  81.517 0.0000000000
60260  -3.470  -12.069  81.070 0.0000000000
59005  -3.197  -13.711  79.728 0.0000000000
57768  -3.694  -14.108  79.175 0.0000000000
57785  -4.225  -14.114  78.641 0.0000000000
52681  0.137  -18.434  83.975 0.0000000000
51468  0.101  -18.879  81.947 0.0000000000
51467  0.267  -19.448  82.332 0.0000000000
53943  0.244  -17.408  83.443 0.0000000000
53959  0.236  -17.543  82.869 0.0000000000
53975  -0.231  -17.505  81.917 0.0000000000
55255  -0.636  -16.649  81.370 0.0000000000
55275  -1.058  -16.720  80.495 0.0000000000
56539  -1.251  -16.048  80.899 0.0000000000
56563  -1.266  -16.131  80.142 0.0000000000
56583  -1.657  -15.664  78.115 0.0000000000
57782  -1.993  -15.263  78.499 0.0000000000
56604  -2.411  -16.162  77.103 0.0000000000
56605  -3.002  -15.868  76.860 0.0000000000
57814  -3.303  -15.692  76.751 0.0000000000
56622  -3.270  -16.076  76.209 0.0000000000
56639  -3.590  -16.258  75.612 0.0000000000
69945  -30.335  -4.566  80.586 0.0000000000
71155  -29.997  -3.697  81.395 0.0000000000
67689  -30.973  -6.831  77.913 0.0000000000
67680  -30.839  -6.309  78.389 0.0000000000
68845  -31.149  -5.911  78.915 0.0000000000
65500  -30.489  -8.453  78.672 0.0000000000
65519  -30.844  -8.661  78.238 0.0000000000
66570  -30.754  -7.554  78.643 0.0000000000
67667  -29.306  -6.908  80.820 0.0000000000
67668  -29.944  -6.586  80.321 0.0000000000
66560  -30.164  -7.595  79.344 0.0000000000
68799  -30.326  -5.543  81.481 0.0000000000
83990  -44.538  6.762  57.381 0.0000000000
83970  -45.882  7.206  58.449 0.0000000000
82036  -42.518  6.780  57.254 0.0000000000
125163  -43.107  6.445  56.454 0.0000000000
83000  -43.444  6.229  56.247 0.0000000000
82988  -43.689  6.452  56.975 0.0000000000
83989  -44.060  6.631  57.270 0.0000000000
77504  -36.347  1.411  69.726 0.0000000000
76386  -31.898  0.476  67.825 0.0000000000
77533  -32.531  1.121  67.774 0.0000000000
76388  -33.420  0.903  67.604 0.0000000000
76407  -34.023  0.425  67.133 0.0000000000
60301  -6.311  -12.584  77.384 0.0000000000
61584  -6.386  -12.104  76.912 0.0000000000
59051  -6.243  -13.409  76.181 0.0000000000
59081  -6.112  -14.104  74.997 0.0000000000
56661  -4.606  -16.166  74.895 0.0000000000
57688  -6.298  -14.931  84.582 0.0000000000
57687  -5.796  -15.114  84.840 0.0000000000
56452  -5.728  -15.624  84.393 0.0000000000
73782  -28.878  -1.363  76.646 0.0000000000
72508  -28.901  -1.531  76.240 0.0000000000
73806  -29.624  -1.508  75.333 0.0000000000
73807  -30.253  -1.210  74.919 0.0000000000
75110  -31.253  -0.085  75.114 0.0000000000
68777  -22.416  -4.670  82.991 0.0000000000
62925  -23.209  -11.183  77.513 0.0000000000
83047  -47.070  6.610  51.998 0.0000000000
83046  -46.866  6.504  51.563 0.0000000000
84085  -46.966  7.013  51.722 0.0000000000
85207  -46.787  7.536  51.905 0.0000000000
86447  -46.857  9.100  52.420 0.0000000000
79868  -40.485  3.297  63.625 0.0000000000
78725  -40.551  2.848  64.019 0.0000000000
77565  -40.920  2.192  64.623 0.0000000000
76436  -37.978  0.629  63.762 0.0000000000
78735  -38.055  1.810  62.643 0.0000000000
64147  -12.340  -9.685  88.712 0.0000000000
62805  -11.315  -10.612  87.531 0.0000000000
65422  -18.286  -9.036  84.700 0.0000000000
73820  -5.515  -1.560  74.516 0.0000000000
72529  -6.159  -2.019  74.574 0.0000000000
71176  -2.137  -3.634  79.721 0.0000000000
71199  -1.742  -4.100  79.443 0.0000000000
63042  -1.793  -11.353  71.312 0.0000000000
63041  -1.767  -10.906  70.462 0.0000000000
66451  -5.963  -7.278  91.074 0.0000000000
66450  -5.227  -7.437  91.524 0.0000000000
56488  -0.456  -14.981  83.517 0.0000000000
56489  -0.616  -15.610  82.899 0.0000000000
69988  -28.959  -4.992  78.558 0.0000000000
69967  -28.278  -4.341  79.206 0.0000000000
71193  -27.854  -3.354  79.061 0.0000000000
71214  -27.716  -2.787  78.561 0.0000000000
64303  -29.703  -9.091  76.467 0.0000000000
62882  -29.194  -10.228  80.085 0.0000000000
64235  -28.279  -9.922  80.885 0.0000000000
62896  -28.258  -10.481  79.854 0.0000000000
61560  -27.699  -10.988  79.692 0.0000000000
61559  -26.684  -11.534  79.454 0.0000000000
62895  -26.050  -11.039  78.912 0.0000000000
62911  -26.666  -11.272  78.457 0.0000000000
83023  -48.423  6.516  54.842 0.0000000000
82049  -45.486  5.019  55.663 0.0000000000
81049  -45.055  4.699  55.045 0.0000000000
81050  -45.902  4.490  55.070 0.0000000000
81051  -46.621  4.538  54.916 0.0000000000
81059  -47.151  4.372  54.331 0.0000000000
82054  -47.389  5.233  54.268 0.0000000000
76411  -39.513  0.730  66.242 0.0000000000
76394  -39.335  0.669  67.116 0.0000000000
77523  -39.769  1.185  68.055 0.0000000000
65532  -17.741  -8.551  76.817 0.0000000000
73816  -1.349  -1.282  74.763 0.0000000000
65473  -2.492  -8.761  79.297 0.0000000000
65511  -3.575  -8.747  77.797 0.0000000000
65528  -3.498  -9.242  77.379 0.0000000000
62972  -6.199  -11.355  74.712 0.0000000000
62971  -5.647  -11.072  74.630 0.0000000000
61619  -5.996  -11.521  74.139 0.0000000000
61635  -4.637  -11.318  73.492 0.0000000000
61651  -3.715  -11.289  72.901 0.0000000000
61671  -4.528  -12.265  72.040 0.0000000000
60392  -4.370  -12.720  71.515 0.0000000000
59153  -4.359  -13.906  70.566 0.0000000000
57922  -3.920  -14.614  70.380 0.0000000000
61438  -6.314  -11.477  90.311 0.0000000000
61437  -5.473  -11.631  90.769 0.0000000000
58889  -5.808  -12.860  89.959 0.0000000000
60205  -4.929  -12.786  89.749 0.0000000000
57671  -3.422  -14.741  86.493 0.0000000000
57670  -2.477  -14.920  86.615 0.0000000000
57669  -1.607  -14.811  86.632 0.0000000000
55162  -1.280  -16.505  86.299 0.0000000000
77468  -33.780  2.335  72.319 0.0000000000
75131  -30.593  -0.395  72.754 0.0000000000
75160  -31.071  0.192  71.362 0.0000000000
76342  -31.295  0.555  70.520 0.0000000000
76332  -32.078  1.203  71.219 0.0000000000
66532  -24.875  -7.857  81.879 0.0000000000
66541  -24.237  -7.756  81.870 0.0000000000
65437  -24.312  -8.773  82.233 0.0000000000
64190  -23.879  -9.762  82.809 0.0000000000
62891  -22.402  -10.428  79.638 0.0000000000
62876  -22.283  -10.640  80.407 0.0000000000
62890  -21.797  -10.101  80.076 0.0000000000
62875  -21.623  -10.383  80.704 0.0000000000
64232  -21.182  -9.891  80.556 0.0000000000
64215  -20.742  -9.982  81.272 0.0000000000
65499  -19.954  -8.592  79.182 0.0000000000
83062  -43.559  6.627  50.226 0.0000000000
65429  -4.267  -8.595  82.700 0.0000000000
64210  -5.395  -9.958  81.448 0.0000000000
82958  -42.539  7.158  60.779 0.0000000000
82942  -42.222  6.907  61.436 0.0000000000
81015  -38.561  4.035  61.401 0.0000000000
79931  -37.783  4.071  60.585 0.0000000000
81020  -38.509  4.240  61.094 0.0000000000
62791  -7.839  -10.946  90.026 0.0000000000
61459  -9.344  -11.745  87.259 0.0000000000
60217  -8.841  -12.081  87.776 0.0000000000
61480  -7.177  -11.916  86.219 0.0000000000
65494  -15.356  -8.665  78.932 0.0000000000
62859  -11.269  -9.890  80.754 0.0000000000
64211  -11.816  -9.530  80.797 0.0000000000
62846  -11.339  -9.785  81.365 0.0000000000
64181  -10.748  -9.229  83.535 0.0000000000
65416  -10.122  -8.950  83.855 0.0000000000
64172  -9.841  -9.215  84.292 0.0000000000
62835  -9.901  -9.987  83.485 0.0000000000
60273  -8.729  -12.512  80.648 0.0000000000
58971  -8.053  -13.144  81.291 0.0000000000
58956  -7.628  -13.657  82.124 0.0000000000
72454  -3.183  -2.648  78.484 0.0000000000
70008  -4.935  -4.950  76.621 0.0000000000
66576  -0.842  -7.869  76.842 0.0000000000
66585  -1.587  -7.587  76.325 0.0000000000
67730  -3.774  -6.934  74.072 0.0000000000
66608  -4.680  -7.189  73.318 0.0000000000
62770  -3.284  -10.309  91.369 0.0000000000
64135  -2.523  -9.803  90.698 0.0000000000
64134  -2.368  -9.398  90.385 0.0000000000
64140  -2.060  -9.284  89.921 0.0000000000
62801  -0.630  -10.680  87.791 0.0000000000
64149  -0.303  -10.233  88.202 0.0000000000
66485  -1.522  -7.570  87.961 0.0000000000
65377  -1.780  -8.473  88.062 0.0000000000
65382  -2.071  -8.594  87.482 0.0000000000
64155  -2.852  -8.857  86.560 0.0000000000
62808  -2.842  -9.838  86.602 0.0000000000
61466  -3.442  -10.268  86.212 0.0000000000
61478  -2.895  -11.350  85.243 0.0000000000
61507  -1.695  -12.754  82.900 0.0000000000
61508  -1.819  -12.455  82.490 0.0000000000
60258  -2.165  -12.830  81.384 0.0000000000
60259  -2.765  -12.438  81.253 0.0000000000
60270  -3.197  -12.691  80.700 0.0000000000
58987  -2.800  -13.307  80.336 0.0000000000
57767  -2.837  -14.490  79.128 0.0000000000
51486  0.357  -20.073  81.617 0.0000000000
51487  0.044  -19.253  81.469 0.0000000000
52712  -0.255  -18.402  81.564 0.0000000000
52732  -0.407  -18.678  80.491 0.0000000000
55341  -1.904  -16.808  77.134 0.0000000000
67714  -29.665  -7.083  76.107 0.0000000000
68860  -30.092  -5.758  77.491 0.0000000000
68844  -30.380  -5.730  78.589 0.0000000000
69968  -29.201  -4.506  79.577 0.0000000000
71173  -29.253  -3.587  80.261 0.0000000000
62930  -29.661  -10.003  77.384 0.0000000000
62949  -29.944  -9.629  76.931 0.0000000000
64282  -30.700  -9.150  78.018 0.0000000000
64304  -30.613  -8.958  77.004 0.0000000000
65550  -30.110  -8.067  76.074 0.0000000000
65452  -29.425  -8.504  81.138 0.0000000000
66550  -29.525  -7.725  80.246 0.0000000000
65466  -29.562  -8.799  80.306 0.0000000000
64236  -29.265  -9.643  80.492 0.0000000000
64246  -29.550  -10.022  80.026 0.0000000000
61577  -28.920  -10.694  79.192 0.0000000000
83004  -46.489  6.273  56.202 0.0000000000
82992  -47.046  6.620  56.958 0.0000000000
79972  -40.477  5.063  55.729 0.0000000000
78842  -40.719  3.685  54.984 0.0000000000
79974  -42.501  4.377  54.801 0.0000000000
83013  -43.738  5.927  56.077 0.0000000000
82039  -44.410  5.655  56.124 0.0000000000
82048  -44.693  5.206  55.663 0.0000000000
82041  -45.759  5.624  56.019 0.0000000000
76392  -37.434  0.081  67.395 0.0000000000
73981  -32.173  -1.206  66.235 0.0000000000
76408  -34.341  0.429  67.079 0.0000000000
75225  -35.267  0.060  66.377 0.0000000000
75211  -36.590  -0.075  66.927 0.0000000000
64255  -5.038  -9.573  78.620 0.0000000000
64272  -4.898  -9.451  77.613 0.0000000000
61593  -6.008  -11.030  76.088 0.0000000000
61605  -6.386  -11.607  75.354 0.0000000000
61620  -6.432  -11.894  74.467 0.0000000000
60355  -6.298  -12.429  73.304 0.0000000000
59121  -6.230  -13.468  72.243 0.0000000000
57904  -6.284  -14.394  71.813 0.0000000000
56704  -6.341  -15.148  72.169 0.0000000000
55440  -6.177  -15.998  72.375 0.0000000000
56683  -5.876  -15.526  73.824 0.0000000000
55429  -6.010  -16.049  73.208 0.0000000000
55439  -5.782  -16.740  72.764 0.0000000000
52918  -5.278  -17.733  72.905 0.0000000000
60221  -5.361  -12.593  87.598 0.0000000000
60213  -4.997  -12.817  88.262 0.0000000000
61467  -4.876  -12.649  87.145 0.0000000000
60227  -4.801  -12.912  86.855 0.0000000000
57672  -4.408  -14.413  86.208 0.0000000000
57680  -5.378  -14.885  85.237 0.0000000000
57679  -4.615  -14.955  85.542 0.0000000000
57678  -3.932  -14.988  85.839 0.0000000000
56438  -4.053  -15.579  85.414 0.0000000000
77450  -31.677  2.013  74.287 0.0000000000
70017  -26.541  -3.973  76.778 0.0000000000
70016  -26.220  -4.544  76.237 0.0000000000
71250  -26.728  -3.005  76.055 0.0000000000
72522  -27.452  -2.291  75.290 0.0000000000
72536  -27.407  -2.260  74.265 0.0000000000
72578  -28.730  -1.538  72.977 0.0000000000
73851  -30.128  -0.810  73.284 0.0000000000
73831  -30.260  -1.134  74.052 0.0000000000
75132  -31.164  0.103  73.133 0.0000000000
61532  -24.929  -11.655  81.231 0.0000000000
62863  -24.389  -11.233  81.689 0.0000000000
61544  -23.518  -11.172  80.083 0.0000000000
62908  -23.191  -10.824  78.369 0.0000000000
62923  -21.913  -9.967  78.312 0.0000000000
83053  -44.052  6.579  50.714 0.0000000000
84115  -43.720  7.185  49.831 0.0000000000
85222  -44.804  8.398  50.756 0.0000000000
86489  -45.107  8.877  50.596 0.0000000000
86471  -45.756  9.007  51.626 0.0000000000
67613  -4.155  -6.457  83.276 0.0000000000
66521  -4.255  -7.595  83.418 0.0000000000
125158  -40.077  4.613  62.243 0.0000000000
125160  -40.407  4.589  62.547 0.0000000000
78769  -36.545  2.135  60.793 0.0000000000
79897  -38.277  3.152  61.769 0.0000000000
79917  -38.584  3.624  61.765 0.0000000000
81017  -39.662  4.370  62.242 0.0000000000
62798  -10.192  -10.734  88.409 0.0000000000
61450  -9.964  -11.362  87.765 0.0000000000
61471  -8.819  -11.342  86.424 0.0000000000
64273  -12.767  -9.374  78.506 0.0000000000
62905  -11.389  -10.080  79.047 0.0000000000
62888  -11.009  -10.143  79.798 0.0000000000
62873  -10.839  -10.268  80.535 0.0000000000
61542  -10.356  -10.800  80.999 0.0000000000
61541  -9.965  -11.363  80.554 0.0000000000
60274  -9.530  -11.992  80.056 0.0000000000
75050  -1.900  -0.364  79.527 0.0000000000
72436  -2.806  -2.695  79.073 0.0000000000
71177  -2.690  -3.237  79.443 0.0000000000
71200  -3.122  -3.273  79.013 0.0000000000
68850  -3.409  -5.280  77.719 0.0000000000
64325  -1.738  -9.431  75.103 0.0000000000
64308  -1.488  -9.050  75.400 0.0000000000
64324  -1.460  -9.540  74.597 0.0000000000
64339  -1.144  -9.637  73.947 0.0000000000
65563  -1.418  -8.959  73.926 0.0000000000
65570  -1.374  -8.825  72.849 0.0000000000
65571  -2.124  -8.463  72.458 0.0000000000
65578  -2.216  -8.448  71.453 0.0000000000
65579  -3.068  -8.173  71.208 0.0000000000
68695  -5.426  -5.085  90.276 0.0000000000
69860  -5.545  -4.036  90.262 0.0000000000
69857  -5.219  -4.455  90.525 0.0000000000
69856  -4.625  -4.657  90.842 0.0000000000
69855  -3.791  -5.003  91.301 0.0000000000
60210  -1.410  -12.229  88.553 0.0000000000
61440  -1.460  -11.412  89.315 0.0000000000
60209  -1.084  -11.816  88.220 0.0000000000
61446  -0.886  -11.442  88.092 0.0000000000
61451  -1.108  -11.697  87.658 0.0000000000
61463  -1.547  -11.919  86.808 0.0000000000
61476  -1.274  -11.950  85.893 0.0000000000
60232  -1.423  -12.435  85.221 0.0000000000
60237  -1.140  -12.651  84.528 0.0000000000
60243  -1.141  -12.846  83.774 0.0000000000
58938  -0.362  -13.677  84.042 0.0000000000
60249  -0.941  -13.360  83.832 0.0000000000
60250  -1.466  -13.214  83.192 0.0000000000
60256  -1.714  -13.471  82.521 0.0000000000
58968  -2.106  -13.979  82.000 0.0000000000
57736  -1.661  -14.682  81.447 0.0000000000
67711  -27.193  -6.707  75.804 0.0000000000
67700  -29.385  -6.681  76.566 0.0000000000
68858  -28.482  -5.387  77.388 0.0000000000
72485  -27.625  -2.505  77.244 0.0000000000
72486  -28.112  -1.883  77.607 0.0000000000
73756  -28.601  -1.451  77.171 0.0000000000
75089  -29.856  -0.813  76.956 0.0000000000
67639  -25.448  -7.334  81.898 0.0000000000
64218  -25.320  -9.952  81.484 0.0000000000
65440  -27.493  -8.696  82.289 0.0000000000
64220  -27.700  -9.577  81.529 0.0000000000
65450  -27.178  -9.268  82.016 0.0000000000
64219  -26.527  -9.689  81.381 0.0000000000
62865  -25.798  -10.571  80.996 0.0000000000
61533  -25.416  -11.198  81.120 0.0000000000
61557  -24.661  -11.023  79.267 0.0000000000
62909  -25.190  -11.027  78.418 0.0000000000
61572  -24.670  -11.150  78.315 0.0000000000
79976  -44.440  4.062  53.866 0.0000000000
79984  -44.258  3.992  53.445 0.0000000000
81076  -47.509  5.081  52.821 0.0000000000
82071  -47.163  6.008  51.959 0.0000000000
83038  -47.290  6.627  52.553 0.0000000000
84065  -47.779  7.621  52.855 0.0000000000
77562  -39.109  1.457  64.560 0.0000000000
77555  -40.563  1.434  65.151 0.0000000000
77554  -40.028  1.384  65.200 0.0000000000
76423  -40.514  1.109  65.587 0.0000000000
74009  -37.138  -0.872  63.363 0.0000000000
76437  -38.483  0.987  63.961 0.0000000000
65462  -17.906  -8.569  80.125 0.0000000000
65477  -17.133  -8.527  79.748 0.0000000000
65513  -14.751  -8.792  77.947 0.0000000000
64296  -14.137  -9.309  77.243 0.0000000000
73796  -5.104  -1.719  75.207 0.0000000000
68817  -0.710  -5.908  79.882 0.0000000000
67670  -0.950  -6.281  79.509 0.0000000000
66555  -1.044  -6.930  79.260 0.0000000000
64269  -1.960  -9.453  77.246 0.0000000000
64289  -1.851  -9.400  76.603 0.0000000000
64292  -4.537  -9.495  76.977 0.0000000000
64291  -3.758  -9.447  76.789 0.0000000000
64311  -3.226  -9.573  76.218 0.0000000000
62954  -2.922  -9.774  75.512 0.0000000000
62953  -2.333  -9.605  75.534 0.0000000000
62968  -2.019  -10.000  74.897 0.0000000000
63004  -2.276  -10.873  72.977 0.0000000000
61669  -2.783  -11.649  72.143 0.0000000000
64128  -5.272  -9.751  91.483 0.0000000000
62771  -4.201  -10.196  91.755 0.0000000000
61431  -5.039  -11.338  91.389 0.0000000000
61430  -4.380  -11.097  91.568 0.0000000000
61429  -3.793  -10.791  91.577 0.0000000000
60194  -2.371  -11.831  90.171 0.0000000000
60212  -4.532  -13.132  88.130 0.0000000000
58903  -4.472  -13.245  88.700 0.0000000000
58902  -3.485  -13.438  88.552 0.0000000000
58893  -2.887  -13.229  89.177 0.0000000000
58892  -2.293  -12.863  88.800 0.0000000000
60211  -1.937  -12.554  88.766 0.0000000000
58899  -1.480  -12.662  87.768 0.0000000000
57668  -0.714  -14.628  86.738 0.0000000000
55182  0.013  -16.422  84.657 0.0000000000
77502  -34.353  1.427  69.403 0.0000000000
77476  -35.198  2.279  71.090 0.0000000000
68891  -25.954  -5.451  75.915 0.0000000000
71281  -25.646  -3.879  74.904 0.0000000000
75175  -30.891  0.101  69.465 0.0000000000
76351  -31.196  0.523  69.465 0.0000000000
77499  -31.837  1.109  68.858 0.0000000000
77500  -32.608  1.287  69.176 0.0000000000
77501  -33.433  1.394  69.426 0.0000000000
66514  -19.408  -7.858  84.835 0.0000000000
65391  -19.099  -7.958  85.078 0.0000000000
64177  -18.823  -8.441  85.045 0.0000000000
64184  -18.790  -8.977  84.679 0.0000000000
67652  -23.281  -6.938  81.693 0.0000000000
66538  -22.074  -8.279  83.192 0.0000000000
62849  -23.991  -11.154  81.954 0.0000000000
62851  -24.084  -10.570  82.617 0.0000000000
61504  -23.420  -10.454  82.857 0.0000000000
61516  -22.686  -11.026  81.984 0.0000000000
62839  -22.803  -10.228  83.142 0.0000000000
65425  -22.847  -9.353  83.202 0.0000000000
65424  -22.387  -9.060  83.387 0.0000000000
64187  -21.205  -9.559  83.772 0.0000000000
64197  -20.202  -9.993  81.812 0.0000000000
65448  -18.983  -9.043  81.145 0.0000000000
65516  -18.134  -8.743  77.781 0.0000000000
85255  -44.516  8.558  48.222 0.0000000000
85274  -46.386  9.106  46.680 0.0000000000
73708  -2.182  -1.810  79.944 0.0000000000
73692  -2.300  -3.114  81.223 0.0000000000
126468  -1.813  -3.638  81.662 0.0000000000
68802  -1.048  -5.214  80.395 0.0000000000
68801  -0.712  -5.723  80.279 0.0000000000
67660  -0.685  -6.315  80.204 0.0000000000
66536  -0.667  -6.900  80.688 0.0000000000
65444  -3.632  -8.561  81.646 0.0000000000
65475  -4.499  -8.884  80.063 0.0000000000
59035  -5.628  -13.603  77.759 0.0000000000
57800  -5.098  -14.206  77.207 0.0000000000
83930  -43.364  7.570  59.657 0.0000000000
83931  -44.390  7.666  59.901 0.0000000000
77556  -41.105  1.634  65.184 0.0000000000
77488  -35.816  1.966  70.425 0.0000000000
79929  -36.359  3.253  59.623 0.0000000000
125152  -36.940  4.204  57.992 0.0000000000
125155  -37.458  4.396  57.881 0.0000000000
60199  -6.411  -11.984  89.930 0.0000000000
58898  -6.603  -12.691  89.669 0.0000000000
64136  -9.861  -10.026  90.398 0.0000000000
61448  -8.640  -12.014  88.933 0.0000000000
58921  -6.350  -13.483  86.157 0.0000000000
125210  -17.071  -8.198  80.839 0.0000000000
65419  -15.760  -8.584  82.649 0.0000000000
64176  -14.342  -8.698  83.873 0.0000000000
65446  -13.215  -9.217  79.791 0.0000000000
65417  -13.058  -8.502  82.228 0.0000000000
64167  -14.080  -8.632  84.502 0.0000000000
64158  -13.637  -8.640  85.384 0.0000000000
64157  -12.514  -9.347  86.236 0.0000000000
62814  -11.575  -10.557  86.539 0.0000000000
62813  -10.682  -10.676  86.154 0.0000000000
64163  -9.745  -9.697  84.640 0.0000000000
62812  -9.996  -10.630  85.783 0.0000000000
64162  -7.997  -9.758  85.328 0.0000000000
61487  -7.902  -10.663  85.218 0.0000000000
61512  -9.807  -11.366  82.462 0.0000000000
60248  -9.306  -11.851  82.762 0.0000000000
61498  -8.762  -11.685  83.895 0.0000000000
61482  -8.288  -11.820  85.077 0.0000000000
60240  -7.824  -12.784  84.204 0.0000000000
57716  -6.995  -14.266  82.749 0.0000000000
73765  -0.608  -0.815  76.136 0.0000000000
73746  -1.435  -1.118  77.183 0.0000000000
73766  -0.828  -1.105  76.496 0.0000000000
73769  -3.846  -1.864  76.307 0.0000000000
70025  -6.229  -4.763  75.297 0.0000000000
67671  -1.157  -5.810  79.181 0.0000000000
68848  -1.588  -5.815  78.348 0.0000000000
68849  -2.167  -5.553  78.034 0.0000000000
68866  -3.522  -5.543  77.027 0.0000000000
65542  -0.879  -8.624  75.668 0.0000000000
66592  -0.373  -8.094  75.831 0.0000000000
66594  -2.288  -7.265  75.533 0.0000000000
67694  -2.903  -6.497  76.357 0.0000000000
67695  -3.462  -5.939  76.550 0.0000000000
68867  -4.047  -5.330  76.843 0.0000000000
67696  -4.180  -5.851  76.302 0.0000000000
68868  -4.605  -5.657  76.403 0.0000000000
68885  -5.093  -6.059  75.895 0.0000000000
68902  -4.290  -6.084  74.924 0.0000000000
68886  -5.725  -5.530  75.370 0.0000000000
68930  -5.899  -6.169  73.349 0.0000000000
66609  -5.090  -6.895  73.257 0.0000000000
66619  -5.343  -7.229  72.696 0.0000000000
66444  -5.152  -8.325  91.323 0.0000000000
66449  -4.258  -7.835  91.554 0.0000000000
67540  -3.408  -6.895  91.221 0.0000000000
67550  -2.822  -6.295  90.680 0.0000000000
62788  -0.941  -10.506  89.337 0.0000000000
64139  -1.410  -9.357  89.612 0.0000000000
65361  -2.249  -8.347  89.737 0.0000000000
65360  -1.426  -8.509  89.470 0.0000000000
66470  -2.094  -7.748  89.609 0.0000000000
67548  -1.813  -6.931  90.070 0.0000000000
68691  -1.712  -6.580  90.015 0.0000000000
68692  -2.224  -6.112  90.162 0.0000000000
68704  -2.426  -5.839  89.449 0.0000000000
67575  -1.485  -6.835  87.987 0.0000000000
67583  -2.585  -5.953  87.086 0.0000000000
65392  -3.678  -7.933  85.604 0.0000000000
64159  -3.567  -8.782  86.047 0.0000000000
64160  -4.101  -8.814  85.342 0.0000000000
61477  -2.013  -11.781  85.311 0.0000000000
61495  -2.554  -11.960  83.474 0.0000000000
61496  -3.544  -11.483  83.612 0.0000000000
61539  -4.672  -11.830  80.669 0.0000000000
60272  -4.952  -12.176  80.311 0.0000000000
59006  -4.160  -13.305  79.647 0.0000000000
59007  -4.933  -13.033  79.438 0.0000000000
59019  -4.672  -13.577  79.045 0.0000000000
59034  -4.861  -13.775  78.375 0.0000000000
55204  0.018  -17.035  84.142 0.0000000000
51446  0.068  -19.452  83.131 0.0000000000
53958  0.421  -17.890  83.478 0.0000000000
57735  -1.356  -15.389  81.228 0.0000000000
57750  -1.417  -15.559  80.698 0.0000000000
57751  -1.608  -15.029  80.410 0.0000000000
52755  -0.919  -18.469  79.143 0.0000000000
55295  -1.286  -16.629  79.611 0.0000000000
57766  -2.050  -14.979  79.238 0.0000000000
57783  -2.358  -15.161  78.205 0.0000000000
57797  -2.411  -15.545  77.573 0.0000000000
57815  -3.983  -15.362  76.603 0.0000000000
57831  -4.248  -15.546  76.012 0.0000000000
56640  -4.234  -15.910  75.468 0.0000000000
52917  -4.936  -18.109  72.697 0.0000000000
54128  -5.310  -17.444  72.375 0.0000000000
55413  -3.734  -16.740  75.229 0.0000000000
55415  -4.796  -16.350  74.519 0.0000000000
55451  -5.471  -16.603  71.570 0.0000000000
56603  -1.805  -16.279  77.478 0.0000000000
58888  -5.289  -12.781  89.703 0.0000000000
58891  -6.525  -12.439  89.846 0.0000000000
58897  -6.276  -13.065  89.660 0.0000000000
58906  -6.629  -12.911  89.191 0.0000000000
58908  -0.913  -12.984  87.418 0.0000000000
58926  -5.918  -14.566  85.010 0.0000000000
58955  -1.722  -14.422  82.269 0.0000000000
58967  -1.796  -13.816  82.461 0.0000000000
59120  -5.692  -13.230  71.718 0.0000000000
60198  -5.929  -12.256  90.218 0.0000000000
60200  -6.634  -12.252  89.680 0.0000000000
60225  -8.731  -11.942  87.415 0.0000000000
60235  -8.333  -12.139  84.664 0.0000000000
60244  -2.809  -12.231  83.090 0.0000000000
60245  -3.089  -12.051  83.277 0.0000000000
60251  -1.647  -12.915  82.615 0.0000000000
60252  -3.135  -12.237  82.913 0.0000000000
60269  -2.582  -12.933  80.865 0.0000000000
60281  -4.777  -12.663  79.920 0.0000000000
60354  -5.967  -12.304  72.844 0.0000000000
60393  -5.182  -12.893  71.699 0.0000000000
60409  -3.692  -12.913  70.925 0.0000000000
61441  -1.752  -11.817  89.560 0.0000000000
61442  -6.734  -11.634  89.926 0.0000000000
61454  -4.999  -12.651  87.361 0.0000000000
61455  -5.147  -12.581  87.178 0.0000000000
61456  -7.146  -12.036  87.340 0.0000000000
61468  -5.052  -12.631  86.953 0.0000000000
61490  -23.688  -10.305  83.157 0.0000000000
61491  -23.856  -10.586  83.243 0.0000000000
61492  -24.034  -10.450  83.265 0.0000000000
61497  -4.224  -10.933  83.373 0.0000000000
61501  -21.437  -10.671  82.272 0.0000000000
61505  -23.810  -10.476  82.995 0.0000000000
61506  -24.010  -10.595  83.058 0.0000000000
61514  -21.409  -10.651  82.056 0.0000000000
61518  -23.856  -10.664  82.667 0.0000000000
61519  -23.972  -10.549  82.830 0.0000000000
61522  -1.854  -12.533  81.852 0.0000000000
61529  -21.975  -10.724  81.316 0.0000000000
61561  -28.510  -10.699  79.490 0.0000000000
61650  -2.904  -11.134  72.790 0.0000000000
61653  -5.583  -12.124  72.733 0.0000000000
62769  -2.769  -10.130  90.912 0.0000000000
62778  -1.524  -10.686  89.587 0.0000000000
62780  -2.448  -10.409  90.488 0.0000000000
62781  -2.963  -10.682  90.825 0.0000000000
62800  -12.266  -9.854  88.338 0.0000000000
62818  -7.998  -10.257  85.496 0.0000000000
62819  -8.596  -10.048  85.259 0.0000000000
62825  -8.207  -10.132  85.395 0.0000000000
62830  -23.869  -10.154  83.241 0.0000000000
62831  -23.808  -10.372  83.152 0.0000000000
62832  -24.011  -10.348  83.041 0.0000000000
62840  -23.613  -10.082  83.197 0.0000000000
62841  -24.056  -10.151  82.830 0.0000000000
62842  -24.070  -10.383  82.785 0.0000000000
62847  -21.042  -10.580  82.106 0.0000000000
62860  -21.031  -10.417  81.695 0.0000000000
62874  -11.214  -9.846  80.196 0.0000000000
62878  -26.410  -10.873  80.669 0.0000000000
62881  -28.627  -10.238  80.277 0.0000000000
62889  -11.650  -9.661  79.618 0.0000000000
62894  -25.394  -10.825  78.841 0.0000000000
62897  -28.814  -10.448  79.786 0.0000000000
62898  -29.328  -10.334  79.479 0.0000000000
62950  -30.223  -9.419  76.846 0.0000000000
62957  -6.094  -10.996  75.088 0.0000000000
62986  -4.175  -11.135  73.846 0.0000000000
64124  -2.513  -8.994  90.572 0.0000000000
64125  -2.716  -9.392  91.037 0.0000000000
64161  -7.787  -9.887  85.271 0.0000000000
64168  -19.317  -8.201  84.900 0.0000000000
64170  -7.945  -9.636  84.950 0.0000000000
64171  -8.288  -9.765  85.001 0.0000000000
64180  -9.756  -9.222  83.768 0.0000000000
64185  -18.872  -8.716  84.814 0.0000000000
64186  -20.507  -10.304  82.276 0.0000000000
64202  -26.380  -9.209  81.771 0.0000000000
64204  -28.532  -8.883  82.020 0.0000000000
64216  -21.235  -10.205  80.969 0.0000000000
64227  -5.059  -9.274  81.075 0.0000000000
64237  -29.596  -9.268  80.148 0.0000000000
64247  -29.721  -9.559  79.722 0.0000000000
64267  -0.464  -9.033  76.678 0.0000000000
64281  -29.636  -9.523  76.962 0.0000000000
64283  -30.990  -8.718  78.026 0.0000000000
64288  -1.050  -8.945  76.251 0.0000000000
64305  -30.958  -8.663  77.694 0.0000000000
65339  -5.132  -8.931  91.165 0.0000000000
65343  -2.488  -8.847  90.366 0.0000000000
65344  -2.598  -8.644  90.572 0.0000000000
65352  -2.483  -8.710  90.133 0.0000000000
65353  -2.764  -8.106  90.049 0.0000000000
65390  -18.996  -7.958  85.399 0.0000000000
65400  -19.039  -8.007  85.401 0.0000000000
65401  -19.111  -8.072  85.226 0.0000000000
65402  -19.276  -8.012  84.972 0.0000000000
65404  -10.118  -8.924  84.113 0.0000000000
65405  -10.380  -8.991  83.927 0.0000000000
65412  -18.732  -8.295  85.252 0.0000000000
65413  -19.010  -8.174  85.204 0.0000000000
65415  -9.826  -8.876  83.988 0.0000000000
65421  -17.911  -9.125  84.393 0.0000000000
65423  -18.451  -8.846  84.901 0.0000000000
65436  -23.340  -8.930  82.792 0.0000000000
65449  -26.666  -9.226  81.841 0.0000000000
65491  -3.772  -8.780  78.233 0.0000000000
65501  -30.720  -8.021  78.526 0.0000000000
65506  0.153  -8.297  76.636 0.0000000000
65524  0.236  -8.370  76.361 0.0000000000
65525  0.079  -8.818  76.412 0.0000000000
65526  -0.380  -8.959  76.027 0.0000000000
65540  0.210  -8.403  76.099 0.0000000000
65541  -0.060  -8.578  75.775 0.0000000000
66443  -4.708  -8.616  91.216 0.0000000000
66457  -1.607  -7.253  89.678 0.0000000000
66458  -1.831  -7.272  89.784 0.0000000000
66471  -2.376  -7.785  89.764 0.0000000000
66504  -18.961  -7.858  85.191 0.0000000000
66523  -22.139  -8.675  83.393 0.0000000000
66548  -18.696  -8.490  80.077 0.0000000000
66549  -18.831  -8.588  80.289 0.0000000000
66551  -29.991  -7.229  79.927 0.0000000000
66558  -18.978  -8.449  80.140 0.0000000000
66569  -30.529  -7.896  78.740 0.0000000000
66575  -0.017  -7.815  76.807 0.0000000000
66584  -0.558  -7.738  76.241 0.0000000000
66591  0.091  -8.191  75.877 0.0000000000
67547  -1.499  -7.073  89.760 0.0000000000
67559  -1.366  -7.121  89.410 0.0000000000
67567  -1.160  -7.210  88.765 0.0000000000
67568  -1.480  -6.792  88.574 0.0000000000
67626  -0.785  -6.170  81.306 0.0000000000
67638  -25.147  -7.231  81.752 0.0000000000
67645  -2.378  -6.158  82.231 0.0000000000
67659  -30.626  -5.869  80.770 0.0000000000
67678  -1.067  -6.594  79.124 0.0000000000
67697  -4.612  -5.976  76.185 0.0000000000
67702  -30.980  -6.815  77.160 0.0000000000
67708  -4.427  -6.158  76.000 0.0000000000
68694  -3.770  -4.961  90.245 0.0000000000
68702  -1.464  -6.706  89.709 0.0000000000
68768  -1.447  -5.210  81.487 0.0000000000
68785  -0.966  -5.374  81.055 0.0000000000
68786  -2.262  -5.938  82.121 0.0000000000
68883  -3.797  -6.108  75.544 0.0000000000
69859  -4.252  -4.447  90.258 0.0000000000
69952  -2.959  -3.653  79.226 0.0000000000
73730  -29.869  -1.706  79.453 0.0000000000
75208  -34.686  0.409  67.052 0.0000000000
77518  -31.898  1.120  68.022 0.0000000000
77519  -32.505  1.273  68.357 0.0000000000
77532  -32.116  0.941  67.632 0.0000000000
77534  -32.954  1.271  67.996 0.0000000000
78644  -36.032  2.459  70.764 0.0000000000
78713  -40.540  2.481  64.301 0.0000000000
78724  -40.192  2.845  63.902 0.0000000000
79866  -39.671  3.135  63.389 0.0000000000
79867  -39.925  3.192  63.507 0.0000000000
79881  -38.941  3.105  62.656 0.0000000000
79882  -39.513  3.385  63.078 0.0000000000
79916  -38.194  3.713  61.300 0.0000000000
80976  -39.610  3.732  62.872 0.0000000000
80978  -40.330  3.747  63.223 0.0000000000
80995  -39.075  3.861  62.200 0.0000000000
81983  -40.313  4.279  62.823 0.0000000000
82001  -40.101  4.432  62.496 0.0000000000
82015  -39.752  4.593  61.986 0.0000000000
82037  -42.913  6.403  56.080 0.0000000000
82038  -44.117  5.733  56.096 0.0000000000
82047  -43.955  5.658  55.732 0.0000000000
82063  -47.041  5.464  52.405 0.0000000000
82072  -47.224  6.244  52.228 0.0000000000
83001  -44.006  5.916  56.403 0.0000000000
83012  -43.599  5.977  55.875 0.0000000000
83028  -47.507  6.526  53.355 0.0000000000
83052  -43.446  6.205  50.423 0.0000000000
84013  -46.219  6.702  56.909 0.0000000000
84053  -47.467  7.188  52.962 0.0000000000
84084  -46.601  7.171  51.437 0.0000000000
85223  -45.184  8.766  50.864 0.0000000000
125156  -39.352  4.665  61.377 0.0000000000
125159  -42.866  6.547  56.717 0.0000000000
125164  -43.235  6.472  56.761 0.0000000000
126464  -1.578  -4.095  83.503 0.0000000000
