#!ascii label  , from subject A00073545 vox2ras=TkReg
405
72301  -21.368  -3.167  2.508 0.0000000000
68648  -16.793  -7.042  2.289 0.0000000000
68654  -24.421  -6.734  2.385 0.0000000000
64077  -19.839  -10.006  3.870 0.0000000000
84724  -21.808  7.671  -0.571 0.0000000000
81705  -24.805  4.128  -2.381 0.0000000000
76145  -18.021  -0.379  -0.708 0.0000000000
60109  -18.400  -12.787  6.690 0.0000000000
66403  -18.149  -9.062  3.035 0.0000000000
65243  -16.275  -9.937  5.077 0.0000000000
82622  -23.066  5.689  -0.631 0.0000000000
80604  -19.707  3.574  1.000 0.0000000000
72309  -17.126  -3.724  0.153 0.0000000000
74925  -14.706  -1.572  0.149 0.0000000000
74927  -19.663  -1.442  0.480 0.0000000000
126455  -25.049  -0.084  -0.707 0.0000000000
126430  -25.383  -1.880  0.557 0.0000000000
126423  -25.481  -3.696  0.471 0.0000000000
71027  -14.888  -4.850  2.262 0.0000000000
68681  -18.619  -5.897  0.563 0.0000000000
69823  -23.484  -5.523  2.491 0.0000000000
67518  -20.613  -7.407  2.358 0.0000000000
65312  -22.281  -9.050  2.869 0.0000000000
65292  -23.463  -9.961  3.690 0.0000000000
79525  -15.774  2.631  -1.048 0.0000000000
79503  -23.092  2.558  1.160 0.0000000000
78461  -24.654  0.820  -4.127 0.0000000000
64010  -16.476  -10.796  6.028 0.0000000000
62675  -19.068  -11.528  5.406 0.0000000000
65263  -15.992  -9.203  4.567 0.0000000000
65242  -15.654  -9.551  5.261 0.0000000000
81661  -19.406  4.586  0.823 0.0000000000
80602  -17.901  3.903  0.531 0.0000000000
72311  -18.567  -3.516  0.120 0.0000000000
73599  -18.424  -2.988  -0.307 0.0000000000
73587  -20.516  -2.702  1.383 0.0000000000
74913  -24.127  -1.469  1.646 0.0000000000
72303  -24.474  -2.345  1.150 0.0000000000
126431  -25.783  -2.410  -0.938 0.0000000000
126428  -24.957  -3.311  0.815 0.0000000000
69819  -15.792  -6.148  2.217 0.0000000000
69844  -16.670  -5.157  1.230 0.0000000000
68669  -18.273  -6.446  0.969 0.0000000000
68670  -19.189  -6.461  1.122 0.0000000000
66435  -18.177  -7.735  1.473 0.0000000000
65287  -18.504  -9.613  3.526 0.0000000000
65310  -20.248  -9.116  2.596 0.0000000000
65289  -20.574  -9.648  3.207 0.0000000000
65291  -22.739  -9.744  3.239 0.0000000000
64079  -21.886  -10.399  3.756 0.0000000000
84719  -20.222  7.607  0.599 0.0000000000
85933  -18.643  8.549  0.697 0.0000000000
85935  -20.453  8.237  0.054 0.0000000000
85945  -21.601  8.846  -1.403 0.0000000000
83605  -22.866  7.202  -1.771 0.0000000000
81693  -24.015  4.870  -1.145 0.0000000000
76153  -15.959  -0.634  -1.406 0.0000000000
78429  -15.396  0.622  -1.385 0.0000000000
78416  -17.263  1.330  -0.909 0.0000000000
78392  -18.722  1.847  0.304 0.0000000000
78418  -18.913  0.944  -0.064 0.0000000000
77312  -24.588  -1.038  -2.769 0.0000000000
77308  -24.671  0.160  -2.548 0.0000000000
77318  -25.070  0.420  -4.265 0.0000000000
69824  -24.455  -5.706  2.104 0.0000000000
71033  -26.089  -4.378  1.074 0.0000000000
61313  -17.439  -12.706  7.161 0.0000000000
61325  -16.982  -11.834  6.726 0.0000000000
62673  -17.525  -11.282  5.785 0.0000000000
61327  -18.800  -12.458  6.306 0.0000000000
67497  -15.574  -7.541  3.364 0.0000000000
67516  -17.180  -7.611  2.502 0.0000000000
66401  -16.599  -8.584  3.819 0.0000000000
65286  -17.568  -9.267  3.653 0.0000000000
65266  -18.126  -10.023  4.184 0.0000000000
83588  -20.860  6.672  0.595 0.0000000000
83599  -22.341  6.710  -0.627 0.0000000000
82610  -21.237  5.652  0.806 0.0000000000
81663  -21.619  4.728  0.917 0.0000000000
81665  -23.823  4.130  0.526 0.0000000000
72298  -14.933  -3.636  1.082 0.0000000000
73606  -15.814  -2.501  -0.242 0.0000000000
73614  -17.050  -2.039  -0.947 0.0000000000
74946  -18.838  -1.477  -1.219 0.0000000000
77267  -20.897  0.218  1.409 0.0000000000
76111  -22.812  -0.322  1.917 0.0000000000
126436  -24.925  -0.630  0.769 0.0000000000
76165  -25.491  -2.394  -4.073 0.0000000000
126425  -26.313  -2.449  -2.728 0.0000000000
60095  -19.958  -13.787  7.118 0.0000000000
60111  -19.855  -13.320  6.593 0.0000000000
71053  -15.886  -4.380  0.861 0.0000000000
71055  -17.602  -4.579  0.351 0.0000000000
69848  -19.738  -4.728  0.621 0.0000000000
71030  -23.305  -4.314  2.728 0.0000000000
69821  -21.165  -5.436  2.151 0.0000000000
68651  -21.408  -6.407  2.520 0.0000000000
68653  -23.584  -6.611  2.496 0.0000000000
66422  -19.873  -8.481  1.912 0.0000000000
66423  -20.953  -8.322  2.431 0.0000000000
67521  -23.668  -7.633  2.640 0.0000000000
67500  -24.011  -8.214  2.879 0.0000000000
66406  -24.150  -8.684  3.760 0.0000000000
83604  -22.864  6.527  -1.541 0.0000000000
80626  -17.871  3.273  0.501 0.0000000000
79500  -19.866  2.577  1.258 0.0000000000
80627  -24.483  3.280  -0.621 0.0000000000
78397  -23.337  1.588  1.331 0.0000000000
79542  -24.669  2.349  -0.877 0.0000000000
80657  -24.553  3.086  -2.720 0.0000000000
126422  -25.870  -4.041  0.335 0.0000000000
126427  -26.335  -3.746  0.383 0.0000000000
64008  -15.296  -10.046  6.407 0.0000000000
64027  -16.820  -10.437  5.304 0.0000000000
64028  -17.881  -10.831  5.030 0.0000000000
62700  -19.536  -11.124  4.936 0.0000000000
61329  -20.591  -12.801  6.145 0.0000000000
61372  -20.870  -12.003  5.098 0.0000000000
64054  -21.184  -10.953  4.284 0.0000000000
81680  -16.626  4.378  0.068 0.0000000000
72300  -20.660  -3.344  1.741 0.0000000000
72312  -19.366  -3.360  0.595 0.0000000000
72285  -22.217  -2.894  2.586 0.0000000000
73573  -22.851  -2.210  2.287 0.0000000000
72287  -24.160  -3.104  1.587 0.0000000000
67514  -15.982  -7.027  2.734 0.0000000000
68646  -15.669  -6.601  2.680 0.0000000000
68647  -16.332  -6.564  2.235 0.0000000000
68667  -16.629  -6.170  1.727 0.0000000000
68668  -17.190  -6.647  1.669 0.0000000000
67533  -18.534  -7.227  1.393 0.0000000000
67532  -17.836  -7.362  1.549 0.0000000000
64076  -19.148  -9.912  3.758 0.0000000000
65288  -19.570  -9.603  3.232 0.0000000000
64078  -20.876  -10.229  3.795 0.0000000000
84720  -20.948  7.584  -0.072 0.0000000000
85941  -22.055  8.337  -0.977 0.0000000000
84730  -22.972  7.744  -1.825 0.0000000000
83600  -22.748  7.146  -1.327 0.0000000000
81694  -24.528  4.360  -1.223 0.0000000000
82648  -24.388  4.828  -2.162 0.0000000000
76154  -16.649  -0.571  -1.340 0.0000000000
77297  -15.593  0.080  -1.467 0.0000000000
77298  -16.276  0.108  -1.609 0.0000000000
78430  -15.865  0.776  -1.494 0.0000000000
77285  -17.652  0.289  -0.682 0.0000000000
78417  -18.075  1.123  -0.120 0.0000000000
77286  -18.367  0.244  -0.394 0.0000000000
77319  -25.062  -0.593  -3.956 0.0000000000
69825  -25.112  -6.019  1.853 0.0000000000
71016  -25.349  -5.335  2.057 0.0000000000
60093  -18.028  -13.356  7.221 0.0000000000
61326  -17.747  -12.181  6.547 0.0000000000
67481  -15.122  -8.026  3.995 0.0000000000
66400  -16.036  -8.220  3.661 0.0000000000
66378  -15.578  -8.641  4.312 0.0000000000
65264  -16.669  -9.497  4.448 0.0000000000
66379  -16.201  -8.987  4.313 0.0000000000
65265  -17.609  -9.765  4.194 0.0000000000
64050  -17.174  -9.991  4.644 0.0000000000
83587  -19.687  6.647  0.769 0.0000000000
82609  -20.136  5.622  0.810 0.0000000000
81662  -20.493  4.616  0.850 0.0000000000
81664  -22.942  4.794  0.478 0.0000000000
80605  -20.759  3.667  1.188 0.0000000000
72308  -15.888  -3.482  0.292 0.0000000000
72317  -16.253  -2.849  -0.221 0.0000000000
73600  -18.793  -2.425  0.047 0.0000000000
73608  -17.348  -2.542  -0.724 0.0000000000
73610  -18.832  -2.119  -1.130 0.0000000000
73616  -18.333  -2.100  -1.669 0.0000000000
74937  -19.105  -1.432  -0.413 0.0000000000
76133  -20.457  -0.564  0.788 0.0000000000
74928  -20.613  -1.471  0.928 0.0000000000
126454  -25.997  -2.129  -3.002 0.0000000000
126447  -24.840  -2.435  -3.086 0.0000000000
126442  -26.131  -2.588  -3.820 0.0000000000
126434  -26.022  -3.124  -2.449 0.0000000000
126432  -26.095  -1.944  0.168 0.0000000000
58817  -19.456  -14.208  7.606 0.0000000000
58818  -19.928  -13.943  7.647 0.0000000000
71026  -14.309  -4.481  2.717 0.0000000000
71041  -14.796  -4.241  1.932 0.0000000000
71042  -15.489  -4.695  1.633 0.0000000000
69845  -17.285  -5.248  0.851 0.0000000000
69846  -18.120  -5.491  0.512 0.0000000000
69847  -19.051  -5.348  0.492 0.0000000000
69838  -20.667  -4.982  1.653 0.0000000000
69837  -19.806  -5.438  1.103 0.0000000000
68649  -19.515  -6.710  1.784 0.0000000000
68650  -20.298  -6.397  2.161 0.0000000000
68652  -22.540  -6.470  2.702 0.0000000000
67519  -21.663  -7.387  2.748 0.0000000000
66402  -17.564  -8.504  3.084 0.0000000000
66420  -17.876  -8.127  1.900 0.0000000000
66421  -18.607  -8.654  2.226 0.0000000000
65311  -21.311  -9.132  2.648 0.0000000000
66424  -21.975  -8.292  2.665 0.0000000000
67520  -22.730  -7.457  2.700 0.0000000000
66425  -22.860  -8.294  2.801 0.0000000000
66426  -23.446  -8.393  2.953 0.0000000000
66405  -23.629  -8.880  3.423 0.0000000000
66380  -23.975  -9.278  4.012 0.0000000000
83589  -21.584  6.290  0.073 0.0000000000
82631  -23.149  5.827  -1.694 0.0000000000
79524  -14.692  2.609  -0.833 0.0000000000
80624  -16.248  3.557  -0.376 0.0000000000
79526  -16.789  2.515  -0.604 0.0000000000
78393  -19.499  1.720  0.340 0.0000000000
79501  -20.952  2.593  1.464 0.0000000000
80607  -23.020  3.564  1.095 0.0000000000
79502  -22.120  2.605  1.418 0.0000000000
77245  -23.509  0.592  1.562 0.0000000000
78373  -22.507  1.060  1.547 0.0000000000
126459  -24.840  0.746  -0.063 0.0000000000
78452  -24.739  0.744  -3.183 0.0000000000
78442  -24.961  0.966  -2.193 0.0000000000
79566  -24.796  1.949  -3.033 0.0000000000
79577  -24.219  1.767  -3.988 0.0000000000
71031  -24.518  -4.368  2.163 0.0000000000
71047  -25.063  -3.926  1.340 0.0000000000
62654  -16.449  -11.348  6.586 0.0000000000
63996  -15.555  -10.835  6.931 0.0000000000
64009  -15.831  -10.482  6.163 0.0000000000
62674  -18.286  -11.353  5.384 0.0000000000
64029  -18.410  -10.937  4.954 0.0000000000
62699  -18.793  -11.074  5.024 0.0000000000
62701  -20.532  -11.466  4.846 0.0000000000
66356  -15.182  -9.039  4.940 0.0000000000
82608  -19.015  5.646  0.762 0.0000000000
81660  -18.381  4.656  0.664 0.0000000000
72310  -17.937  -3.868  -0.135 0.0000000000
72319  -17.630  -3.172  -0.379 0.0000000000
73602  -20.770  -2.104  1.210 0.0000000000
74929  -21.209  -1.541  1.432 0.0000000000
73589  -22.219  -1.863  2.145 0.0000000000
73591  -24.475  -2.012  1.173 0.0000000000
126424  -25.589  -3.001  0.200 0.0000000000
69818  -15.280  -5.640  2.488 0.0000000000
69832  -15.631  -5.295  1.967 0.0000000000
69833  -16.082  -5.608  1.749 0.0000000000
69834  -16.978  -5.748  1.456 0.0000000000
68682  -18.928  -6.118  0.594 0.0000000000
67534  -19.111  -7.342  1.547 0.0000000000
65308  -18.604  -9.135  2.830 0.0000000000
65309  -19.218  -9.143  2.662 0.0000000000
65290  -21.623  -9.740  3.210 0.0000000000
64080  -22.717  -10.526  3.861 0.0000000000
84718  -19.182  7.604  0.615 0.0000000000
85940  -21.076  8.578  -0.560 0.0000000000
83618  -22.850  7.418  -2.105 0.0000000000
82623  -23.449  5.209  -0.657 0.0000000000
82632  -23.623  5.297  -1.247 0.0000000000
77283  -14.286  0.597  -0.755 0.0000000000
78414  -15.118  1.365  -1.307 0.0000000000
78415  -16.273  1.623  -1.315 0.0000000000
78394  -20.020  1.503  1.142 0.0000000000
126457  -24.910  0.531  -1.488 0.0000000000
71032  -25.363  -4.604  1.644 0.0000000000
71017  -25.749  -4.719  2.239 0.0000000000
61312  -16.640  -12.376  7.317 0.0000000000
62655  -17.122  -11.499  6.367 0.0000000000
62672  -16.885  -11.011  6.051 0.0000000000
61345  -17.993  -11.717  5.856 0.0000000000
61347  -19.392  -12.106  5.770 0.0000000000
67496  -14.978  -7.063  3.547 0.0000000000
67515  -16.393  -7.306  2.725 0.0000000000
67498  -16.490  -7.887  3.268 0.0000000000
67499  -17.026  -8.085  3.273 0.0000000000
65285  -17.122  -8.945  3.807 0.0000000000
64052  -18.769  -10.499  4.371 0.0000000000
84717  -18.137  7.550  0.579 0.0000000000
83598  -21.464  6.941  -0.200 0.0000000000
82611  -22.173  5.679  0.210 0.0000000000
81681  -23.312  5.102  -0.325 0.0000000000
81682  -23.770  4.742  -0.469 0.0000000000
74926  -15.361  -2.067  -0.158 0.0000000000
72318  -16.811  -3.017  -0.265 0.0000000000
73607  -16.534  -2.342  -0.596 0.0000000000
74935  -15.847  -1.504  -0.712 0.0000000000
74943  -16.943  -1.409  -1.172 0.0000000000
74944  -17.867  -1.472  -1.457 0.0000000000
76156  -18.188  -0.949  -1.100 0.0000000000
76146  -18.553  -0.451  -0.666 0.0000000000
76132  -19.667  -0.499  0.181 0.0000000000
76110  -22.050  -0.227  1.839 0.0000000000
77246  -24.088  0.243  1.495 0.0000000000
74911  -21.957  -1.158  1.906 0.0000000000
77313  -24.710  -1.471  -3.868 0.0000000000
76164  -24.902  -1.602  -4.141 0.0000000000
76166  -25.440  -1.699  -4.138 0.0000000000
126450  -26.259  -1.991  -3.347 0.0000000000
126429  -26.274  -2.831  -2.400 0.0000000000
68655  -25.096  -6.856  2.418 0.0000000000
60094  -19.155  -13.856  6.963 0.0000000000
60110  -19.000  -13.112  6.647 0.0000000000
72299  -15.447  -4.139  0.846 0.0000000000
71043  -16.173  -4.840  1.246 0.0000000000
71054  -16.640  -4.524  0.643 0.0000000000
71056  -18.410  -4.530  0.285 0.0000000000
71058  -19.835  -4.048  0.650 0.0000000000
71045  -20.954  -4.174  2.156 0.0000000000
71046  -21.551  -3.842  2.480 0.0000000000
71029  -21.906  -4.389  2.530 0.0000000000
71028  -21.150  -4.803  2.130 0.0000000000
69822  -22.299  -5.441  2.596 0.0000000000
69820  -20.308  -5.601  1.791 0.0000000000
66436  -18.563  -7.989  1.472 0.0000000000
66437  -19.207  -8.082  1.599 0.0000000000
67522  -24.445  -7.501  2.739 0.0000000000
66404  -22.978  -8.848  3.137 0.0000000000
80625  -17.187  3.496  0.214 0.0000000000
80603  -18.614  3.421  0.688 0.0000000000
79527  -17.811  2.365  0.252 0.0000000000
79499  -19.163  2.577  0.734 0.0000000000
80606  -21.922  3.723  1.271 0.0000000000
81683  -24.366  3.980  -0.112 0.0000000000
77265  -19.592  0.564  0.037 0.0000000000
78395  -21.251  1.360  1.516 0.0000000000
78396  -22.386  1.744  1.476 0.0000000000
78432  -25.069  1.221  -1.020 0.0000000000
126460  -24.613  1.583  -0.041 0.0000000000
79504  -23.857  2.510  0.735 0.0000000000
80642  -24.634  3.251  -1.619 0.0000000000
80672  -24.581  2.903  -3.846 0.0000000000
72288  -24.681  -3.674  1.485 0.0000000000
65216  -15.403  -9.890  6.030 0.0000000000
64026  -16.117  -10.120  5.428 0.0000000000
64051  -17.695  -10.274  4.603 0.0000000000
64053  -20.130  -10.664  4.415 0.0000000000
61328  -19.692  -12.665  6.215 0.0000000000
61348  -20.345  -12.264  5.559 0.0000000000
62676  -19.916  -11.688  5.346 0.0000000000
61346  -18.535  -11.898  5.870 0.0000000000
61371  -20.438  -11.884  5.197 0.0000000000
67517  -19.731  -7.426  1.919 0.0000000000
68671  -19.766  -6.075  1.648 0.0000000000
69835  -17.592  -5.935  1.055 0.0000000000
69836  -19.277  -5.885  0.752 0.0000000000
71044  -20.381  -4.336  1.111 0.0000000000
71057  -19.161  -4.268  0.480 0.0000000000
72286  -22.920  -3.241  2.526 0.0000000000
72302  -21.995  -3.526  2.635 0.0000000000
72313  -20.140  -3.401  1.018 0.0000000000
72320  -18.162  -3.240  -0.347 0.0000000000
73572  -21.963  -2.384  2.451 0.0000000000
73574  -23.603  -2.378  1.944 0.0000000000
73588  -21.291  -2.262  1.880 0.0000000000
73590  -24.086  -2.272  1.428 0.0000000000
73598  -15.207  -2.614  0.124 0.0000000000
73601  -19.898  -2.404  0.907 0.0000000000
73609  -18.161  -2.670  -0.805 0.0000000000
73615  -17.645  -2.077  -1.266 0.0000000000
73617  -18.587  -1.926  -1.593 0.0000000000
73620  -18.603  -1.954  -1.748 0.0000000000
73621  -18.790  -1.891  -1.807 0.0000000000
74892  -23.361  -1.727  2.027 0.0000000000
74893  -23.459  -1.954  1.963 0.0000000000
74912  -23.025  -1.276  2.117 0.0000000000
74936  -16.608  -1.823  -0.857 0.0000000000
74942  -16.338  -1.039  -1.225 0.0000000000
74945  -18.472  -1.585  -1.492 0.0000000000
74949  -18.476  -1.767  -1.762 0.0000000000
74950  -18.649  -1.717  -1.605 0.0000000000
76112  -23.701  -0.390  1.762 0.0000000000
76134  -21.246  -0.618  1.478 0.0000000000
76135  -24.737  0.145  0.457 0.0000000000
76147  -19.067  -0.596  -0.532 0.0000000000
76155  -17.461  -0.641  -1.107 0.0000000000
76157  -18.660  -0.925  -0.988 0.0000000000
77243  -21.759  0.496  1.688 0.0000000000
77244  -22.600  0.430  1.710 0.0000000000
77266  -20.293  0.440  0.831 0.0000000000
77268  -23.978  1.260  1.332 0.0000000000
77269  -24.458  0.818  0.966 0.0000000000
77284  -15.001  0.262  -1.109 0.0000000000
77287  -18.932  0.126  -0.350 0.0000000000
77299  -16.958  0.222  -1.197 0.0000000000
78372  -21.972  1.182  1.617 0.0000000000
78374  -22.983  0.910  1.490 0.0000000000
78398  -24.225  1.792  0.820 0.0000000000
78431  -16.549  0.825  -1.399 0.0000000000
79498  -18.591  2.528  0.542 0.0000000000
79528  -24.294  2.452  -0.019 0.0000000000
79554  -24.737  2.159  -1.910 0.0000000000
80608  -23.704  3.256  0.683 0.0000000000
80609  -24.140  3.179  0.140 0.0000000000
81666  -24.089  3.641  0.352 0.0000000000
81679  -15.954  4.681  -0.519 0.0000000000
82633  -24.067  5.003  -1.665 0.0000000000
84725  -22.672  7.759  -1.185 0.0000000000
84726  -22.850  7.481  -1.532 0.0000000000
84729  -22.853  8.071  -1.685 0.0000000000
84738  -22.517  7.607  -2.271 0.0000000000
84739  -22.860  7.714  -2.116 0.0000000000
126426  -26.339  -2.681  -2.933 0.0000000000
126435  -26.245  -3.014  -3.054 0.0000000000
126438  -26.111  -2.876  -3.595 0.0000000000
126439  -24.445  -0.188  1.291 0.0000000000
126441  -25.984  -2.758  -3.978 0.0000000000
126444  -25.705  -2.686  -3.865 0.0000000000
126446  -25.542  -3.069  -3.052 0.0000000000
126448  -24.880  -2.284  -3.871 0.0000000000
126449  -25.897  -2.432  -4.093 0.0000000000
126456  -24.594  0.082  -1.959 0.0000000000
