#!ascii label  , from subject A00073545 vox2ras=TkReg
1529
66581  47.439  -12.193  52.961 0.0000000000
60206  40.302  -17.677  74.403 0.0000000000
57738  25.597  -19.641  74.760 0.0000000000
58936  17.653  -18.280  78.276 0.0000000000
56416  34.805  -20.336  79.877 0.0000000000
59098  31.547  -18.294  69.684 0.0000000000
57978  43.455  -19.979  59.450 0.0000000000
126331  59.069  -8.062  56.724 0.0000000000
61497  50.670  -17.163  66.251 0.0000000000
63821  43.596  -14.516  67.546 0.0000000000
61540  38.156  -17.251  62.912 0.0000000000
56433  27.737  -19.365  79.456 0.0000000000
58977  22.033  -18.426  76.165 0.0000000000
60086  23.265  -17.431  81.882 0.0000000000
55286  29.902  -21.440  77.306 0.0000000000
69180  52.839  -11.154  64.373 0.0000000000
62425  41.005  -14.670  79.043 0.0000000000
62499  45.160  -15.506  75.821 0.0000000000
65020  45.438  -13.849  71.017 0.0000000000
62618  41.610  -15.200  70.523 0.0000000000
62707  41.044  -15.185  65.429 0.0000000000
60311  38.284  -17.085  68.125 0.0000000000
56590  26.186  -20.168  67.083 0.0000000000
59162  29.168  -18.009  64.414 0.0000000000
70532  53.618  -9.844  54.392 0.0000000000
65249  55.742  -12.790  55.934 0.0000000000
57806  23.828  -19.814  70.065 0.0000000000
56520  20.141  -20.312  71.025 0.0000000000
58967  37.976  -18.780  76.816 0.0000000000
59058  35.656  -18.456  72.289 0.0000000000
57749  33.458  -19.321  74.899 0.0000000000
57778  28.229  -20.432  72.452 0.0000000000
62789  43.297  -15.441  55.732 0.0000000000
125979  18.881  -17.020  84.313 0.0000000000
57677  14.588  -19.146  80.857 0.0000000000
70475  51.484  -9.223  57.264 0.0000000000
69245  46.888  -11.152  57.253 0.0000000000
61543  46.905  -14.478  61.703 0.0000000000
124785  46.665  -19.093  62.512 0.0000000000
59159  43.782  -18.221  64.597 0.0000000000
124634  48.805  -12.396  70.619 0.0000000000
62683  46.282  -14.829  65.836 0.0000000000
59102  45.312  -18.502  68.721 0.0000000000
59118  43.030  -18.593  67.309 0.0000000000
60332  34.580  -17.927  66.471 0.0000000000
125945  27.379  -18.577  82.842 0.0000000000
60099  24.963  -17.570  80.075 0.0000000000
60073  24.694  -17.419  82.983 0.0000000000
56406  29.365  -20.783  81.559 0.0000000000
61327  40.888  -16.739  76.823 0.0000000000
61347  42.880  -16.744  75.429 0.0000000000
61401  43.244  -15.923  72.873 0.0000000000
60239  40.773  -16.629  72.367 0.0000000000
61443  39.839  -16.634  69.565 0.0000000000
60254  39.113  -17.318  71.534 0.0000000000
55401  23.827  -21.957  66.175 0.0000000000
56627  25.590  -20.752  64.544 0.0000000000
68014  50.907  -10.945  52.771 0.0000000000
66559  52.632  -12.580  54.426 0.0000000000
65282  50.133  -14.078  53.907 0.0000000000
57768  24.740  -19.591  72.957 0.0000000000
56537  21.584  -19.700  70.248 0.0000000000
59052  22.636  -18.643  73.370 0.0000000000
58954  20.091  -18.434  77.122 0.0000000000
57758  19.052  -18.859  74.114 0.0000000000
57760  17.605  -19.616  74.807 0.0000000000
56481  16.213  -20.641  76.167 0.0000000000
58928  37.137  -17.695  78.968 0.0000000000
57699  36.257  -19.605  78.164 0.0000000000
57729  36.016  -19.715  76.140 0.0000000000
56458  34.317  -20.138  77.538 0.0000000000
56464  28.004  -20.620  76.319 0.0000000000
56484  29.494  -20.301  75.016 0.0000000000
56487  27.361  -20.637  74.212 0.0000000000
56518  25.640  -20.601  70.829 0.0000000000
60457  42.837  -17.592  58.221 0.0000000000
59278  44.149  -18.621  56.287 0.0000000000
58010  43.754  -19.725  57.162 0.0000000000
57645  13.822  -19.131  84.426 0.0000000000
65213  47.858  -13.188  58.632 0.0000000000
124726  51.079  -12.750  61.491 0.0000000000
124718  52.277  -14.727  65.663 0.0000000000
124720  51.055  -15.265  64.621 0.0000000000
60384  49.260  -18.087  64.498 0.0000000000
59186  45.813  -18.791  62.878 0.0000000000
60367  47.107  -17.423  63.945 0.0000000000
63769  44.306  -13.990  69.668 0.0000000000
65075  46.195  -13.971  68.856 0.0000000000
63820  44.860  -14.876  67.978 0.0000000000
60324  45.235  -17.280  67.138 0.0000000000
61467  44.658  -16.458  67.256 0.0000000000
59104  44.342  -18.576  68.897 0.0000000000
61486  43.320  -16.427  66.595 0.0000000000
61536  41.278  -16.865  63.317 0.0000000000
59087  33.242  -18.237  70.486 0.0000000000
59106  34.992  -18.177  68.850 0.0000000000
59122  32.870  -18.125  67.761 0.0000000000
60418  31.158  -17.798  62.338 0.0000000000
71784  60.885  -8.630  55.115 0.0000000000
70511  59.264  -10.360  55.839 0.0000000000
57702  26.801  -19.299  76.633 0.0000000000
59001  23.373  -18.737  75.266 0.0000000000
60129  24.677  -17.834  78.258 0.0000000000
61296  22.519  -17.168  78.957 0.0000000000
60115  19.682  -17.744  79.408 0.0000000000
55200  32.717  -21.034  81.394 0.0000000000
56431  32.834  -21.096  78.643 0.0000000000
55254  30.701  -21.568  79.337 0.0000000000
55256  28.679  -20.569  78.563 0.0000000000
69167  50.121  -11.551  62.246 0.0000000000
63794  53.691  -13.576  68.980 0.0000000000
62576  45.456  -14.858  73.385 0.0000000000
63736  43.600  -14.424  71.478 0.0000000000
65053  41.903  -13.723  68.863 0.0000000000
63846  42.711  -14.817  66.423 0.0000000000
63800  40.712  -14.854  68.267 0.0000000000
61488  39.346  -16.365  66.952 0.0000000000
60372  38.092  -17.327  65.282 0.0000000000
57836  28.713  -19.077  68.132 0.0000000000
59125  29.997  -17.986  67.273 0.0000000000
57873  27.974  -19.038  66.417 0.0000000000
70530  56.177  -9.342  54.850 0.0000000000
69287  57.752  -10.710  55.496 0.0000000000
67980  54.573  -11.562  54.663 0.0000000000
59054  20.571  -18.572  73.686 0.0000000000
61309  39.677  -16.596  77.988 0.0000000000
58990  39.033  -18.321  75.250 0.0000000000
60226  37.756  -17.740  73.309 0.0000000000
59018  37.306  -18.569  74.663 0.0000000000
59045  34.275  -18.828  73.332 0.0000000000
59061  32.519  -18.816  72.562 0.0000000000
56473  31.773  -20.280  76.144 0.0000000000
57764  31.013  -19.611  73.269 0.0000000000
57790  30.312  -19.042  71.456 0.0000000000
57804  27.588  -19.972  70.501 0.0000000000
56554  24.962  -20.586  69.081 0.0000000000
63967  44.602  -13.886  54.261 0.0000000000
62807  47.783  -15.580  54.076 0.0000000000
61604  45.614  -16.621  54.941 0.0000000000
125970  20.253  -17.541  83.417 0.0000000000
126024  17.751  -17.609  80.616 0.0000000000
60074  16.168  -17.124  82.297 0.0000000000
58922  15.783  -18.512  78.981 0.0000000000
126310  55.843  -8.071  57.517 0.0000000000
70516  52.425  -9.342  55.311 0.0000000000
70558  49.018  -9.822  53.937 0.0000000000
67984  46.027  -10.857  54.985 0.0000000000
66520  44.880  -12.463  56.519 0.0000000000
63910  44.527  -14.443  59.810 0.0000000000
61551  44.684  -16.314  60.707 0.0000000000
124752  49.986  -13.435  63.401 0.0000000000
59197  46.834  -17.506  61.994 0.0000000000
57954  45.011  -19.591  60.675 0.0000000000
124800  42.889  -19.815  62.809 0.0000000000
124815  42.592  -20.641  64.733 0.0000000000
63841  50.725  -14.252  67.694 0.0000000000
66321  46.770  -12.389  70.593 0.0000000000
66393  48.131  -12.596  67.483 0.0000000000
63885  47.829  -15.103  65.041 0.0000000000
61501  44.826  -16.570  64.742 0.0000000000
57883  45.013  -18.755  66.601 0.0000000000
61516  42.276  -16.641  64.719 0.0000000000
60283  37.088  -17.453  69.674 0.0000000000
60313  36.499  -17.587  67.744 0.0000000000
60374  36.387  -17.580  64.654 0.0000000000
60357  31.607  -17.421  65.057 0.0000000000
60398  34.079  -17.272  63.439 0.0000000000
60072  26.350  -18.076  82.770 0.0000000000
60063  25.945  -16.900  83.140 0.0000000000
60188  40.414  -17.636  75.436 0.0000000000
60165  41.993  -16.911  75.688 0.0000000000
60205  41.378  -17.311  74.124 0.0000000000
60222  41.659  -16.896  73.221 0.0000000000
60223  40.540  -17.189  73.378 0.0000000000
60253  39.968  -16.822  71.378 0.0000000000
60240  39.709  -17.027  72.493 0.0000000000
66593  48.868  -11.704  52.733 0.0000000000
66578  50.507  -12.541  53.405 0.0000000000
65295  48.773  -13.291  53.236 0.0000000000
57755  25.500  -19.928  73.773 0.0000000000
57769  24.037  -19.315  73.158 0.0000000000
59026  24.421  -19.218  74.375 0.0000000000
58955  19.262  -18.362  77.282 0.0000000000
59006  18.733  -18.633  75.830 0.0000000000
58982  17.597  -18.784  76.637 0.0000000000
57741  16.602  -20.129  75.918 0.0000000000
58983  16.929  -18.967  76.823 0.0000000000
56388  35.012  -19.594  80.730 0.0000000000
57683  35.676  -19.349  80.220 0.0000000000
57689  36.552  -18.984  79.278 0.0000000000
57691  35.846  -19.909  78.624 0.0000000000
57700  35.650  -19.813  77.950 0.0000000000
56442  34.465  -20.362  78.426 0.0000000000
57736  27.129  -20.106  75.729 0.0000000000
56478  27.389  -20.508  75.159 0.0000000000
57754  26.190  -20.111  74.441 0.0000000000
56489  26.024  -20.419  73.173 0.0000000000
59231  43.476  -18.683  58.767 0.0000000000
59246  43.226  -18.750  57.733 0.0000000000
57997  43.471  -19.799  58.281 0.0000000000
69229  48.701  -11.388  59.556 0.0000000000
124745  50.852  -12.263  60.194 0.0000000000
124735  49.775  -12.886  61.151 0.0000000000
62697  51.869  -16.230  65.915 0.0000000000
63884  51.412  -16.535  64.916 0.0000000000
60363  50.367  -18.014  65.605 0.0000000000
59157  48.509  -18.188  64.381 0.0000000000
60345  49.269  -17.700  65.299 0.0000000000
63797  44.158  -14.209  68.636 0.0000000000
63796  45.305  -14.253  68.799 0.0000000000
62664  44.653  -15.529  67.413 0.0000000000
62665  43.991  -15.585  67.141 0.0000000000
61468  43.952  -16.415  67.136 0.0000000000
62685  43.358  -15.740  66.608 0.0000000000
59088  32.092  -18.298  70.665 0.0000000000
59097  32.615  -18.163  69.648 0.0000000000
59109  32.201  -18.174  68.721 0.0000000000
71772  60.375  -8.786  55.983 0.0000000000
71774  58.937  -9.443  56.025 0.0000000000
125928  26.812  -18.705  78.353 0.0000000000
58949  25.987  -18.580  77.406 0.0000000000
61278  25.739  -17.997  78.899 0.0000000000
60114  23.982  -17.267  79.589 0.0000000000
126010  22.800  -16.974  80.044 0.0000000000
126037  20.713  -17.577  79.078 0.0000000000
126009  22.074  -17.211  80.620 0.0000000000
55201  31.735  -21.083  81.879 0.0000000000
55218  32.089  -21.442  81.079 0.0000000000
55219  31.045  -21.498  81.460 0.0000000000
125921  27.932  -19.390  81.215 0.0000000000
56418  28.745  -20.437  80.732 0.0000000000
57701  27.448  -19.577  77.369 0.0000000000
62476  44.021  -15.303  76.726 0.0000000000
124631  44.786  -14.022  76.760 0.0000000000
62516  45.756  -14.296  75.823 0.0000000000
124626  46.141  -14.048  75.023 0.0000000000
62538  45.604  -15.161  74.768 0.0000000000
61418  42.656  -15.800  72.324 0.0000000000
62579  43.189  -15.430  72.409 0.0000000000
62617  42.305  -14.941  70.991 0.0000000000
63754  42.461  -14.408  70.296 0.0000000000
63755  41.720  -14.538  69.883 0.0000000000
63799  41.109  -14.378  68.244 0.0000000000
62631  40.739  -15.322  69.288 0.0000000000
61444  39.270  -16.842  69.037 0.0000000000
61453  39.744  -16.328  68.557 0.0000000000
61470  38.820  -16.757  67.487 0.0000000000
61489  38.758  -16.779  66.592 0.0000000000
60328  38.122  -17.146  67.219 0.0000000000
57837  27.463  -19.783  68.673 0.0000000000
57855  27.735  -19.375  67.425 0.0000000000
57874  26.997  -19.576  66.517 0.0000000000
70531  54.850  -9.677  54.559 0.0000000000
69309  55.312  -10.490  54.478 0.0000000000
69310  54.222  -10.624  54.258 0.0000000000
65279  52.876  -13.431  54.684 0.0000000000
57839  23.137  -20.006  68.574 0.0000000000
56557  22.247  -20.028  68.852 0.0000000000
58976  22.999  -18.453  76.152 0.0000000000
59028  22.550  -18.548  74.376 0.0000000000
59003  21.346  -18.478  75.432 0.0000000000
57772  18.570  -19.636  73.508 0.0000000000
57785  18.893  -19.805  72.797 0.0000000000
58944  37.989  -18.240  78.163 0.0000000000
60125  38.050  -17.121  78.814 0.0000000000
60169  38.702  -18.001  77.256 0.0000000000
60168  39.454  -17.666  76.715 0.0000000000
58966  38.896  -18.355  76.242 0.0000000000
59017  38.293  -18.312  74.598 0.0000000000
58991  38.129  -18.671  75.549 0.0000000000
57748  34.438  -19.293  75.066 0.0000000000
59020  34.909  -18.829  74.367 0.0000000000
59021  33.905  -19.085  74.176 0.0000000000
59060  33.561  -18.720  72.421 0.0000000000
59022  32.959  -19.075  74.153 0.0000000000
56445  31.490  -21.027  77.619 0.0000000000
56444  32.593  -20.738  77.777 0.0000000000
56461  31.215  -20.676  76.714 0.0000000000
56494  28.797  -20.521  74.002 0.0000000000
57753  29.827  -20.139  74.429 0.0000000000
57765  29.716  -20.192  73.608 0.0000000000
57776  30.006  -19.646  72.506 0.0000000000
57791  29.159  -19.590  71.679 0.0000000000
57803  28.139  -19.785  70.799 0.0000000000
56531  27.647  -20.264  71.502 0.0000000000
56519  24.966  -20.386  70.502 0.0000000000
56534  25.350  -20.618  69.962 0.0000000000
56555  24.345  -20.151  68.898 0.0000000000
63945  43.956  -14.482  55.096 0.0000000000
62809  45.524  -15.534  54.426 0.0000000000
62788  44.285  -15.681  54.872 0.0000000000
59276  46.049  -18.736  56.086 0.0000000000
125969  19.091  -17.629  83.834 0.0000000000
125972  18.222  -17.523  82.153 0.0000000000
125975  18.262  -17.609  83.635 0.0000000000
58883  14.494  -17.869  82.682 0.0000000000
58896  14.747  -18.063  81.396 0.0000000000
60100  15.704  -17.849  80.662 0.0000000000
58908  14.808  -18.475  80.475 0.0000000000
57684  15.179  -19.410  79.231 0.0000000000
56420  14.715  -19.743  80.415 0.0000000000
126303  57.008  -8.214  58.358 0.0000000000
70472  53.336  -9.164  57.270 0.0000000000
70474  52.157  -9.245  57.108 0.0000000000
70535  50.693  -9.358  54.659 0.0000000000
70518  50.325  -9.125  55.874 0.0000000000
69289  46.912  -10.287  56.418 0.0000000000
70539  46.935  -9.770  54.960 0.0000000000
67960  46.123  -11.056  55.924 0.0000000000
66541  45.215  -11.885  55.892 0.0000000000
66501  46.288  -12.531  57.448 0.0000000000
62731  48.302  -13.376  60.960 0.0000000000
65182  46.685  -13.505  59.574 0.0000000000
62737  45.815  -14.457  61.048 0.0000000000
62742  44.714  -15.078  60.442 0.0000000000
61544  45.738  -15.603  61.384 0.0000000000
69165  52.099  -10.846  63.665 0.0000000000
69166  50.867  -12.344  62.867 0.0000000000
124743  51.049  -12.604  63.617 0.0000000000
124762  49.296  -17.318  63.679 0.0000000000
60424  49.217  -15.527  63.324 0.0000000000
124780  47.643  -18.054  62.209 0.0000000000
124786  46.321  -19.034  61.884 0.0000000000
124792  44.933  -19.664  61.680 0.0000000000
124790  44.977  -19.310  62.308 0.0000000000
124795  43.912  -18.176  63.705 0.0000000000
124791  43.865  -18.769  63.175 0.0000000000
57897  43.332  -19.268  64.695 0.0000000000
56611  43.757  -19.930  65.893 0.0000000000
65114  49.823  -12.330  68.051 0.0000000000
63733  45.853  -13.662  72.077 0.0000000000
65005  46.370  -12.708  71.988 0.0000000000
65019  45.981  -13.449  71.015 0.0000000000
63818  46.425  -14.384  67.441 0.0000000000
66383  47.137  -13.128  68.178 0.0000000000
65116  47.452  -13.503  66.962 0.0000000000
65129  48.232  -13.827  66.341 0.0000000000
63868  47.038  -14.497  65.665 0.0000000000
62717  46.516  -15.634  64.490 0.0000000000
62703  45.861  -15.334  65.048 0.0000000000
59130  45.587  -18.091  67.676 0.0000000000
59131  45.368  -18.222  66.896 0.0000000000
57850  45.538  -19.074  68.033 0.0000000000
56587  45.150  -20.184  67.820 0.0000000000
57831  45.328  -19.200  68.842 0.0000000000
57815  45.208  -19.612  69.391 0.0000000000
59117  43.817  -18.151  67.977 0.0000000000
57833  43.907  -19.555  69.420 0.0000000000
63870  41.892  -14.843  65.866 0.0000000000
62705  42.749  -15.629  65.718 0.0000000000
62719  42.080  -15.866  64.521 0.0000000000
60371  41.662  -17.762  64.288 0.0000000000
60243  37.128  -17.844  72.722 0.0000000000
60256  37.061  -17.820  71.603 0.0000000000
60257  36.462  -17.975  71.239 0.0000000000
59135  34.333  -18.204  67.305 0.0000000000
59119  35.225  -18.071  68.304 0.0000000000
60331  35.543  -17.798  66.532 0.0000000000
60352  36.400  -17.670  65.726 0.0000000000
60353  35.455  -17.648  65.563 0.0000000000
59138  29.508  -17.970  66.377 0.0000000000
60318  30.912  -17.645  66.718 0.0000000000
60358  30.740  -17.485  64.867 0.0000000000
60400  32.179  -17.403  63.299 0.0000000000
60414  34.825  -17.344  62.498 0.0000000000
66537  56.457  -12.250  55.979 0.0000000000
67956  57.710  -11.686  55.931 0.0000000000
62806  48.766  -15.455  54.269 0.0000000000
125922  27.712  -19.030  82.009 0.0000000000
60098  25.871  -17.904  80.449 0.0000000000
60085  26.345  -18.439  81.777 0.0000000000
58895  25.050  -17.740  82.047 0.0000000000
125923  28.028  -19.024  82.645 0.0000000000
61285  41.003  -15.603  78.087 0.0000000000
62450  41.986  -14.937  78.033 0.0000000000
62478  42.259  -15.275  77.497 0.0000000000
61305  43.372  -15.872  76.552 0.0000000000
61323  44.266  -16.016  75.635 0.0000000000
61345  44.441  -15.957  74.982 0.0000000000
61383  42.866  -16.503  73.563 0.0000000000
61402  42.239  -16.446  72.700 0.0000000000
61420  41.059  -16.205  71.606 0.0000000000
61442  40.481  -16.055  69.850 0.0000000000
61421  40.497  -16.421  71.158 0.0000000000
60280  39.638  -16.930  70.240 0.0000000000
60282  38.085  -17.248  69.780 0.0000000000
55381  24.937  -21.056  66.686 0.0000000000
56604  25.510  -20.587  66.427 0.0000000000
55422  24.541  -21.780  65.259 0.0000000000
69331  52.049  -10.591  53.309 0.0000000000
67999  52.888  -11.250  53.719 0.0000000000
67983  51.733  -11.928  53.676 0.0000000000
66560  51.613  -12.616  54.127 0.0000000000
57794  23.806  -19.562  71.209 0.0000000000
57821  22.692  -19.631  69.492 0.0000000000
57795  22.804  -19.141  71.547 0.0000000000
59077  22.243  -18.929  71.772 0.0000000000
59078  21.718  -18.811  71.890 0.0000000000
58953  20.915  -18.422  77.012 0.0000000000
59004  20.454  -18.529  75.558 0.0000000000
59005  19.590  -18.593  75.687 0.0000000000
59032  18.816  -18.607  74.955 0.0000000000
56480  16.674  -20.701  75.478 0.0000000000
58929  37.083  -18.581  78.710 0.0000000000
58945  37.324  -18.933  77.767 0.0000000000
58968  37.211  -19.238  76.922 0.0000000000
57713  36.130  -19.655  77.248 0.0000000000
57714  35.222  -19.945  77.010 0.0000000000
57731  33.876  -19.692  75.692 0.0000000000
55287  29.155  -21.337  76.873 0.0000000000
56463  29.492  -20.987  76.178 0.0000000000
55295  28.719  -20.856  76.053 0.0000000000
56486  28.115  -20.716  74.618 0.0000000000
56495  28.021  -20.710  73.745 0.0000000000
56516  27.103  -20.637  71.727 0.0000000000
56497  26.590  -20.703  72.933 0.0000000000
57779  25.552  -20.316  72.248 0.0000000000
62774  42.492  -15.756  57.213 0.0000000000
61585  43.015  -16.621  56.008 0.0000000000
60469  42.990  -17.863  57.187 0.0000000000
58023  43.925  -19.191  56.624 0.0000000000
58873  14.109  -17.977  84.119 0.0000000000
57668  14.336  -19.258  81.953 0.0000000000
56409  14.789  -20.015  80.989 0.0000000000
56397  15.134  -20.358  81.960 0.0000000000
69244  47.627  -11.146  57.908 0.0000000000
66500  47.331  -12.604  57.790 0.0000000000
67907  49.448  -12.432  59.032 0.0000000000
66454  49.967  -13.302  60.865 0.0000000000
65157  49.193  -13.310  61.575 0.0000000000
124715  52.802  -12.520  65.803 0.0000000000
67847  51.689  -12.884  64.419 0.0000000000
124719  51.809  -15.146  65.133 0.0000000000
124747  50.189  -16.924  64.313 0.0000000000
59184  48.319  -18.480  63.223 0.0000000000
124779  47.059  -19.346  62.895 0.0000000000
57910  47.459  -19.098  63.615 0.0000000000
59172  46.732  -18.692  63.485 0.0000000000
61526  45.356  -17.288  63.501 0.0000000000
63768  45.150  -14.052  69.987 0.0000000000
65036  45.965  -13.607  70.209 0.0000000000
65076  45.690  -13.947  69.416 0.0000000000
63795  46.170  -14.350  68.215 0.0000000000
62662  46.087  -14.896  66.826 0.0000000000
62684  45.656  -15.437  66.098 0.0000000000
62663  45.404  -15.486  67.152 0.0000000000
61466  45.021  -16.404  67.164 0.0000000000
60294  45.144  -17.704  68.449 0.0000000000
59103  45.107  -18.537  68.932 0.0000000000
60309  44.586  -17.391  67.682 0.0000000000
60310  43.693  -17.181  67.159 0.0000000000
59132  43.120  -17.743  66.945 0.0000000000
62721  40.407  -15.721  64.662 0.0000000000
62726  41.203  -15.974  64.023 0.0000000000
61537  40.799  -16.557  63.073 0.0000000000
60409  40.586  -17.387  62.684 0.0000000000
57912  40.350  -18.925  63.005 0.0000000000
59072  34.881  -18.360  71.325 0.0000000000
59085  35.129  -18.091  70.262 0.0000000000
60272  33.973  -18.284  69.966 0.0000000000
59107  34.069  -18.287  68.776 0.0000000000
59137  33.045  -17.946  66.905 0.0000000000
60380  30.613  -17.554  63.922 0.0000000000
59189  30.001  -18.377  62.035 0.0000000000
71771  60.784  -8.153  55.612 0.0000000000
70509  60.534  -9.789  55.358 0.0000000000
69285  59.818  -10.842  55.353 0.0000000000
58973  26.197  -19.114  76.227 0.0000000000
59000  24.637  -19.086  75.149 0.0000000000
58974  25.289  -18.723  76.259 0.0000000000
58951  24.270  -18.205  76.944 0.0000000000
60153  23.092  -17.789  77.521 0.0000000000
60113  25.116  -17.670  79.083 0.0000000000
60130  23.463  -17.507  78.455 0.0000000000
60154  22.231  -17.886  77.513 0.0000000000
60133  21.142  -17.755  78.227 0.0000000000
60134  20.443  -17.863  78.248 0.0000000000
60136  18.825  -18.070  78.717 0.0000000000
56405  34.004  -20.454  80.480 0.0000000000
56430  33.740  -20.847  79.081 0.0000000000
55234  33.223  -21.317  80.133 0.0000000000
55253  31.987  -21.567  79.212 0.0000000000
55271  30.348  -21.440  78.144 0.0000000000
55237  30.060  -21.252  80.687 0.0000000000
55255  29.293  -20.973  79.272 0.0000000000
55272  29.207  -21.259  77.975 0.0000000000
55273  28.356  -20.599  77.656 0.0000000000
57718  27.287  -19.882  76.351 0.0000000000
57956  42.696  -20.223  60.408 0.0000000000
56718  43.087  -20.925  58.789 0.0000000000
57980  42.112  -20.719  59.920 0.0000000000
69164  53.318  -11.219  65.435 0.0000000000
65112  53.611  -12.632  66.755 0.0000000000
63813  53.640  -13.588  67.335 0.0000000000
62680  51.995  -15.498  67.275 0.0000000000
63705  46.295  -14.022  74.201 0.0000000000
63720  45.474  -14.387  72.697 0.0000000000
61381  44.579  -15.551  73.692 0.0000000000
63721  44.738  -14.673  72.305 0.0000000000
63735  44.524  -14.276  71.571 0.0000000000
63752  44.350  -14.017  70.719 0.0000000000
63770  43.264  -13.818  69.436 0.0000000000
65077  43.030  -13.742  68.082 0.0000000000
65099  41.980  -13.798  67.751 0.0000000000
63823  41.460  -14.249  67.454 0.0000000000
62687  40.492  -15.151  66.309 0.0000000000
61452  40.313  -16.056  69.088 0.0000000000
62666  40.194  -15.318  67.292 0.0000000000
62708  40.077  -15.662  65.642 0.0000000000
61518  39.551  -16.256  64.998 0.0000000000
61519  38.866  -16.934  64.563 0.0000000000
60394  38.112  -17.404  64.389 0.0000000000
57817  29.446  -18.907  69.073 0.0000000000
59111  30.145  -18.467  68.355 0.0000000000
59112  29.471  -18.555  67.870 0.0000000000
59126  29.124  -18.510  67.154 0.0000000000
59151  28.578  -18.372  65.122 0.0000000000
57888  26.738  -19.574  65.315 0.0000000000
57900  27.315  -19.195  64.572 0.0000000000
126326  58.213  -8.145  56.839 0.0000000000
70513  57.733  -9.174  55.380 0.0000000000
70529  56.750  -9.866  55.081 0.0000000000
67978  56.235  -11.174  55.203 0.0000000000
66539  54.987  -12.442  55.864 0.0000000000
66558  53.730  -12.538  54.813 0.0000000000
66540  54.254  -12.783  55.424 0.0000000000
59027  23.675  -18.947  74.130 0.0000000000
59053  21.668  -18.481  73.577 0.0000000000
57783  20.356  -19.060  72.115 0.0000000000
59055  19.874  -18.655  74.118 0.0000000000
57784  19.542  -19.581  72.309 0.0000000000
61286  40.150  -15.852  78.411 0.0000000000
60145  40.032  -17.035  77.187 0.0000000000
60167  40.277  -17.398  76.337 0.0000000000
58989  39.796  -18.096  74.949 0.0000000000
59040  38.858  -17.686  73.827 0.0000000000
59041  38.345  -17.825  73.934 0.0000000000
59042  37.576  -18.064  73.912 0.0000000000
59043  36.576  -18.223  73.416 0.0000000000
59019  36.110  -18.785  74.667 0.0000000000
59044  35.348  -18.578  73.409 0.0000000000
59059  34.602  -18.603  72.356 0.0000000000
59074  32.805  -18.426  71.582 0.0000000000
59075  31.589  -18.732  71.727 0.0000000000
56443  33.553  -20.529  78.124 0.0000000000
57716  33.183  -19.949  76.304 0.0000000000
57732  32.905  -19.635  75.526 0.0000000000
56474  30.962  -20.279  75.957 0.0000000000
57733  31.856  -19.739  75.435 0.0000000000
59023  32.342  -19.227  74.163 0.0000000000
59048  31.647  -19.320  73.249 0.0000000000
57789  30.959  -18.989  71.694 0.0000000000
57801  30.232  -18.834  70.763 0.0000000000
57802  29.548  -19.115  70.415 0.0000000000
57818  28.465  -19.416  69.516 0.0000000000
56573  26.806  -20.135  68.715 0.0000000000
56533  26.178  -20.674  70.245 0.0000000000
56553  25.797  -20.615  69.237 0.0000000000
56591  25.459  -20.560  67.391 0.0000000000
56592  24.729  -20.730  67.433 0.0000000000
65298  45.717  -12.894  53.431 0.0000000000
63980  47.005  -13.964  53.307 0.0000000000
63965  46.319  -14.696  53.797 0.0000000000
60504  45.276  -17.278  55.436 0.0000000000
60484  46.511  -17.931  56.065 0.0000000000
55574  43.530  -21.586  58.104 0.0000000000
61240  25.023  -16.090  83.440 0.0000000000
60064  24.034  -16.910  83.630 0.0000000000
126003  23.218  -17.298  83.576 0.0000000000
126004  21.781  -17.095  83.734 0.0000000000
126029  21.214  -17.459  82.726 0.0000000000
126028  20.574  -17.320  80.684 0.0000000000
60116  18.611  -17.991  80.048 0.0000000000
60137  17.986  -18.001  78.928 0.0000000000
125981  16.806  -17.166  83.885 0.0000000000
126018  16.879  -17.361  81.617 0.0000000000
126019  16.894  -17.569  80.778 0.0000000000
58937  16.741  -18.317  78.387 0.0000000000
58938  15.909  -18.920  77.953 0.0000000000
126330  58.119  -7.834  57.542 0.0000000000
71761  57.014  -8.092  56.480 0.0000000000
71775  56.046  -8.468  55.921 0.0000000000
71787  54.399  -9.197  55.060 0.0000000000
126296  55.458  -7.957  59.380 0.0000000000
126300  54.179  -8.960  56.913 0.0000000000
70515  53.283  -9.392  55.143 0.0000000000
70555  51.925  -9.799  53.628 0.0000000000
69333  50.352  -10.178  53.187 0.0000000000
69335  48.310  -10.400  53.182 0.0000000000
70519  49.121  -9.287  55.691 0.0000000000
70559  48.081  -9.672  53.962 0.0000000000
66582  46.380  -12.025  53.330 0.0000000000
66583  45.382  -12.026  53.981 0.0000000000
65268  44.223  -13.300  55.032 0.0000000000
65251  43.748  -13.907  56.622 0.0000000000
65214  46.911  -13.202  58.232 0.0000000000
65216  44.397  -13.821  58.538 0.0000000000
63924  43.203  -14.552  58.085 0.0000000000
62757  43.094  -15.035  59.087 0.0000000000
60441  43.534  -17.048  59.650 0.0000000000
60440  44.124  -17.616  59.936 0.0000000000
124727  50.729  -12.801  61.694 0.0000000000
124725  50.674  -12.780  61.933 0.0000000000
124770  49.038  -13.642  62.302 0.0000000000
60425  47.267  -15.361  62.213 0.0000000000
60426  46.089  -16.856  61.312 0.0000000000
59211  45.827  -18.279  60.845 0.0000000000
57977  44.319  -19.483  59.969 0.0000000000
57955  43.742  -20.016  60.494 0.0000000000
57938  42.623  -19.945  61.356 0.0000000000
124810  42.957  -19.666  63.836 0.0000000000
63816  51.879  -14.533  69.429 0.0000000000
62682  50.672  -15.767  66.938 0.0000000000
66320  47.728  -12.060  70.428 0.0000000000
66351  46.442  -13.098  70.027 0.0000000000
124665  47.660  -12.369  68.596 0.0000000000
124639  48.699  -12.271  69.549 0.0000000000
63842  49.582  -13.620  67.328 0.0000000000
63866  49.208  -14.469  66.475 0.0000000000
62700  49.411  -15.985  65.929 0.0000000000
61512  48.081  -16.707  64.615 0.0000000000
61514  45.793  -16.228  64.228 0.0000000000
60368  44.425  -17.195  64.302 0.0000000000
61485  44.857  -16.676  65.686 0.0000000000
59145  44.642  -18.184  66.250 0.0000000000
59146  44.037  -18.245  65.506 0.0000000000
56599  44.407  -20.122  66.454 0.0000000000
59093  44.682  -19.091  69.249 0.0000000000
56550  44.322  -20.581  70.698 0.0000000000
62686  43.069  -15.288  66.374 0.0000000000
61487  42.983  -16.674  66.200 0.0000000000
60327  42.768  -17.284  66.165 0.0000000000
61527  41.983  -16.922  64.234 0.0000000000
59147  41.884  -18.137  65.440 0.0000000000
60255  38.156  -17.510  71.561 0.0000000000
60269  37.566  -17.540  70.636 0.0000000000
60296  37.696  -17.283  68.858 0.0000000000
60285  35.418  -18.013  69.377 0.0000000000
60297  36.748  -17.550  68.708 0.0000000000
60312  37.447  -17.382  67.927 0.0000000000
60351  37.269  -17.526  65.977 0.0000000000
60373  37.326  -17.672  64.937 0.0000000000
60395  37.529  -17.462  63.691 0.0000000000
59124  30.962  -17.882  67.678 0.0000000000
60316  32.450  -17.764  67.188 0.0000000000
60334  32.656  -17.623  66.290 0.0000000000
60379  31.459  -17.418  64.099 0.0000000000
60378  32.359  -17.330  64.242 0.0000000000
60376  34.300  -17.380  64.429 0.0000000000
60397  35.124  -17.298  63.483 0.0000000000
60413  35.930  -17.321  62.493 0.0000000000
70512  58.532  -10.127  55.624 0.0000000000
69265  59.154  -10.949  55.669 0.0000000000
66534  59.242  -11.857  55.334 0.0000000000
63978  48.905  -14.042  53.592 0.0000000000
60187  41.221  -17.292  75.079 0.0000000000
60224  39.436  -17.521  73.586 0.0000000000
66580  48.543  -12.361  52.858 0.0000000000
66592  49.217  -12.026  52.788 0.0000000000
57756  24.479  -19.328  73.769 0.0000000000
57739  24.953  -19.395  74.363 0.0000000000
58956  18.324  -18.380  77.684 0.0000000000
58981  18.561  -18.548  76.642 0.0000000000
58957  17.273  -18.587  77.509 0.0000000000
56404  34.883  -19.996  80.462 0.0000000000
56403  35.228  -19.621  80.481 0.0000000000
56415  35.485  -19.678  80.027 0.0000000000
56427  35.839  -19.663  79.614 0.0000000000
56428  35.557  -20.133  79.285 0.0000000000
56441  35.276  -20.182  78.577 0.0000000000
56429  34.716  -20.570  79.183 0.0000000000
57737  26.492  -19.946  75.248 0.0000000000
70400  48.928  -10.955  61.997 0.0000000000
61495  51.743  -16.159  66.434 0.0000000000
61508  50.976  -17.590  65.509 0.0000000000
60362  50.818  -17.761  65.960 0.0000000000
60344  49.786  -17.910  65.792 0.0000000000
63845  43.376  -15.141  66.811 0.0000000000
73033  59.613  -7.977  56.887 0.0000000000
71760  59.546  -8.669  56.399 0.0000000000
126335  58.756  -8.646  56.227 0.0000000000
125940  26.088  -18.303  78.442 0.0000000000
61277  26.281  -18.226  79.255 0.0000000000
56375  31.844  -20.601  81.961 0.0000000000
55202  30.876  -21.161  82.195 0.0000000000
62475  44.768  -15.405  76.244 0.0000000000
63651  44.311  -14.401  77.034 0.0000000000
63677  45.110  -14.830  76.271 0.0000000000
124625  45.196  -14.588  76.303 0.0000000000
63676  45.362  -14.870  76.070 0.0000000000
62517  45.678  -14.954  75.344 0.0000000000
62518  45.401  -15.398  75.351 0.0000000000
62599  41.988  -15.388  71.276 0.0000000000
62630  41.232  -14.978  69.789 0.0000000000
62619  40.940  -15.506  70.040 0.0000000000
60295  38.577  -17.076  68.983 0.0000000000
61454  39.027  -16.768  68.317 0.0000000000
57856  26.886  -19.861  67.754 0.0000000000
57820  23.455  -19.761  69.021 0.0000000000
57840  22.820  -19.888  68.809 0.0000000000
59002  22.308  -18.551  75.332 0.0000000000
56509  18.413  -20.538  72.970 0.0000000000
56446  30.646  -21.213  77.215 0.0000000000
56502  28.551  -20.561  73.359 0.0000000000
57766  29.002  -20.422  73.417 0.0000000000
57777  28.890  -20.270  72.726 0.0000000000
57792  28.287  -20.147  71.915 0.0000000000
57805  24.479  -20.158  70.315 0.0000000000
56535  24.575  -20.283  69.754 0.0000000000
56536  24.055  -19.937  69.323 0.0000000000
56556  23.923  -19.888  68.842 0.0000000000
63946  43.462  -14.469  56.001 0.0000000000
125973  19.808  -17.353  84.153 0.0000000000
125971  18.963  -17.474  83.401 0.0000000000
57685  14.694  -19.289  80.014 0.0000000000
126306  57.385  -7.240  59.884 0.0000000000
126304  56.589  -7.874  60.299 0.0000000000
71737  52.179  -9.141  57.939 0.0000000000
71736  52.835  -9.177  57.587 0.0000000000
70497  51.413  -9.218  56.480 0.0000000000
70498  50.806  -9.183  56.874 0.0000000000
69267  46.624  -10.816  56.537 0.0000000000
67937  46.395  -11.497  56.793 0.0000000000
66518  46.565  -12.098  57.315 0.0000000000
62736  47.116  -13.774  61.180 0.0000000000
69181  52.413  -11.171  63.817 0.0000000000
124775  48.221  -18.076  62.579 0.0000000000
124799  43.573  -18.657  64.275 0.0000000000
56622  43.435  -19.571  65.359 0.0000000000
57896  43.592  -18.975  65.314 0.0000000000
65117  46.825  -13.976  67.218 0.0000000000
63844  46.766  -14.312  66.586 0.0000000000
63843  47.387  -14.158  66.210 0.0000000000
62702  46.674  -14.956  64.990 0.0000000000
59115  45.509  -18.274  68.372 0.0000000000
57814  45.336  -19.567  69.154 0.0000000000
57832  45.163  -19.027  69.029 0.0000000000
57853  43.172  -19.305  68.264 0.0000000000
62706  41.981  -15.254  65.207 0.0000000000
62720  41.274  -15.606  64.594 0.0000000000
59057  36.496  -18.209  72.114 0.0000000000
59070  36.479  -18.075  71.542 0.0000000000
59071  35.915  -18.140  71.227 0.0000000000
60315  34.943  -18.103  67.150 0.0000000000
60354  34.468  -17.606  65.435 0.0000000000
59150  29.261  -17.939  65.422 0.0000000000
60337  30.066  -17.659  65.604 0.0000000000
60359  29.920  -17.671  64.664 0.0000000000
66516  56.081  -12.565  55.908 0.0000000000
65248  56.148  -12.892  56.006 0.0000000000
125924  27.263  -18.670  82.283 0.0000000000
125927  26.883  -18.453  82.603 0.0000000000
58882  25.389  -17.805  82.399 0.0000000000
125932  28.054  -18.760  82.997 0.0000000000
61307  41.499  -15.923  77.285 0.0000000000
61325  42.722  -16.466  76.216 0.0000000000
61324  43.532  -16.246  75.902 0.0000000000
61346  43.644  -16.318  75.163 0.0000000000
61366  42.938  -16.693  74.549 0.0000000000
61384  42.259  -16.720  73.229 0.0000000000
60238  41.533  -16.585  72.654 0.0000000000
61403  41.496  -16.354  72.253 0.0000000000
60252  40.544  -16.506  71.633 0.0000000000
60267  39.363  -17.154  70.701 0.0000000000
60281  39.102  -17.210  69.812 0.0000000000
60268  38.582  -17.420  70.653 0.0000000000
55399  25.085  -21.230  65.846 0.0000000000
55400  24.469  -21.579  66.078 0.0000000000
68000  52.206  -11.319  53.495 0.0000000000
68001  51.203  -11.499  53.111 0.0000000000
65293  50.540  -13.121  53.732 0.0000000000
66561  50.941  -12.836  53.822 0.0000000000
65281  50.800  -13.572  54.060 0.0000000000
57780  24.897  -19.926  71.916 0.0000000000
57781  23.759  -19.306  72.330 0.0000000000
59051  23.407  -19.013  73.072 0.0000000000
57782  23.102  -19.055  72.197 0.0000000000
59064  22.621  -18.840  72.377 0.0000000000
59065  21.771  -18.632  72.687 0.0000000000
58979  20.283  -18.560  76.362 0.0000000000
58980  19.434  -18.543  76.490 0.0000000000
59007  17.979  -18.797  75.982 0.0000000000
59033  17.965  -18.909  75.195 0.0000000000
57759  18.129  -19.337  74.311 0.0000000000
56491  17.348  -20.524  74.697 0.0000000000
57721  16.486  -19.674  76.507 0.0000000000
55296  16.563  -21.653  76.223 0.0000000000
55297  15.988  -21.151  76.580 0.0000000000
60107  36.172  -17.893  79.937 0.0000000000
57698  36.736  -19.232  78.432 0.0000000000
57712  36.751  -19.361  77.544 0.0000000000
56457  35.002  -19.967  77.934 0.0000000000
57730  34.913  -19.828  75.880 0.0000000000
57715  34.176  -20.002  76.574 0.0000000000
55288  28.473  -20.901  76.527 0.0000000000
56477  28.285  -20.696  75.659 0.0000000000
56496  27.291  -20.741  73.364 0.0000000000
57767  25.476  -20.142  72.777 0.0000000000
60458  42.574  -16.919  57.956 0.0000000000
60488  42.823  -17.195  56.703 0.0000000000
60470  42.626  -17.103  57.419 0.0000000000
59260  43.544  -18.648  56.867 0.0000000000
58022  44.559  -19.666  56.459 0.0000000000
58009  44.233  -20.174  56.825 0.0000000000
57657  14.039  -19.077  83.284 0.0000000000
56382  14.759  -20.051  82.973 0.0000000000
67919  48.213  -12.003  58.193 0.0000000000
67887  50.200  -12.270  58.973 0.0000000000
124734  50.912  -12.827  61.147 0.0000000000
67875  51.144  -12.900  60.135 0.0000000000
67860  51.157  -12.875  61.148 0.0000000000
66437  50.056  -13.178  61.250 0.0000000000
124733  50.481  -13.022  61.512 0.0000000000
65113  52.628  -13.452  65.971 0.0000000000
124714  51.671  -14.264  65.378 0.0000000000
61522  50.218  -17.663  64.628 0.0000000000
124742  50.900  -16.862  64.723 0.0000000000
61523  49.760  -17.772  64.481 0.0000000000
60385  49.210  -17.931  64.041 0.0000000000
57923  48.000  -19.137  63.612 0.0000000000
59170  48.444  -18.628  64.053 0.0000000000
60386  47.433  -18.039  63.988 0.0000000000
59171  47.511  -18.630  63.879 0.0000000000
60387  46.725  -17.830  63.664 0.0000000000
60388  45.872  -17.814  63.384 0.0000000000
63819  45.745  -14.732  67.754 0.0000000000
60308  45.243  -17.407  67.867 0.0000000000
60326  43.167  -17.043  66.628 0.0000000000
61530  39.829  -16.334  63.644 0.0000000000
61529  40.778  -16.119  63.585 0.0000000000
59187  40.310  -18.153  62.426 0.0000000000
59176  40.758  -18.137  62.980 0.0000000000
59073  33.870  -18.545  71.405 0.0000000000
59086  34.149  -18.299  70.435 0.0000000000
60273  33.691  -18.255  70.022 0.0000000000
59108  33.166  -18.220  68.730 0.0000000000
59121  33.788  -18.310  67.924 0.0000000000
71773  59.626  -9.467  55.935 0.0000000000
70510  59.923  -10.081  55.478 0.0000000000
70493  59.573  -10.686  55.516 0.0000000000
58933  25.331  -18.172  77.920 0.0000000000
58950  24.804  -18.305  77.101 0.0000000000
60151  24.670  -18.106  77.638 0.0000000000
60176  23.502  -18.126  76.856 0.0000000000
60152  24.078  -17.983  77.458 0.0000000000
61264  25.720  -17.826  79.803 0.0000000000
61295  23.206  -17.159  79.257 0.0000000000
60131  22.571  -17.541  78.166 0.0000000000
60155  21.438  -18.023  77.571 0.0000000000
60132  21.881  -17.647  78.108 0.0000000000
60135  19.781  -17.860  78.527 0.0000000000
57664  33.175  -19.936  81.471 0.0000000000
56390  33.413  -20.312  81.191 0.0000000000
55199  33.328  -20.900  80.862 0.0000000000
55233  33.590  -21.136  80.062 0.0000000000
55217  32.952  -21.302  80.728 0.0000000000
55236  31.393  -21.518  80.342 0.0000000000
55235  32.466  -21.440  80.185 0.0000000000
55270  31.311  -21.427  78.492 0.0000000000
56393  29.498  -20.562  82.262 0.0000000000
55220  30.135  -21.202  81.889 0.0000000000
57719  26.750  -19.620  75.959 0.0000000000
57979  42.584  -20.552  59.870 0.0000000000
69146  53.786  -11.569  66.347 0.0000000000
65093  54.697  -12.713  68.416 0.0000000000
65095  54.512  -13.227  67.701 0.0000000000
63792  53.952  -13.455  68.224 0.0000000000
62659  52.565  -14.845  67.594 0.0000000000
63815  53.026  -14.499  68.778 0.0000000000
63669  42.420  -14.812  77.856 0.0000000000
62556  45.899  -14.606  74.600 0.0000000000
63706  45.872  -14.400  73.471 0.0000000000
61382  43.915  -15.777  73.497 0.0000000000
61364  44.715  -15.656  74.258 0.0000000000
62597  43.471  -14.938  72.173 0.0000000000
62578  43.950  -15.238  72.817 0.0000000000
63722  44.030  -14.568  72.190 0.0000000000
63771  42.176  -13.932  69.481 0.0000000000
65052  42.702  -13.685  68.770 0.0000000000
63798  43.404  -13.912  68.467 0.0000000000
65098  42.712  -13.869  67.698 0.0000000000
65078  42.328  -13.664  68.249 0.0000000000
63824  40.722  -14.760  67.755 0.0000000000
63848  40.880  -14.626  66.894 0.0000000000
61469  39.412  -16.358  67.743 0.0000000000
62646  39.820  -15.848  67.865 0.0000000000
62667  39.696  -15.936  67.285 0.0000000000
62688  39.832  -15.770  66.581 0.0000000000
61504  39.438  -16.335  66.056 0.0000000000
60350  38.062  -17.206  66.266 0.0000000000
61505  38.805  -16.835  65.614 0.0000000000
57835  29.429  -18.742  68.372 0.0000000000
57854  28.431  -18.918  66.987 0.0000000000
57872  28.355  -18.844  66.546 0.0000000000
59139  28.652  -18.527  66.222 0.0000000000
59140  28.132  -18.775  65.636 0.0000000000
56616  25.585  -20.674  65.467 0.0000000000
56603  26.052  -19.972  65.982 0.0000000000
56615  26.076  -20.112  64.936 0.0000000000
57901  26.619  -19.650  64.280 0.0000000000
59152  27.966  -18.790  64.831 0.0000000000
70514  56.774  -8.642  55.511 0.0000000000
67979  55.547  -11.287  54.883 0.0000000000
67958  55.707  -11.773  55.530 0.0000000000
67959  55.056  -11.889  55.257 0.0000000000
67982  52.415  -11.886  53.955 0.0000000000
67981  53.431  -11.604  54.186 0.0000000000
65278  53.726  -13.378  55.154 0.0000000000
57822  22.144  -19.576  70.068 0.0000000000
56558  21.587  -20.092  69.473 0.0000000000
59029  21.515  -18.442  74.528 0.0000000000
59066  20.908  -18.676  72.823 0.0000000000
59031  19.729  -18.520  74.850 0.0000000000
59030  20.583  -18.473  74.704 0.0000000000
57771  19.471  -19.078  73.297 0.0000000000
60105  37.010  -16.750  79.582 0.0000000000
60124  38.885  -16.891  78.349 0.0000000000
61288  38.514  -16.489  78.842 0.0000000000
61287  39.157  -16.060  78.811 0.0000000000
60189  39.660  -17.948  75.818 0.0000000000
59016  39.153  -17.920  74.387 0.0000000000
58993  36.193  -19.335  75.442 0.0000000000
58992  37.040  -19.253  75.806 0.0000000000
56460  32.278  -20.349  76.836 0.0000000000
57717  32.428  -20.049  76.006 0.0000000000
56475  30.017  -20.459  75.637 0.0000000000
57752  30.476  -19.759  74.275 0.0000000000
57734  30.770  -19.705  75.176 0.0000000000
57751  31.598  -19.403  74.272 0.0000000000
57763  31.624  -19.343  73.557 0.0000000000
57775  30.988  -19.350  72.165 0.0000000000
59076  30.923  -18.793  71.422 0.0000000000
57819  27.545  -19.873  69.955 0.0000000000
56552  26.727  -20.292  69.419 0.0000000000
56505  26.502  -20.717  72.132 0.0000000000
56517  26.380  -20.646  71.247 0.0000000000
56575  25.292  -20.585  68.294 0.0000000000
63982  45.207  -13.567  53.729 0.0000000000
63981  46.011  -13.786  53.471 0.0000000000
63966  45.335  -14.427  53.920 0.0000000000
62787  44.974  -16.160  54.827 0.0000000000
61627  46.330  -16.205  54.550 0.0000000000
61584  43.809  -17.047  55.678 0.0000000000
60486  44.547  -17.720  55.796 0.0000000000
60483  47.468  -17.925  56.245 0.0000000000
55553  43.020  -21.740  58.550 0.0000000000
61241  24.249  -16.383  83.627 0.0000000000
125998  22.913  -16.855  83.860 0.0000000000
125999  22.516  -16.996  83.822 0.0000000000
126032  20.707  -17.482  82.909 0.0000000000
126033  20.690  -17.433  82.376 0.0000000000
125996  16.059  -16.990  83.322 0.0000000000
125984  15.597  -17.035  84.501 0.0000000000
125978  17.188  -17.303  82.843 0.0000000000
60119  15.686  -18.161  79.766 0.0000000000
60118  16.254  -17.904  79.769 0.0000000000
58921  16.464  -18.024  79.113 0.0000000000
57692  15.446  -19.491  78.327 0.0000000000
126332  58.632  -6.757  58.146 0.0000000000
126324  57.901  -7.865  57.763 0.0000000000
126314  57.750  -7.785  58.181 0.0000000000
71762  56.308  -8.174  56.593 0.0000000000
71776  54.928  -8.741  56.018 0.0000000000
71707  53.722  -8.642  58.383 0.0000000000
70473  52.756  -9.296  56.937 0.0000000000
70495  53.181  -9.330  56.253 0.0000000000
70533  52.633  -9.559  54.380 0.0000000000
70534  51.706  -9.378  54.463 0.0000000000
70557  50.019  -9.720  53.860 0.0000000000
69334  49.434  -10.146  53.166 0.0000000000
71778  49.463  -9.138  56.318 0.0000000000
69313  46.578  -10.250  54.623 0.0000000000
70538  47.552  -9.616  54.752 0.0000000000
69337  46.602  -10.434  54.116 0.0000000000
69336  47.089  -10.129  53.876 0.0000000000
68006  46.171  -10.985  53.960 0.0000000000
68007  45.710  -11.474  54.119 0.0000000000
66542  44.596  -12.448  55.506 0.0000000000
65250  44.193  -13.126  56.130 0.0000000000
65233  44.683  -13.239  57.344 0.0000000000
66488  47.974  -13.015  58.331 0.0000000000
65196  47.435  -13.349  58.972 0.0000000000
65183  45.593  -13.721  59.704 0.0000000000
65198  45.302  -13.567  58.990 0.0000000000
65199  44.793  -13.927  59.379 0.0000000000
63917  44.220  -14.260  59.257 0.0000000000
63919  42.994  -14.909  58.613 0.0000000000
63911  43.945  -14.680  59.552 0.0000000000
62743  44.120  -15.824  60.260 0.0000000000
61552  43.760  -16.469  60.016 0.0000000000
124755  50.515  -13.203  63.597 0.0000000000
57953  45.899  -18.970  61.330 0.0000000000
59212  44.996  -18.661  60.006 0.0000000000
124796  43.889  -19.860  61.361 0.0000000000
56642  41.716  -20.413  62.187 0.0000000000
63817  50.763  -13.295  69.763 0.0000000000
63840  51.544  -14.752  68.283 0.0000000000
66300  47.607  -12.073  71.580 0.0000000000
65050  46.142  -13.664  69.576 0.0000000000
66370  46.732  -13.239  68.975 0.0000000000
124670  47.515  -13.007  67.787 0.0000000000
65115  48.735  -13.301  67.006 0.0000000000
63867  48.033  -14.499  65.626 0.0000000000
62701  48.770  -15.162  65.756 0.0000000000
62715  48.417  -15.803  65.237 0.0000000000
62714  49.003  -16.498  65.481 0.0000000000
61515  45.030  -16.766  63.756 0.0000000000
61484  45.162  -16.333  66.450 0.0000000000
60325  44.851  -17.316  66.397 0.0000000000
57884  44.425  -19.181  66.261 0.0000000000
57868  44.777  -19.734  66.675 0.0000000000
56570  45.329  -20.641  68.460 0.0000000000
59116  44.667  -17.934  68.518 0.0000000000
59092  45.008  -19.248  69.254 0.0000000000
56571  43.873  -20.227  69.902 0.0000000000
62718  42.518  -16.126  65.061 0.0000000000
61503  42.710  -16.544  65.559 0.0000000000
60348  42.314  -17.442  65.342 0.0000000000
62732  41.264  -16.538  63.504 0.0000000000
62725  41.505  -16.337  63.935 0.0000000000
61528  41.616  -16.798  63.776 0.0000000000
59148  41.388  -18.495  64.887 0.0000000000
60349  41.869  -17.826  64.887 0.0000000000
60225  38.501  -17.587  73.292 0.0000000000
60241  38.791  -17.426  72.496 0.0000000000
60242  37.877  -17.600  72.498 0.0000000000
59094  34.949  -18.139  69.526 0.0000000000
60271  35.780  -17.937  70.032 0.0000000000
60314  35.545  -17.877  67.570 0.0000000000
60298  35.668  -17.889  68.608 0.0000000000
60329  37.291  -17.394  66.967 0.0000000000
60330  36.405  -17.594  66.740 0.0000000000
60396  36.257  -17.360  63.540 0.0000000000
59110  31.183  -18.202  68.661 0.0000000000
60335  31.716  -17.473  66.037 0.0000000000
60317  31.760  -17.541  67.009 0.0000000000
60356  32.520  -17.400  65.232 0.0000000000
60402  30.529  -17.822  63.032 0.0000000000
60401  31.314  -17.573  63.182 0.0000000000
60399  33.093  -17.170  63.379 0.0000000000
60377  33.307  -17.277  64.351 0.0000000000
60431  35.526  -17.472  61.594 0.0000000000
71795  61.040  -8.567  54.152 0.0000000000
69288  56.909  -10.515  55.283 0.0000000000
67955  58.752  -11.569  55.630 0.0000000000
63964  47.375  -14.798  53.704 0.0000000000
63979  48.031  -14.025  53.420 0.0000000000
63963  48.397  -14.784  53.774 0.0000000000
60166  41.113  -17.118  75.990 0.0000000000
61326  41.799  -16.537  76.492 0.0000000000
60186  42.133  -17.077  74.814 0.0000000000
60204  42.212  -16.932  73.954 0.0000000000
68016  49.517  -11.446  52.654 0.0000000000
68002  50.158  -11.901  52.894 0.0000000000
68003  49.615  -11.996  52.816 0.0000000000
66579  49.527  -12.523  53.090 0.0000000000
65294  49.852  -13.492  53.587 0.0000000000
57757  23.898  -19.145  73.549 0.0000000000
57740  17.184  -19.540  75.677 0.0000000000
57720  17.052  -19.224  76.392 0.0000000000
57673  35.834  -19.044  80.498 0.0000000000
58915  36.103  -18.333  80.071 0.0000000000
57682  35.952  -19.150  79.993 0.0000000000
57690  36.218  -19.649  79.073 0.0000000000
56465  27.645  -20.392  75.960 0.0000000000
56479  26.787  -20.407  74.587 0.0000000000
56488  26.538  -20.479  73.793 0.0000000000
60450  43.314  -17.554  59.193 0.0000000000
56732  43.732  -20.697  57.825 0.0000000000
63863  52.244  -15.449  65.844 0.0000000000
63864  51.918  -16.107  65.270 0.0000000000
62698  51.409  -16.781  65.404 0.0000000000
61509  50.484  -17.944  64.973 0.0000000000
59169  48.964  -18.230  64.469 0.0000000000
60364  49.544  -18.170  65.016 0.0000000000
59156  48.966  -18.153  64.686 0.0000000000
60366  47.828  -17.638  64.313 0.0000000000
73045  60.677  -7.564  55.981 0.0000000000
125946  25.503  -18.086  78.333 0.0000000000
126025  21.688  -17.398  78.749 0.0000000000
126011  21.685  -17.008  79.681 0.0000000000
56391  32.370  -20.527  81.797 0.0000000000
56407  28.501  -20.056  81.965 0.0000000000
62448  43.705  -14.923  77.142 0.0000000000
63652  43.770  -14.482  77.404 0.0000000000
124630  44.152  -13.921  77.505 0.0000000000
62536  45.965  -14.416  75.069 0.0000000000
62537  45.846  -14.690  75.055 0.0000000000
62557  45.766  -14.898  74.051 0.0000000000
61400  43.687  -15.658  73.065 0.0000000000
62598  42.725  -15.165  71.725 0.0000000000
63737  42.883  -14.582  71.026 0.0000000000
65054  41.568  -13.906  68.827 0.0000000000
63772  41.316  -14.297  69.120 0.0000000000
63773  40.792  -14.844  68.676 0.0000000000
71786  55.286  -8.997  55.178 0.0000000000
65280  51.820  -13.458  54.519 0.0000000000
57809  21.414  -19.499  70.760 0.0000000000
60147  38.602  -17.559  78.049 0.0000000000
60146  39.253  -17.336  77.603 0.0000000000
57747  35.461  -19.339  75.243 0.0000000000
59046  33.253  -18.943  73.350 0.0000000000
56432  32.055  -21.257  78.300 0.0000000000
56493  29.342  -20.361  74.386 0.0000000000
57735  30.060  -19.956  74.937 0.0000000000
56532  27.128  -20.262  70.703 0.0000000000
56576  24.535  -20.391  68.185 0.0000000000
56577  23.637  -20.160  68.264 0.0000000000
62810  44.702  -14.819  54.477 0.0000000000
59277  45.051  -18.749  55.933 0.0000000000
58021  45.641  -19.607  56.159 0.0000000000
60056  14.624  -17.302  84.818 0.0000000000
60066  15.280  -17.097  83.740 0.0000000000
58923  15.143  -18.496  79.747 0.0000000000
75367  57.408  -7.447  59.750 0.0000000000
126313  56.908  -7.966  59.748 0.0000000000
70496  52.236  -9.273  56.269 0.0000000000
70517  51.470  -9.250  55.495 0.0000000000
70536  49.630  -9.429  54.771 0.0000000000
70499  48.630  -9.329  56.282 0.0000000000
70520  48.174  -9.497  55.686 0.0000000000
70521  47.225  -9.824  55.808 0.0000000000
69290  46.510  -10.365  55.660 0.0000000000
67961  45.632  -11.425  55.383 0.0000000000
67938  45.787  -11.541  56.163 0.0000000000
66519  45.767  -12.054  56.780 0.0000000000
66502  45.478  -12.612  57.196 0.0000000000
65181  47.700  -13.437  59.680 0.0000000000
65170  46.905  -13.526  60.103 0.0000000000
65171  46.240  -13.626  60.113 0.0000000000
63905  45.082  -14.265  60.166 0.0000000000
62748  44.154  -14.906  59.883 0.0000000000
62741  45.308  -14.465  60.528 0.0000000000
62738  45.304  -15.175  60.981 0.0000000000
61550  45.399  -16.622  61.082 0.0000000000
59174  44.687  -18.228  63.165 0.0000000000
124805  43.043  -19.759  64.584 0.0000000000
124811  43.078  -20.525  65.388 0.0000000000
56612  43.292  -19.968  65.347 0.0000000000
55411  43.511  -20.538  65.770 0.0000000000
124661  50.565  -12.666  69.111 0.0000000000
63719  46.111  -13.594  72.989 0.0000000000
64991  47.102  -12.749  73.218 0.0000000000
65097  46.735  -13.729  67.926 0.0000000000
65096  47.175  -13.322  67.688 0.0000000000
65130  47.752  -13.975  66.255 0.0000000000
63886  47.378  -14.840  65.102 0.0000000000
62716  47.452  -15.544  64.589 0.0000000000
61500  45.309  -16.034  65.356 0.0000000000
57866  45.510  -18.664  67.454 0.0000000000
57867  45.267  -19.324  67.109 0.0000000000
56586  45.429  -19.725  68.065 0.0000000000
56569  45.414  -20.002  68.650 0.0000000000
55357  45.634  -21.017  69.017 0.0000000000
56549  45.333  -20.158  70.560 0.0000000000
57852  43.747  -18.781  68.752 0.0000000000
57834  43.142  -19.815  69.069 0.0000000000
63869  42.358  -15.107  65.766 0.0000000000
59175  41.120  -18.037  63.394 0.0000000000
60392  41.418  -17.458  63.559 0.0000000000
59160  41.260  -18.221  63.978 0.0000000000
60270  36.452  -17.782  70.558 0.0000000000
59120  34.697  -18.222  67.970 0.0000000000
59105  35.282  -18.067  68.578 0.0000000000
60375  35.336  -17.445  64.520 0.0000000000
60319  30.246  -17.699  66.381 0.0000000000
60336  30.872  -17.543  65.794 0.0000000000
60417  31.978  -17.540  62.412 0.0000000000
60415  33.813  -17.363  62.507 0.0000000000
67957  56.694  -11.585  55.723 0.0000000000
61625  48.174  -16.228  54.613 0.0000000000
125934  26.322  -18.250  82.537 0.0000000000
56394  28.964  -19.795  82.539 0.0000000000
62452  40.624  -15.155  78.782 0.0000000000
62479  41.633  -15.319  77.864 0.0000000000
61306  42.481  -15.899  76.875 0.0000000000
62477  43.144  -15.224  77.207 0.0000000000
61304  44.159  -15.837  76.213 0.0000000000
61303  44.719  -15.790  75.921 0.0000000000
61322  44.935  -15.812  75.464 0.0000000000
61365  43.765  -16.180  74.344 0.0000000000
60221  42.245  -16.792  73.483 0.0000000000
61419  41.928  -15.871  71.887 0.0000000000
61432  41.458  -15.715  71.212 0.0000000000
61433  40.849  -15.952  70.700 0.0000000000
61434  40.162  -16.588  70.492 0.0000000000
60266  39.757  -16.891  70.688 0.0000000000
55421  25.134  -21.280  64.987 0.0000000000
54177  24.162  -22.241  65.193 0.0000000000
54196  24.298  -22.479  64.512 0.0000000000
70554  52.738  -10.010  53.714 0.0000000000
69311  53.418  -10.669  53.840 0.0000000000
69330  52.778  -10.657  53.551 0.0000000000
66577  51.223  -12.310  53.614 0.0000000000
57807  22.905  -19.412  70.500 0.0000000000
57808  22.099  -19.381  70.734 0.0000000000
57796  21.839  -19.123  71.312 0.0000000000
57797  20.857  -19.313  71.314 0.0000000000
58952  21.743  -18.279  76.911 0.0000000000
58978  21.138  -18.479  76.248 0.0000000000
56499  17.919  -20.518  73.909 0.0000000000
58914  36.555  -18.167  79.534 0.0000000000
57728  36.654  -19.449  76.723 0.0000000000
56462  30.222  -21.055  76.489 0.0000000000
56476  29.110  -20.725  75.689 0.0000000000
56485  28.844  -20.555  74.899 0.0000000000
56503  28.010  -20.692  72.906 0.0000000000
56515  27.737  -20.522  72.194 0.0000000000
56504  27.208  -20.762  72.551 0.0000000000
56498  25.986  -20.546  72.516 0.0000000000
56506  25.737  -20.527  71.741 0.0000000000
56507  25.186  -20.300  71.181 0.0000000000
57793  24.533  -20.038  70.879 0.0000000000
62773  42.656  -15.803  56.452 0.0000000000
61586  42.534  -16.502  56.854 0.0000000000
60487  43.495  -17.698  56.310 0.0000000000
58866  14.171  -17.675  84.596 0.0000000000
67920  47.133  -11.779  57.576 0.0000000000
66499  48.508  -12.703  58.279 0.0000000000
66487  49.104  -13.081  59.060 0.0000000000
67886  50.699  -12.162  59.160 0.0000000000
66474  50.249  -12.863  59.169 0.0000000000
124764  49.258  -13.212  59.836 0.0000000000
124763  48.582  -13.357  60.070 0.0000000000
61535  48.103  -13.689  61.756 0.0000000000
124724  51.681  -15.839  64.871 0.0000000000
124732  51.128  -16.311  64.643 0.0000000000
59185  46.643  -19.165  63.218 0.0000000000
59173  45.785  -18.390  63.124 0.0000000000
60390  44.321  -17.890  63.520 0.0000000000
60369  44.085  -17.700  63.993 0.0000000000
65037  45.535  -13.815  70.505 0.0000000000
60293  45.412  -17.961  68.577 0.0000000000
62727  40.732  -15.892  64.038 0.0000000000
60408  41.077  -17.144  63.061 0.0000000000
60393  41.035  -17.624  63.086 0.0000000000
59095  34.313  -18.241  69.642 0.0000000000
59096  33.538  -18.246  69.575 0.0000000000
59136  33.696  -18.153  67.080 0.0000000000
59177  29.145  -18.209  63.406 0.0000000000
60381  29.862  -17.868  63.715 0.0000000000
60419  30.394  -18.135  62.210 0.0000000000
60436  31.026  -18.112  61.686 0.0000000000
71785  60.637  -9.195  55.413 0.0000000000
70528  60.741  -9.455  55.160 0.0000000000
69283  60.680  -10.206  55.186 0.0000000000
69284  60.332  -10.687  55.194 0.0000000000
67953  60.073  -11.103  55.226 0.0000000000
65265  56.283  -13.461  55.803 0.0000000000
58999  25.774  -19.313  75.547 0.0000000000
58975  24.138  -18.378  76.291 0.0000000000
60177  22.610  -18.162  76.856 0.0000000000
61265  25.591  -17.825  79.421 0.0000000000
60156  20.666  -18.123  77.666 0.0000000000
60157  19.913  -18.130  77.802 0.0000000000
60158  19.213  -18.134  77.993 0.0000000000
58935  18.199  -18.226  78.409 0.0000000000
56389  34.370  -19.817  80.804 0.0000000000
56417  34.002  -20.834  79.848 0.0000000000
55251  33.534  -21.142  79.750 0.0000000000
55252  32.987  -21.301  79.498 0.0000000000
56447  27.959  -20.499  76.888 0.0000000000
56448  27.685  -20.250  76.568 0.0000000000
56699  42.886  -20.635  59.391 0.0000000000
56719  42.702  -21.202  59.100 0.0000000000
70384  50.182  -10.895  63.447 0.0000000000
70398  53.229  -10.458  64.664 0.0000000000
124708  52.990  -12.828  66.218 0.0000000000
63838  53.239  -13.533  66.662 0.0000000000
63839  52.766  -14.413  66.704 0.0000000000
62679  52.179  -15.537  66.636 0.0000000000
61480  51.923  -15.903  66.801 0.0000000000
61481  51.560  -16.060  66.784 0.0000000000
63734  45.283  -14.074  71.659 0.0000000000
61344  45.161  -15.685  74.900 0.0000000000
62539  45.337  -15.330  74.273 0.0000000000
62558  45.093  -15.316  73.698 0.0000000000
62577  44.974  -15.156  72.950 0.0000000000
63751  45.055  -14.049  70.906 0.0000000000
63753  43.463  -14.118  70.477 0.0000000000
63822  42.404  -14.216  67.199 0.0000000000
65100  41.514  -14.026  67.954 0.0000000000
63847  41.778  -14.469  66.609 0.0000000000
63871  41.203  -14.751  66.168 0.0000000000
62645  40.366  -15.437  68.353 0.0000000000
59099  30.426  -18.621  69.619 0.0000000000
57887  27.511  -19.149  65.555 0.0000000000
59163  28.481  -18.463  64.140 0.0000000000
69308  56.211  -10.457  54.814 0.0000000000
66538  55.901  -12.257  55.829 0.0000000000
66557  54.528  -12.282  55.222 0.0000000000
56579  21.793  -20.705  68.577 0.0000000000
59079  21.085  -18.801  72.130 0.0000000000
57798  19.999  -19.666  71.603 0.0000000000
57770  20.122  -18.915  72.818 0.0000000000
61272  38.188  -15.999  79.611 0.0000000000
62453  39.827  -15.366  79.212 0.0000000000
61308  40.550  -16.303  77.625 0.0000000000
60207  39.667  -17.769  74.239 0.0000000000
60227  37.235  -17.915  73.361 0.0000000000
59089  30.879  -18.548  70.746 0.0000000000
56459  33.349  -20.194  77.207 0.0000000000
57750  32.535  -19.366  74.743 0.0000000000
59047  32.216  -19.149  73.499 0.0000000000
59062  31.684  -19.194  72.733 0.0000000000
59090  30.262  -18.766  70.389 0.0000000000
57838  26.838  -20.040  68.383 0.0000000000
56574  26.260  -20.368  68.300 0.0000000000
55382  24.214  -21.269  66.760 0.0000000000
56593  23.921  -20.722  67.392 0.0000000000
65297  46.673  -13.029  53.096 0.0000000000
65296  47.737  -13.182  53.021 0.0000000000
62808  46.742  -15.566  54.102 0.0000000000
61606  43.694  -16.333  55.380 0.0000000000
61605  44.576  -16.707  55.242 0.0000000000
60485  45.584  -17.953  55.790 0.0000000000
60503  46.107  -17.328  55.488 0.0000000000
60502  47.043  -17.307  55.699 0.0000000000
55573  44.270  -21.531  57.392 0.0000000000
125991  22.088  -16.767  83.919 0.0000000000
125976  17.651  -17.397  83.218 0.0000000000
125977  17.160  -17.316  82.425 0.0000000000
126008  16.362  -17.417  81.308 0.0000000000
60117  17.244  -17.777  79.509 0.0000000000
60138  17.392  -18.021  78.738 0.0000000000
58958  16.428  -18.974  77.345 0.0000000000
57703  15.948  -19.632  77.130 0.0000000000
57704  15.663  -19.590  77.614 0.0000000000
56419  15.045  -20.389  79.872 0.0000000000
73013  58.861  -7.325  57.525 0.0000000000
126315  57.134  -8.173  57.647 0.0000000000
71788  53.822  -9.391  55.045 0.0000000000
126297  56.116  -7.893  60.443 0.0000000000
71777  53.981  -9.222  55.737 0.0000000000
69332  51.182  -10.414  53.088 0.0000000000
70556  50.990  -9.691  53.719 0.0000000000
69345  50.559  -10.656  52.830 0.0000000000
69346  49.894  -10.667  52.733 0.0000000000
68017  48.855  -11.240  52.687 0.0000000000
68004  48.232  -11.413  52.822 0.0000000000
71738  50.862  -9.030  57.833 0.0000000000
70537  48.599  -9.524  54.775 0.0000000000
68005  47.187  -11.113  53.160 0.0000000000
65283  44.637  -13.097  54.235 0.0000000000
66562  45.097  -11.876  54.940 0.0000000000
66563  44.711  -12.519  54.589 0.0000000000
65269  43.825  -13.826  55.750 0.0000000000
65231  46.642  -12.873  57.757 0.0000000000
65232  45.925  -12.936  57.741 0.0000000000
65197  46.258  -13.429  58.953 0.0000000000
65215  45.572  -13.320  58.308 0.0000000000
65234  43.704  -14.029  57.641 0.0000000000
63930  42.913  -14.830  56.982 0.0000000000
63925  42.722  -15.104  58.010 0.0000000000
62765  42.520  -15.764  57.967 0.0000000000
61559  42.729  -16.105  59.056 0.0000000000
62749  43.508  -15.412  59.665 0.0000000000
62750  42.900  -15.871  59.317 0.0000000000
61567  42.888  -17.056  58.849 0.0000000000
60449  43.726  -18.210  59.352 0.0000000000
59230  44.127  -18.835  59.453 0.0000000000
124744  49.893  -13.085  62.121 0.0000000000
124756  48.753  -13.495  61.953 0.0000000000
60407  47.787  -14.243  62.083 0.0000000000
60439  45.206  -17.460  60.640 0.0000000000
124657  52.934  -13.700  69.550 0.0000000000
62660  52.124  -14.971  68.228 0.0000000000
62681  51.470  -15.334  67.527 0.0000000000
61482  51.032  -16.432  66.757 0.0000000000
65004  49.288  -12.584  71.940 0.0000000000
124652  46.683  -12.673  70.111 0.0000000000
124653  46.921  -12.555  69.711 0.0000000000
124650  47.108  -12.336  70.088 0.0000000000
124643  47.522  -12.218  69.772 0.0000000000
63865  50.061  -15.350  66.644 0.0000000000
62699  50.175  -16.229  66.407 0.0000000000
61498  50.085  -17.085  66.098 0.0000000000
61499  49.440  -17.090  65.593 0.0000000000
61511  48.787  -16.996  65.202 0.0000000000
61513  47.054  -16.543  64.139 0.0000000000
61524  46.496  -16.977  63.812 0.0000000000
61525  45.839  -17.115  63.666 0.0000000000
60347  44.108  -17.739  64.764 0.0000000000
60346  44.429  -17.371  65.412 0.0000000000
56598  44.802  -20.134  66.983 0.0000000000
57816  44.808  -19.780  69.714 0.0000000000
62704  43.136  -15.957  66.220 0.0000000000
61502  43.023  -16.209  66.022 0.0000000000
59133  42.359  -18.341  66.289 0.0000000000
61517  41.875  -16.496  64.217 0.0000000000
60391  41.769  -17.227  64.040 0.0000000000
60370  42.009  -17.285  64.549 0.0000000000
59084  35.804  -17.994  70.516 0.0000000000
60284  36.174  -17.764  69.486 0.0000000000
59123  31.897  -17.884  67.861 0.0000000000
60333  33.650  -17.817  66.251 0.0000000000
60355  33.481  -17.524  65.332 0.0000000000
60412  37.222  -17.283  62.456 0.0000000000
69286  58.583  -10.935  55.733 0.0000000000
70494  59.361  -10.813  55.602 0.0000000000
69264  59.509  -11.091  55.456 0.0000000000
67933  59.624  -11.301  55.355 0.0000000000
65247  56.789  -13.061  56.331 0.0000000000
63962  49.443  -14.551  53.968 0.0000000000
55216  33.510  -21.044  80.371 0.0000000000
55294  28.977  -21.052  76.254 0.0000000000
55390  44.423  -20.497  66.756 0.0000000000
55554  42.586  -21.610  58.999 0.0000000000
56392  31.654  -20.680  82.076 0.0000000000
56414  35.796  -19.525  79.858 0.0000000000
56449  15.678  -20.026  77.313 0.0000000000
56700  42.387  -21.091  59.494 0.0000000000
57681  36.346  -18.693  79.758 0.0000000000
57851  45.397  -19.579  67.772 0.0000000000
57909  47.866  -19.024  63.857 0.0000000000
57911  47.089  -19.208  63.446 0.0000000000
57924  47.473  -19.249  63.325 0.0000000000
58874  13.908  -18.041  84.515 0.0000000000
58934  25.103  -18.204  77.672 0.0000000000
58959  15.957  -19.244  77.474 0.0000000000
58998  26.325  -19.490  75.731 0.0000000000
59015  39.743  -17.900  74.501 0.0000000000
59063  23.222  -19.030  72.504 0.0000000000
59134  41.647  -18.682  65.711 0.0000000000
59158  47.931  -18.352  64.208 0.0000000000
60175  24.014  -18.141  76.885 0.0000000000
60286  33.797  -18.285  69.790 0.0000000000
60287  33.597  -18.265  69.824 0.0000000000
60299  35.346  -18.043  68.936 0.0000000000
60342  50.776  -17.525  66.091 0.0000000000
60343  50.428  -17.770  66.088 0.0000000000
60365  48.725  -17.745  64.791 0.0000000000
60389  44.859  -17.577  63.440 0.0000000000
60420  29.918  -18.298  62.346 0.0000000000
61363  45.256  -15.479  74.558 0.0000000000
61483  50.539  -16.613  66.462 0.0000000000
61496  51.215  -16.937  66.125 0.0000000000
61510  49.881  -18.016  64.731 0.0000000000
61545  45.069  -15.555  60.918 0.0000000000
61558  43.066  -16.514  59.355 0.0000000000
61568  42.649  -16.496  58.508 0.0000000000
61576  42.485  -16.426  57.649 0.0000000000
62449  43.417  -14.786  77.369 0.0000000000
62474  45.220  -15.210  76.027 0.0000000000
62498  45.486  -15.071  75.743 0.0000000000
62555  45.903  -14.527  74.838 0.0000000000
62559  44.517  -15.420  73.331 0.0000000000
62661  51.782  -14.913  68.423 0.0000000000
62712  51.001  -17.206  64.999 0.0000000000
62713  50.593  -17.348  64.709 0.0000000000
62733  41.140  -16.254  63.560 0.0000000000
62758  42.756  -15.549  58.830 0.0000000000
63665  45.061  -15.063  76.222 0.0000000000
63666  44.688  -14.805  76.554 0.0000000000
63667  44.107  -14.788  76.975 0.0000000000
63704  46.043  -14.346  74.730 0.0000000000
63793  53.624  -14.029  68.529 0.0000000000
63814  53.426  -14.279  67.874 0.0000000000
63900  47.494  -13.494  60.455 0.0000000000
63901  46.501  -13.759  60.611 0.0000000000
63904  45.707  -14.010  60.412 0.0000000000
63918  43.539  -14.512  58.949 0.0000000000
63931  42.621  -15.350  57.531 0.0000000000
63983  44.829  -13.377  53.960 0.0000000000
65051  45.690  -13.827  69.931 0.0000000000
65079  41.615  -13.871  68.426 0.0000000000
65094  55.157  -13.089  68.053 0.0000000000
65110  55.213  -12.747  68.007 0.0000000000
65111  54.833  -12.877  67.538 0.0000000000
65128  52.017  -15.482  65.309 0.0000000000
65168  50.052  -13.161  60.123 0.0000000000
65169  49.581  -13.225  60.447 0.0000000000
65180  49.940  -13.069  59.623 0.0000000000
65184  44.968  -14.066  59.797 0.0000000000
65195  49.887  -12.938  59.244 0.0000000000
65217  43.674  -14.185  58.312 0.0000000000
65299  45.046  -12.927  53.818 0.0000000000
66392  55.020  -12.621  67.703 0.0000000000
66423  49.935  -13.151  61.602 0.0000000000
66435  51.091  -12.919  60.836 0.0000000000
66436  50.658  -13.042  61.063 0.0000000000
66452  51.251  -12.940  60.620 0.0000000000
66453  50.683  -13.048  60.457 0.0000000000
66464  50.804  -12.991  59.788 0.0000000000
66584  44.904  -12.639  54.116 0.0000000000
67861  51.216  -12.824  60.743 0.0000000000
67874  51.433  -12.871  60.808 0.0000000000
67876  50.992  -12.284  59.685 0.0000000000
67885  50.803  -12.569  59.419 0.0000000000
67895  50.115  -12.571  58.951 0.0000000000
67934  59.372  -11.285  55.483 0.0000000000
67954  59.649  -11.418  55.308 0.0000000000
67976  60.209  -11.114  55.133 0.0000000000
67985  45.642  -11.426  54.525 0.0000000000
68015  50.406  -11.206  52.687 0.0000000000
69203  50.986  -12.751  59.991 0.0000000000
69312  46.983  -9.847  54.487 0.0000000000
69347  49.092  -10.743  52.745 0.0000000000
69348  48.601  -10.922  52.788 0.0000000000
70399  52.954  -10.592  64.273 0.0000000000
70508  60.771  -9.921  55.121 0.0000000000
70522  46.728  -9.970  55.256 0.0000000000
70553  53.159  -10.243  53.808 0.0000000000
124649  47.278  -12.248  70.243 0.0000000000
124667  54.244  -13.071  68.711 0.0000000000
124677  54.815  -13.271  68.388 0.0000000000
124693  54.085  -12.564  67.966 0.0000000000
124702  54.883  -12.444  68.018 0.0000000000
124703  54.347  -12.598  67.583 0.0000000000
124736  50.878  -12.858  60.393 0.0000000000
124749  50.303  -11.922  59.586 0.0000000000
124757  49.436  -13.242  60.033 0.0000000000
124758  49.662  -13.193  59.921 0.0000000000
124765  49.530  -13.145  59.619 0.0000000000
124766  49.599  -13.039  59.390 0.0000000000
124771  50.008  -12.392  58.896 0.0000000000
124772  49.652  -12.713  58.861 0.0000000000
124776  49.932  -12.865  59.034 0.0000000000
124777  49.580  -13.043  59.239 0.0000000000
125933  26.531  -18.317  82.654 0.0000000000
126020  22.173  -17.410  78.487 0.0000000000
126299  56.612  -7.860  59.401 0.0000000000
126302  56.026  -8.174  60.248 0.0000000000
126305  57.059  -7.474  60.383 0.0000000000
126311  56.857  -7.676  60.379 0.0000000000
126316  56.800  -7.619  60.625 0.0000000000
126322  57.282  -7.569  59.952 0.0000000000
126336  58.049  -7.963  57.277 0.0000000000
126337  57.766  -7.993  57.421 0.0000000000
