#!ascii label  , from subject A00073283 vox2ras=TkReg
1325
68565  -35.201  -11.096  72.323 0.0000000000
61836  -25.005  -17.980  85.222 0.0000000000
68792  -40.596  -11.442  55.805 0.0000000000
63187  -30.088  -16.343  63.943 0.0000000000
65342  -39.117  -14.535  64.659 0.0000000000
65120  -34.307  -14.483  80.199 0.0000000000
56466  -35.708  -21.654  75.837 0.0000000000
59844  -30.789  -19.811  70.471 0.0000000000
60767  -17.291  -18.241  79.926 0.0000000000
75002  -49.948  -5.242  57.971 0.0000000000
56511  -24.837  -22.225  72.740 0.0000000000
65294  -34.115  -14.456  67.888 0.0000000000
64274  -34.972  -15.011  64.219 0.0000000000
65279  -37.820  -14.548  69.377 0.0000000000
67353  -33.556  -12.296  76.063 0.0000000000
63044  -31.389  -16.548  75.173 0.0000000000
64189  -31.861  -15.201  71.378 0.0000000000
62080  -29.703  -18.032  67.559 0.0000000000
76905  -48.169  -3.140  55.195 0.0000000000
59697  -21.132  -18.854  82.652 0.0000000000
57543  -20.351  -21.745  76.741 0.0000000000
58619  -24.507  -20.894  79.676 0.0000000000
67567  -39.966  -12.933  60.000 0.0000000000
132429  -29.696  -15.216  83.382 0.0000000000
132403  -29.559  -19.283  81.406 0.0000000000
59769  -33.431  -19.087  78.278 0.0000000000
58709  -34.900  -20.873  73.428 0.0000000000
57480  -14.136  -20.844  81.019 0.0000000000
67507  -44.756  -12.810  66.040 0.0000000000
68732  -45.832  -10.717  61.747 0.0000000000
72877  -48.337  -7.289  62.584 0.0000000000
71945  -45.430  -8.578  57.653 0.0000000000
71014  -47.931  -9.606  54.523 0.0000000000
55328  -16.060  -22.201  75.634 0.0000000000
58678  -29.731  -20.105  76.275 0.0000000000
67460  -34.799  -12.991  69.408 0.0000000000
66432  -35.435  -14.523  68.512 0.0000000000
67444  -36.809  -12.827  70.498 0.0000000000
68542  -34.295  -10.884  74.189 0.0000000000
66342  -32.620  -13.359  74.068 0.0000000000
66369  -33.132  -12.919  71.404 0.0000000000
65276  -32.368  -14.276  69.282 0.0000000000
67608  -39.209  -12.005  53.547 0.0000000000
69931  -40.876  -10.611  53.499 0.0000000000
60713  -22.672  -18.628  83.690 0.0000000000
58582  -22.863  -19.834  81.236 0.0000000000
59701  -25.045  -20.058  82.646 0.0000000000
64321  -30.939  -15.465  61.486 0.0000000000
65330  -37.489  -14.499  64.886 0.0000000000
64300  -35.260  -14.748  62.110 0.0000000000
65363  -38.333  -14.467  62.300 0.0000000000
65387  -38.253  -14.054  60.708 0.0000000000
65377  -39.639  -14.018  62.435 0.0000000000
132434  -32.517  -15.265  81.903 0.0000000000
132414  -33.313  -18.082  81.367 0.0000000000
62992  -33.488  -16.748  79.825 0.0000000000
60878  -31.365  -18.562  72.711 0.0000000000
60865  -32.525  -19.239  74.004 0.0000000000
58723  -32.300  -20.875  71.765 0.0000000000
63169  -30.090  -16.744  65.899 0.0000000000
68689  -45.098  -11.959  63.466 0.0000000000
71913  -48.414  -8.178  59.689 0.0000000000
74031  -48.783  -7.265  57.650 0.0000000000
71971  -47.125  -8.293  55.180 0.0000000000
73000  -50.179  -7.540  55.543 0.0000000000
74109  -46.856  -7.035  53.082 0.0000000000
59740  -14.966  -19.291  79.312 0.0000000000
56429  -15.219  -22.228  78.026 0.0000000000
58647  -16.888  -20.383  77.642 0.0000000000
56481  -22.338  -23.200  74.363 0.0000000000
55379  -20.520  -23.361  72.188 0.0000000000
55423  -23.215  -23.024  70.556 0.0000000000
57565  -33.263  -20.775  76.935 0.0000000000
132473  -28.931  -19.859  78.623 0.0000000000
53275  -32.434  -21.999  75.198 0.0000000000
64250  -31.905  -15.502  66.047 0.0000000000
64283  -32.485  -15.452  63.799 0.0000000000
64253  -34.548  -15.492  66.185 0.0000000000
64247  -36.568  -14.942  67.689 0.0000000000
65315  -38.404  -14.530  67.578 0.0000000000
66296  -34.044  -13.422  78.039 0.0000000000
64086  -32.183  -15.640  77.878 0.0000000000
65196  -32.049  -14.342  75.839 0.0000000000
64159  -31.575  -15.975  73.169 0.0000000000
62045  -30.965  -17.623  70.896 0.0000000000
60919  -30.378  -18.729  69.360 0.0000000000
63140  -31.080  -16.369  69.536 0.0000000000
64241  -31.490  -15.510  66.898 0.0000000000
76881  -49.506  -3.805  56.547 0.0000000000
80180  -48.512  0.095  57.082 0.0000000000
59712  -18.801  -18.701  81.424 0.0000000000
58633  -18.649  -20.083  78.657 0.0000000000
58615  -20.594  -20.504  79.388 0.0000000000
57507  -21.952  -21.261  78.110 0.0000000000
57546  -24.491  -21.882  75.655 0.0000000000
64312  -33.509  -15.085  61.610 0.0000000000
67585  -38.708  -12.994  58.082 0.0000000000
68774  -40.912  -11.810  58.719 0.0000000000
132428  -26.589  -16.980  84.651 0.0000000000
132405  -27.406  -18.863  83.323 0.0000000000
132459  -28.461  -17.551  83.520 0.0000000000
132489  -32.539  -19.793  79.847 0.0000000000
58668  -34.387  -20.024  77.064 0.0000000000
60811  -32.708  -18.204  76.913 0.0000000000
60828  -34.438  -19.078  75.574 0.0000000000
58694  -37.311  -20.763  74.896 0.0000000000
68557  -37.976  -11.601  73.832 0.0000000000
132493  -24.585  -15.960  85.354 0.0000000000
66206  -29.920  -13.364  83.111 0.0000000000
66222  -32.135  -12.217  81.478 0.0000000000
66357  -39.109  -13.611  72.436 0.0000000000
65263  -39.857  -14.393  70.684 0.0000000000
66445  -40.459  -13.867  68.093 0.0000000000
66448  -43.551  -12.990  68.213 0.0000000000
66475  -42.171  -13.416  65.297 0.0000000000
67539  -42.634  -12.988  63.552 0.0000000000
67560  -42.938  -11.890  60.946 0.0000000000
68777  -43.265  -10.757  58.910 0.0000000000
70896  -48.122  -9.503  61.996 0.0000000000
69873  -45.263  -9.801  59.657 0.0000000000
69902  -43.397  -9.509  56.741 0.0000000000
71010  -43.873  -9.268  54.268 0.0000000000
74096  -49.651  -7.502  54.025 0.0000000000
54246  -13.864  -23.549  79.620 0.0000000000
55376  -15.455  -23.386  71.931 0.0000000000
56459  -18.369  -21.888  75.125 0.0000000000
56521  -18.201  -22.611  71.521 0.0000000000
58603  -26.666  -20.382  80.565 0.0000000000
57511  -26.048  -20.845  78.152 0.0000000000
132508  -25.792  -21.409  74.422 0.0000000000
58706  -29.503  -22.101  74.029 0.0000000000
68574  -35.220  -11.701  71.156 0.0000000000
67443  -35.946  -12.410  70.158 0.0000000000
68590  -36.635  -12.181  71.125 0.0000000000
69688  -35.138  -10.663  73.215 0.0000000000
67389  -33.775  -11.969  72.924 0.0000000000
67408  -34.386  -11.649  71.972 0.0000000000
67423  -33.827  -12.431  70.750 0.0000000000
67596  -39.442  -11.993  55.627 0.0000000000
68803  -39.811  -11.593  54.164 0.0000000000
68804  -40.314  -11.079  53.776 0.0000000000
69918  -40.865  -10.592  54.359 0.0000000000
60698  -24.030  -18.664  84.474 0.0000000000
59683  -23.865  -19.263  83.261 0.0000000000
60716  -25.100  -19.329  83.811 0.0000000000
63194  -29.336  -16.487  63.239 0.0000000000
63195  -30.235  -15.943  62.976 0.0000000000
65331  -38.343  -14.473  65.308 0.0000000000
65340  -37.536  -14.587  63.798 0.0000000000
65353  -39.082  -14.506  63.682 0.0000000000
65364  -39.057  -14.389  62.767 0.0000000000
65354  -39.751  -14.222  64.082 0.0000000000
65105  -33.798  -14.721  81.123 0.0000000000
64044  -34.092  -16.015  81.132 0.0000000000
64057  -34.223  -15.485  80.297 0.0000000000
59835  -31.157  -19.739  71.255 0.0000000000
59824  -31.557  -19.490  72.214 0.0000000000
58722  -31.605  -20.508  71.392 0.0000000000
57613  -32.079  -21.616  71.207 0.0000000000
63177  -30.195  -16.559  64.912 0.0000000000
62102  -28.935  -17.501  64.703 0.0000000000
63185  -28.806  -17.285  63.834 0.0000000000
72938  -49.656  -7.378  59.317 0.0000000000
72960  -50.321  -6.631  57.991 0.0000000000
74048  -49.320  -7.249  56.838 0.0000000000
74049  -50.587  -6.553  56.699 0.0000000000
59741  -16.074  -18.805  79.028 0.0000000000
59753  -15.509  -19.598  78.774 0.0000000000
59755  -17.426  -19.466  78.631 0.0000000000
56510  -23.695  -22.641  72.608 0.0000000000
56509  -22.925  -22.985  72.228 0.0000000000
56524  -23.534  -22.703  71.357 0.0000000000
55424  -24.263  -23.390  69.927 0.0000000000
56545  -25.008  -22.640  70.903 0.0000000000
56464  -34.091  -21.459  76.138 0.0000000000
56482  -33.197  -21.454  75.922 0.0000000000
55357  -34.088  -22.395  75.262 0.0000000000
64243  -33.259  -15.213  66.628 0.0000000000
64252  -33.638  -15.632  66.128 0.0000000000
65313  -34.439  -14.943  67.445 0.0000000000
65278  -36.941  -14.560  69.198 0.0000000000
64233  -36.088  -15.104  68.013 0.0000000000
64234  -36.548  -14.933  68.191 0.0000000000
65314  -37.395  -14.627  67.183 0.0000000000
65299  -38.499  -14.566  68.692 0.0000000000
67343  -33.658  -12.369  77.196 0.0000000000
66294  -32.907  -13.840  77.209 0.0000000000
66307  -33.131  -13.140  76.519 0.0000000000
65232  -32.316  -14.303  72.743 0.0000000000
65223  -32.252  -14.110  73.719 0.0000000000
64175  -31.901  -15.124  72.402 0.0000000000
63107  -31.174  -16.699  71.493 0.0000000000
64188  -31.511  -15.852  71.001 0.0000000000
63125  -31.128  -16.561  70.423 0.0000000000
64204  -31.519  -15.473  69.956 0.0000000000
65293  -32.834  -14.183  68.019 0.0000000000
65275  -31.741  -14.867  68.783 0.0000000000
65310  -32.103  -15.004  66.973 0.0000000000
59695  -19.797  -18.372  82.614 0.0000000000
59730  -19.952  -19.521  80.844 0.0000000000
58580  -20.909  -19.725  81.082 0.0000000000
58600  -24.240  -20.438  80.580 0.0000000000
58617  -22.448  -20.535  79.656 0.0000000000
57493  -23.818  -21.231  78.826 0.0000000000
57527  -23.611  -21.781  76.893 0.0000000000
57509  -24.218  -21.548  77.908 0.0000000000
64273  -34.082  -15.342  64.455 0.0000000000
64297  -32.565  -15.276  62.876 0.0000000000
64285  -34.223  -15.035  63.441 0.0000000000
64315  -36.232  -14.593  60.980 0.0000000000
64314  -35.318  -14.787  61.140 0.0000000000
64326  -35.340  -14.935  60.201 0.0000000000
66509  -39.015  -13.689  60.630 0.0000000000
66518  -38.216  -13.569  59.459 0.0000000000
67566  -39.417  -13.088  59.566 0.0000000000
67586  -39.329  -12.537  57.803 0.0000000000
67577  -40.297  -12.203  58.733 0.0000000000
132477  -28.100  -16.639  84.029 0.0000000000
132463  -29.112  -16.956  83.453 0.0000000000
59745  -33.497  -18.688  79.874 0.0000000000
132440  -33.120  -19.266  80.624 0.0000000000
58639  -33.348  -19.380  79.319 0.0000000000
58667  -33.720  -20.029  77.712 0.0000000000
58654  -33.861  -19.572  77.609 0.0000000000
64102  -31.741  -15.537  76.941 0.0000000000
63005  -32.020  -16.581  77.854 0.0000000000
61981  -31.729  -17.649  75.831 0.0000000000
59814  -33.798  -19.997  73.694 0.0000000000
60847  -33.938  -19.071  74.933 0.0000000000
59815  -34.666  -20.193  73.933 0.0000000000
59800  -36.036  -19.958  74.908 0.0000000000
60931  -29.784  -18.889  68.228 0.0000000000
66221  -30.661  -12.464  82.399 0.0000000000
68493  -34.562  -11.749  79.329 0.0000000000
67391  -38.379  -12.352  73.400 0.0000000000
66373  -40.317  -14.032  71.889 0.0000000000
66416  -41.028  -13.745  70.394 0.0000000000
65301  -40.102  -14.215  69.171 0.0000000000
66433  -41.073  -13.702  69.293 0.0000000000
67491  -44.069  -12.913  67.610 0.0000000000
66467  -42.996  -13.467  66.919 0.0000000000
67518  -43.025  -13.303  65.715 0.0000000000
66484  -41.954  -13.294  64.228 0.0000000000
67531  -43.694  -12.738  64.234 0.0000000000
68711  -44.934  -11.644  62.661 0.0000000000
68710  -44.003  -11.938  62.450 0.0000000000
68749  -43.559  -11.584  60.792 0.0000000000
68763  -42.521  -11.669  59.886 0.0000000000
68750  -44.420  -10.972  60.420 0.0000000000
70897  -48.623  -9.052  62.351 0.0000000000
71930  -46.526  -8.266  58.526 0.0000000000
70924  -46.170  -9.184  59.755 0.0000000000
70947  -45.264  -9.154  58.469 0.0000000000
70945  -44.078  -9.624  57.925 0.0000000000
70981  -44.259  -8.998  57.015 0.0000000000
70979  -43.201  -9.397  55.923 0.0000000000
71968  -44.799  -8.464  55.795 0.0000000000
71990  -47.564  -8.940  54.811 0.0000000000
71012  -46.068  -9.159  54.430 0.0000000000
69914  -46.946  -10.083  54.382 0.0000000000
76892  -48.702  -3.375  55.616 0.0000000000
75035  -49.940  -5.635  55.332 0.0000000000
75048  -49.134  -5.530  55.055 0.0000000000
56446  -15.689  -22.371  76.681 0.0000000000
55312  -15.000  -23.079  77.828 0.0000000000
55327  -15.345  -22.928  76.049 0.0000000000
54298  -14.725  -23.817  74.576 0.0000000000
55365  -15.849  -22.744  73.754 0.0000000000
58650  -19.626  -20.766  77.817 0.0000000000
58664  -18.662  -20.751  76.898 0.0000000000
56448  -19.805  -21.989  75.916 0.0000000000
55378  -19.635  -23.086  72.051 0.0000000000
53369  -21.243  -25.841  67.780 0.0000000000
132400  -27.957  -19.536  82.476 0.0000000000
59704  -27.107  -19.926  82.158 0.0000000000
59719  -27.415  -20.072  81.473 0.0000000000
132488  -29.742  -20.037  77.818 0.0000000000
132471  -27.180  -20.222  78.108 0.0000000000
132499  -27.275  -20.158  76.913 0.0000000000
57529  -25.964  -20.711  76.574 0.0000000000
58690  -27.960  -20.361  74.843 0.0000000000
57591  -28.510  -22.150  72.849 0.0000000000
66412  -34.445  -13.476  68.925 0.0000000000
66431  -34.730  -14.190  68.449 0.0000000000
66413  -35.444  -13.763  69.007 0.0000000000
66414  -36.701  -13.597  69.664 0.0000000000
66415  -37.426  -14.185  69.873 0.0000000000
68528  -33.756  -11.395  75.560 0.0000000000
66333  -33.013  -12.708  74.469 0.0000000000
67375  -33.569  -12.178  73.983 0.0000000000
66354  -33.098  -12.771  72.475 0.0000000000
66389  -32.710  -13.728  70.988 0.0000000000
65260  -32.127  -14.589  70.448 0.0000000000
66390  -33.309  -13.107  70.365 0.0000000000
66411  -33.620  -13.308  69.358 0.0000000000
68816  -41.631  -11.063  52.120 0.0000000000
59681  -22.374  -18.876  83.122 0.0000000000
59716  -22.453  -19.427  81.872 0.0000000000
59699  -23.111  -19.212  82.644 0.0000000000
58567  -24.381  -19.998  82.048 0.0000000000
58584  -24.873  -20.370  81.442 0.0000000000
64263  -35.701  -14.884  64.960 0.0000000000
64286  -35.148  -14.805  63.138 0.0000000000
65339  -36.762  -14.579  63.378 0.0000000000
64288  -36.690  -14.568  62.398 0.0000000000
64316  -37.057  -14.452  61.250 0.0000000000
65386  -37.457  -14.233  60.265 0.0000000000
65375  -38.314  -14.281  61.489 0.0000000000
65388  -38.800  -13.993  61.211 0.0000000000
66500  -40.075  -13.637  61.713 0.0000000000
132421  -31.223  -15.676  82.568 0.0000000000
132426  -32.118  -17.228  82.341 0.0000000000
64032  -33.404  -16.772  81.650 0.0000000000
62978  -33.929  -17.266  80.574 0.0000000000
61923  -33.088  -17.702  79.437 0.0000000000
62008  -31.421  -17.442  73.866 0.0000000000
60845  -32.001  -18.204  75.192 0.0000000000
59812  -32.020  -19.342  73.180 0.0000000000
59813  -32.892  -19.802  73.455 0.0000000000
58718  -33.564  -20.999  72.544 0.0000000000
57607  -33.906  -21.797  72.353 0.0000000000
57605  -32.731  -21.628  71.644 0.0000000000
63163  -29.609  -17.578  66.660 0.0000000000
62091  -28.697  -18.236  65.869 0.0000000000
67508  -45.642  -12.407  65.679 0.0000000000
67520  -44.711  -12.666  64.967 0.0000000000
68658  -46.317  -11.907  65.322 0.0000000000
68690  -45.926  -11.554  63.706 0.0000000000
68712  -46.050  -11.028  62.658 0.0000000000
73944  -48.591  -6.439  61.348 0.0000000000
72915  -49.242  -7.937  61.201 0.0000000000
71899  -49.373  -7.870  60.013 0.0000000000
72936  -48.185  -7.906  59.184 0.0000000000
72969  -46.921  -7.409  57.241 0.0000000000
72980  -46.008  -7.740  56.033 0.0000000000
72982  -47.922  -7.308  56.633 0.0000000000
72998  -48.510  -7.740  55.741 0.0000000000
71974  -49.730  -8.112  55.223 0.0000000000
76915  -47.050  -3.161  53.998 0.0000000000
75046  -47.387  -5.322  54.390 0.0000000000
75059  -46.116  -5.568  53.423 0.0000000000
58611  -14.506  -20.136  80.038 0.0000000000
57488  -14.281  -21.130  79.868 0.0000000000
58612  -14.826  -20.296  79.151 0.0000000000
57520  -15.800  -21.548  77.706 0.0000000000
57540  -16.884  -21.223  76.514 0.0000000000
56463  -21.645  -23.139  74.958 0.0000000000
56479  -20.494  -23.135  74.830 0.0000000000
55368  -21.407  -23.441  73.414 0.0000000000
55398  -21.332  -23.383  71.351 0.0000000000
55437  -21.903  -23.519  69.357 0.0000000000
53356  -23.137  -25.998  68.778 0.0000000000
54355  -23.755  -24.416  69.061 0.0000000000
132401  -30.559  -19.568  80.327 0.0000000000
132406  -28.645  -19.943  79.759 0.0000000000
132423  -30.783  -19.956  78.787 0.0000000000
132410  -31.961  -20.608  77.044 0.0000000000
132568  -31.640  -21.921  75.090 0.0000000000
64270  -31.428  -15.815  64.697 0.0000000000
64282  -31.653  -15.601  63.906 0.0000000000
64271  -32.343  -15.605  64.635 0.0000000000
64261  -33.902  -15.606  65.365 0.0000000000
64262  -34.790  -15.304  65.279 0.0000000000
64231  -34.894  -15.131  67.397 0.0000000000
64245  -35.095  -15.268  66.993 0.0000000000
64254  -35.549  -15.142  66.203 0.0000000000
65322  -36.505  -14.655  65.574 0.0000000000
65323  -37.406  -14.437  66.042 0.0000000000
65332  -39.159  -14.456  65.658 0.0000000000
66265  -34.319  -13.704  79.501 0.0000000000
64072  -33.366  -15.126  79.044 0.0000000000
65161  -33.378  -14.045  77.824 0.0000000000
65179  -32.324  -14.467  76.842 0.0000000000
64121  -31.575  -15.399  75.719 0.0000000000
65212  -32.260  -13.991  74.762 0.0000000000
64144  -31.920  -14.647  74.247 0.0000000000
63063  -31.430  -16.653  74.108 0.0000000000
63078  -31.373  -16.887  73.352 0.0000000000
62033  -31.040  -17.645  72.069 0.0000000000
60906  -30.733  -18.745  70.265 0.0000000000
59843  -30.506  -19.532  69.774 0.0000000000
60920  -30.582  -18.234  69.659 0.0000000000
62073  -30.316  -17.844  68.707 0.0000000000
63160  -30.320  -17.173  67.996 0.0000000000
65259  -31.904  -14.764  69.624 0.0000000000
64230  -31.249  -15.597  68.068 0.0000000000
63161  -30.703  -16.330  67.514 0.0000000000
63165  -30.673  -16.245  66.502 0.0000000000
63170  -30.731  -16.198  65.660 0.0000000000
75946  -50.008  -4.792  57.396 0.0000000000
76872  -49.090  -2.819  57.178 0.0000000000
77917  -48.808  -1.969  56.794 0.0000000000
79045  -48.493  -1.078  55.589 0.0000000000
77939  -47.669  -2.271  54.484 0.0000000000
79065  -47.287  -1.176  53.299 0.0000000000
59728  -18.485  -18.967  80.709 0.0000000000
59743  -18.191  -19.470  79.366 0.0000000000
58613  -18.905  -19.757  79.935 0.0000000000
58614  -19.635  -20.154  79.590 0.0000000000
57506  -20.911  -20.912  78.479 0.0000000000
58598  -22.136  -20.163  80.424 0.0000000000
57491  -21.741  -20.913  79.025 0.0000000000
57544  -21.278  -22.171  76.582 0.0000000000
132539  -22.242  -22.495  75.907 0.0000000000
56438  -23.031  -22.424  75.964 0.0000000000
56496  -23.770  -22.694  74.314 0.0000000000
64296  -31.745  -15.405  63.087 0.0000000000
64322  -31.771  -15.381  61.188 0.0000000000
64299  -34.338  -14.861  62.385 0.0000000000
67591  -39.299  -12.285  56.686 0.0000000000
68788  -40.794  -11.608  57.003 0.0000000000
62931  -25.994  -17.104  84.868 0.0000000000
60701  -26.077  -18.849  83.957 0.0000000000
132409  -26.888  -18.188  84.096 0.0000000000
132442  -28.199  -17.968  83.439 0.0000000000
61814  -30.440  -19.214  81.522 0.0000000000
132417  -31.893  -17.904  82.362 0.0000000000
62907  -31.366  -18.739  81.965 0.0000000000
132398  -30.544  -19.452  81.073 0.0000000000
58679  -32.870  -20.461  77.760 0.0000000000
57547  -33.453  -20.438  77.427 0.0000000000
57568  -35.363  -21.026  76.182 0.0000000000
64071  -32.851  -15.772  78.961 0.0000000000
61938  -32.441  -17.526  78.204 0.0000000000
60798  -33.259  -18.608  77.525 0.0000000000
60826  -32.501  -18.267  75.924 0.0000000000
60812  -33.401  -18.559  76.476 0.0000000000
60799  -33.975  -18.816  76.758 0.0000000000
59781  -35.510  -19.750  75.972 0.0000000000
58680  -36.580  -20.256  75.948 0.0000000000
58735  -30.308  -20.424  69.385 0.0000000000
69689  -35.960  -10.719  73.082 0.0000000000
69690  -36.684  -11.043  73.104 0.0000000000
59726  -14.358  -18.983  80.647 0.0000000000
61898  -17.356  -17.791  81.216 0.0000000000
60736  -17.906  -18.112  81.464 0.0000000000
60726  -18.889  -18.004  82.300 0.0000000000
60696  -22.185  -18.154  84.116 0.0000000000
61848  -22.930  -17.470  84.759 0.0000000000
61834  -23.713  -17.373  85.284 0.0000000000
62906  -24.877  -16.944  85.597 0.0000000000
132504  -25.310  -16.331  84.939 0.0000000000
132457  -26.955  -15.827  84.541 0.0000000000
132476  -27.797  -15.458  84.325 0.0000000000
132436  -28.315  -13.499  83.929 0.0000000000
132425  -31.725  -14.152  82.127 0.0000000000
65104  -32.558  -13.733  81.542 0.0000000000
66248  -33.545  -13.453  81.083 0.0000000000
67303  -33.962  -12.778  80.680 0.0000000000
67332  -34.251  -12.679  78.909 0.0000000000
68504  -34.133  -11.572  77.859 0.0000000000
69668  -35.103  -10.161  74.221 0.0000000000
68577  -37.488  -12.248  72.293 0.0000000000
66370  -38.046  -13.350  71.818 0.0000000000
66393  -38.249  -14.253  70.916 0.0000000000
66358  -39.919  -13.727  72.630 0.0000000000
65242  -39.132  -14.339  71.456 0.0000000000
65280  -38.703  -14.571  69.708 0.0000000000
65300  -39.356  -14.451  69.024 0.0000000000
65316  -39.443  -14.240  67.953 0.0000000000
65326  -39.935  -14.046  66.218 0.0000000000
66446  -41.725  -13.499  68.185 0.0000000000
66455  -41.475  -13.644  67.133 0.0000000000
66473  -40.433  -13.899  64.482 0.0000000000
66483  -41.135  -13.604  63.859 0.0000000000
66492  -40.987  -13.530  63.004 0.0000000000
67549  -40.782  -13.176  61.618 0.0000000000
67540  -43.526  -12.472  62.977 0.0000000000
67551  -43.202  -12.116  61.668 0.0000000000
67558  -41.047  -12.668  60.932 0.0000000000
68762  -41.833  -11.832  59.657 0.0000000000
68775  -41.573  -11.638  58.980 0.0000000000
69896  -42.202  -10.795  57.674 0.0000000000
69807  -47.739  -10.594  63.271 0.0000000000
69838  -46.269  -10.304  61.373 0.0000000000
70909  -47.677  -9.206  61.014 0.0000000000
69855  -46.660  -9.814  61.095 0.0000000000
69853  -44.894  -10.358  60.079 0.0000000000
69872  -44.441  -10.200  59.206 0.0000000000
69897  -42.732  -10.462  57.689 0.0000000000
69905  -41.671  -10.657  55.936 0.0000000000
69906  -42.406  -9.953  55.440 0.0000000000
69920  -42.455  -10.155  53.488 0.0000000000
69921  -43.219  -10.203  53.037 0.0000000000
71987  -45.151  -8.446  55.126 0.0000000000
71025  -44.637  -9.628  53.713 0.0000000000
69935  -44.090  -11.005  52.518 0.0000000000
75036  -50.388  -5.438  56.066 0.0000000000
74082  -50.354  -7.242  55.009 0.0000000000
71992  -49.441  -8.587  54.613 0.0000000000
74095  -49.022  -7.049  53.865 0.0000000000
73024  -49.150  -8.071  53.502 0.0000000000
71029  -49.278  -9.279  53.943 0.0000000000
55302  -14.222  -23.055  79.114 0.0000000000
58648  -17.791  -20.325  77.490 0.0000000000
57541  -17.995  -20.998  76.509 0.0000000000
56458  -16.998  -21.774  75.268 0.0000000000
56494  -19.300  -22.930  73.664 0.0000000000
56493  -18.471  -22.436  73.508 0.0000000000
56492  -17.455  -22.229  73.273 0.0000000000
56505  -16.369  -22.739  71.796 0.0000000000
59686  -26.141  -19.794  83.060 0.0000000000
58570  -26.035  -20.356  82.036 0.0000000000
58602  -25.893  -20.480  80.565 0.0000000000
132438  -27.596  -20.355  79.874 0.0000000000
58621  -26.244  -20.592  79.772 0.0000000000
57495  -25.502  -21.138  78.725 0.0000000000
57528  -24.720  -21.412  76.873 0.0000000000
132518  -25.153  -21.712  75.149 0.0000000000
132543  -25.611  -21.732  73.242 0.0000000000
53265  -32.316  -23.484  74.572 0.0000000000
132581  -30.716  -21.824  75.688 0.0000000000
132509  -30.722  -21.339  75.469 0.0000000000
58689  -27.849  -20.847  73.862 0.0000000000
132531  -26.489  -21.611  72.753 0.0000000000
57604  -25.814  -22.173  71.907 0.0000000000
68589  -36.092  -12.032  70.761 0.0000000000
68575  -36.133  -11.571  71.501 0.0000000000
67390  -34.373  -11.424  72.628 0.0000000000
67424  -34.353  -11.941  71.136 0.0000000000
68791  -40.014  -11.782  55.583 0.0000000000
68799  -39.911  -11.671  55.076 0.0000000000
68800  -40.356  -11.156  54.752 0.0000000000
69911  -40.975  -10.799  55.269 0.0000000000
61850  -24.552  -18.338  84.971 0.0000000000
60699  -24.809  -18.860  84.439 0.0000000000
65341  -38.349  -14.593  64.250 0.0000000000
63186  -29.219  -17.057  64.161 0.0000000000
74987  -49.694  -5.435  58.640 0.0000000000
73993  -50.215  -6.398  58.451 0.0000000000
74015  -50.430  -6.118  58.030 0.0000000000
72973  -50.284  -6.822  57.315 0.0000000000
75003  -50.405  -5.619  57.538 0.0000000000
60766  -16.628  -18.171  79.607 0.0000000000
59742  -17.457  -18.731  79.536 0.0000000000
56525  -24.448  -22.358  71.596 0.0000000000
56544  -24.355  -22.728  70.708 0.0000000000
56465  -34.843  -21.539  75.948 0.0000000000
56484  -34.408  -21.921  75.620 0.0000000000
56485  -35.077  -22.041  75.669 0.0000000000
65312  -33.632  -14.800  67.268 0.0000000000
65297  -36.439  -14.869  68.522 0.0000000000
65298  -37.309  -14.772  68.348 0.0000000000
65241  -32.266  -14.426  71.680 0.0000000000
64174  -31.550  -15.929  71.998 0.0000000000
64205  -31.766  -15.277  70.706 0.0000000000
65311  -32.698  -14.795  67.097 0.0000000000
59696  -20.260  -18.603  82.636 0.0000000000
59714  -20.338  -19.353  81.541 0.0000000000
59715  -21.410  -19.444  81.853 0.0000000000
58618  -23.510  -20.677  79.651 0.0000000000
57494  -24.811  -21.334  78.812 0.0000000000
66520  -39.443  -13.379  60.318 0.0000000000
66519  -39.078  -13.362  59.779 0.0000000000
59759  -33.386  -18.821  79.218 0.0000000000
59758  -33.466  -19.153  79.621 0.0000000000
59768  -33.396  -19.216  79.024 0.0000000000
58653  -33.368  -19.545  78.575 0.0000000000
63033  -31.437  -16.465  76.300 0.0000000000
58708  -34.061  -20.626  73.254 0.0000000000
58692  -35.565  -20.382  74.249 0.0000000000
60935  -29.598  -18.554  67.774 0.0000000000
60934  -29.321  -18.791  67.474 0.0000000000
67492  -44.841  -12.778  67.095 0.0000000000
67506  -43.619  -13.220  66.514 0.0000000000
67519  -43.798  -13.014  65.343 0.0000000000
68731  -44.895  -11.190  61.559 0.0000000000
68730  -44.101  -11.673  61.818 0.0000000000
71880  -48.595  -8.449  62.708 0.0000000000
71888  -48.782  -8.597  61.691 0.0000000000
71929  -45.854  -8.842  58.764 0.0000000000
70967  -45.004  -9.090  57.970 0.0000000000
71944  -44.888  -8.810  57.317 0.0000000000
71955  -44.281  -8.772  56.486 0.0000000000
71957  -45.366  -8.180  56.460 0.0000000000
71991  -48.529  -8.900  54.751 0.0000000000
71013  -46.926  -9.639  54.526 0.0000000000
69916  -48.072  -10.176  54.211 0.0000000000
76891  -48.228  -3.728  55.264 0.0000000000
75977  -48.821  -4.793  55.316 0.0000000000
75976  -48.193  -4.588  55.051 0.0000000000
56413  -13.871  -21.991  80.660 0.0000000000
55337  -15.955  -22.468  75.104 0.0000000000
55336  -15.275  -23.153  74.983 0.0000000000
54380  -20.221  -24.900  67.775 0.0000000000
59705  -27.941  -19.809  81.891 0.0000000000
132487  -27.962  -19.868  77.489 0.0000000000
58677  -28.633  -19.852  76.226 0.0000000000
67459  -34.216  -13.091  69.337 0.0000000000
67462  -36.370  -12.886  69.874 0.0000000000
66391  -37.098  -13.360  70.269 0.0000000000
68541  -33.873  -11.489  74.352 0.0000000000
68554  -33.883  -11.720  73.649 0.0000000000
67407  -33.708  -12.230  71.780 0.0000000000
66368  -32.670  -13.596  72.075 0.0000000000
67441  -34.065  -12.772  69.848 0.0000000000
69932  -41.547  -10.562  53.003 0.0000000000
59682  -23.143  -18.937  83.323 0.0000000000
59684  -24.683  -19.587  83.227 0.0000000000
59700  -24.199  -19.732  82.396 0.0000000000
58568  -24.672  -20.190  82.094 0.0000000000
63206  -30.100  -15.723  61.823 0.0000000000
65329  -36.652  -14.566  64.408 0.0000000000
64275  -35.888  -14.667  63.831 0.0000000000
65351  -37.404  -14.597  62.688 0.0000000000
64302  -36.880  -14.538  61.835 0.0000000000
65362  -37.634  -14.480  61.773 0.0000000000
65376  -39.071  -14.073  61.891 0.0000000000
66499  -39.322  -13.774  61.269 0.0000000000
62979  -34.126  -16.450  80.505 0.0000000000
62965  -34.083  -16.891  81.110 0.0000000000
61906  -33.542  -17.672  80.113 0.0000000000
62021  -31.295  -17.628  73.101 0.0000000000
60864  -31.700  -18.461  74.025 0.0000000000
59825  -32.386  -20.150  72.542 0.0000000000
58717  -32.915  -20.743  72.370 0.0000000000
59826  -33.268  -20.427  72.981 0.0000000000
58724  -32.990  -21.185  72.089 0.0000000000
63168  -29.576  -17.389  66.159 0.0000000000
62092  -29.050  -17.700  65.617 0.0000000000
68639  -46.396  -11.866  66.326 0.0000000000
68674  -47.618  -10.891  64.853 0.0000000000
68673  -46.782  -11.500  64.688 0.0000000000
68691  -47.092  -11.065  63.734 0.0000000000
74975  -48.394  -5.097  60.124 0.0000000000
74964  -48.095  -5.370  60.817 0.0000000000
73969  -48.687  -6.019  60.685 0.0000000000
73945  -49.260  -6.918  60.879 0.0000000000
73970  -49.258  -6.461  60.252 0.0000000000
72958  -49.105  -7.291  58.239 0.0000000000
72937  -48.760  -7.673  59.149 0.0000000000
74012  -48.276  -7.401  58.177 0.0000000000
72957  -48.051  -7.531  58.489 0.0000000000
72970  -47.733  -7.335  57.636 0.0000000000
74046  -48.288  -7.247  57.369 0.0000000000
72984  -49.721  -7.383  56.343 0.0000000000
72983  -48.977  -7.391  56.346 0.0000000000
72999  -49.416  -7.733  55.700 0.0000000000
71973  -49.017  -8.292  55.226 0.0000000000
76914  -46.572  -3.261  53.343 0.0000000000
75988  -46.435  -4.506  53.740 0.0000000000
58631  -16.507  -20.211  78.146 0.0000000000
58630  -15.533  -20.324  78.499 0.0000000000
57504  -16.245  -20.913  77.784 0.0000000000
57521  -16.500  -21.026  77.173 0.0000000000
56480  -21.765  -23.285  74.479 0.0000000000
55354  -21.484  -23.354  74.195 0.0000000000
55369  -22.028  -23.376  73.747 0.0000000000
55400  -23.031  -22.953  71.267 0.0000000000
55399  -22.402  -23.151  71.582 0.0000000000
55422  -22.215  -23.319  70.382 0.0000000000
55438  -23.285  -23.638  69.264 0.0000000000
55453  -23.038  -24.000  68.697 0.0000000000
54348  -25.153  -24.169  70.371 0.0000000000
54347  -24.659  -24.374  69.911 0.0000000000
132556  -32.765  -21.473  75.807 0.0000000000
64258  -31.404  -15.845  65.490 0.0000000000
64259  -32.164  -15.617  65.378 0.0000000000
65295  -35.018  -14.834  67.955 0.0000000000
65296  -35.763  -14.930  68.299 0.0000000000
64246  -35.857  -15.139  67.291 0.0000000000
64255  -36.488  -14.814  66.731 0.0000000000
65324  -38.362  -14.425  66.422 0.0000000000
66283  -34.023  -13.399  78.607 0.0000000000
66264  -33.845  -13.972  78.910 0.0000000000
66282  -33.852  -13.840  78.203 0.0000000000
66306  -32.577  -13.830  76.425 0.0000000000
65195  -31.853  -14.881  76.460 0.0000000000
66332  -32.657  -13.253  74.877 0.0000000000
64160  -31.917  -14.947  73.438 0.0000000000
64143  -31.627  -15.551  74.392 0.0000000000
60892  -30.997  -18.653  71.587 0.0000000000
62059  -30.754  -17.475  69.600 0.0000000000
62074  -30.643  -17.297  68.882 0.0000000000
63153  -30.804  -16.635  68.655 0.0000000000
65292  -31.934  -14.854  67.582 0.0000000000
64249  -31.245  -15.848  66.116 0.0000000000
63178  -30.890  -16.114  65.049 0.0000000000
79033  -48.627  -0.988  56.516 0.0000000000
77928  -48.674  -2.086  55.978 0.0000000000
79055  -48.183  -1.158  55.001 0.0000000000
80197  -47.905  -0.309  54.256 0.0000000000
79054  -47.750  -1.233  54.343 0.0000000000
80207  -47.606  -0.307  53.663 0.0000000000
58594  -19.114  -19.437  80.514 0.0000000000
58596  -20.325  -19.884  80.544 0.0000000000
58635  -20.420  -20.652  78.657 0.0000000000
58581  -21.798  -19.822  81.155 0.0000000000
57492  -22.747  -20.977  78.842 0.0000000000
57545  -21.913  -22.275  76.284 0.0000000000
57526  -22.269  -21.895  76.938 0.0000000000
64295  -31.062  -15.589  63.278 0.0000000000
64298  -33.426  -15.056  62.650 0.0000000000
64311  -32.616  -15.224  61.884 0.0000000000
64325  -34.505  -15.200  60.401 0.0000000000
65398  -37.942  -13.905  60.040 0.0000000000
66529  -38.379  -13.289  58.596 0.0000000000
67587  -40.101  -12.025  57.443 0.0000000000
62940  -26.427  -18.092  84.377 0.0000000000
132419  -26.811  -17.215  84.528 0.0000000000
132408  -30.757  -18.742  82.060 0.0000000000
60677  -32.487  -19.137  81.029 0.0000000000
61822  -32.218  -18.794  81.601 0.0000000000
60676  -32.156  -19.325  81.073 0.0000000000
61820  -31.124  -19.228  81.349 0.0000000000
132396  -31.764  -19.537  80.857 0.0000000000
132397  -31.328  -19.626  79.909 0.0000000000
57548  -34.102  -20.503  76.964 0.0000000000
57567  -34.501  -21.025  76.421 0.0000000000
57549  -34.861  -20.486  76.516 0.0000000000
65140  -32.902  -15.079  78.468 0.0000000000
61955  -31.834  -17.298  77.191 0.0000000000
61937  -31.996  -17.047  77.779 0.0000000000
61956  -32.271  -17.694  77.384 0.0000000000
60784  -32.796  -18.144  78.186 0.0000000000
60797  -32.678  -18.079  77.638 0.0000000000
60846  -32.816  -18.797  74.875 0.0000000000
60848  -34.678  -19.376  74.997 0.0000000000
60827  -33.584  -18.724  75.647 0.0000000000
60813  -34.092  -18.816  76.148 0.0000000000
59780  -34.686  -19.270  76.331 0.0000000000
58693  -36.524  -20.474  74.500 0.0000000000
59789  -36.229  -19.988  75.596 0.0000000000
59801  -36.844  -20.160  75.175 0.0000000000
58681  -37.088  -20.510  75.653 0.0000000000
59853  -30.114  -19.637  68.981 0.0000000000
59711  -14.211  -19.093  81.390 0.0000000000
61879  -17.556  -17.493  81.768 0.0000000000
60695  -21.166  -17.984  83.758 0.0000000000
132464  -24.726  -16.144  85.426 0.0000000000
132447  -24.985  -16.304  85.427 0.0000000000
67276  -28.995  -12.758  83.480 0.0000000000
65063  -30.766  -14.457  82.654 0.0000000000
132433  -32.032  -13.181  81.663 0.0000000000
65064  -31.498  -13.587  82.148 0.0000000000
132441  -32.892  -13.045  81.268 0.0000000000
67318  -34.583  -12.772  79.959 0.0000000000
69680  -35.611  -10.244  73.768 0.0000000000
68556  -37.317  -11.232  73.438 0.0000000000
68567  -37.128  -11.590  72.640 0.0000000000
68568  -37.727  -11.988  73.013 0.0000000000
67410  -38.786  -12.997  72.911 0.0000000000
67409  -38.064  -12.817  72.438 0.0000000000
66356  -38.457  -13.360  72.230 0.0000000000
66371  -38.561  -14.027  71.616 0.0000000000
65244  -40.208  -14.196  71.181 0.0000000000
65243  -39.643  -14.340  71.346 0.0000000000
65262  -38.952  -14.538  70.792 0.0000000000
65281  -39.557  -14.496  69.921 0.0000000000
65317  -39.824  -14.207  68.582 0.0000000000
66444  -39.964  -13.965  67.536 0.0000000000
66453  -39.751  -14.048  67.254 0.0000000000
66454  -40.306  -13.838  66.809 0.0000000000
67482  -44.188  -12.635  68.411 0.0000000000
66434  -42.237  -13.289  69.084 0.0000000000
66447  -42.756  -13.280  68.207 0.0000000000
66466  -42.531  -13.473  66.377 0.0000000000
66456  -42.472  -13.511  67.373 0.0000000000
66465  -41.337  -13.580  66.006 0.0000000000
66474  -41.232  -13.594  64.890 0.0000000000
66493  -41.712  -13.316  63.198 0.0000000000
66502  -41.423  -13.313  62.629 0.0000000000
66501  -40.924  -13.378  62.291 0.0000000000
67550  -42.001  -12.961  62.118 0.0000000000
67532  -44.651  -12.347  63.910 0.0000000000
67559  -42.230  -12.165  60.723 0.0000000000
67568  -41.227  -12.118  59.773 0.0000000000
67569  -41.964  -11.937  60.008 0.0000000000
68776  -42.566  -11.145  58.813 0.0000000000
68785  -41.717  -11.202  57.790 0.0000000000
68786  -42.420  -10.864  58.087 0.0000000000
70886  -48.327  -9.707  62.603 0.0000000000
69827  -48.445  -9.950  63.292 0.0000000000
69840  -47.761  -9.994  62.322 0.0000000000
69825  -47.472  -10.366  62.549 0.0000000000
69839  -47.198  -10.039  61.830 0.0000000000
71898  -48.945  -8.348  60.501 0.0000000000
71887  -48.292  -8.879  61.110 0.0000000000
71897  -47.822  -8.706  60.272 0.0000000000
70908  -46.750  -9.256  60.372 0.0000000000
70907  -45.898  -9.440  59.945 0.0000000000
69854  -45.841  -9.925  60.515 0.0000000000
69898  -43.373  -9.857  57.457 0.0000000000
69900  -42.004  -10.672  57.067 0.0000000000
69901  -42.653  -10.052  56.613 0.0000000000
69912  -41.627  -10.361  54.888 0.0000000000
70995  -44.038  -8.828  55.368 0.0000000000
70994  -43.116  -9.465  54.885 0.0000000000
71009  -43.058  -9.696  53.988 0.0000000000
71023  -43.079  -9.916  53.486 0.0000000000
71024  -43.676  -9.785  53.532 0.0000000000
72996  -46.625  -7.833  55.609 0.0000000000
71969  -45.615  -8.162  55.541 0.0000000000
71970  -46.313  -8.224  55.199 0.0000000000
71026  -45.666  -9.601  53.989 0.0000000000
69923  -45.325  -10.282  53.534 0.0000000000
69922  -44.288  -10.447  53.041 0.0000000000
75953  -50.021  -4.499  56.676 0.0000000000
75954  -50.367  -5.134  56.686 0.0000000000
74081  -49.895  -6.526  54.667 0.0000000000
74066  -50.245  -6.214  55.164 0.0000000000
73012  -49.969  -7.819  54.472 0.0000000000
75061  -47.553  -5.977  54.198 0.0000000000
74079  -48.117  -6.205  54.288 0.0000000000
74094  -47.765  -6.573  53.908 0.0000000000
73039  -48.573  -8.151  53.152 0.0000000000
72005  -49.416  -8.663  53.935 0.0000000000
56422  -14.694  -22.161  78.645 0.0000000000
56421  -14.137  -22.130  79.530 0.0000000000
55303  -14.750  -22.856  78.415 0.0000000000
54272  -14.754  -23.575  76.950 0.0000000000
54265  -14.865  -23.433  77.451 0.0000000000
53264  -14.339  -24.293  75.693 0.0000000000
54308  -14.790  -23.922  73.643 0.0000000000
54322  -14.844  -24.120  72.631 0.0000000000
54337  -15.060  -24.423  71.725 0.0000000000
59756  -18.037  -19.685  78.653 0.0000000000
57563  -18.998  -21.709  75.730 0.0000000000
58663  -18.219  -20.587  77.022 0.0000000000
57562  -18.135  -21.562  75.948 0.0000000000
57561  -17.244  -21.444  76.054 0.0000000000
55352  -20.039  -23.202  73.681 0.0000000000
56478  -19.783  -22.969  74.505 0.0000000000
55366  -19.836  -23.220  72.932 0.0000000000
56522  -18.901  -22.726  72.011 0.0000000000
56508  -19.055  -22.833  72.799 0.0000000000
56507  -18.257  -22.444  72.553 0.0000000000
56491  -16.354  -22.511  72.935 0.0000000000
56506  -17.309  -22.407  72.211 0.0000000000
52360  -22.439  -26.789  68.649 0.0000000000
60702  -26.440  -18.822  83.857 0.0000000000
60717  -25.806  -19.323  83.608 0.0000000000
60718  -26.492  -19.267  83.433 0.0000000000
58587  -26.955  -20.165  81.331 0.0000000000
58571  -26.571  -20.175  81.903 0.0000000000
58586  -26.296  -20.323  81.347 0.0000000000
132422  -28.654  -20.016  79.514 0.0000000000
57512  -26.625  -20.524  78.138 0.0000000000
58637  -26.612  -20.529  78.934 0.0000000000
58636  -25.964  -20.864  79.054 0.0000000000
57510  -25.235  -21.312  77.876 0.0000000000
132498  -26.398  -20.873  75.160 0.0000000000
132507  -25.467  -21.355  75.549 0.0000000000
132542  -25.235  -21.775  74.041 0.0000000000
132574  -31.186  -22.823  74.358 0.0000000000
53254  -31.218  -24.739  74.712 0.0000000000
58691  -29.824  -21.043  74.662 0.0000000000
58705  -28.946  -21.341  73.425 0.0000000000
132546  -27.894  -22.655  72.469 0.0000000000
132532  -27.379  -21.619  72.871 0.0000000000
132545  -27.033  -22.148  72.328 0.0000000000
132544  -26.128  -21.958  72.215 0.0000000000
56527  -26.200  -22.477  71.742 0.0000000000
67442  -34.907  -12.261  70.218 0.0000000000
67461  -35.729  -12.914  69.582 0.0000000000
68588  -35.542  -12.075  70.553 0.0000000000
68555  -34.336  -11.169  73.356 0.0000000000
67604  -39.221  -11.947  54.552 0.0000000000
68814  -39.855  -11.628  53.307 0.0000000000
60714  -23.555  -18.860  83.854 0.0000000000
60715  -24.333  -19.183  83.916 0.0000000000
59685  -25.438  -19.755  83.175 0.0000000000
65352  -38.328  -14.614  63.237 0.0000000000
65365  -39.706  -14.158  63.178 0.0000000000
65091  -33.551  -15.693  81.517 0.0000000000
62993  -33.971  -16.119  80.075 0.0000000000
59836  -31.774  -20.193  71.852 0.0000000000
58729  -31.710  -21.034  71.181 0.0000000000
57612  -31.450  -21.534  70.621 0.0000000000
63176  -29.540  -17.177  65.231 0.0000000000
62115  -28.866  -17.424  64.258 0.0000000000
74976  -49.075  -5.433  59.589 0.0000000000
73992  -49.804  -6.294  59.075 0.0000000000
72939  -50.107  -6.818  58.625 0.0000000000
72959  -49.934  -7.087  58.132 0.0000000000
74032  -49.197  -7.211  57.279 0.0000000000
72972  -49.698  -7.171  57.276 0.0000000000
72985  -50.293  -7.061  56.465 0.0000000000
60764  -14.804  -18.803  79.663 0.0000000000
59754  -16.430  -19.440  78.610 0.0000000000
56495  -22.823  -23.098  73.361 0.0000000000
56543  -23.845  -22.794  70.525 0.0000000000
55425  -24.937  -23.161  70.425 0.0000000000
57583  -33.460  -21.251  76.332 0.0000000000
132521  -32.899  -20.963  76.599 0.0000000000
55356  -33.340  -21.936  75.384 0.0000000000
54300  -33.527  -22.579  75.031 0.0000000000
64242  -32.381  -15.197  66.559 0.0000000000
64251  -32.757  -15.533  66.034 0.0000000000
64244  -34.239  -15.311  66.888 0.0000000000
65277  -36.124  -14.463  68.873 0.0000000000
67344  -34.104  -12.847  77.983 0.0000000000
66295  -33.594  -13.357  77.583 0.0000000000
66320  -32.581  -13.528  75.648 0.0000000000
66353  -32.659  -13.475  73.102 0.0000000000
66429  -33.008  -13.733  68.959 0.0000000000
59713  -19.344  -18.690  81.817 0.0000000000
59729  -19.484  -19.253  80.963 0.0000000000
58579  -20.523  -19.608  81.022 0.0000000000
58597  -21.168  -20.224  80.428 0.0000000000
58599  -23.215  -20.227  80.510 0.0000000000
57508  -23.096  -21.392  77.905 0.0000000000
64272  -33.211  -15.534  64.571 0.0000000000
64284  -33.341  -15.306  63.647 0.0000000000
64301  -36.099  -14.583  61.872 0.0000000000
66508  -38.506  -13.720  60.153 0.0000000000
66530  -38.719  -13.284  59.200 0.0000000000
67575  -38.771  -13.079  58.529 0.0000000000
67576  -39.179  -12.949  58.927 0.0000000000
132458  -26.969  -16.675  84.519 0.0000000000
61888  -33.382  -18.192  81.193 0.0000000000
132402  -32.996  -18.478  81.303 0.0000000000
59731  -33.373  -18.705  80.526 0.0000000000
59757  -33.368  -19.331  80.013 0.0000000000
58652  -33.218  -19.569  79.568 0.0000000000
58666  -33.172  -19.982  78.510 0.0000000000
64085  -31.828  -15.852  77.417 0.0000000000
63020  -31.729  -16.434  77.369 0.0000000000
61968  -31.612  -17.195  76.678 0.0000000000
61969  -32.064  -17.822  76.585 0.0000000000
59797  -33.395  -19.435  74.252 0.0000000000
59798  -34.307  -19.626  74.419 0.0000000000
59788  -35.290  -19.582  75.432 0.0000000000
59799  -35.129  -19.838  74.668 0.0000000000
65036  -24.963  -15.937  84.788 0.0000000000
68558  -38.677  -11.887  74.267 0.0000000000
67392  -39.136  -12.589  73.777 0.0000000000
66394  -40.804  -13.792  71.198 0.0000000000
65264  -40.428  -14.091  70.711 0.0000000000
65282  -40.343  -14.180  70.040 0.0000000000
67483  -44.878  -12.442  67.992 0.0000000000
66457  -43.266  -13.302  67.468 0.0000000000
67505  -43.073  -13.378  66.183 0.0000000000
67530  -42.886  -13.132  64.706 0.0000000000
67541  -44.427  -12.050  63.091 0.0000000000
68748  -42.807  -11.806  60.586 0.0000000000
68764  -43.493  -11.099  59.649 0.0000000000
71866  -48.560  -8.991  63.263 0.0000000000
71912  -47.481  -8.276  59.266 0.0000000000
71896  -47.108  -8.757  59.850 0.0000000000
71911  -46.421  -8.842  59.391 0.0000000000
71910  -45.962  -8.968  59.162 0.0000000000
70923  -45.698  -9.234  59.265 0.0000000000
70922  -44.948  -9.631  58.898 0.0000000000
70946  -44.707  -9.423  58.231 0.0000000000
70965  -43.917  -9.316  57.214 0.0000000000
70980  -43.944  -8.953  56.485 0.0000000000
71967  -44.302  -8.684  56.187 0.0000000000
71989  -46.643  -8.793  54.792 0.0000000000
69924  -46.524  -10.278  54.012 0.0000000000
76893  -49.297  -3.928  56.003 0.0000000000
75964  -49.899  -4.676  56.007 0.0000000000
75963  -49.258  -4.717  55.553 0.0000000000
74080  -48.680  -6.266  54.362 0.0000000000
74110  -47.648  -7.471  53.141 0.0000000000
55294  -13.834  -23.054  80.231 0.0000000000
56436  -15.599  -22.157  77.316 0.0000000000
55320  -15.219  -22.975  77.074 0.0000000000
54288  -14.725  -23.757  75.455 0.0000000000
55350  -15.310  -23.274  74.101 0.0000000000
55364  -15.412  -23.189  73.052 0.0000000000
58649  -18.970  -20.636  77.576 0.0000000000
57523  -19.517  -20.860  77.448 0.0000000000
57542  -19.231  -21.143  76.659 0.0000000000
55397  -20.310  -23.262  71.205 0.0000000000
55396  -19.233  -22.975  71.125 0.0000000000
56542  -17.870  -22.715  70.815 0.0000000000
54365  -18.968  -24.481  68.456 0.0000000000
54379  -19.582  -24.868  68.028 0.0000000000
52369  -20.441  -26.212  68.026 0.0000000000
51259  -20.891  -27.204  68.866 0.0000000000
61854  -27.755  -19.419  82.688 0.0000000000
60719  -27.252  -19.494  82.852 0.0000000000
60730  -27.446  -19.770  82.333 0.0000000000
132453  -28.440  -19.994  78.633 0.0000000000
58665  -28.813  -19.826  77.748 0.0000000000
132486  -26.935  -20.314  77.621 0.0000000000
132497  -26.582  -20.495  77.564 0.0000000000
57564  -27.006  -20.858  74.394 0.0000000000
66430  -33.801  -13.827  68.524 0.0000000000
67365  -33.414  -12.129  74.972 0.0000000000
66343  -33.078  -12.711  73.505 0.0000000000
66410  -32.778  -13.715  69.892 0.0000000000
67614  -39.520  -12.309  52.490 0.0000000000
59680  -21.758  -18.817  82.951 0.0000000000
59698  -22.024  -19.087  82.536 0.0000000000
59717  -23.491  -19.579  81.940 0.0000000000
59718  -23.960  -19.756  81.991 0.0000000000
58583  -24.050  -19.972  81.585 0.0000000000
64287  -36.112  -14.602  62.789 0.0000000000
65350  -36.779  -14.586  62.807 0.0000000000
65373  -36.853  -14.450  60.555 0.0000000000
65374  -37.618  -14.350  61.023 0.0000000000
66510  -39.701  -13.472  60.835 0.0000000000
67557  -40.342  -13.233  61.089 0.0000000000
132415  -33.637  -17.685  81.198 0.0000000000
61889  -33.719  -17.872  80.730 0.0000000000
60773  -33.347  -18.259  79.647 0.0000000000
60785  -33.045  -18.432  78.761 0.0000000000
61997  -31.537  -17.524  74.711 0.0000000000
58719  -34.128  -21.119  72.929 0.0000000000
57601  -34.384  -21.585  72.830 0.0000000000
57600  -33.875  -21.415  72.526 0.0000000000
57606  -33.420  -21.651  72.077 0.0000000000
56528  -32.999  -22.354  71.607 0.0000000000
62085  -29.643  -17.710  66.935 0.0000000000
62079  -29.401  -18.306  67.224 0.0000000000
62084  -29.176  -18.127  66.625 0.0000000000
62083  -28.821  -18.324  66.236 0.0000000000
60940  -28.628  -18.664  66.175 0.0000000000
62101  -28.508  -18.017  65.035 0.0000000000
60949  -28.076  -18.752  65.435 0.0000000000
67493  -45.691  -12.385  66.695 0.0000000000
67521  -45.513  -12.255  64.732 0.0000000000
67533  -45.465  -12.023  64.058 0.0000000000
68672  -46.019  -11.838  64.524 0.0000000000
73918  -48.482  -6.864  62.072 0.0000000000
72894  -48.865  -7.560  61.887 0.0000000000
72895  -49.197  -7.286  61.210 0.0000000000
71914  -49.073  -7.917  59.743 0.0000000000
71931  -47.275  -7.922  58.614 0.0000000000
72956  -47.104  -7.667  58.071 0.0000000000
71946  -46.341  -7.864  57.718 0.0000000000
72968  -46.028  -7.721  56.929 0.0000000000
72981  -46.792  -7.490  56.323 0.0000000000
72997  -47.506  -7.731  55.698 0.0000000000
74047  -48.762  -7.192  57.006 0.0000000000
71972  -48.069  -8.314  55.202 0.0000000000
76904  -47.598  -3.305  54.673 0.0000000000
75975  -47.269  -4.686  54.484 0.0000000000
75060  -47.062  -5.601  54.103 0.0000000000
74093  -46.603  -6.229  53.489 0.0000000000
57489  -14.787  -21.246  78.943 0.0000000000
57503  -15.520  -21.257  78.220 0.0000000000
56437  -16.156  -21.750  76.765 0.0000000000
56447  -16.260  -21.894  76.126 0.0000000000
56449  -20.641  -22.453  75.993 0.0000000000
56461  -20.100  -22.771  75.373 0.0000000000
56462  -20.898  -23.036  75.344 0.0000000000
55353  -20.698  -23.299  74.085 0.0000000000
55367  -20.641  -23.402  73.134 0.0000000000
55381  -22.178  -23.333  72.803 0.0000000000
55380  -21.416  -23.425  72.420 0.0000000000
55452  -22.497  -23.910  68.582 0.0000000000
54369  -23.101  -24.667  68.566 0.0000000000
54356  -24.170  -24.191  69.444 0.0000000000
53339  -23.987  -25.360  69.527 0.0000000000
64269  -30.673  -16.116  64.504 0.0000000000
64281  -30.836  -15.858  63.895 0.0000000000
64260  -33.027  -15.632  65.375 0.0000000000
64232  -35.472  -15.088  67.684 0.0000000000
65119  -33.918  -14.703  79.469 0.0000000000
65141  -33.466  -14.472  78.524 0.0000000000
65160  -32.699  -14.569  77.778 0.0000000000
64103  -32.168  -15.000  77.280 0.0000000000
65178  -32.005  -14.945  76.886 0.0000000000
66321  -33.017  -12.813  75.434 0.0000000000
64122  -31.880  -14.780  74.981 0.0000000000
63092  -31.268  -16.769  72.537 0.0000000000
60905  -30.553  -18.993  69.801 0.0000000000
62058  -30.507  -18.060  69.345 0.0000000000
64218  -31.240  -15.757  69.007 0.0000000000
63164  -30.011  -17.120  66.910 0.0000000000
76865  -49.484  -4.131  57.747 0.0000000000
76873  -49.529  -3.889  57.265 0.0000000000
76880  -49.130  -2.961  56.297 0.0000000000
80190  -48.619  0.059  56.079 0.0000000000
77940  -48.112  -2.199  55.148 0.0000000000
77950  -47.213  -2.357  53.764 0.0000000000
77949  -46.780  -2.509  53.143 0.0000000000
79064  -46.903  -1.890  52.856 0.0000000000
77964  -46.554  -2.546  52.531 0.0000000000
59727  -17.874  -18.701  80.308 0.0000000000
58595  -19.573  -19.696  80.406 0.0000000000
58634  -19.810  -20.562  78.468 0.0000000000
57524  -20.125  -21.005  77.678 0.0000000000
58616  -21.499  -20.570  79.697 0.0000000000
57490  -21.151  -20.748  79.155 0.0000000000
57525  -21.112  -21.559  77.467 0.0000000000
56450  -21.558  -22.680  75.789 0.0000000000
132540  -22.432  -22.885  75.272 0.0000000000
132538  -22.351  -22.270  76.273 0.0000000000
55341  -35.706  -22.574  75.703 0.0000000000
64309  -30.949  -15.484  62.470 0.0000000000
64310  -31.767  -15.350  62.159 0.0000000000
64313  -34.430  -14.964  61.358 0.0000000000
67592  -40.067  -11.911  56.384 0.0000000000
62928  -25.509  -17.807  84.953 0.0000000000
61852  -25.824  -18.428  84.434 0.0000000000
62930  -25.965  -17.974  84.606 0.0000000000
61863  -26.781  -18.741  83.769 0.0000000000
132404  -27.523  -18.080  83.676 0.0000000000
132399  -28.075  -19.227  82.663 0.0000000000
132420  -30.633  -17.412  82.883 0.0000000000
132407  -32.193  -18.214  82.156 0.0000000000
62908  -31.794  -18.515  82.083 0.0000000000
61813  -30.197  -19.330  81.393 0.0000000000
57566  -33.790  -20.942  76.710 0.0000000000
64056  -33.603  -15.719  79.645 0.0000000000
64055  -33.201  -16.161  79.474 0.0000000000
63006  -32.275  -16.551  78.426 0.0000000000
61922  -32.661  -17.156  79.110 0.0000000000
61939  -32.760  -17.820  78.772 0.0000000000
61982  -32.060  -17.997  76.114 0.0000000000
59770  -34.049  -19.108  77.283 0.0000000000
58655  -34.450  -19.570  76.948 0.0000000000
58669  -35.126  -19.932  76.463 0.0000000000
58670  -35.940  -20.145  75.997 0.0000000000
57551  -36.212  -20.433  76.058 0.0000000000
57569  -36.434  -20.933  76.053 0.0000000000
68566  -36.385  -11.243  72.355 0.0000000000
69682  -37.604  -10.853  74.122 0.0000000000
58578  -14.126  -19.991  81.724 0.0000000000
58593  -14.336  -19.752  80.819 0.0000000000
59739  -14.515  -19.261  80.053 0.0000000000
60735  -14.377  -18.310  80.960 0.0000000000
60747  -14.692  -18.428  80.144 0.0000000000
60765  -15.495  -18.310  79.610 0.0000000000
61914  -16.120  -17.870  79.745 0.0000000000
61915  -16.535  -17.735  79.996 0.0000000000
61897  -16.829  -17.597  80.631 0.0000000000
60749  -17.068  -17.942  80.120 0.0000000000
60751  -18.117  -18.540  81.180 0.0000000000
60737  -18.593  -18.408  81.653 0.0000000000
60738  -18.912  -18.308  81.962 0.0000000000
60727  -19.398  -18.199  82.464 0.0000000000
59679  -20.217  -18.344  83.001 0.0000000000
60711  -20.636  -18.326  83.196 0.0000000000
60729  -21.079  -18.501  83.064 0.0000000000
60712  -21.591  -18.560  83.368 0.0000000000
60697  -23.203  -18.320  84.310 0.0000000000
61849  -23.774  -18.040  84.955 0.0000000000
61835  -24.394  -17.747  85.333 0.0000000000
62918  -24.309  -17.181  85.589 0.0000000000
62919  -25.054  -17.461  85.383 0.0000000000
132430  -25.857  -16.659  84.818 0.0000000000
132505  -25.704  -16.001  84.695 0.0000000000
132478  -26.173  -16.174  84.667 0.0000000000
132461  -26.270  -16.402  84.668 0.0000000000
132416  -32.059  -14.722  82.024 0.0000000000
132427  -31.990  -14.337  81.964 0.0000000000
66249  -34.208  -13.670  80.461 0.0000000000
132456  -33.222  -12.741  81.046 0.0000000000
68503  -33.848  -11.858  77.288 0.0000000000
68512  -33.840  -11.609  76.775 0.0000000000
68513  -34.080  -11.226  77.064 0.0000000000
69639  -34.029  -11.109  76.764 0.0000000000
69656  -33.901  -10.985  76.333 0.0000000000
68529  -34.066  -10.890  74.843 0.0000000000
69679  -34.785  -10.520  73.851 0.0000000000
68576  -36.988  -11.955  71.755 0.0000000000
67425  -37.025  -12.591  71.216 0.0000000000
67426  -37.489  -12.828  71.622 0.0000000000
67445  -37.218  -13.010  71.042 0.0000000000
66392  -37.558  -13.641  70.784 0.0000000000
65261  -38.081  -14.406  70.290 0.0000000000
67411  -39.556  -13.179  73.202 0.0000000000
66372  -39.432  -14.119  71.943 0.0000000000
65325  -39.396  -14.256  66.711 0.0000000000
65333  -39.734  -14.214  65.829 0.0000000000
66464  -40.375  -13.899  65.595 0.0000000000
65343  -39.798  -14.298  65.042 0.0000000000
66482  -40.380  -13.856  63.526 0.0000000000
66491  -40.293  -13.777  62.672 0.0000000000
68784  -40.887  -11.728  58.103 0.0000000000
68789  -41.329  -11.128  56.589 0.0000000000
68713  -47.033  -10.720  62.895 0.0000000000
69824  -46.662  -10.550  62.172 0.0000000000
70895  -47.291  -9.574  61.276 0.0000000000
69837  -45.349  -10.589  60.943 0.0000000000
68765  -44.205  -10.669  59.698 0.0000000000
69890  -44.347  -9.836  58.554 0.0000000000
69889  -43.614  -10.269  58.426 0.0000000000
69888  -42.909  -10.693  58.404 0.0000000000
68793  -41.191  -11.088  55.999 0.0000000000
69919  -41.580  -10.285  53.926 0.0000000000
69913  -42.362  -9.979  54.427 0.0000000000
69933  -42.475  -10.622  52.641 0.0000000000
70996  -44.697  -8.557  55.154 0.0000000000
71988  -45.793  -8.527  54.841 0.0000000000
71011  -44.964  -8.820  54.458 0.0000000000
69934  -43.420  -10.807  52.489 0.0000000000
75947  -50.429  -5.348  57.076 0.0000000000
75017  -50.622  -5.849  56.713 0.0000000000
74067  -50.520  -6.474  55.672 0.0000000000
71993  -50.105  -8.069  54.959 0.0000000000
75047  -47.889  -5.672  54.494 0.0000000000
73023  -48.398  -7.586  53.392 0.0000000000
73025  -49.675  -8.028  53.916 0.0000000000
71016  -49.349  -9.061  54.178 0.0000000000
71015  -48.823  -9.523  54.199 0.0000000000
53273  -13.813  -25.235  74.560 0.0000000000
54297  -14.345  -24.584  74.140 0.0000000000
58632  -17.591  -19.928  78.117 0.0000000000
57522  -17.467  -20.719  76.865 0.0000000000
56460  -19.287  -22.365  75.226 0.0000000000
56477  -18.833  -22.450  74.408 0.0000000000
56476  -17.798  -22.032  74.280 0.0000000000
56475  -16.556  -22.245  74.157 0.0000000000
56504  -15.857  -22.965  71.933 0.0000000000
56519  -16.648  -22.960  70.895 0.0000000000
55394  -16.032  -23.251  71.276 0.0000000000
53355  -22.215  -25.735  68.020 0.0000000000
60700  -25.503  -18.878  84.206 0.0000000000
59702  -25.767  -20.156  82.625 0.0000000000
59703  -26.411  -20.064  82.460 0.0000000000
58569  -25.354  -20.395  82.111 0.0000000000
58585  -25.611  -20.430  81.402 0.0000000000
58601  -25.114  -20.556  80.562 0.0000000000
58620  -25.435  -20.870  79.600 0.0000000000
58604  -27.582  -20.269  80.363 0.0000000000
132450  -27.472  -20.281  79.361 0.0000000000
58622  -26.934  -20.459  79.828 0.0000000000
132517  -25.117  -21.348  76.181 0.0000000000
132541  -24.876  -21.980  74.629 0.0000000000
56497  -24.843  -22.092  73.810 0.0000000000
55340  -34.804  -22.880  75.364 0.0000000000
54289  -33.184  -22.998  74.766 0.0000000000
57582  -27.059  -21.107  73.674 0.0000000000
132520  -26.419  -21.359  73.376 0.0000000000
57598  -25.506  -21.966  72.593 0.0000000000
56526  -25.465  -22.364  71.543 0.0000000000
55401  -25.676  -23.312  70.784 0.0000000000
52359  -21.413  -26.516  68.182 0.0000000000
52370  -20.738  -26.225  67.965 0.0000000000
53340  -24.427  -24.832  69.819 0.0000000000
53354  -21.673  -25.961  67.882 0.0000000000
53367  -19.802  -25.290  67.908 0.0000000000
53368  -20.288  -25.796  67.867 0.0000000000
53370  -21.714  -25.719  67.829 0.0000000000
54299  -33.007  -22.151  75.097 0.0000000000
54382  -21.654  -25.405  67.759 0.0000000000
55338  -21.105  -23.273  74.697 0.0000000000
55339  -21.493  -23.288  74.600 0.0000000000
55351  -15.763  -22.749  74.444 0.0000000000
55355  -21.900  -23.328  74.213 0.0000000000
55358  -34.784  -22.403  75.496 0.0000000000
55377  -15.903  -23.051  71.711 0.0000000000
55439  -23.940  -23.701  69.507 0.0000000000
56483  -33.725  -21.718  75.710 0.0000000000
56490  -15.842  -22.886  72.325 0.0000000000
56512  -25.519  -22.057  72.176 0.0000000000
56520  -17.271  -22.617  71.271 0.0000000000
56523  -22.979  -22.974  71.608 0.0000000000
57505  -20.325  -20.755  78.325 0.0000000000
57530  -26.808  -20.398  77.866 0.0000000000
57550  -35.692  -20.465  76.182 0.0000000000
58638  -33.367  -19.383  79.660 0.0000000000
58651  -33.139  -19.370  80.298 0.0000000000
58704  -28.008  -21.310  73.274 0.0000000000
59678  -19.994  -18.343  82.895 0.0000000000
59687  -26.721  -19.759  82.826 0.0000000000
59720  -33.244  -18.609  80.898 0.0000000000
59732  -33.478  -18.625  80.271 0.0000000000
59744  -33.448  -19.201  79.996 0.0000000000
59767  -33.260  -19.525  80.010 0.0000000000
59779  -28.682  -19.934  78.631 0.0000000000
59790  -36.811  -20.130  75.645 0.0000000000
60728  -20.773  -18.521  82.922 0.0000000000
60741  -33.439  -18.387  80.806 0.0000000000
60742  -33.682  -17.956  80.960 0.0000000000
60748  -15.149  -17.909  80.029 0.0000000000
60757  -33.476  -18.477  80.492 0.0000000000
60758  -33.650  -17.917  80.270 0.0000000000
60825  -32.044  -18.107  75.672 0.0000000000
61821  -31.721  -19.020  81.544 0.0000000000
61851  -25.299  -18.363  84.774 0.0000000000
61853  -26.288  -18.478  84.207 0.0000000000
61887  -33.221  -18.220  81.378 0.0000000000
62899  -31.825  -18.163  82.310 0.0000000000
62929  -25.675  -18.122  84.725 0.0000000000
62991  -32.835  -16.459  79.244 0.0000000000
63021  -32.043  -16.297  77.883 0.0000000000
63152  -30.540  -17.232  68.564 0.0000000000
63974  -24.585  -16.363  85.636 0.0000000000
65031  -24.196  -15.777  85.410 0.0000000000
66355  -38.203  -13.184  72.147 0.0000000000
67548  -40.402  -13.358  61.472 0.0000000000
67578  -40.973  -11.873  59.068 0.0000000000
67597  -40.050  -11.839  55.843 0.0000000000
69826  -48.195  -10.070  62.805 0.0000000000
69871  -43.793  -10.602  59.186 0.0000000000
69904  -41.095  -10.990  55.747 0.0000000000
70966  -44.612  -9.084  57.520 0.0000000000
71027  -46.315  -9.674  54.231 0.0000000000
71956  -44.641  -8.719  56.773 0.0000000000
72916  -49.402  -7.502  60.500 0.0000000000
72971  -49.240  -7.231  57.619 0.0000000000
72995  -46.113  -7.940  55.553 0.0000000000
73013  -50.254  -7.698  54.978 0.0000000000
74013  -48.510  -7.351  58.104 0.0000000000
74014  -50.168  -5.986  58.511 0.0000000000
74030  -48.268  -7.317  57.916 0.0000000000
74033  -50.560  -6.308  57.383 0.0000000000
74965  -48.730  -5.693  60.304 0.0000000000
74988  -50.196  -5.679  58.151 0.0000000000
75034  -49.503  -5.300  55.309 0.0000000000
75049  -49.735  -5.912  54.990 0.0000000000
75962  -48.644  -4.249  55.417 0.0000000000
75965  -50.242  -4.926  56.321 0.0000000000
76903  -46.880  -3.757  54.143 0.0000000000
132411  -33.229  -18.388  81.195 0.0000000000
132412  -33.092  -18.356  81.393 0.0000000000
132413  -33.198  -18.286  81.326 0.0000000000
132418  -31.478  -18.110  82.393 0.0000000000
132424  -31.690  -14.580  82.222 0.0000000000
132431  -28.518  -20.059  79.451 0.0000000000
132432  -28.435  -20.096  79.234 0.0000000000
132435  -26.363  -16.782  84.707 0.0000000000
132437  -25.649  -16.568  84.872 0.0000000000
132439  -28.484  -20.060  78.996 0.0000000000
132443  -26.154  -16.613  84.731 0.0000000000
132444  -25.937  -16.448  84.732 0.0000000000
132451  -27.720  -20.311  79.767 0.0000000000
132452  -28.154  -20.139  79.352 0.0000000000
132454  -28.656  -20.016  79.181 0.0000000000
132460  -26.349  -16.000  84.622 0.0000000000
132462  -25.743  -16.302  84.749 0.0000000000
132472  -28.008  -20.029  78.453 0.0000000000
132479  -24.619  -16.133  85.625 0.0000000000
132519  -25.165  -21.784  74.854 0.0000000000
132530  -24.912  -21.900  75.105 0.0000000000
132552  -26.345  -22.306  71.975 0.0000000000
132553  -26.729  -22.657  71.981 0.0000000000
132554  -27.404  -23.019  72.200 0.0000000000
