#!ascii label  , from subject A00073283 vox2ras=TkReg
984
64940  -19.149  -15.456  2.434 0.5555555820
64957  -20.433  -15.479  1.502 0.6666666865
66107  -20.415  -14.791  0.910 0.7777777910
64971  -21.533  -15.309  0.612 0.7777777910
66136  -21.197  -14.012  -0.321 0.8888888955
66138  -23.015  -13.827  -0.316 0.8888888955
64939  -18.549  -15.200  2.934 0.5555555820
66091  -19.180  -14.458  1.902 0.5555555820
67164  -19.388  -13.896  1.569 0.6666666865
67179  -19.542  -13.372  1.068 0.8888888955
66121  -21.823  -14.654  0.138 0.8888888955
66137  -22.092  -13.925  -0.415 0.8888888955
67206  -22.262  -12.887  -0.621 1.0000000000
66139  -23.935  -13.886  -0.206 0.8888888955
67207  -23.199  -12.923  -0.425 1.0000000000
67163  -18.932  -13.289  1.894 0.7777777910
68335  -19.474  -12.361  0.496 1.0000000000
69429  -19.783  -11.529  -0.268 1.0000000000
68345  -20.187  -12.461  -0.354 1.0000000000
68364  -21.287  -11.710  -1.254 1.0000000000
69430  -20.402  -11.788  -0.771 1.0000000000
68365  -21.821  -11.950  -0.985 1.0000000000
69446  -20.770  -11.390  -1.407 1.0000000000
69447  -21.522  -11.238  -1.750 1.0000000000
69448  -22.223  -11.202  -1.598 1.0000000000
68349  -23.340  -12.074  -0.098 1.0000000000
69458  -21.911  -10.918  -2.201 1.0000000000
69431  -23.308  -11.315  -0.278 1.0000000000
70517  -22.724  -10.412  -1.066 1.0000000000
70499  -23.351  -10.494  -0.440 0.7777777910
70498  -19.524  -10.489  -0.628 0.8888888955
69445  -20.132  -11.180  -0.940 1.0000000000
70513  -20.176  -10.577  -1.504 1.0000000000
70514  -20.983  -10.520  -2.186 1.0000000000
70527  -22.198  -10.192  -2.331 1.0000000000
70516  -22.529  -10.322  -1.829 1.0000000000
71552  -22.520  -9.536  -2.021 1.0000000000
71553  -22.763  -9.578  -1.239 1.0000000000
71537  -23.302  -9.622  -0.541 0.8888888955
72532  -23.309  -8.718  -0.591 1.0000000000
72533  -23.901  -8.775  0.062 0.7777777910
72516  -24.521  -8.849  0.353 0.7777777910
72531  -19.147  -9.028  -1.097 0.5555555820
72560  -20.154  -8.469  -2.496 0.7777777910
71561  -20.004  -9.218  -2.070 0.8888888955
71562  -20.750  -9.430  -2.510 1.0000000000
70525  -21.277  -9.913  -2.523 1.0000000000
71563  -21.467  -9.376  -2.768 1.0000000000
71564  -22.143  -9.463  -2.553 1.0000000000
72549  -22.502  -8.640  -2.129 1.0000000000
72550  -22.802  -8.687  -1.369 0.8888888955
73592  -22.525  -7.810  -2.185 1.0000000000
73575  -23.394  -7.755  -0.661 0.8888888955
74602  -24.550  -6.604  -0.035 0.7777777910
73578  -26.211  -7.662  0.213 0.6666666865
74603  -25.640  -6.555  0.347 0.6666666865
73590  -18.326  -7.292  -1.170 0.4444444478
73591  -18.886  -7.666  -1.728 0.7777777910
73607  -18.885  -6.994  -1.778 0.6666666865
73619  -19.949  -7.095  -3.253 0.7777777910
73609  -20.245  -7.782  -3.042 0.8888888955
72571  -21.428  -8.023  -3.450 0.8888888955
72563  -22.022  -8.375  -2.939 1.0000000000
73622  -21.735  -7.404  -3.355 1.0000000000
74614  -22.525  -7.109  -2.265 1.0000000000
74632  -22.606  -6.442  -2.379 0.8888888955
74615  -22.854  -6.518  -1.752 0.7777777910
75583  -23.666  -5.945  -1.002 0.7777777910
75584  -24.154  -5.660  -0.882 0.7777777910
75585  -25.086  -5.631  -0.130 0.6666666865
75611  -19.136  -5.693  -2.639 0.6666666865
74613  -18.398  -6.302  -1.628 0.6666666865
74630  -19.556  -6.364  -2.946 0.7777777910
74646  -20.866  -6.670  -4.068 0.8888888955
74647  -21.425  -6.702  -3.945 0.8888888955
74658  -20.597  -5.919  -4.389 1.0000000000
74660  -21.558  -6.199  -4.127 1.0000000000
74648  -21.825  -6.339  -3.786 1.0000000000
74631  -22.281  -6.461  -3.008 0.8888888955
75613  -22.813  -5.693  -2.405 0.8888888955
76516  -23.803  -5.103  -1.667 0.8888888955
75598  -23.482  -5.654  -1.479 0.7777777910
76532  -22.788  -4.825  -2.896 0.8888888955
76533  -23.462  -4.658  -2.149 0.7777777910
76517  -24.216  -4.775  -1.475 0.7777777910
76503  -24.817  -4.830  -0.752 0.7777777910
76504  -25.551  -4.848  -0.318 0.6666666865
75610  -18.519  -5.420  -2.134 0.6666666865
75597  -17.917  -5.421  -1.396 0.5555555820
75626  -18.935  -5.021  -2.707 0.7777777910
75627  -19.445  -5.355  -3.325 0.8888888955
74657  -20.179  -5.700  -4.281 0.8888888955
75642  -20.325  -5.202  -4.493 1.0000000000
74659  -21.227  -6.106  -4.355 1.0000000000
76562  -21.842  -5.002  -3.995 1.0000000000
75612  -22.501  -5.420  -3.204 0.8888888955
76534  -24.098  -3.943  -1.850 0.7777777910
77493  -24.188  -3.041  -1.811 0.7777777910
77467  -25.198  -4.338  -0.640 0.6666666865
77468  -25.772  -3.948  -0.492 0.5555555820
76505  -26.438  -4.806  -0.289 0.5555555820
76531  -18.445  -4.316  -2.389 0.7777777910
76544  -19.008  -4.348  -3.155 0.8888888955
76559  -19.858  -4.487  -4.450 1.0000000000
76560  -20.548  -4.387  -4.681 1.0000000000
77506  -21.742  -3.649  -3.945 0.8888888955
76547  -22.175  -4.465  -3.645 0.8888888955
77507  -22.201  -3.264  -3.387 0.8888888955
77491  -22.863  -3.870  -2.922 0.8888888955
78542  -24.237  -2.357  -1.901 0.7777777910
77478  -25.509  -3.077  -0.895 0.5555555820
79665  -22.688  -1.920  -2.881 0.7777777910
78528  -24.838  -2.355  -1.371 0.5555555820
78521  -26.394  -3.078  -0.623 0.5555555820
79656  -24.826  -1.343  -1.505 0.6666666865
77475  -17.010  -2.901  -0.674 0.4444444478
77489  -18.118  -3.241  -2.229 0.5555555820
78539  -18.547  -2.962  -3.533 0.7777777910
77505  -19.450  -3.854  -4.266 1.0000000000
77504  -18.951  -3.552  -3.784 0.8888888955
77519  -19.852  -3.497  -4.764 1.0000000000
77520  -20.707  -3.366  -4.846 0.8888888955
78570  -21.314  -2.421  -4.534 0.8888888955
77521  -21.340  -3.102  -4.501 0.8888888955
78555  -21.754  -2.483  -3.956 0.8888888955
78556  -22.240  -2.487  -3.342 0.8888888955
79667  -24.182  -1.620  -1.997 0.6666666865
79657  -25.481  -1.474  -1.169 0.5555555820
79673  -17.813  -1.155  -3.800 0.6666666865
78538  -18.150  -2.323  -3.143 0.6666666865
79674  -18.298  -1.615  -4.291 0.7777777910
78568  -20.047  -2.447  -5.225 0.8888888955
79689  -18.835  -1.490  -5.066 0.7777777910
79703  -20.391  -1.659  -5.351 0.7777777910
78569  -20.810  -2.287  -4.976 0.8888888955
80852  -20.884  -0.911  -5.082 0.7777777910
79692  -21.311  -1.791  -4.577 0.8888888955
80853  -21.350  -0.706  -4.708 0.7777777910
79675  -21.768  -1.489  -4.118 0.7777777910
79677  -22.614  -1.070  -2.868 0.6666666865
81883  -22.068  0.183  -3.933 0.6666666865
80842  -22.418  -0.511  -3.273 0.6666666865
80843  -22.978  -0.323  -2.351 0.6666666865
79666  -23.099  -1.544  -2.557 0.5555555820
82904  -22.622  1.149  -3.662 0.6666666865
81885  -23.253  0.726  -2.469 0.5555555820
81874  -24.087  0.326  -2.214 0.5555555820
80826  -25.259  -0.817  -1.403 0.4444444478
82887  -16.547  1.684  -2.033 0.3333333433
81862  -16.711  0.632  -2.524 0.3333333433
81873  -17.574  0.177  -3.628 0.5555555820
80840  -17.735  -0.202  -3.810 0.6666666865
82902  -17.510  1.199  -4.263 0.5555555820
80851  -18.382  -0.406  -5.018 0.7777777910
80860  -19.481  -0.553  -5.997 0.7777777910
81904  -19.010  0.420  -6.040 0.6666666865
80861  -20.476  -0.672  -5.430 0.6666666865
81905  -19.884  0.378  -5.815 0.6666666865
80862  -20.922  0.006  -5.016 0.6666666865
81894  -21.375  0.531  -4.570 0.6666666865
82903  -22.099  1.059  -4.212 0.6666666865
82894  -23.944  1.354  -2.442 0.5555555820
83878  -24.672  2.018  -2.548 0.5555555820
82905  -23.126  1.529  -2.890 0.6666666865
83874  -16.658  2.643  -2.860 0.4444444478
82886  -16.095  2.241  -1.743 0.4444444478
82891  -16.855  1.643  -3.127 0.4444444478
83882  -16.935  2.613  -3.750 0.5555555820
82901  -17.323  1.691  -4.042 0.5555555820
82918  -17.786  1.531  -4.831 0.6666666865
82919  -18.157  0.947  -5.249 0.6666666865
82935  -18.512  1.448  -5.584 0.6666666865
81906  -20.552  0.419  -5.316 0.6666666865
81893  -20.846  1.062  -4.901 0.6666666865
82921  -21.545  1.675  -4.391 0.6666666865
83883  -23.490  2.516  -3.128 0.6666666865
83884  -24.418  2.789  -2.725 0.5555555820
84844  -16.608  3.450  -3.548 0.4444444478
83915  -18.395  2.468  -5.365 0.6666666865
82934  -18.166  1.971  -5.207 0.6666666865
83916  -19.085  2.398  -5.657 0.6666666865
82937  -20.276  1.287  -5.478 0.6666666865
82936  -19.480  1.432  -5.987 0.6666666865
83902  -22.041  2.598  -3.840 0.6666666865
66135  -20.499  -13.929  -0.046 0.8888888955
68346  -21.011  -12.336  -0.919 1.0000000000
67221  -22.617  -12.415  -0.605 1.0000000000
76515  -18.074  -4.717  -1.749 0.5555555820
78526  -16.946  -2.281  -1.333 0.5555555820
78540  -22.837  -2.572  -2.891 0.8888888955
79701  -19.055  -1.171  -5.903 0.7777777910
80835  -24.591  -0.523  -1.732 0.4444444478
82917  -17.464  2.115  -4.560 0.6666666865
84878  -17.934  3.236  -5.320 0.6666666865
83879  -25.488  1.900  -2.437 0.5555555820
83880  -26.024  1.773  -2.341 0.5555555820
83868  -15.767  2.781  -1.572 0.2222222239
83885  -25.408  2.726  -2.568 0.5555555820
63877  -19.290  -16.139  3.008 0.5555555820
63878  -19.969  -16.445  2.605 0.5555555820
64941  -19.911  -15.748  2.068 0.6666666865
64958  -21.314  -15.803  1.188 0.5555555820
66122  -22.784  -14.631  0.081 0.7777777910
66123  -23.741  -14.591  0.090 0.8888888955
64930  -18.840  -15.726  3.097 0.5555555820
66124  -24.456  -14.628  -0.160 0.7777777910
67208  -24.187  -13.146  -0.183 0.8888888955
64929  -18.237  -15.551  3.436 0.4444444478
66089  -17.539  -13.694  2.862 0.5555555820
68300  -18.194  -12.544  1.818 0.2222222239
68317  -18.703  -12.243  1.224 0.6666666865
69432  -23.928  -11.406  0.134 0.8888888955
70500  -24.414  -10.602  0.109 0.6666666865
71525  -24.607  -9.494  0.268 0.7777777910
71526  -25.159  -9.472  0.275 0.6666666865
69417  -18.559  -11.328  0.695 0.5555555820
72517  -25.336  -8.812  0.396 0.6666666865
71535  -18.690  -9.470  -0.112 0.4444444478
73563  -25.550  -8.188  0.425 0.5555555820
73579  -27.094  -7.496  -0.514 0.5555555820
72529  -18.103  -7.851  -0.061 0.2222222239
74604  -26.703  -6.588  0.078 0.5555555820
74612  -17.955  -6.222  -0.879 0.4444444478
75587  -27.028  -5.658  -0.244 0.5555555820
75580  -17.142  -5.087  0.402 0.3333333433
76506  -27.316  -4.829  -0.578 0.5555555820
77476  -17.457  -3.263  -1.409 0.4444444478
77470  -27.719  -4.048  -0.788 0.4444444478
77460  -16.502  -3.373  -0.103 0.3333333433
78530  -26.950  -2.326  -1.026 0.5555555820
79658  -26.398  -1.493  -1.138 0.4444444478
81858  -16.360  0.521  -1.768 0.3333333433
80825  -16.522  -0.325  -2.013 0.4444444478
81866  -25.541  -0.100  -1.476 0.4444444478
82896  -25.672  1.320  -2.073 0.4444444478
82906  -26.812  1.846  -2.885 0.2222222239
84840  -16.391  3.533  -2.696 0.3333333433
84858  -16.710  3.394  -4.406 0.6666666865
84879  -18.734  3.319  -5.371 0.6666666865
83917  -20.030  2.435  -5.452 0.6666666865
83900  -20.631  2.900  -4.801 0.6666666865
84864  -21.872  3.558  -3.917 0.6666666865
84865  -22.712  3.387  -3.600 0.6666666865
84845  -23.282  3.144  -3.385 0.6666666865
83886  -26.301  2.286  -2.740 0.3333333433
84860  -17.605  3.740  -5.373 0.5555555820
64956  -19.619  -15.184  1.753 0.6666666865
66106  -19.803  -14.478  1.315 0.6666666865
64970  -20.861  -15.260  0.841 0.7777777910
66119  -20.124  -14.124  0.568 0.8888888955
66120  -20.894  -14.610  0.349 0.8888888955
67205  -21.463  -13.213  -0.706 1.0000000000
67204  -20.641  -13.279  -0.523 1.0000000000
67193  -19.976  -13.308  0.115 1.0000000000
66077  -18.201  -14.905  3.124 0.4444444478
66090  -18.373  -14.350  2.597 0.5555555820
68347  -21.633  -12.600  -0.805 1.0000000000
67220  -22.298  -12.263  -0.763 1.0000000000
68348  -22.887  -12.213  -0.491 1.0000000000
67178  -19.183  -12.855  1.386 0.8888888955
67162  -17.954  -13.125  2.275 0.6666666865
68334  -18.976  -11.849  0.684 0.8888888955
69418  -19.180  -11.422  0.297 0.8888888955
68318  -19.255  -12.692  1.069 1.0000000000
70483  -19.376  -10.967  -0.071 1.0000000000
68366  -22.485  -11.853  -0.831 1.0000000000
68367  -22.848  -11.831  -0.554 1.0000000000
69449  -22.792  -11.190  -0.826 1.0000000000
69459  -22.210  -10.626  -2.199 1.0000000000
70515  -21.558  -10.773  -2.230 1.0000000000
70497  -19.095  -9.965  -0.274 0.5555555820
70482  -18.858  -10.452  0.189 0.6666666865
71551  -20.273  -9.922  -2.017 1.0000000000
71550  -19.629  -9.630  -1.412 0.8888888955
73561  -24.471  -8.338  0.369 0.7777777910
73562  -24.841  -8.262  0.516 0.6666666865
72515  -18.356  -8.920  0.114 0.5555555820
72530  -18.502  -8.475  -0.631 0.6666666865
72548  -19.289  -8.510  -1.680 0.6666666865
71536  -19.122  -9.503  -0.679 0.7777777910
73608  -19.525  -7.404  -2.388 0.6666666865
72561  -20.935  -8.440  -3.205 0.8888888955
72562  -21.657  -8.671  -3.106 1.0000000000
73610  -22.255  -7.660  -2.700 1.0000000000
74601  -23.545  -6.684  -0.825 0.8888888955
73576  -24.103  -7.915  0.084 0.7777777910
73577  -25.141  -7.495  0.467 0.7777777910
73589  -17.889  -6.891  -0.495 0.3333333433
73574  -18.071  -7.549  -0.444 0.3333333433
72547  -18.624  -8.047  -1.395 0.6666666865
74629  -19.011  -6.364  -2.246 0.6666666865
73620  -20.626  -7.392  -3.614 0.8888888955
72572  -21.680  -8.155  -3.224 1.0000000000
75599  -23.928  -5.292  -1.397 0.7777777910
75586  -26.099  -5.621  0.122 0.5555555820
74645  -20.034  -6.293  -3.881 0.8888888955
75644  -21.613  -5.567  -4.191 1.0000000000
75641  -19.831  -5.285  -4.111 0.8888888955
76561  -21.460  -4.346  -4.339 0.8888888955
77492  -23.558  -3.421  -2.365 0.7777777910
77477  -24.775  -3.771  -1.109 0.6666666865
77469  -26.876  -3.960  -0.425 0.5555555820
76530  -17.911  -3.997  -1.782 0.5555555820
77490  -18.561  -3.448  -3.022 0.6666666865
76545  -19.411  -4.493  -3.868 0.8888888955
78541  -23.730  -2.425  -2.337 0.8888888955
79676  -22.381  -1.649  -3.334 0.8888888955
78529  -25.878  -2.250  -0.877 0.5555555820
77518  -19.223  -3.191  -4.374 1.0000000000
78554  -18.585  -2.495  -4.173 0.7777777910
78567  -19.354  -2.506  -4.789 0.7777777910
79663  -16.916  -0.961  -2.116 0.5555555820
79664  -17.362  -1.313  -2.742 0.5555555820
80833  -17.456  -0.357  -3.330 0.4444444478
79688  -18.237  -0.993  -4.515 0.6666666865
78553  -18.136  -1.925  -3.877 0.7777777910
78527  -17.508  -2.344  -2.121 0.7777777910
79655  -17.070  -1.624  -1.910 0.6666666865
80841  -21.970  -0.819  -3.872 0.6666666865
81884  -22.604  0.510  -3.054 0.6666666865
80834  -23.855  -0.799  -2.208 0.5555555820
81875  -25.085  0.555  -1.795 0.4444444478
80827  -25.975  -0.734  -1.210 0.4444444478
82895  -24.815  1.268  -2.225 0.5555555820
81872  -17.262  0.641  -3.414 0.5555555820
81891  -18.124  0.473  -4.824 0.6666666865
81892  -18.465  0.387  -5.463 0.7777777910
82922  -22.323  1.804  -3.817 0.6666666865
82923  -22.885  1.909  -3.431 0.6666666865
83898  -17.183  2.644  -4.490 0.6666666865
82920  -20.844  2.028  -5.026 0.6666666865
76514  -17.472  -4.418  -1.172 0.4444444478
75596  -17.434  -5.307  -0.593 0.4444444478
82897  -26.565  1.400  -2.382 0.3333333433
84848  -26.259  3.384  -3.228 0.3333333433
64974  -24.489  -15.421  0.089 0.6666666865
63869  -18.908  -16.368  3.599 0.5555555820
68350  -24.549  -12.352  0.022 0.7777777910
64928  -17.616  -15.583  3.968 0.3333333433
70484  -24.830  -9.960  0.184 0.6666666865
72514  -17.928  -8.308  0.502 0.1111111119
73573  -17.679  -7.191  0.158 0.1111111119
76500  -17.008  -4.352  -0.248 0.3333333433
84846  -24.006  3.562  -3.142 0.6666666865
84847  -25.130  3.647  -2.779 0.4444444478
62821  -23.255  -18.323  2.168 0.4444444478
60605  -24.948  -19.671  2.541 0.2222222239
62805  -20.310  -17.410  3.214 0.4444444478
62819  -21.443  -17.487  2.532 0.4444444478
63879  -20.756  -16.647  2.416 0.4444444478
62838  -21.728  -16.901  1.904 0.4444444478
62840  -23.459  -17.771  1.652 0.4444444478
61742  -24.111  -18.208  1.570 0.4444444478
62822  -24.963  -18.049  1.555 0.2222222239
63895  -22.004  -16.437  1.441 0.4444444478
63896  -22.951  -16.770  1.313 0.4444444478
62823  -25.463  -17.615  1.793 0.1111111119
62824  -26.355  -17.509  2.660 0.1111111119
63897  -23.899  -17.023  0.912 0.4444444478
63898  -25.138  -16.944  0.788 0.3333333433
64959  -21.961  -15.848  0.931 0.4444444478
63907  -22.533  -16.144  0.990 0.4444444478
63881  -25.907  -16.813  1.593 0.2222222239
63909  -24.214  -16.211  0.496 0.4444444478
63908  -23.280  -16.169  0.774 0.4444444478
64975  -25.393  -15.816  0.034 0.2222222239
64961  -26.070  -15.773  1.079 0.1111111119
66109  -27.416  -14.288  1.477 0.1111111119
64986  -25.540  -14.807  -0.459 0.3333333433
66140  -24.848  -14.144  -0.483 0.5555555820
67209  -25.162  -13.254  -0.274 0.6666666865
67194  -26.673  -13.489  0.080 0.4444444478
68353  -27.223  -12.465  -0.178 0.3333333433
68351  -25.562  -12.405  -0.160 0.6666666865
69434  -26.040  -11.499  -0.379 0.5555555820
69435  -27.016  -11.559  -0.726 0.5555555820
70502  -26.577  -10.520  -0.646 0.3333333433
69433  -25.025  -11.490  -0.038 0.5555555820
71541  -27.141  -9.485  -0.783 0.4444444478
72518  -26.030  -8.696  0.161 0.5555555820
72534  -26.745  -8.543  -0.399 0.4444444478
84880  -19.480  3.150  -5.366 0.5555555820
84862  -20.179  3.681  -4.956 0.5555555820
84863  -20.986  3.699  -4.278 0.5555555820
85833  -22.598  4.218  -3.699 0.5555555820
85816  -23.512  4.564  -3.341 0.5555555820
61723  -22.913  -18.844  2.652 0.4444444478
61725  -25.157  -18.616  2.127 0.2222222239
63893  -20.471  -16.097  2.145 0.4444444478
63880  -25.512  -17.152  1.358 0.2222222239
64987  -26.075  -14.423  -0.421 0.4444444478
66125  -26.435  -14.214  0.069 0.3333333433
67210  -25.954  -13.184  -0.273 0.6666666865
67211  -26.535  -13.053  -0.089 0.4444444478
70503  -27.603  -10.475  -0.669 0.3333333433
74605  -27.398  -6.535  -0.687 0.4444444478
85830  -19.779  4.701  -4.429 0.5555555820
63894  -21.201  -16.354  1.935 0.4444444478
67195  -27.202  -13.094  0.260 0.2222222239
85834  -23.038  3.964  -3.496 0.5555555820
61691  -21.463  -19.409  4.033 0.4444444478
61707  -22.613  -19.240  3.137 0.4444444478
60603  -23.115  -19.548  3.042 0.4444444478
59595  -25.891  -20.114  3.155 0.1111111119
61705  -20.584  -18.330  3.652 0.4444444478
61727  -26.690  -18.208  3.168 0.1111111119
60606  -25.899  -19.225  3.005 0.1111111119
62825  -27.220  -17.319  3.090 0.1111111119
64942  -26.382  -16.259  1.811 0.1111111119
64944  -28.015  -15.685  2.599 0.1111111119
66093  -28.380  -14.716  2.262 0.1111111119
67181  -27.813  -13.156  0.990 0.2222222239
69436  -28.065  -11.512  -0.213 0.1111111119
68336  -27.705  -12.613  0.305 0.2222222239
70504  -28.596  -10.269  -0.366 0.2222222239
73594  -27.670  -7.290  -1.242 0.3333333433
73595  -28.295  -7.203  -1.724 0.3333333433
74616  -27.936  -6.459  -1.476 0.3333333433
78522  -27.602  -3.279  -1.166 0.4444444478
81867  -26.446  0.010  -1.436 0.3333333433
85826  -16.537  4.059  -4.070 0.4444444478
85817  -24.734  4.574  -3.010 0.5555555820
85828  -17.558  4.360  -5.129 0.5555555820
85829  -18.608  4.291  -4.995 0.5555555820
85831  -20.689  4.714  -4.326 0.5555555820
85832  -21.777  4.732  -4.098 0.5555555820
85815  -22.659  5.113  -3.728 0.5555555820
85813  -19.021  4.963  -4.158 0.5555555820
63870  -19.566  -16.741  3.279 0.4444444478
62818  -20.624  -16.983  2.706 0.4444444478
64972  -22.487  -15.456  0.545 0.5555555820
64973  -23.531  -15.380  0.425 0.5555555820
70501  -25.534  -10.446  -0.101 0.5555555820
70485  -25.299  -9.929  0.079 0.5555555820
71540  -26.219  -9.550  -0.244 0.4444444478
75600  -27.675  -5.656  -0.942 0.4444444478
81876  -26.043  0.703  -1.739 0.3333333433
62820  -22.586  -18.014  2.226 0.4444444478
61724  -24.016  -18.725  2.060 0.4444444478
62806  -21.084  -17.958  3.285 0.4444444478
61722  -22.160  -18.335  2.657 0.4444444478
62839  -22.347  -17.251  1.814 0.4444444478
61743  -24.552  -18.316  1.663 0.4444444478
62841  -24.459  -17.769  1.260 0.4444444478
62842  -25.045  -17.667  1.260 0.4444444478
63882  -26.657  -16.656  2.447 0.1111111119
62807  -27.006  -17.871  3.237 0.1111111119
64960  -25.548  -16.277  0.665 0.3333333433
63910  -24.812  -16.204  0.168 0.3333333433
63899  -25.635  -16.456  1.002 0.2222222239
64976  -26.058  -15.008  0.072 0.2222222239
66108  -26.559  -14.664  0.804 0.1111111119
64962  -26.897  -15.125  1.483 0.1111111119
67180  -26.951  -13.786  0.618 0.1111111119
66092  -27.523  -15.112  1.993 0.1111111119
64985  -24.933  -15.057  -0.421 0.3333333433
66141  -25.678  -13.954  -0.614 0.4444444478
66142  -26.257  -13.753  -0.301 0.4444444478
67212  -26.886  -13.019  0.010 0.3333333433
68337  -28.180  -12.195  0.316 0.1111111119
68352  -26.413  -12.379  -0.276 0.4444444478
72535  -27.717  -8.323  -1.095 0.4444444478
84861  -19.368  3.879  -5.142 0.5555555820
64943  -26.941  -15.809  2.132 0.1111111119
60588  -22.222  -19.434  3.690 0.4444444478
61706  -21.835  -18.856  3.410 0.4444444478
60591  -24.442  -20.245  2.909 0.2222222239
60604  -23.851  -19.565  2.746 0.4444444478
61704  -19.895  -17.998  3.689 0.4444444478
62804  -19.311  -17.405  3.914 0.4444444478
61726  -26.000  -18.318  2.801 0.1111111119
63883  -27.609  -16.562  2.873 0.1111111119
55107  -22.579  -24.471  8.356 0.1111111119
58412  -19.511  -21.565  6.618 0.3333333433
57289  -21.383  -23.181  7.091 0.2222222239
56224  -22.047  -23.618  8.017 0.2222222239
56225  -23.007  -23.716  8.398 0.1111111119
57268  -23.421  -23.011  8.177 0.1111111119
60538  -18.186  -19.250  6.121 0.3333333433
59505  -18.467  -20.572  6.944 0.3333333433
58411  -18.874  -21.220  6.882 0.3333333433
58433  -20.674  -21.821  5.774 0.3333333433
58434  -21.429  -22.067  5.722 0.3333333433
57307  -21.964  -22.419  6.858 0.2222222239
58415  -22.182  -22.151  6.284 0.2222222239
57291  -22.788  -22.446  7.429 0.2222222239
57308  -22.488  -22.176  6.810 0.2222222239
61675  -18.016  -18.029  5.597 0.2222222239
61656  -18.325  -19.023  5.857 0.2222222239
60539  -19.016  -19.652  6.044 0.3333333433
59524  -19.733  -20.758  6.136 0.3333333433
59525  -20.314  -21.162  5.838 0.3333333433
58416  -23.095  -21.928  6.575 0.1111111119
62793  -17.774  -16.955  4.933 0.2222222239
61688  -18.904  -18.135  4.654 0.3333333433
61676  -18.653  -18.558  5.293 0.3333333433
61689  -19.656  -18.597  4.391 0.3333333433
60559  -19.278  -19.246  5.411 0.3333333433
60572  -20.366  -19.357  4.512 0.3333333433
59563  -21.171  -20.674  4.846 0.3333333433
60573  -21.035  -19.928  4.476 0.3333333433
59550  -22.276  -21.291  4.843 0.3333333433
59564  -21.840  -20.644  4.647 0.3333333433
58446  -22.869  -21.519  4.929 0.3333333433
58436  -23.396  -21.583  5.584 0.1111111119
63860  -17.857  -16.653  4.624 0.2222222239
62794  -18.435  -17.380  4.704 0.2222222239
62795  -19.031  -17.906  4.366 0.3333333433
60574  -22.147  -19.837  4.097 0.3333333433
59565  -22.760  -20.867  4.468 0.3333333433
58447  -23.575  -21.458  4.669 0.1111111119
64914  -17.268  -15.660  4.548 0.3333333433
63867  -17.602  -16.165  4.401 0.3333333433
60575  -23.115  -20.311  3.983 0.3333333433
60589  -22.688  -19.619  3.552 0.3333333433
60590  -23.673  -20.244  3.374 0.3333333433
71542  -28.149  -9.409  -0.766 0.2222222239
72551  -28.028  -7.681  -1.446 0.2222222239
72536  -28.774  -8.607  -1.083 0.2222222239
76518  -28.036  -4.813  -1.098 0.3333333433
75601  -28.272  -5.618  -1.648 0.2222222239
57319  -20.604  -22.324  6.133 0.3333333433
57306  -21.166  -22.870  6.528 0.3333333433
57267  -22.495  -23.107  7.999 0.2222222239
58396  -23.430  -22.179  7.241 0.1111111119
62780  -17.500  -17.409  5.403 0.3333333433
59548  -20.739  -20.991  5.339 0.3333333433
59549  -21.617  -21.306  5.064 0.3333333433
58435  -22.411  -21.773  5.518 0.3333333433
62803  -18.749  -16.841  4.132 0.3333333433
60576  -23.556  -20.656  3.779 0.3333333433
55106  -21.485  -24.347  7.959 0.1111111119
58394  -18.451  -21.413  7.447 0.3333333433
58395  -19.070  -21.794  7.048 0.3333333433
57288  -19.687  -22.804  7.065 0.3333333433
56255  -20.784  -23.355  6.850 0.3333333433
56244  -21.653  -23.511  7.636 0.3333333433
54058  -23.242  -25.293  8.436 0.1111111119
56226  -24.028  -23.769  8.481 0.1111111119
60514  -17.990  -19.657  6.653 0.3333333433
61655  -17.578  -18.539  6.089 0.2222222239
57292  -23.820  -22.501  7.690 0.1111111119
58417  -24.148  -21.523  6.424 0.1111111119
58437  -24.316  -21.356  5.440 0.1111111119
58448  -24.435  -21.389  4.533 0.1111111119
58456  -23.941  -21.411  4.069 0.1111111119
59580  -24.623  -20.883  3.335 0.1111111119
77479  -28.216  -3.920  -1.351 0.2222222239
76519  -28.468  -4.730  -1.839 0.2222222239
66076  -17.612  -14.573  3.458 0.2222222239
63868  -18.188  -16.367  4.115 0.3333333433
55108  -23.607  -24.521  8.470 0.1111111119
56223  -21.574  -23.764  7.749 0.1111111119
57304  -19.502  -22.247  6.944 0.3333333433
58413  -20.197  -21.696  6.203 0.3333333433
59523  -19.041  -20.645  6.539 0.3333333433
57305  -20.143  -22.576  6.581 0.3333333433
56254  -20.563  -23.135  6.700 0.3333333433
60515  -18.635  -20.122  6.564 0.3333333433
57320  -20.956  -22.365  5.927 0.3333333433
59547  -20.118  -20.561  5.667 0.3333333433
58414  -21.683  -22.391  6.326 0.2222222239
60540  -19.721  -20.179  5.762 0.3333333433
62781  -18.172  -17.813  5.287 0.3333333433
61677  -19.389  -19.052  5.062 0.3333333433
60560  -20.054  -19.743  5.221 0.3333333433
60561  -20.723  -20.356  4.934 0.3333333433
63859  -17.275  -16.457  4.906 0.2222222239
61690  -20.824  -19.068  4.090 0.3333333433
59566  -23.462  -20.995  4.076 0.3333333433
59579  -23.937  -20.999  3.676 0.1111111119
54057  -22.192  -25.313  8.387 0.1111111119
57287  -19.115  -22.438  7.471 0.3333333433
56241  -19.574  -23.074  7.373 0.3333333433
55122  -20.732  -23.942  7.405 0.3333333433
60513  -17.191  -19.513  7.362 0.2222222239
72552  -28.559  -7.857  -1.468 0.1111111119
72554  -30.333  -8.623  -1.942 0.1111111119
72553  -29.431  -8.089  -1.524 0.1111111119
73596  -29.174  -7.316  -1.906 0.1111111119
73611  -29.662  -7.359  -2.631 0.1111111119
74617  -28.773  -6.482  -2.124 0.1111111119
74634  -29.373  -6.669  -2.943 0.1111111119
78531  -28.145  -2.689  -1.600 0.2222222239
74633  -29.055  -6.162  -2.585 0.1111111119
79668  -28.008  -1.505  -1.982 0.1111111119
80828  -26.833  -0.758  -1.406 0.2222222239
81878  -27.599  0.278  -2.585 0.1111111119
78543  -28.277  -2.045  -2.276 0.1111111119
80837  -28.347  -0.861  -3.064 0.1111111119
85846  -18.305  3.706  -5.313 0.4444444478
82898  -27.141  0.952  -2.504 0.1111111119
86732  -16.999  5.327  -3.454 0.4444444478
85811  -17.301  4.873  -4.199 0.4444444478
82907  -27.358  1.376  -3.182 0.1111111119
85818  -25.781  4.463  -3.267 0.3333333433
84868  -26.897  2.875  -3.748 0.1111111119
82924  -27.583  1.288  -4.378 0.1111111119
86760  -20.650  5.340  -4.281 0.4444444478
86747  -20.447  5.621  -4.148 0.4444444478
87704  -21.046  6.502  -4.389 0.4444444478
86749  -22.020  5.600  -4.318 0.4444444478
86736  -22.562  5.966  -3.932 0.4444444478
85814  -22.257  5.359  -4.054 0.4444444478
86737  -23.382  5.772  -3.456 0.4444444478
86738  -24.445  5.573  -3.289 0.4444444478
86739  -25.456  5.371  -3.410 0.2222222239
86740  -26.232  5.238  -3.739 0.2222222239
85835  -26.485  4.401  -3.887 0.2222222239
85849  -26.729  4.454  -4.745 0.2222222239
84867  -26.778  3.628  -4.221 0.2222222239
88675  -26.256  7.516  -7.605 0.1111111119
86777  -26.224  5.482  -7.398 0.1111111119
84889  -27.021  3.487  -6.223 0.1111111119
86733  -17.916  5.711  -3.364 0.4444444478
87690  -18.779  6.596  -3.367 0.4444444478
86734  -18.864  5.683  -3.698 0.4444444478
87691  -19.518  6.576  -3.764 0.3333333433
87703  -20.233  6.540  -4.143 0.4444444478
87705  -22.089  6.493  -4.427 0.4444444478
87706  -22.782  6.925  -4.250 0.4444444478
87693  -23.227  6.677  -3.842 0.4444444478
87694  -24.180  6.500  -3.606 0.4444444478
89549  -23.857  7.833  -4.109 0.3333333433
87695  -25.320  6.381  -3.848 0.3333333433
87707  -25.905  6.875  -4.738 0.1111111119
87708  -26.344  6.005  -4.365 0.1111111119
86762  -26.589  5.359  -5.165 0.1111111119
86770  -26.431  5.471  -6.248 0.1111111119
86726  -17.725  6.258  -2.821 0.2222222239
88647  -20.729  7.348  -4.284 0.3333333433
88634  -23.310  7.417  -4.199 0.3333333433
88635  -23.990  7.300  -3.884 0.4444444478
89561  -24.451  8.272  -4.288 0.2222222239
88650  -24.516  7.587  -4.074 0.2222222239
87718  -26.317  6.520  -5.594 0.1111111119
90403  -25.404  9.063  -5.243 0.1111111119
89562  -25.371  8.381  -4.771 0.1111111119
88667  -26.095  7.851  -5.806 0.1111111119
87726  -26.331  6.500  -6.898 0.1111111119
89574  -25.794  8.419  -5.554 0.1111111119
88668  -26.287  7.478  -6.423 0.1111111119
88646  -19.973  7.467  -4.139 0.3333333433
89545  -19.242  8.154  -3.290 0.3333333433
89557  -20.451  7.933  -4.138 0.3333333433
88648  -21.618  7.429  -4.346 0.3333333433
88649  -22.559  7.521  -4.342 0.3333333433
89560  -23.334  8.320  -4.327 0.2222222239
91313  -25.148  9.459  -5.022 0.1111111119
90419  -26.148  8.860  -6.820 0.1111111119
133983  -26.035  9.063  -9.383 0.1111111119
90377  -19.577  9.241  -1.741 0.1111111119
90378  -20.179  9.499  -2.232 0.1111111119
89542  -19.973  9.041  -2.812 0.2222222239
89547  -21.344  8.970  -3.710 0.2222222239
89558  -21.072  8.143  -4.074 0.3333333433
89548  -21.960  9.238  -3.809 0.2222222239
89559  -22.169  8.568  -4.196 0.3333333433
90388  -23.007  9.285  -4.484 0.2222222239
91325  -23.434  10.223  -5.810 0.1111111119
90402  -23.708  9.819  -5.364 0.1111111119
91326  -24.325  9.959  -5.583 0.1111111119
90418  -25.708  9.149  -6.140 0.1111111119
91346  -25.092  9.974  -6.360 0.1111111119
90447  -25.424  10.006  -8.091 0.1111111119
90434  -26.160  8.819  -7.326 0.1111111119
88682  -25.994  7.733  -9.055 0.1111111119
87745  -25.763  6.618  -9.060 0.1111111119
91293  -20.928  10.416  -2.376 0.1111111119
90379  -20.715  9.839  -2.632 0.1111111119
90380  -21.209  10.125  -2.875 0.1111111119
91311  -22.614  10.542  -4.523 0.1111111119
90387  -22.483  9.671  -4.040 0.1111111119
90400  -22.659  9.883  -4.815 0.1111111119
91343  -22.139  10.717  -6.311 0.1111111119
91359  -23.109  11.210  -7.217 0.1111111119
91345  -24.088  10.388  -6.529 0.1111111119
91294  -21.857  10.781  -2.613 0.1111111119
91306  -22.540  10.581  -3.553 0.1111111119
92301  -22.362  11.327  -5.028 0.1111111119
92317  -21.715  11.383  -6.066 0.1111111119
91307  -22.942  10.998  -2.945 0.1111111119
91308  -23.652  11.201  -2.570 0.1111111119
92282  -22.963  11.133  -3.471 0.1111111119
72537  -29.701  -8.726  -1.082 0.1111111119
73597  -29.840  -7.827  -2.137 0.1111111119
73612  -30.199  -8.138  -2.954 0.1111111119
76535  -28.623  -4.675  -2.690 0.1111111119
75614  -28.758  -5.594  -2.442 0.1111111119
77480  -28.575  -3.800  -2.052 0.1111111119
80844  -28.182  -0.240  -3.065 0.1111111119
85812  -18.182  4.845  -4.153 0.4444444478
84882  -27.092  2.908  -4.593 0.1111111119
86748  -21.189  5.533  -4.359 0.4444444478
85856  -26.707  4.491  -5.713 0.2222222239
85863  -26.451  4.481  -6.750 0.1111111119
90401  -23.185  9.809  -5.171 0.1111111119
92330  -22.482  11.363  -7.238 0.1111111119
92289  -22.792  11.470  -3.991 0.1111111119
92283  -23.563  11.576  -3.348 0.1111111119
72564  -30.888  -9.138  -3.282 0.1111111119
78523  -27.932  -3.476  -1.115 0.2222222239
79659  -27.291  -1.585  -1.512 0.2222222239
81886  -28.067  0.328  -3.791 0.1111111119
88636  -24.654  7.060  -3.931 0.2222222239
91276  -21.113  10.734  -1.653 0.1111111119
91277  -22.054  11.075  -1.383 0.1111111119
91295  -22.927  11.124  -2.078 0.1111111119
71565  -30.868  -9.388  -2.294 0.1111111119
72574  -31.081  -9.660  -3.858 0.1111111119
72565  -31.184  -9.713  -3.549 0.1111111119
73624  -30.324  -8.482  -4.081 0.1111111119
73623  -29.791  -7.552  -3.597 0.1111111119
75630  -29.164  -6.311  -3.482 0.1111111119
75629  -28.814  -5.609  -3.386 0.1111111119
77494  -28.652  -3.727  -2.894 0.1111111119
77508  -28.531  -3.584  -3.861 0.1111111119
79678  -28.474  -1.470  -3.624 0.1111111119
85827  -16.651  4.281  -4.810 0.4444444478
80845  -28.415  -0.526  -3.643 0.1111111119
81887  -28.434  -0.256  -4.084 0.1111111119
83918  -27.336  2.133  -4.983 0.1111111119
81895  -27.964  0.471  -4.889 0.1111111119
86725  -17.269  5.933  -2.769 0.4444444478
83936  -26.785  1.879  -7.080 0.1111111119
83926  -26.792  2.759  -6.856 0.1111111119
87680  -17.611  6.773  -2.277 0.2222222239
87689  -18.224  6.613  -2.807 0.3333333433
88631  -18.250  7.260  -2.483 0.2222222239
88632  -18.751  7.532  -2.982 0.2222222239
85869  -26.121  4.456  -7.786 0.1111111119
89533  -18.270  8.668  -1.366 0.1111111119
89546  -20.102  8.607  -3.602 0.2222222239
86786  -25.919  5.466  -8.644 0.1111111119
86785  -25.703  6.044  -9.294 0.1111111119
90365  -18.347  9.534  -0.796 0.1111111119
90355  -18.847  10.010  -0.375 0.1111111119
91261  -20.461  10.353  -0.975 0.1111111119
91262  -21.284  10.621  -0.572 0.1111111119
88681  -25.710  7.271  -9.661 0.1111111119
91263  -22.319  10.912  -0.232 0.1111111119
92331  -23.197  11.669  -7.587 0.1111111119
91374  -24.599  11.421  -8.383 0.1111111119
91386  -25.224  11.181  -8.888 0.1111111119
133987  -25.689  10.465  -9.470 0.1111111119
93267  -22.077  12.211  -5.262 0.1111111119
93292  -21.728  12.387  -6.929 0.1111111119
92290  -23.238  11.951  -3.685 0.1111111119
83887  -26.903  2.225  -3.306 0.1111111119
81869  -27.625  -0.293  -2.123 0.2222222239
86735  -19.702  5.629  -3.857 0.4444444478
74618  -29.234  -6.950  -2.398 0.1111111119
78532  -28.627  -3.157  -2.308 0.1111111119
79669  -28.308  -1.500  -2.697 0.1111111119
78544  -28.582  -2.552  -2.903 0.1111111119
83904  -27.375  2.209  -3.994 0.1111111119
87696  -25.907  5.789  -3.785 0.2222222239
86750  -26.588  5.116  -4.353 0.1111111119
84881  -26.940  3.655  -5.155 0.2222222239
84890  -27.211  2.907  -5.414 0.1111111119
87735  -26.120  6.545  -8.110 0.1111111119
89589  -26.050  8.587  -8.016 0.1111111119
83927  -27.126  2.211  -6.068 0.1111111119
89550  -24.211  7.758  -4.071 0.3333333433
88660  -25.868  7.655  -5.128 0.2222222239
88661  -26.147  7.320  -5.652 0.1111111119
89580  -26.137  8.354  -6.296 0.1111111119
88633  -19.340  7.514  -3.618 0.3333333433
90389  -23.959  9.305  -4.829 0.1111111119
91312  -24.740  9.624  -5.021 0.1111111119
90433  -25.733  9.424  -7.302 0.1111111119
89588  -25.814  9.377  -8.322 0.1111111119
89595  -25.709  9.859  -8.789 0.1111111119
90366  -19.070  9.585  -1.210 0.1111111119
89534  -19.082  8.984  -1.655 0.1111111119
90367  -19.974  9.801  -1.401 0.1111111119
90382  -20.405  9.299  -2.875 0.1111111119
90383  -20.964  9.421  -3.129 0.1111111119
91361  -24.875  10.269  -7.312 0.1111111119
133991  -25.477  10.463  -8.651 0.1111111119
91292  -20.607  10.028  -2.268 0.1111111119
91275  -20.533  10.199  -1.834 0.1111111119
90384  -21.738  9.854  -3.423 0.1111111119
91324  -22.482  10.443  -5.587 0.1111111119
91344  -22.906  10.701  -6.670 0.1111111119
92329  -21.797  11.496  -6.995 0.1111111119
91360  -23.983  11.106  -7.439 0.1111111119
72538  -30.249  -8.958  -1.230 0.1111111119
84898  -26.498  3.553  -7.238 0.1111111119
84900  -26.205  3.498  -8.185 0.1111111119
93293  -22.091  11.970  -7.529 0.1111111119
94064  -22.578  12.788  -4.683 0.1111111119
72573  -30.954  -9.416  -4.367 0.1111111119
78557  -28.412  -2.516  -4.157 0.1111111119
83935  -26.480  2.661  -7.662 0.1111111119
85875  -25.816  4.322  -8.654 0.1111111119
89541  -19.196  8.621  -2.466 0.1111111119
89520  -17.888  9.255  -0.719 0.1111111119
90356  -19.671  10.103  -0.603 0.1111111119
92340  -23.914  11.961  -8.127 0.1111111119
91375  -24.998  10.778  -8.093 0.1111111119
93280  -21.584  12.511  -5.967 0.1111111119
56221  -19.374  -23.402  7.929 0.2222222239
70470  -18.192  -10.441  0.968 0.2222222239
71524  -18.291  -9.458  0.638 0.2222222239
69402  -18.011  -11.254  1.286 0.3333333433
85809  -16.593  4.332  -3.237 0.3333333433
85806  -16.270  4.331  -2.377 0.2222222239
87679  -16.919  6.124  -1.950 0.1111111119
80821  -16.139  -0.373  -1.320 0.2222222239
79654  -16.472  -1.306  -1.439 0.1111111119
68316  -18.266  -11.951  1.426 0.2222222239
79647  -15.797  -1.216  -0.784 0.1111111119
83858  -15.644  2.727  -0.812 0.1111111119
86698  -15.680  5.202  -0.902 0.1111111119
87656  -16.377  6.418  -0.563 0.1111111119
87667  -17.176  6.867  -1.288 0.1111111119
87668  -17.568  7.304  -1.785 0.1111111119
84832  -15.542  3.769  -1.204 0.1111111119
74600  -17.553  -6.156  -0.114 0.2222222239
84833  -15.896  3.603  -2.017 0.1111111119
86731  -16.746  4.915  -3.324 0.3333333433
86724  -16.590  5.228  -2.456 0.3333333433
85792  -15.920  4.396  -1.753 0.1111111119
86711  -16.249  4.783  -2.040 0.1111111119
87666  -16.318  6.238  -1.257 0.1111111119
84816  -15.246  3.643  -0.324 0.1111111119
87677  -16.224  5.505  -1.581 0.1111111119
85773  -15.352  4.466  -0.503 0.1111111119
86681  -15.636  5.069  -0.138 0.1111111119
87655  -15.835  5.859  -0.669 0.1111111119
56222  -19.914  -23.997  7.748 0.1111111119
55105  -20.514  -24.442  7.723 0.1111111119
57249  -17.879  -22.594  8.957 0.1111111119
57264  -18.074  -22.240  8.390 0.1111111119
58375  -18.037  -21.647  7.998 0.1111111119
59504  -17.741  -20.444  7.445 0.1111111119
66074  -16.991  -13.875  3.176 0.1111111119
71523  -17.870  -9.000  1.214 0.1111111119
71512  -17.897  -9.718  1.299 0.1111111119
77461  -17.142  -3.660  -0.667 0.2222222239
77446  -15.939  -3.281  0.622 0.2222222239
57263  -17.513  -22.040  8.843 0.1111111119
57248  -17.169  -22.361  9.414 0.1111111119
55103  -19.087  -23.865  8.529 0.1111111119
55104  -19.631  -24.493  8.341 0.1111111119
58363  -17.043  -21.635  9.021 0.1111111119
58374  -17.396  -21.368  8.417 0.1111111119
59486  -17.306  -20.719  7.972 0.1111111119
59503  -17.005  -20.141  7.818 0.1111111119
61631  -17.340  -19.038  6.820 0.1111111119
62757  -16.904  -17.674  6.015 0.1111111119
67145  -17.240  -13.865  3.752 0.1111111119
67192  -16.125  -12.963  1.859 0.1111111119
69401  -17.832  -10.827  1.866 0.1111111119
71511  -17.549  -9.357  1.931 0.1111111119
76499  -16.314  -4.246  0.438 0.2222222239
77445  -15.775  -2.941  1.251 0.2222222239
78515  -16.352  -2.152  -0.409 0.1111111119
55123  -20.996  -24.139  7.526 0.1111111119
55085  -18.751  -24.354  9.196 0.1111111119
78503  -15.989  -2.882  0.070 0.2222222239
68299  -17.632  -11.997  1.841 0.1111111119
66075  -17.231  -13.805  3.245 0.1111111119
61654  -16.863  -17.958  6.475 0.1111111119
62779  -16.759  -17.063  5.830 0.1111111119
63858  -16.840  -16.141  5.319 0.1111111119
67146  -17.253  -14.387  4.134 0.1111111119
57286  -18.478  -22.087  7.871 0.1111111119
58393  -17.769  -21.132  7.841 0.1111111119
57265  -18.718  -22.678  8.057 0.1111111119
70469  -17.711  -10.360  1.638 0.1111111119
67161  -17.020  -12.812  2.624 0.1111111119
66104  -16.342  -13.720  2.248 0.1111111119
70450  -17.400  -10.366  2.370 0.1111111119
56205  -17.952  -23.215  9.374 0.1111111119
68280  -17.281  -13.029  3.904 0.1111111119
76482  -15.855  -4.127  1.254 0.1111111119
59485  -16.700  -20.479  8.379 0.1111111119
60496  -16.395  -19.438  8.153 0.1111111119
68298  -17.494  -12.273  1.981 0.1111111119
78502  -15.719  -1.914  0.584 0.1111111119
81857  -16.190  0.528  -1.109 0.1111111119
80820  -15.807  -0.296  -0.669 0.1111111119
82880  -16.019  1.686  -1.201 0.1111111119
56220  -18.557  -23.193  8.640 0.1111111119
56242  -20.210  -23.519  7.165 0.3333333433
56243  -21.185  -23.594  7.309 0.3333333433
57266  -22.114  -23.246  7.850 0.2222222239
57290  -21.831  -23.069  7.454 0.2222222239
64926  -16.689  -14.107  3.201 0.1111111119
64927  -16.909  -13.891  3.372 0.1111111119
64937  -16.517  -14.115  2.961 0.1111111119
64938  -16.824  -14.023  3.152 0.1111111119
64954  -16.349  -14.091  2.664 0.1111111119
64955  -16.192  -13.950  2.262 0.1111111119
66087  -16.484  -13.930  2.783 0.1111111119
66088  -17.086  -13.552  2.997 0.1111111119
66105  -16.388  -13.463  2.088 0.1111111119
67144  -17.157  -13.543  3.052 0.1111111119
67159  -15.895  -13.083  2.182 0.1111111119
67175  -15.953  -12.769  1.765 0.1111111119
67176  -15.927  -13.272  1.749 0.1111111119
67177  -16.428  -13.074  1.972 0.1111111119
67191  -16.168  -13.093  1.508 0.1111111119
68296  -15.903  -12.029  2.275 0.1111111119
68313  -15.996  -12.290  1.558 0.1111111119
68314  -15.704  -12.738  1.638 0.1111111119
68315  -17.178  -12.863  1.736 0.1111111119
68331  -15.672  -12.278  1.208 0.1111111119
68332  -15.923  -12.616  1.672 0.1111111119
68333  -16.508  -12.694  1.570 0.1111111119
68354  -27.804  -12.215  -0.005 0.1111111119
69398  -15.900  -11.974  1.692 0.1111111119
69414  -15.544  -11.871  1.194 0.1111111119
69415  -15.966  -11.970  0.927 0.1111111119
69416  -16.695  -12.079  1.735 0.1111111119
70447  -16.034  -11.652  1.892 0.1111111119
70466  -16.093  -11.525  1.221 0.1111111119
70479  -15.803  -11.378  0.906 0.1111111119
70480  -16.207  -11.459  1.239 0.1111111119
70481  -16.241  -11.642  1.491 0.1111111119
70526  -21.758  -10.253  -2.458 1.0000000000
71509  -15.455  -11.075  1.234 0.1111111119
71510  -15.725  -11.011  1.395 0.1111111119
71521  -15.597  -11.015  1.000 0.1111111119
71522  -16.013  -10.909  1.127 0.1111111119
71527  -25.710  -9.278  0.145 0.4444444478
71538  -23.934  -9.596  0.072 0.7777777910
71539  -25.614  -9.758  0.029 0.6666666865
72570  -21.083  -7.853  -3.608 0.8888888955
73593  -22.845  -7.740  -1.454 1.0000000000
73621  -21.221  -7.374  -3.737 0.8888888955
75615  -29.125  -6.010  -2.956 0.1111111119
75628  -22.096  -5.563  -3.711 1.0000000000
75643  -21.014  -5.289  -4.616 1.0000000000
76546  -21.767  -4.168  -3.966 0.8888888955
78579  -20.135  -1.955  -5.450 0.7777777910
78580  -20.355  -2.101  -5.305 0.8888888955
79690  -19.473  -2.009  -5.211 0.8888888955
79691  -20.867  -1.343  -5.050 0.7777777910
79702  -19.722  -1.552  -5.606 0.7777777910
80829  -27.534  -0.793  -1.822 0.2222222239
80832  -17.051  -0.278  -2.663 0.4444444478
80836  -28.030  -0.663  -2.418 0.2222222239
80850  -18.045  -0.273  -4.315 0.6666666865
80859  -18.768  -0.502  -5.721 0.7777777910
81868  -27.236  -0.090  -1.771 0.3333333433
81877  -26.876  0.594  -2.008 0.3333333433
81881  -17.450  1.034  -3.954 0.5555555820
81882  -17.702  0.583  -4.113 0.5555555820
81907  -20.896  0.492  -4.944 0.6666666865
82881  -16.303  1.097  -1.513 0.3333333433
83869  -16.157  2.745  -2.177 0.2222222239
83877  -23.912  2.066  -2.712 0.6666666865
83899  -17.504  2.516  -4.906 0.6666666865
83901  -21.304  2.733  -4.372 0.6666666865
83903  -22.787  2.555  -3.518 0.6666666865
83914  -17.873  2.432  -5.167 0.6666666865
84849  -26.601  2.699  -3.261 0.1111111119
84859  -17.165  3.358  -5.190 0.6666666865
84866  -23.318  3.718  -3.390 0.5555555820
84877  -17.585  2.890  -5.190 0.6666666865
85763  -15.133  4.488  0.269 0.1111111119
85791  -15.634  4.637  -1.221 0.1111111119
85810  -16.738  4.683  -3.936 0.3333333433
85845  -17.978  3.891  -5.294 0.4444444478
85847  -20.362  5.093  -4.179 0.4444444478
85848  -20.592  5.086  -4.277 0.4444444478
86667  -15.419  4.642  0.504 0.1111111119
86710  -16.114  5.118  -1.601 0.1111111119
86723  -16.388  5.394  -1.805 0.1111111119
86761  -20.808  5.196  -4.324 0.4444444478
86793  -25.442  5.478  -9.670 0.1111111119
87665  -15.992  5.685  -1.304 0.1111111119
87678  -16.425  5.712  -1.691 0.1111111119
87692  -22.653  6.536  -4.120 0.4444444478
87717  -26.120  7.104  -5.267 0.2222222239
88651  -25.207  7.490  -4.328 0.2222222239
89581  -26.350  8.285  -7.090 0.1111111119
90390  -24.948  9.136  -4.641 0.1111111119
91327  -25.178  9.677  -5.499 0.1111111119
92318  -22.044  10.973  -6.745 0.1111111119
93294  -22.649  11.928  -7.680 0.1111111119
