#!ascii label  , from subject A00073283 vox2ras=TkReg
348
63883  -27.609  -16.562  2.873 0.0000000000
68351  -25.562  -12.405  -0.160 0.0000000000
82904  -22.622  1.149  -3.662 0.0000000000
77478  -25.509  -3.077  -0.895 0.0000000000
72551  -28.028  -7.681  -1.446 0.0000000000
69422  -31.256  -11.742  0.587 0.0000000000
84864  -21.872  3.558  -3.917 0.0000000000
75587  -27.028  -5.658  -0.244 0.0000000000
73577  -25.141  -7.495  0.467 0.0000000000
66125  -26.435  -14.214  0.069 0.0000000000
68337  -28.180  -12.195  0.316 0.0000000000
67165  -29.114  -13.930  2.179 0.0000000000
60603  -23.115  -19.548  3.042 0.0000000000
63898  -25.138  -16.944  0.788 0.0000000000
90388  -23.007  9.285  -4.484 0.0000000000
89550  -24.211  7.758  -4.071 0.0000000000
86738  -24.445  5.573  -3.289 0.0000000000
84848  -26.259  3.384  -3.228 0.0000000000
82897  -26.565  1.400  -2.382 0.0000000000
80834  -23.855  -0.799  -2.208 0.0000000000
79668  -28.008  -1.505  -1.982 0.0000000000
77480  -28.575  -3.800  -2.052 0.0000000000
74634  -29.373  -6.669  -2.943 0.0000000000
72564  -30.888  -9.138  -3.282 0.0000000000
70502  -26.577  -10.520  -0.646 0.0000000000
70505  -29.623  -10.037  -0.189 0.0000000000
75583  -23.666  -5.945  -1.002 0.0000000000
73575  -23.394  -7.755  -0.661 0.0000000000
64962  -26.897  -15.125  1.483 0.0000000000
66109  -27.416  -14.288  1.477 0.0000000000
66093  -28.380  -14.716  2.262 0.0000000000
58416  -23.095  -21.928  6.575 0.0000000000
58436  -23.396  -21.583  5.584 0.0000000000
58448  -24.435  -21.389  4.533 0.0000000000
64974  -24.489  -15.421  0.089 0.0000000000
63909  -24.214  -16.211  0.496 0.0000000000
87694  -24.180  6.500  -3.606 0.0000000000
83902  -22.041  2.598  -3.840 0.0000000000
84846  -24.006  3.562  -3.142 0.0000000000
83884  -24.418  2.789  -2.725 0.0000000000
83886  -26.301  2.286  -2.740 0.0000000000
83878  -24.672  2.018  -2.548 0.0000000000
79656  -24.826  -1.343  -1.505 0.0000000000
80827  -25.975  -0.734  -1.210 0.0000000000
79658  -26.398  -1.493  -1.138 0.0000000000
78532  -28.627  -3.157  -2.308 0.0000000000
78522  -27.602  -3.279  -1.166 0.0000000000
74605  -27.398  -6.535  -0.687 0.0000000000
75601  -28.272  -5.618  -1.648 0.0000000000
73595  -28.295  -7.203  -1.724 0.0000000000
73611  -29.662  -7.359  -2.631 0.0000000000
72553  -29.431  -8.089  -1.524 0.0000000000
69432  -23.928  -11.406  0.134 0.0000000000
70484  -24.830  -9.960  0.184 0.0000000000
69434  -26.040  -11.499  -0.379 0.0000000000
69420  -29.561  -11.391  0.705 0.0000000000
70486  -29.108  -10.931  0.130 0.0000000000
70487  -30.081  -10.676  0.320 0.0000000000
70518  -31.030  -9.972  -1.402 0.0000000000
70507  -31.415  -11.010  -0.575 0.0000000000
59594  -25.161  -20.521  2.935 0.0000000000
61724  -24.016  -18.725  2.060 0.0000000000
60605  -24.948  -19.671  2.541 0.0000000000
61725  -25.157  -18.616  2.127 0.0000000000
76534  -24.098  -3.943  -1.850 0.0000000000
77468  -25.772  -3.948  -0.492 0.0000000000
76503  -24.817  -4.830  -0.752 0.0000000000
74603  -25.640  -6.555  0.347 0.0000000000
73578  -26.211  -7.662  0.213 0.0000000000
66142  -26.257  -13.753  -0.301 0.0000000000
68352  -26.413  -12.379  -0.276 0.0000000000
67195  -27.202  -13.094  0.260 0.0000000000
67182  -28.788  -13.124  1.618 0.0000000000
68322  -30.343  -12.580  1.637 0.0000000000
58457  -24.513  -21.311  3.848 0.0000000000
67208  -24.187  -13.146  -0.183 0.0000000000
64986  -25.540  -14.807  -0.459 0.0000000000
64975  -25.393  -15.816  0.034 0.0000000000
64942  -26.382  -16.259  1.811 0.0000000000
91325  -23.434  10.223  -5.810 0.0000000000
89558  -21.072  8.143  -4.074 0.0000000000
89560  -23.334  8.320  -4.327 0.0000000000
88660  -25.868  7.655  -5.128 0.0000000000
87707  -25.905  6.875  -4.738 0.0000000000
86750  -26.588  5.116  -4.353 0.0000000000
85816  -23.512  4.564  -3.341 0.0000000000
85817  -24.734  4.574  -3.010 0.0000000000
85849  -26.729  4.454  -4.745 0.0000000000
84882  -27.092  2.908  -4.593 0.0000000000
82924  -27.583  1.288  -4.378 0.0000000000
81886  -28.067  0.328  -3.791 0.0000000000
81885  -23.253  0.726  -2.469 0.0000000000
81875  -25.085  0.555  -1.795 0.0000000000
81878  -27.599  0.278  -2.585 0.0000000000
80845  -28.415  -0.526  -3.643 0.0000000000
78557  -28.412  -2.516  -4.157 0.0000000000
75645  -28.460  -5.725  -4.391 0.0000000000
76518  -28.036  -4.813  -1.098 0.0000000000
75614  -28.758  -5.594  -2.442 0.0000000000
72533  -23.901  -8.775  0.062 0.0000000000
72517  -25.336  -8.812  0.396 0.0000000000
72534  -26.745  -8.543  -0.399 0.0000000000
69435  -27.016  -11.559  -0.726 0.0000000000
70504  -28.596  -10.269  -0.366 0.0000000000
72536  -28.774  -8.607  -1.083 0.0000000000
72538  -30.249  -8.958  -1.230 0.0000000000
71566  -31.304  -9.930  -2.859 0.0000000000
62842  -25.045  -17.667  1.260 0.0000000000
62823  -25.463  -17.615  1.793 0.0000000000
62825  -27.220  -17.319  3.090 0.0000000000
64943  -26.941  -15.809  2.132 0.0000000000
66092  -27.523  -15.112  1.993 0.0000000000
64944  -28.015  -15.685  2.599 0.0000000000
64945  -29.076  -15.732  2.470 0.0000000000
63884  -28.749  -16.639  2.891 0.0000000000
58397  -24.016  -21.959  7.212 0.0000000000
58417  -24.148  -21.523  6.424 0.0000000000
82922  -22.323  1.804  -3.817 0.0000000000
83883  -23.490  2.516  -3.128 0.0000000000
82923  -22.885  1.909  -3.431 0.0000000000
82905  -23.126  1.529  -2.890 0.0000000000
77493  -24.188  -3.041  -1.811 0.0000000000
78542  -24.237  -2.357  -1.901 0.0000000000
78528  -24.838  -2.355  -1.371 0.0000000000
79657  -25.481  -1.474  -1.169 0.0000000000
78529  -25.878  -2.250  -0.877 0.0000000000
78530  -26.950  -2.326  -1.026 0.0000000000
78521  -26.394  -3.078  -0.623 0.0000000000
73594  -27.670  -7.290  -1.242 0.0000000000
73596  -29.174  -7.316  -1.906 0.0000000000
72552  -28.559  -7.857  -1.468 0.0000000000
69433  -25.025  -11.490  -0.038 0.0000000000
69421  -30.422  -11.375  0.776 0.0000000000
70488  -30.927  -10.980  0.156 0.0000000000
70489  -31.382  -11.342  0.015 0.0000000000
69438  -32.244  -12.109  -0.920 0.0000000000
69437  -31.794  -11.813  -0.276 0.0000000000
76517  -24.216  -4.775  -1.475 0.0000000000
75599  -23.928  -5.292  -1.397 0.0000000000
74602  -24.550  -6.604  -0.035 0.0000000000
67194  -26.673  -13.489  0.080 0.0000000000
67180  -26.951  -13.786  0.618 0.0000000000
66110  -28.257  -13.795  1.778 0.0000000000
67181  -27.813  -13.156  0.990 0.0000000000
68321  -29.383  -12.457  1.514 0.0000000000
67183  -29.772  -13.276  1.943 0.0000000000
67184  -30.908  -13.708  1.815 0.0000000000
67166  -30.075  -14.155  2.200 0.0000000000
57308  -22.488  -22.176  6.810 0.0000000000
57291  -22.788  -22.446  7.429 0.0000000000
58458  -25.004  -21.190  3.690 0.0000000000
66140  -24.848  -14.144  -0.483 0.0000000000
63910  -24.812  -16.204  0.168 0.0000000000
64960  -25.548  -16.277  0.665 0.0000000000
64961  -26.070  -15.773  1.079 0.0000000000
63899  -25.635  -16.456  1.002 0.0000000000
90401  -23.185  9.809  -5.171 0.0000000000
90402  -23.708  9.819  -5.364 0.0000000000
90389  -23.959  9.305  -4.829 0.0000000000
88634  -23.310  7.417  -4.199 0.0000000000
88649  -22.559  7.521  -4.342 0.0000000000
89549  -23.857  7.833  -4.109 0.0000000000
89561  -24.451  8.272  -4.288 0.0000000000
89562  -25.371  8.381  -4.771 0.0000000000
88650  -24.516  7.587  -4.074 0.0000000000
87695  -25.320  6.381  -3.848 0.0000000000
87708  -26.344  6.005  -4.365 0.0000000000
87696  -25.907  5.789  -3.785 0.0000000000
85833  -22.598  4.218  -3.699 0.0000000000
84847  -25.130  3.647  -2.779 0.0000000000
85818  -25.781  4.463  -3.267 0.0000000000
85835  -26.485  4.401  -3.887 0.0000000000
84867  -26.778  3.628  -4.221 0.0000000000
82906  -26.812  1.846  -2.885 0.0000000000
83887  -26.903  2.225  -3.306 0.0000000000
82907  -27.358  1.376  -3.182 0.0000000000
79666  -23.099  -1.544  -2.557 0.0000000000
80843  -22.978  -0.323  -2.351 0.0000000000
81874  -24.087  0.326  -2.214 0.0000000000
80828  -26.833  -0.758  -1.406 0.0000000000
81867  -26.446  0.010  -1.436 0.0000000000
81869  -27.625  -0.293  -2.123 0.0000000000
80844  -28.182  -0.240  -3.065 0.0000000000
80837  -28.347  -0.861  -3.064 0.0000000000
79678  -28.474  -1.470  -3.624 0.0000000000
79669  -28.308  -1.500  -2.697 0.0000000000
77494  -28.652  -3.727  -2.894 0.0000000000
76548  -28.475  -4.655  -3.618 0.0000000000
76535  -28.623  -4.675  -2.690 0.0000000000
76505  -26.438  -4.806  -0.289 0.0000000000
77469  -26.876  -3.960  -0.425 0.0000000000
76506  -27.316  -4.829  -0.578 0.0000000000
74617  -28.773  -6.482  -2.124 0.0000000000
74633  -29.055  -6.162  -2.585 0.0000000000
75630  -29.164  -6.311  -3.482 0.0000000000
73612  -30.199  -8.138  -2.954 0.0000000000
72532  -23.309  -8.718  -0.591 0.0000000000
70485  -25.299  -9.929  0.079 0.0000000000
71526  -25.159  -9.472  0.275 0.0000000000
71540  -26.219  -9.550  -0.244 0.0000000000
72518  -26.030  -8.696  0.161 0.0000000000
71541  -27.141  -9.485  -0.783 0.0000000000
68353  -27.223  -12.465  -0.178 0.0000000000
69436  -28.065  -11.512  -0.213 0.0000000000
71542  -28.149  -9.409  -0.766 0.0000000000
71543  -29.139  -9.325  -0.587 0.0000000000
72537  -29.701  -8.726  -1.082 0.0000000000
71544  -30.078  -9.341  -0.725 0.0000000000
70519  -31.438  -10.594  -1.738 0.0000000000
71555  -31.075  -9.854  -1.943 0.0000000000
61726  -26.000  -18.318  2.801 0.0000000000
61727  -26.690  -18.208  3.168 0.0000000000
62824  -26.355  -17.509  2.660 0.0000000000
62807  -27.006  -17.871  3.237 0.0000000000
75598  -23.482  -5.654  -1.479 0.0000000000
74601  -23.545  -6.684  -0.825 0.0000000000
73576  -24.103  -7.915  0.084 0.0000000000
66108  -26.559  -14.664  0.804 0.0000000000
66094  -29.528  -14.860  2.382 0.0000000000
58396  -23.430  -22.179  7.241 0.0000000000
58447  -23.575  -21.458  4.669 0.0000000000
58437  -24.316  -21.356  5.440 0.0000000000
66124  -24.456  -14.628  -0.160 0.0000000000
89559  -22.169  8.568  -4.196 0.0000000000
87706  -22.782  6.925  -4.250 0.0000000000
88635  -23.990  7.300  -3.884 0.0000000000
87693  -23.227  6.677  -3.842 0.0000000000
86737  -23.382  5.772  -3.456 0.0000000000
84865  -22.712  3.387  -3.600 0.0000000000
84845  -23.282  3.144  -3.385 0.0000000000
83885  -25.408  2.726  -2.568 0.0000000000
83879  -25.488  1.900  -2.437 0.0000000000
83880  -26.024  1.773  -2.341 0.0000000000
80835  -24.591  -0.523  -1.732 0.0000000000
80826  -25.259  -0.817  -1.403 0.0000000000
79659  -27.291  -1.585  -1.512 0.0000000000
78543  -28.277  -2.045  -2.276 0.0000000000
78531  -28.145  -2.689  -1.600 0.0000000000
78523  -27.932  -3.476  -1.115 0.0000000000
75600  -27.675  -5.656  -0.942 0.0000000000
74616  -27.936  -6.459  -1.476 0.0000000000
74618  -29.234  -6.950  -2.398 0.0000000000
73597  -29.840  -7.827  -2.137 0.0000000000
72554  -30.333  -8.623  -1.942 0.0000000000
70500  -24.414  -10.602  0.109 0.0000000000
70501  -25.534  -10.446  -0.101 0.0000000000
69419  -28.760  -11.751  0.539 0.0000000000
70506  -30.736  -10.162  -0.610 0.0000000000
69460  -32.112  -11.393  -2.118 0.0000000000
69450  -31.932  -11.474  -1.208 0.0000000000
60591  -24.442  -20.245  2.909 0.0000000000
60604  -23.851  -19.565  2.746 0.0000000000
60606  -25.899  -19.225  3.005 0.0000000000
77477  -24.775  -3.771  -1.109 0.0000000000
77467  -25.198  -4.338  -0.640 0.0000000000
76504  -25.551  -4.848  -0.318 0.0000000000
75584  -24.154  -5.660  -0.882 0.0000000000
75585  -25.086  -5.631  -0.130 0.0000000000
75586  -26.099  -5.621  0.122 0.0000000000
74604  -26.703  -6.588  0.078 0.0000000000
73579  -27.094  -7.496  -0.514 0.0000000000
67210  -25.954  -13.184  -0.273 0.0000000000
67211  -26.535  -13.053  -0.089 0.0000000000
67212  -26.886  -13.019  0.010 0.0000000000
68336  -27.705  -12.613  0.305 0.0000000000
68320  -28.582  -12.369  0.956 0.0000000000
69404  -29.142  -11.936  1.011 0.0000000000
69405  -29.908  -11.832  1.302 0.0000000000
69406  -30.677  -11.958  1.210 0.0000000000
68338  -31.772  -12.650  0.331 0.0000000000
68323  -31.227  -12.635  1.215 0.0000000000
66095  -30.376  -14.945  2.205 0.0000000000
57267  -22.495  -23.107  7.999 0.0000000000
60590  -23.673  -20.244  3.374 0.0000000000
58456  -23.941  -21.411  4.069 0.0000000000
59579  -23.937  -20.999  3.676 0.0000000000
59580  -24.623  -20.883  3.335 0.0000000000
59581  -25.629  -20.763  3.732 0.0000000000
67209  -25.162  -13.254  -0.274 0.0000000000
66141  -25.678  -13.954  -0.614 0.0000000000
64987  -26.075  -14.423  -0.421 0.0000000000
64985  -24.933  -15.057  -0.421 0.0000000000
64976  -26.058  -15.008  0.072 0.0000000000
90400  -22.659  9.883  -4.815 0.0000000000
91313  -25.148  9.459  -5.022 0.0000000000
88636  -24.654  7.060  -3.931 0.0000000000
87718  -26.317  6.520  -5.594 0.0000000000
86762  -26.589  5.359  -5.165 0.0000000000
85815  -22.659  5.113  -3.728 0.0000000000
85834  -23.038  3.964  -3.496 0.0000000000
86739  -25.456  5.371  -3.410 0.0000000000
86740  -26.232  5.238  -3.739 0.0000000000
85856  -26.707  4.491  -5.713 0.0000000000
84881  -26.940  3.655  -5.155 0.0000000000
83918  -27.336  2.133  -4.983 0.0000000000
84868  -26.897  2.875  -3.748 0.0000000000
83904  -27.375  2.209  -3.994 0.0000000000
81884  -22.604  0.510  -3.054 0.0000000000
82894  -23.944  1.354  -2.442 0.0000000000
82895  -24.815  1.268  -2.225 0.0000000000
82896  -25.672  1.320  -2.073 0.0000000000
81866  -25.541  -0.100  -1.476 0.0000000000
81876  -26.043  0.703  -1.739 0.0000000000
82898  -27.141  0.952  -2.504 0.0000000000
81887  -28.434  -0.256  -4.084 0.0000000000
78544  -28.582  -2.552  -2.903 0.0000000000
77508  -28.531  -3.584  -3.861 0.0000000000
76563  -28.173  -4.625  -4.637 0.0000000000
77470  -27.719  -4.048  -0.788 0.0000000000
77479  -28.216  -3.920  -1.351 0.0000000000
76519  -28.468  -4.730  -1.839 0.0000000000
75629  -28.814  -5.609  -3.386 0.0000000000
73623  -29.791  -7.552  -3.597 0.0000000000
73561  -24.471  -8.338  0.369 0.0000000000
71525  -24.607  -9.494  0.268 0.0000000000
72516  -24.521  -8.849  0.353 0.0000000000
73562  -24.841  -8.262  0.516 0.0000000000
73563  -25.550  -8.188  0.425 0.0000000000
72535  -27.717  -8.323  -1.095 0.0000000000
70503  -27.603  -10.475  -0.669 0.0000000000
71554  -30.666  -9.429  -1.418 0.0000000000
71565  -30.868  -9.388  -2.294 0.0000000000
63897  -23.899  -17.023  0.912 0.0000000000
62822  -24.963  -18.049  1.555 0.0000000000
63880  -25.512  -17.152  1.358 0.0000000000
63881  -25.907  -16.813  1.593 0.0000000000
63882  -26.657  -16.656  2.447 0.0000000000
59566  -23.462  -20.995  4.076 0.0000000000
67167  -30.603  -14.392  2.048 0.0000000000
68319  -28.069  -12.587  0.614 0.0000000000
68354  -27.804  -12.215  -0.005 0.0000000000
69403  -28.822  -12.020  0.829 0.0000000000
71527  -25.710  -9.278  0.145 0.0000000000
71538  -23.934  -9.596  0.072 0.0000000000
71539  -25.614  -9.758  0.029 0.0000000000
75615  -29.125  -6.010  -2.956 0.0000000000
80829  -27.534  -0.793  -1.822 0.0000000000
80836  -28.030  -0.663  -2.418 0.0000000000
81868  -27.236  -0.090  -1.771 0.0000000000
81877  -26.876  0.594  -2.008 0.0000000000
83877  -23.912  2.066  -2.712 0.0000000000
83903  -22.787  2.555  -3.518 0.0000000000
84849  -26.601  2.699  -3.261 0.0000000000
84866  -23.318  3.718  -3.390 0.0000000000
87717  -26.120  7.104  -5.267 0.0000000000
88651  -25.207  7.490  -4.328 0.0000000000
90390  -24.948  9.136  -4.641 0.0000000000
91312  -24.740  9.624  -5.021 0.0000000000
