#!ascii label  , from subject A00073283 vox2ras=TkReg
803
104863  45.653  20.557  45.255 0.0000000000
106394  50.110  22.426  33.135 0.0000000000
107997  45.989  24.294  30.781 0.0000000000
101826  47.419  15.966  24.065 0.0000000000
104143  42.710  19.701  39.049 0.0000000000
107916  47.872  24.659  37.636 0.0000000000
104997  51.147  20.695  26.554 0.0000000000
105740  39.459  22.386  28.059 0.0000000000
107914  52.847  24.872  38.278 0.0000000000
106346  47.902  22.563  39.474 0.0000000000
104173  45.999  19.110  34.683 0.0000000000
107227  40.732  23.643  28.937 0.0000000000
106472  42.836  22.645  25.114 0.0000000000
107992  51.736  25.061  31.525 0.0000000000
104990  47.499  20.591  27.067 0.0000000000
107245  38.492  24.650  27.673 0.0000000000
107074  48.324  23.790  42.105 0.0000000000
106332  46.245  22.366  42.504 0.0000000000
104160  44.776  19.433  36.667 0.0000000000
107167  44.782  23.453  33.540 0.0000000000
107182  41.538  23.099  32.310 0.0000000000
107207  43.402  23.082  29.991 0.0000000000
108048  42.468  23.877  26.986 0.0000000000
108034  44.794  23.834  28.044 0.0000000000
107134  51.804  23.545  35.929 0.0000000000
108728  52.507  25.192  34.711 0.0000000000
106411  52.256  23.373  32.407 0.0000000000
104262  49.631  19.291  23.411 0.0000000000
105770  49.851  21.313  25.698 0.0000000000
103459  47.332  19.018  22.488 0.0000000000
104267  44.908  19.446  23.739 0.0000000000
102625  46.723  17.410  24.730 0.0000000000
101802  46.342  16.616  28.801 0.0000000000
104126  43.335  18.901  44.604 0.0000000000
104888  43.640  20.377  42.520 0.0000000000
107164  47.089  23.703  34.312 0.0000000000
105708  48.949  21.032  30.680 0.0000000000
105723  51.309  21.867  29.724 0.0000000000
104223  49.994  19.496  27.374 0.0000000000
102638  50.786  17.609  23.621 0.0000000000
110103  51.607  27.115  40.998 0.0000000000
107868  51.446  25.139  41.534 0.0000000000
107086  50.477  23.863  39.180 0.0000000000
105656  49.002  22.242  36.415 0.0000000000
105630  44.469  21.789  40.075 0.0000000000
105645  46.580  21.572  37.152 0.0000000000
105680  47.473  20.915  33.956 0.0000000000
103397  47.586  18.515  31.176 0.0000000000
104115  41.387  19.265  45.369 0.0000000000
107986  39.335  24.811  32.076 0.0000000000
108028  39.320  25.036  28.859 0.0000000000
108061  40.139  24.498  26.695 0.0000000000
106466  40.705  22.808  26.291 0.0000000000
104226  41.873  20.257  26.686 0.0000000000
108696  51.212  26.050  37.779 0.0000000000
108721  49.984  24.961  35.205 0.0000000000
108762  48.477  24.798  31.470 0.0000000000
107234  52.081  23.411  29.089 0.0000000000
106431  49.510  22.958  29.073 0.0000000000
107222  46.724  23.384  29.571 0.0000000000
105004  44.643  20.931  26.040 0.0000000000
103444  43.094  19.700  25.027 0.0000000000
108041  37.922  25.376  28.469 0.0000000000
108789  38.275  25.854  28.484 0.0000000000
106323  46.697  22.171  44.383 0.0000000000
105615  46.035  21.310  43.975 0.0000000000
107178  45.749  23.739  32.477 0.0000000000
107180  43.754  23.266  32.363 0.0000000000
107205  45.298  23.997  30.652 0.0000000000
108026  44.681  23.940  28.839 0.0000000000
108011  45.616  24.252  29.900 0.0000000000
106385  50.874  22.824  34.796 0.0000000000
107163  52.355  23.486  33.863 0.0000000000
106402  50.935  22.781  32.487 0.0000000000
102647  47.825  17.635  22.420 0.0000000000
104263  48.731  19.271  23.272 0.0000000000
102648  46.927  17.887  22.553 0.0000000000
102641  46.287  17.912  23.148 0.0000000000
102631  47.179  16.939  23.915 0.0000000000
101814  47.345  16.344  26.374 0.0000000000
101820  47.420  15.832  24.811 0.0000000000
103325  42.807  19.071  43.345 0.0000000000
107138  45.822  23.582  35.952 0.0000000000
107945  47.342  23.859  35.648 0.0000000000
104209  48.857  19.684  29.158 0.0000000000
104971  49.639  20.425  29.094 0.0000000000
103417  49.517  18.707  27.354 0.0000000000
102629  51.444  16.848  24.292 0.0000000000
101831  51.247  16.513  23.629 0.0000000000
101832  50.270  16.668  23.217 0.0000000000
106340  48.021  22.922  40.619 0.0000000000
107077  49.335  23.833  40.855 0.0000000000
106345  48.859  23.006  39.685 0.0000000000
106357  49.856  22.857  37.836 0.0000000000
106359  47.997  22.223  37.711 0.0000000000
104893  42.777  20.391  41.116 0.0000000000
105626  44.398  21.565  41.321 0.0000000000
105631  43.756  21.218  39.582 0.0000000000
104167  45.627  19.290  35.407 0.0000000000
105646  45.374  20.842  36.990 0.0000000000
104926  46.161  20.149  35.293 0.0000000000
105669  47.012  21.018  35.186 0.0000000000
104934  46.776  20.425  34.523 0.0000000000
104949  47.572  20.291  32.130 0.0000000000
104188  46.644  18.943  33.254 0.0000000000
101771  47.810  16.407  31.552 0.0000000000
107194  41.304  23.049  31.128 0.0000000000
107183  40.422  23.598  32.249 0.0000000000
107210  40.083  23.785  29.962 0.0000000000
108013  38.982  25.119  29.903 0.0000000000
107228  39.861  24.330  28.968 0.0000000000
108051  39.945  24.803  27.450 0.0000000000
107254  40.645  24.353  27.568 0.0000000000
107262  42.993  23.606  25.809 0.0000000000
108067  41.506  23.817  25.898 0.0000000000
106473  42.127  22.723  25.433 0.0000000000
104992  41.095  21.221  26.997 0.0000000000
105021  42.113  21.445  25.471 0.0000000000
109409  52.494  26.161  39.714 0.0000000000
109411  51.079  26.456  39.358 0.0000000000
109420  52.236  26.250  38.184 0.0000000000
108738  52.335  25.075  33.721 0.0000000000
108729  51.834  25.314  34.376 0.0000000000
108740  50.842  25.104  33.444 0.0000000000
107980  48.982  24.756  32.934 0.0000000000
108760  50.151  25.217  31.508 0.0000000000
105732  51.292  21.579  28.572 0.0000000000
106429  51.922  22.342  29.459 0.0000000000
106441  51.691  22.602  28.463 0.0000000000
104989  48.529  20.936  26.824 0.0000000000
105734  50.062  22.449  27.705 0.0000000000
105736  48.642  21.814  28.236 0.0000000000
106432  48.511  22.828  29.481 0.0000000000
105738  46.447  21.714  28.504 0.0000000000
106447  45.803  22.461  28.446 0.0000000000
105003  45.583  20.550  26.441 0.0000000000
103442  44.266  18.628  24.655 0.0000000000
103452  43.896  19.409  24.128 0.0000000000
103432  43.559  18.751  25.569 0.0000000000
103421  42.830  18.820  26.692 0.0000000000
108691  47.304  24.860  38.706 0.0000000000
106436  37.826  23.932  28.840 0.0000000000
106449  38.464  23.796  27.940 0.0000000000
107860  48.787  24.657  43.496 0.0000000000
107070  47.294  23.273  43.723 0.0000000000
106331  47.178  22.873  42.102 0.0000000000
106336  47.014  22.706  41.366 0.0000000000
104151  43.857  19.573  37.627 0.0000000000
107169  42.803  23.153  33.465 0.0000000000
107193  42.505  22.888  31.162 0.0000000000
107208  42.186  22.889  29.978 0.0000000000
107252  41.790  23.874  27.445 0.0000000000
107240  43.373  23.528  28.198 0.0000000000
108047  43.497  23.784  26.843 0.0000000000
107261  43.593  23.372  26.077 0.0000000000
107119  52.550  24.329  37.611 0.0000000000
107928  52.949  24.887  37.236 0.0000000000
107148  52.749  24.121  35.472 0.0000000000
107966  52.721  24.598  33.963 0.0000000000
107991  52.304  24.524  31.739 0.0000000000
105026  50.962  20.816  24.700 0.0000000000
105768  50.955  21.430  25.493 0.0000000000
105027  50.119  20.739  24.594 0.0000000000
105028  49.072  20.303  24.520 0.0000000000
105015  47.438  19.926  25.092 0.0000000000
104243  45.896  19.761  24.573 0.0000000000
104273  46.200  19.054  22.740 0.0000000000
102642  45.696  18.397  23.240 0.0000000000
103430  45.185  18.234  25.526 0.0000000000
101801  46.843  16.042  28.139 0.0000000000
104112  44.438  19.867  45.010 0.0000000000
104882  44.660  20.419  43.697 0.0000000000
104130  43.905  19.602  43.668 0.0000000000
104135  42.297  19.470  42.332 0.0000000000
104141  41.584  19.327  40.682 0.0000000000
107153  44.789  23.505  34.649 0.0000000000
107166  45.673  23.546  33.681 0.0000000000
107177  46.385  23.791  32.928 0.0000000000
105697  49.330  21.914  32.560 0.0000000000
106413  50.783  22.333  31.277 0.0000000000
105716  49.690  21.070  29.932 0.0000000000
105733  50.762  21.094  28.523 0.0000000000
104987  50.694  20.253  27.108 0.0000000000
103428  50.004  18.575  26.436 0.0000000000
103440  50.791  18.992  25.329 0.0000000000
103448  51.129  19.458  25.033 0.0000000000
103456  50.217  18.682  23.415 0.0000000000
101838  49.206  16.763  22.847 0.0000000000
101833  48.094  16.106  22.832 0.0000000000
101009  47.434  15.064  24.426 0.0000000000
109389  52.391  26.334  41.509 0.0000000000
107890  52.250  24.980  40.419 0.0000000000
107870  49.626  24.354  41.489 0.0000000000
107880  50.632  24.318  40.598 0.0000000000
107903  51.703  24.293  39.255 0.0000000000
107105  50.813  23.452  37.676 0.0000000000
106376  50.952  22.942  35.943 0.0000000000
106377  49.942  22.428  35.426 0.0000000000
105623  44.687  21.385  42.373 0.0000000000
105629  45.245  22.157  40.656 0.0000000000
106342  46.147  22.417  39.988 0.0000000000
105640  44.613  20.844  37.872 0.0000000000
105639  45.815  21.843  38.215 0.0000000000
105638  46.974  22.143  37.859 0.0000000000
105658  47.366  21.598  36.349 0.0000000000
105668  48.214  21.769  35.594 0.0000000000
105688  49.182  22.029  33.778 0.0000000000
105698  48.334  21.089  31.964 0.0000000000
104194  47.805  19.697  31.054 0.0000000000
103404  48.240  18.381  29.613 0.0000000000
102569  47.447  17.413  31.666 0.0000000000
102575  47.988  17.409  30.406 0.0000000000
104865  44.159  20.194  45.223 0.0000000000
104114  42.364  19.224  45.241 0.0000000000
103311  40.672  18.515  45.300 0.0000000000
107974  39.313  24.877  33.258 0.0000000000
108753  38.935  25.805  31.895 0.0000000000
108788  38.736  25.605  28.242 0.0000000000
107266  39.229  24.758  26.972 0.0000000000
106468  39.697  23.863  26.596 0.0000000000
108049  41.453  24.109  26.917 0.0000000000
107274  40.739  23.845  26.097 0.0000000000
105764  40.265  22.728  26.681 0.0000000000
108698  48.761  24.851  37.485 0.0000000000
108708  52.008  25.864  36.611 0.0000000000
108710  49.664  24.942  36.464 0.0000000000
107943  49.224  24.653  35.920 0.0000000000
107958  48.401  24.182  34.718 0.0000000000
107981  48.237  24.627  32.708 0.0000000000
107995  47.740  24.593  31.349 0.0000000000
106412  51.650  22.903  31.848 0.0000000000
107203  52.413  23.875  30.892 0.0000000000
107204  52.181  24.262  30.287 0.0000000000
106454  50.809  22.526  27.103 0.0000000000
107236  50.734  23.338  28.606 0.0000000000
108006  50.394  24.895  30.586 0.0000000000
108007  49.431  24.689  30.529 0.0000000000
108022  48.147  23.901  30.331 0.0000000000
108010  46.554  24.289  30.298 0.0000000000
107239  45.413  23.387  28.296 0.0000000000
106464  44.519  22.625  26.636 0.0000000000
105771  43.684  21.843  25.487 0.0000000000
105031  44.544  20.292  24.644 0.0000000000
105032  43.942  20.548  24.646 0.0000000000
105034  42.927  20.833  24.776 0.0000000000
104225  42.495  19.594  26.346 0.0000000000
101784  45.537  16.288  30.498 0.0000000000
109478  37.846  26.489  28.901 0.0000000000
109473  38.113  26.872  29.196 0.0000000000
104875  46.029  20.629  45.130 0.0000000000
105612  46.255  21.089  44.665 0.0000000000
105613  45.735  20.874  44.276 0.0000000000
107190  45.472  23.868  31.486 0.0000000000
108012  45.114  24.070  29.387 0.0000000000
106386  50.047  22.424  34.294 0.0000000000
106393  50.970  22.798  33.679 0.0000000000
101840  47.516  17.183  22.744 0.0000000000
102640  47.028  17.349  23.186 0.0000000000
102624  47.282  16.628  24.707 0.0000000000
107906  47.037  24.733  38.509 0.0000000000
107917  46.835  24.326  37.600 0.0000000000
107932  46.675  23.844  36.778 0.0000000000
107931  47.635  24.275  36.702 0.0000000000
103410  48.764  18.904  28.697 0.0000000000
104217  49.019  19.403  28.701 0.0000000000
103409  48.963  18.449  28.125 0.0000000000
101016  50.895  15.700  23.550 0.0000000000
101007  50.153  15.542  23.729 0.0000000000
106339  48.563  23.062  40.258 0.0000000000
106351  48.728  22.619  38.616 0.0000000000
104896  42.608  20.191  40.105 0.0000000000
104895  43.174  20.800  40.342 0.0000000000
104898  43.059  20.245  39.227 0.0000000000
104166  45.921  19.533  35.119 0.0000000000
104927  45.739  19.841  35.666 0.0000000000
104925  46.649  20.550  35.003 0.0000000000
104935  46.508  19.782  34.237 0.0000000000
104180  46.729  19.500  33.292 0.0000000000
104181  46.561  19.226  33.652 0.0000000000
107209  41.046  23.250  29.972 0.0000000000
107195  40.301  23.512  31.024 0.0000000000
107243  40.510  24.224  28.087 0.0000000000
107270  43.126  23.194  25.471 0.0000000000
107271  42.566  23.298  25.443 0.0000000000
105773  42.515  21.764  25.164 0.0000000000
108686  52.708  25.512  39.015 0.0000000000
109415  52.371  26.143  38.833 0.0000000000
108694  52.616  25.617  37.973 0.0000000000
108747  52.110  25.133  32.973 0.0000000000
108739  51.762  25.253  33.543 0.0000000000
108748  51.454  25.234  32.562 0.0000000000
108749  50.456  25.207  32.449 0.0000000000
108759  50.961  25.198  31.820 0.0000000000
105744  51.403  21.647  27.463 0.0000000000
105001  48.040  20.402  26.128 0.0000000000
105748  48.080  21.178  27.690 0.0000000000
105737  47.482  21.643  28.556 0.0000000000
105749  46.913  21.030  27.923 0.0000000000
104991  46.451  20.596  27.173 0.0000000000
103431  44.334  18.444  25.514 0.0000000000
103420  43.674  18.464  26.436 0.0000000000
107246  38.124  24.897  28.170 0.0000000000
107230  37.789  24.736  28.737 0.0000000000
106450  38.126  24.393  28.240 0.0000000000
107066  47.931  23.996  44.200 0.0000000000
107067  47.346  23.078  44.827 0.0000000000
106327  46.326  21.946  43.625 0.0000000000
106326  46.769  22.742  43.178 0.0000000000
107154  43.853  23.424  34.561 0.0000000000
107168  43.816  23.306  33.486 0.0000000000
107192  43.656  23.206  31.179 0.0000000000
107225  42.936  23.110  28.910 0.0000000000
107224  43.892  23.577  28.937 0.0000000000
108035  44.007  23.840  27.917 0.0000000000
108046  44.256  23.765  27.313 0.0000000000
107251  44.091  23.617  26.736 0.0000000000
107120  51.889  23.786  37.068 0.0000000000
107133  52.644  24.214  36.567 0.0000000000
107176  52.373  23.443  33.399 0.0000000000
107162  52.759  24.022  34.383 0.0000000000
107175  52.565  23.743  33.203 0.0000000000
107978  52.468  24.598  32.836 0.0000000000
107189  52.502  23.878  32.053 0.0000000000
104250  50.510  19.873  23.953 0.0000000000
104264  47.760  19.326  23.103 0.0000000000
104252  48.414  19.759  23.805 0.0000000000
105029  48.071  20.013  24.450 0.0000000000
104253  47.343  19.709  23.859 0.0000000000
104242  46.737  19.747  24.478 0.0000000000
104265  46.735  19.331  22.952 0.0000000000
102632  46.454  17.614  23.857 0.0000000000
102633  45.656  17.892  24.039 0.0000000000
103441  45.051  18.357  24.652 0.0000000000
102619  46.085  17.833  25.656 0.0000000000
101807  47.433  15.696  26.310 0.0000000000
101808  47.295  15.970  27.113 0.0000000000
104125  43.894  19.342  44.437 0.0000000000
103318  43.457  19.093  43.837 0.0000000000
103331  42.477  19.268  42.758 0.0000000000
104138  41.842  19.494  41.666 0.0000000000
107151  46.488  23.591  34.918 0.0000000000
107152  45.699  23.519  34.790 0.0000000000
107165  46.578  23.657  33.810 0.0000000000
105707  49.914  21.754  31.257 0.0000000000
105717  49.199  20.873  30.162 0.0000000000
104215  49.903  19.874  27.966 0.0000000000
104970  50.162  20.676  28.834 0.0000000000
104979  50.281  20.445  28.249 0.0000000000
104978  50.898  21.040  28.241 0.0000000000
102615  50.011  17.459  26.019 0.0000000000
102623  50.620  17.530  25.297 0.0000000000
102630  51.007  17.677  24.449 0.0000000000
103439  51.043  19.457  25.306 0.0000000000
103449  51.056  18.927  24.252 0.0000000000
101017  49.358  15.797  23.311 0.0000000000
101024  48.806  16.313  22.882 0.0000000000
101839  48.250  16.698  22.634 0.0000000000
101018  48.263  15.551  23.149 0.0000000000
101019  47.711  15.142  23.716 0.0000000000
108643  51.883  26.244  42.816 0.0000000000
108642  52.228  26.232  42.377 0.0000000000
108652  52.304  25.957  42.027 0.0000000000
108666  52.254  25.496  41.094 0.0000000000
107879  51.704  24.992  41.057 0.0000000000
107866  48.869  24.431  42.384 0.0000000000
107871  48.852  24.104  41.776 0.0000000000
107082  49.680  23.760  40.263 0.0000000000
107881  49.798  24.101  40.771 0.0000000000
107081  50.303  23.937  39.792 0.0000000000
107892  51.067  24.229  39.519 0.0000000000
107095  51.205  24.054  38.733 0.0000000000
107096  50.238  23.422  38.525 0.0000000000
106368  49.483  22.419  36.637 0.0000000000
106367  50.504  22.907  37.050 0.0000000000
105667  49.026  22.220  35.940 0.0000000000
104883  44.059  20.135  43.172 0.0000000000
105617  44.868  21.097  43.130 0.0000000000
104887  44.353  20.705  42.854 0.0000000000
105633  45.380  22.130  39.450 0.0000000000
104902  43.932  20.266  38.003 0.0000000000
104905  44.606  20.138  37.201 0.0000000000
105660  45.681  20.558  36.478 0.0000000000
106354  46.210  22.195  38.552 0.0000000000
105644  47.711  22.108  37.383 0.0000000000
105679  48.257  21.508  34.469 0.0000000000
105689  48.329  21.473  33.257 0.0000000000
105690  47.616  20.894  32.808 0.0000000000
104195  47.547  19.427  31.497 0.0000000000
104957  47.657  20.017  31.590 0.0000000000
104201  47.673  19.099  31.056 0.0000000000
104200  47.972  19.339  30.528 0.0000000000
103396  47.834  18.270  30.516 0.0000000000
102561  46.986  17.386  32.550 0.0000000000
101770  48.090  16.658  30.881 0.0000000000
101782  48.327  16.560  30.205 0.0000000000
105603  43.937  20.816  45.369 0.0000000000
104867  42.169  20.045  45.352 0.0000000000
103310  41.554  18.578  45.123 0.0000000000
107184  39.776  23.965  31.803 0.0000000000
107985  39.697  24.235  32.571 0.0000000000
108742  39.013  25.727  33.039 0.0000000000
108781  38.789  25.709  28.837 0.0000000000
108039  39.325  25.293  28.057 0.0000000000
108062  39.462  24.824  27.016 0.0000000000
107255  39.260  24.190  26.917 0.0000000000
107265  39.567  24.453  26.778 0.0000000000
106474  41.233  22.978  25.915 0.0000000000
107273  41.225  23.638  25.920 0.0000000000
106467  40.440  23.419  26.303 0.0000000000
105752  40.235  22.038  27.329 0.0000000000
105751  40.724  21.721  26.994 0.0000000000
109391  50.342  26.833  40.974 0.0000000000
108687  50.829  26.196  38.815 0.0000000000
108679  50.301  26.246  39.533 0.0000000000
108688  50.173  25.702  38.640 0.0000000000
108689  49.068  25.203  38.507 0.0000000000
108697  50.036  25.281  37.597 0.0000000000
108718  52.624  25.327  35.793 0.0000000000
108707  52.588  25.411  36.868 0.0000000000
108730  50.973  24.986  34.379 0.0000000000
108720  50.940  25.121  35.429 0.0000000000
107944  48.444  24.308  35.788 0.0000000000
107957  49.223  24.573  34.944 0.0000000000
108751  48.766  24.919  32.125 0.0000000000
108752  48.228  24.755  32.021 0.0000000000
107982  47.647  24.492  32.266 0.0000000000
106423  51.057  22.258  30.712 0.0000000000
106422  51.549  22.409  30.566 0.0000000000
106440  52.261  22.983  29.358 0.0000000000
106428  52.304  23.017  30.227 0.0000000000
107216  52.270  23.621  29.861 0.0000000000
105758  50.720  22.034  26.410 0.0000000000
106462  51.087  22.282  26.687 0.0000000000
105745  50.637  22.330  26.842 0.0000000000
106430  49.946  23.077  28.797 0.0000000000
106443  50.224  22.778  28.175 0.0000000000
107219  50.023  23.434  29.177 0.0000000000
107218  50.897  23.865  29.297 0.0000000000
108020  50.152  24.248  29.941 0.0000000000
108021  49.198  24.029  30.147 0.0000000000
106433  47.530  22.818  29.608 0.0000000000
107221  47.790  23.343  29.980 0.0000000000
108023  47.130  23.921  30.089 0.0000000000
108024  46.254  24.033  29.599 0.0000000000
107238  46.045  23.128  28.983 0.0000000000
105761  44.853  21.634  26.797 0.0000000000
106456  45.169  22.576  27.484 0.0000000000
105762  44.223  21.783  26.064 0.0000000000
104255  45.252  19.756  24.150 0.0000000000
105017  45.147  20.288  25.189 0.0000000000
104244  43.441  19.690  24.531 0.0000000000
104257  43.731  20.028  24.262 0.0000000000
105033  43.364  20.883  24.704 0.0000000000
104245  43.027  20.241  24.810 0.0000000000
104233  42.491  20.132  25.632 0.0000000000
103433  43.015  19.360  25.651 0.0000000000
103411  42.690  18.327  27.597 0.0000000000
102586  45.855  17.158  28.844 0.0000000000
101794  45.850  16.674  29.551 0.0000000000
108029  37.601  25.385  29.154 0.0000000000
108040  38.351  25.271  27.976 0.0000000000
106324  46.347  21.578  44.186 0.0000000000
105621  45.892  21.664  43.338 0.0000000000
107179  44.746  23.449  32.422 0.0000000000
107191  44.653  23.531  31.310 0.0000000000
107206  44.585  23.763  29.989 0.0000000000
108025  45.419  23.937  28.999 0.0000000000
106384  51.516  23.233  35.221 0.0000000000
107149  52.253  23.549  34.845 0.0000000000
106392  51.715  23.147  34.248 0.0000000000
106401  52.012  23.132  33.118 0.0000000000
103457  49.053  18.501  22.953 0.0000000000
103468  48.227  18.195  22.503 0.0000000000
103469  47.482  18.390  22.387 0.0000000000
103470  46.636  18.723  22.470 0.0000000000
102618  47.120  17.051  25.782 0.0000000000
102617  47.370  16.381  25.201 0.0000000000
100993  47.418  15.124  25.872 0.0000000000
103308  42.894  18.709  44.637 0.0000000000
103319  43.022  18.670  44.136 0.0000000000
103320  42.251  18.360  44.376 0.0000000000
107122  45.545  23.574  36.500 0.0000000000
107947  45.989  23.598  36.298 0.0000000000
107137  46.679  23.657  35.552 0.0000000000
107150  47.054  23.694  35.062 0.0000000000
104964  48.923  20.473  29.907 0.0000000000
104963  49.432  20.672  29.630 0.0000000000
104216  49.484  19.569  28.312 0.0000000000
104224  49.650  19.275  27.673 0.0000000000
101825  51.203  16.935  24.670 0.0000000000
101830  51.741  16.386  24.018 0.0000000000
102637  51.336  17.013  23.953 0.0000000000
108644  50.918  25.537  42.597 0.0000000000
107079  47.965  23.230  41.581 0.0000000000
107078  48.757  23.682  41.313 0.0000000000
107083  48.857  23.322  40.494 0.0000000000
107088  49.265  23.343  39.976 0.0000000000
106344  49.308  23.134  39.345 0.0000000000
106350  49.436  23.045  38.908 0.0000000000
106358  48.573  22.304  37.478 0.0000000000
104889  42.952  20.402  42.022 0.0000000000
104891  44.100  21.001  42.141 0.0000000000
104892  43.503  20.902  41.470 0.0000000000
105627  43.803  21.340  40.568 0.0000000000
104917  44.949  19.872  36.732 0.0000000000
104916  45.445  20.049  36.297 0.0000000000
104915  45.930  20.347  35.909 0.0000000000
105659  46.232  20.762  36.142 0.0000000000
105670  46.466  20.663  35.540 0.0000000000
104941  46.860  20.055  33.435 0.0000000000
104187  46.851  19.176  32.791 0.0000000000
103390  47.125  18.347  32.042 0.0000000000
100959  48.368  15.798  31.010 0.0000000000
107196  39.554  24.153  30.979 0.0000000000
107998  39.018  24.986  30.945 0.0000000000
107211  39.424  24.470  30.013 0.0000000000
107229  39.377  24.733  29.410 0.0000000000
108027  39.773  24.631  28.490 0.0000000000
108037  40.416  24.451  27.660 0.0000000000
108050  40.548  24.450  27.209 0.0000000000
108058  42.771  23.820  26.271 0.0000000000
108059  41.838  23.972  26.190 0.0000000000
107263  42.423  23.712  25.807 0.0000000000
107272  41.835  23.510  25.677 0.0000000000
105763  40.946  22.062  26.435 0.0000000000
105774  41.788  22.017  25.700 0.0000000000
105006  41.751  21.106  25.954 0.0000000000
104234  42.051  20.519  25.953 0.0000000000
109403  52.184  26.698  40.274 0.0000000000
109404  51.329  26.823  40.477 0.0000000000
109410  51.970  26.643  39.509 0.0000000000
109416  51.831  26.460  38.704 0.0000000000
109422  51.463  26.330  38.076 0.0000000000
108719  51.882  25.542  35.540 0.0000000000
107968  51.407  25.124  33.888 0.0000000000
108731  49.974  24.981  34.170 0.0000000000
108741  49.808  25.022  33.180 0.0000000000
108750  49.545  25.103  32.266 0.0000000000
108761  49.219  25.083  31.530 0.0000000000
105760  49.308  21.332  26.539 0.0000000000
105746  50.224  22.256  27.184 0.0000000000
105747  49.191  21.554  27.157 0.0000000000
105735  49.624  22.215  27.856 0.0000000000
106444  49.144  22.429  28.705 0.0000000000
107220  48.886  23.408  29.775 0.0000000000
106445  48.035  22.240  29.095 0.0000000000
106446  46.766  22.419  29.175 0.0000000000
105750  45.718  21.408  27.688 0.0000000000
103451  44.340  18.900  23.939 0.0000000000
103462  44.463  19.297  23.809 0.0000000000
103443  43.585  19.147  24.710 0.0000000000
102611  43.159  18.249  27.176 0.0000000000
107905  47.576  24.745  38.185 0.0000000000
106448  38.930  22.996  27.950 0.0000000000
107069  48.009  24.028  43.051 0.0000000000
107075  47.525  23.364  42.599 0.0000000000
106335  47.537  22.940  41.401 0.0000000000
106341  47.046  22.522  40.338 0.0000000000
104147  42.922  19.324  38.422 0.0000000000
104150  44.194  19.072  37.117 0.0000000000
104159  45.008  18.994  36.065 0.0000000000
103370  45.649  18.427  35.053 0.0000000000
103376  46.284  18.292  34.038 0.0000000000
107181  42.696  23.000  32.340 0.0000000000
107226  41.807  23.279  28.925 0.0000000000
107242  41.405  23.753  28.095 0.0000000000
107241  42.464  23.556  27.963 0.0000000000
108036  43.217  23.681  27.528 0.0000000000
108057  43.238  23.685  26.223 0.0000000000
106471  43.413  22.636  25.456 0.0000000000
107942  53.094  24.830  36.145 0.0000000000
107954  52.989  24.741  35.038 0.0000000000
107979  52.133  25.027  32.293 0.0000000000
105011  51.174  20.781  25.548 0.0000000000
105757  51.192  21.645  26.439 0.0000000000
105778  50.598  21.183  24.981 0.0000000000
105012  50.112  21.123  25.044 0.0000000000
104251  49.446  19.956  23.824 0.0000000000
105013  49.613  20.960  25.295 0.0000000000
105014  48.589  20.391  25.262 0.0000000000
105002  46.859  20.146  26.267 0.0000000000
104254  46.281  19.563  23.813 0.0000000000
104266  45.804  19.245  23.245 0.0000000000
103472  45.764  19.009  22.812 0.0000000000
103461  45.355  18.911  23.305 0.0000000000
103450  45.067  18.568  23.907 0.0000000000
103418  45.334  18.117  26.364 0.0000000000
102597  46.420  17.060  28.006 0.0000000000
102607  46.949  16.854  27.000 0.0000000000
102596  46.877  16.503  27.579 0.0000000000
104123  45.363  20.344  45.040 0.0000000000
104877  44.945  20.313  44.365 0.0000000000
104129  44.465  19.912  44.211 0.0000000000
104133  43.611  19.798  43.064 0.0000000000
104131  43.348  19.448  43.284 0.0000000000
104134  42.955  19.700  42.665 0.0000000000
104137  42.433  19.958  41.824 0.0000000000
104140  42.171  19.885  40.829 0.0000000000
104144  42.245  19.454  39.585 0.0000000000
107139  44.867  23.528  35.729 0.0000000000
107984  46.168  24.173  31.530 0.0000000000
106403  50.220  22.307  32.013 0.0000000000
105706  50.531  21.995  30.974 0.0000000000
105715  50.779  21.875  30.414 0.0000000000
105725  49.956  20.891  29.385 0.0000000000
105724  50.444  21.155  29.159 0.0000000000
104986  51.056  20.933  27.694 0.0000000000
102616  49.529  17.768  26.797 0.0000000000
103429  49.648  18.366  26.843 0.0000000000
103416  49.813  18.947  27.043 0.0000000000
104232  50.666  19.645  26.282 0.0000000000
104231  50.966  20.131  26.220 0.0000000000
104249  51.172  19.999  24.771 0.0000000000
102639  49.772  17.650  22.981 0.0000000000
102646  48.730  17.572  22.609 0.0000000000
101834  47.654  16.348  23.212 0.0000000000
110091  52.247  26.777  41.147 0.0000000000
109402  52.441  26.252  40.642 0.0000000000
108677  52.651  25.490  40.052 0.0000000000
107902  52.437  24.687  39.261 0.0000000000
107865  50.065  24.961  42.736 0.0000000000
107869  50.889  25.024  41.786 0.0000000000
107891  51.708  24.502  40.038 0.0000000000
107093  52.346  24.487  38.827 0.0000000000
107104  51.909  23.986  38.067 0.0000000000
107121  51.243  23.295  36.622 0.0000000000
106356  50.395  23.050  37.512 0.0000000000
104881  45.267  20.630  44.198 0.0000000000
105616  45.399  21.110  43.682 0.0000000000
105622  45.412  21.712  42.745 0.0000000000
105625  45.180  22.036  41.791 0.0000000000
106333  45.672  22.255  42.127 0.0000000000
106337  46.065  22.442  41.262 0.0000000000
106347  46.951  22.405  39.260 0.0000000000
105635  43.965  20.874  38.578 0.0000000000
105634  44.596  21.582  38.905 0.0000000000
105647  44.836  20.637  37.329 0.0000000000
106348  46.181  22.318  38.978 0.0000000000
106353  46.642  22.269  38.505 0.0000000000
106352  47.676  22.294  38.246 0.0000000000
105657  48.490  22.154  36.655 0.0000000000
105678  49.104  22.097  34.920 0.0000000000
105699  47.815  20.791  32.292 0.0000000000
104948  47.948  20.582  31.755 0.0000000000
104956  48.020  20.262  31.200 0.0000000000
103383  46.600  18.414  33.320 0.0000000000
103382  46.801  18.195  32.745 0.0000000000
102576  47.724  17.732  30.979 0.0000000000
102585  48.301  17.315  29.631 0.0000000000
104110  45.413  20.476  45.233 0.0000000000
104864  45.003  20.428  45.318 0.0000000000
104113  43.416  19.193  45.062 0.0000000000
104866  43.194  19.994  45.327 0.0000000000
103309  42.369  18.641  44.889 0.0000000000
102476  40.803  18.045  44.875 0.0000000000
109456  38.862  26.757  31.755 0.0000000000
108764  38.746  25.982  30.742 0.0000000000
109461  38.758  26.984  30.906 0.0000000000
108782  38.425  26.240  28.950 0.0000000000
108795  38.711  25.462  27.879 0.0000000000
108053  38.734  25.181  27.497 0.0000000000
108052  39.121  25.246  27.507 0.0000000000
106458  38.852  24.185  27.280 0.0000000000
106457  39.222  23.591  27.200 0.0000000000
107253  41.062  24.128  27.502 0.0000000000
108060  40.938  24.206  26.494 0.0000000000
108069  40.613  24.165  26.268 0.0000000000
107264  40.175  24.097  26.347 0.0000000000
105765  39.819  23.282  26.748 0.0000000000
105753  39.611  22.806  27.276 0.0000000000
105739  39.951  21.905  28.276 0.0000000000
109405  50.624  26.552  40.057 0.0000000000
108681  48.181  25.225  39.375 0.0000000000
108690  47.874  24.889  38.385 0.0000000000
108699  48.158  24.773  37.841 0.0000000000
108695  52.186  26.112  37.505 0.0000000000
108709  51.026  25.415  36.585 0.0000000000
108711  49.036  24.813  36.888 0.0000000000
107930  48.691  24.662  36.724 0.0000000000
107959  47.667  23.883  34.446 0.0000000000
107969  49.145  24.606  33.904 0.0000000000
107970  48.341  24.346  33.652 0.0000000000
107971  47.531  24.085  33.398 0.0000000000
107972  47.004  24.047  32.849 0.0000000000
107983  46.783  24.245  32.036 0.0000000000
107996  46.792  24.397  31.059 0.0000000000
106421  52.196  23.215  31.322 0.0000000000
108004  52.160  24.569  30.947 0.0000000000
106453  51.307  22.320  27.295 0.0000000000
106442  51.146  22.944  27.958 0.0000000000
106455  50.471  22.550  27.447 0.0000000000
107235  51.495  23.467  28.722 0.0000000000
107217  51.774  24.121  29.545 0.0000000000
108005  51.503  24.688  30.533 0.0000000000
107993  50.969  25.116  31.152 0.0000000000
108770  49.592  25.105  30.968 0.0000000000
108771  48.926  24.904  31.019 0.0000000000
107994  48.311  24.689  31.147 0.0000000000
108009  47.467  24.299  30.635 0.0000000000
107250  44.705  23.429  27.208 0.0000000000
107260  44.192  23.222  26.487 0.0000000000
106465  43.939  22.642  25.994 0.0000000000
105016  46.234  19.923  25.355 0.0000000000
104256  44.415  20.014  24.117 0.0000000000
105018  44.161  20.927  25.323 0.0000000000
105019  43.617  21.190  25.026 0.0000000000
105772  43.209  21.802  24.985 0.0000000000
105780  42.919  21.316  24.799 0.0000000000
105020  42.414  20.905  25.223 0.0000000000
105005  42.160  20.650  25.656 0.0000000000
103422  42.239  19.422  27.086 0.0000000000
101000  47.382  15.086  25.152 0.0000000000
101025  48.520  16.070  22.913 0.0000000000
101783  46.114  16.115  29.903 0.0000000000
101793  46.479  15.867  29.228 0.0000000000
101813  47.464  15.944  25.621 0.0000000000
102568  47.817  17.112  31.108 0.0000000000
102626  45.855  17.946  24.672 0.0000000000
102649  46.194  18.392  22.769 0.0000000000
102650  45.837  18.663  22.989 0.0000000000
103324  43.394  19.261  43.561 0.0000000000
103458  48.087  18.810  22.688 0.0000000000
103460  45.771  18.992  22.973 0.0000000000
103463  44.054  19.512  23.954 0.0000000000
103471  45.963  18.807  22.819 0.0000000000
104111  45.132  20.297  45.100 0.0000000000
104124  44.806  20.114  44.735 0.0000000000
104174  45.744  18.952  35.036 0.0000000000
104208  49.317  19.919  28.830 0.0000000000
104239  51.046  19.874  25.614 0.0000000000
104240  50.851  19.520  25.722 0.0000000000
104241  47.266  19.798  24.420 0.0000000000
104258  43.279  20.486  24.646 0.0000000000
104268  44.242  19.661  23.945 0.0000000000
104269  43.984  19.735  23.986 0.0000000000
104274  45.975  19.031  22.843 0.0000000000
104876  45.548  20.504  44.733 0.0000000000
104899  42.632  19.970  39.635 0.0000000000
104901  44.388  20.426  37.687 0.0000000000
104904  45.124  20.368  36.815 0.0000000000
104906  44.131  19.992  37.603 0.0000000000
104942  46.643  19.695  33.783 0.0000000000
104972  49.126  20.221  29.349 0.0000000000
104980  49.800  20.170  28.533 0.0000000000
104988  49.054  21.201  26.654 0.0000000000
104998  50.891  20.198  26.530 0.0000000000
104999  49.605  21.227  25.828 0.0000000000
105000  49.097  20.988  26.102 0.0000000000
105030  47.536  19.851  24.415 0.0000000000
105637  47.469  22.197  37.837 0.0000000000
105641  44.180  20.666  38.156 0.0000000000
105643  48.258  22.207  37.177 0.0000000000
105714  51.278  22.048  30.218 0.0000000000
105759  49.814  21.537  26.280 0.0000000000
105769  50.294  21.372  25.494 0.0000000000
105779  50.349  21.158  24.980 0.0000000000
105781  42.680  21.204  24.933 0.0000000000
106369  48.859  22.240  36.935 0.0000000000
106375  51.438  23.242  35.681 0.0000000000
106400  52.344  23.399  32.901 0.0000000000
106414  50.342  22.135  31.514 0.0000000000
106463  50.932  22.378  26.652 0.0000000000
106475  40.913  23.509  26.044 0.0000000000
107084  48.395  23.259  40.991 0.0000000000
107087  49.682  23.427  39.453 0.0000000000
107094  52.082  24.271  38.781 0.0000000000
107103  52.415  24.440  38.468 0.0000000000
107106  50.297  23.228  37.999 0.0000000000
107135  51.350  23.253  36.148 0.0000000000
107136  47.022  23.712  35.441 0.0000000000
107223  45.944  23.657  29.093 0.0000000000
107237  50.354  23.197  28.633 0.0000000000
107244  40.020  24.472  28.339 0.0000000000
107256  38.843  24.656  27.076 0.0000000000
107864  50.629  25.180  42.351 0.0000000000
107878  52.103  25.147  40.850 0.0000000000
107904  51.362  24.212  39.161 0.0000000000
107915  48.431  24.712  37.281 0.0000000000
107929  49.201  24.733  36.372 0.0000000000
107933  45.785  23.618  36.729 0.0000000000
107946  46.378  23.667  36.176 0.0000000000
107955  51.900  25.265  34.121 0.0000000000
107956  51.594  25.194  34.142 0.0000000000
107967  51.733  25.233  33.958 0.0000000000
108008  48.463  24.523  30.767 0.0000000000
108019  50.968  24.346  29.994 0.0000000000
108038  40.058  24.618  28.088 0.0000000000
108063  39.105  25.026  27.098 0.0000000000
108068  41.133  23.998  26.055 0.0000000000
108653  51.661  25.412  41.815 0.0000000000
108654  51.169  25.337  42.042 0.0000000000
108667  51.918  25.276  41.319 0.0000000000
108678  50.735  26.306  39.217 0.0000000000
108763  48.029  24.689  31.736 0.0000000000
108772  48.545  24.751  31.084 0.0000000000
108796  38.534  25.447  27.926 0.0000000000
109379  52.325  26.480  42.260 0.0000000000
109390  50.925  26.997  40.926 0.0000000000
109412  50.656  26.443  39.627 0.0000000000
109417  51.387  26.337  38.447 0.0000000000
109421  51.743  26.404  38.064 0.0000000000
110101  52.247  26.697  40.706 0.0000000000
110102  52.007  27.033  40.776 0.0000000000
