#!ascii label  , from subject A00073283 vox2ras=TkReg
911
115147  43.983  34.600  36.602 0.0000000000
117414  46.394  39.011  37.944 0.0000000000
110710  40.064  28.397  37.559 0.0000000000
114440  39.246  34.396  33.317 0.0000000000
112464  41.533  31.559  32.072 0.0000000000
117470  47.753  38.705  33.320 0.0000000000
119707  41.855  41.152  34.890 0.0000000000
121918  47.409  44.343  29.161 0.0000000000
108663  42.078  25.511  41.617 0.0000000000
107142  41.969  23.494  35.495 0.0000000000
115877  48.341  36.352  38.808 0.0000000000
111878  45.148  30.530  35.387 0.0000000000
113670  43.814  33.665  38.321 0.0000000000
111851  38.197  30.276  38.552 0.0000000000
119063  44.252  40.119  26.022 0.0000000000
119038  49.496  39.929  32.264 0.0000000000
110135  39.319  27.565  33.432 0.0000000000
115156  41.461  34.796  35.366 0.0000000000
113722  41.108  33.374  32.338 0.0000000000
113713  42.820  32.911  33.743 0.0000000000
117450  45.497  37.937  35.878 0.0000000000
116669  42.445  37.239  35.002 0.0000000000
121204  42.790  43.273  29.629 0.0000000000
109385  45.029  26.674  42.573 0.0000000000
107884  44.467  24.427  40.319 0.0000000000
108670  48.501  25.482  40.436 0.0000000000
116813  47.227  37.655  22.828 0.0000000000
116603  48.201  37.599  39.438 0.0000000000
114382  47.606  33.962  39.824 0.0000000000
115840  45.966  36.103  40.599 0.0000000000
113649  38.217  33.727  40.345 0.0000000000
113675  38.955  33.517  39.088 0.0000000000
111849  37.453  30.960  39.524 0.0000000000
111286  39.154  28.887  41.508 0.0000000000
119744  45.615  41.458  33.348 0.0000000000
120505  48.339  42.116  30.193 0.0000000000
119025  48.076  40.802  34.739 0.0000000000
118240  48.952  39.045  36.628 0.0000000000
111317  42.328  29.254  36.805 0.0000000000
110735  41.555  29.188  35.050 0.0000000000
110122  39.718  27.498  35.931 0.0000000000
111911  39.672  30.662  32.043 0.0000000000
110756  39.536  28.816  31.062 0.0000000000
115949  49.968  36.075  30.820 0.0000000000
118314  46.547  38.789  30.714 0.0000000000
118245  43.856  39.520  36.512 0.0000000000
115879  43.745  36.658  39.499 0.0000000000
123399  40.738  46.692  27.319 0.0000000000
122707  44.914  45.567  26.435 0.0000000000
119772  43.717  41.803  31.046 0.0000000000
109413  39.289  26.482  39.182 0.0000000000
108700  39.352  25.568  37.343 0.0000000000
107910  41.466  23.803  38.741 0.0000000000
107123  45.043  23.589  36.789 0.0000000000
115142  45.959  35.008  37.525 0.0000000000
113703  45.619  32.595  35.612 0.0000000000
113033  47.566  32.247  36.998 0.0000000000
112420  44.988  31.187  37.501 0.0000000000
111858  42.249  30.279  37.157 0.0000000000
114386  42.881  34.663  39.892 0.0000000000
113024  40.856  32.715  37.557 0.0000000000
111298  39.161  28.926  37.973 0.0000000000
110099  39.309  27.466  40.995 0.0000000000
110694  42.301  28.239  42.030 0.0000000000
118394  44.100  39.099  22.679 0.0000000000
117573  48.137  38.365  26.640 0.0000000000
119052  48.916  40.785  28.367 0.0000000000
117528  50.182  38.508  29.484 0.0000000000
116665  49.941  38.006  33.902 0.0000000000
117434  47.636  38.198  36.757 0.0000000000
111892  43.596  31.066  33.764 0.0000000000
110742  40.420  29.073  32.890 0.0000000000
109461  38.758  26.984  30.906 0.0000000000
107961  39.340  24.871  34.293 0.0000000000
115155  42.255  34.722  35.823 0.0000000000
114419  42.356  33.694  34.818 0.0000000000
114418  43.253  33.192  34.997 0.0000000000
115906  44.375  36.327  36.521 0.0000000000
116667  44.161  37.647  35.328 0.0000000000
115908  42.745  35.744  36.077 0.0000000000
115909  41.752  35.741  35.692 0.0000000000
110085  46.712  27.281  43.265 0.0000000000
108648  47.116  25.849  42.088 0.0000000000
108646  48.427  26.310  41.936 0.0000000000
110166  37.965  27.602  29.553 0.0000000000
118219  47.413  38.958  38.392 0.0000000000
115839  47.128  36.143  40.622 0.0000000000
116605  46.102  37.225  39.587 0.0000000000
113002  36.611  32.532  40.513 0.0000000000
113001  37.143  32.601  40.020 0.0000000000
119007  46.027  40.710  35.576 0.0000000000
119026  47.062  41.152  34.668 0.0000000000
118985  46.809  40.361  36.411 0.0000000000
118225  48.044  39.387  37.786 0.0000000000
110709  41.121  28.811  36.905 0.0000000000
110720  41.136  28.601  36.188 0.0000000000
110112  40.415  28.107  36.598 0.0000000000
114449  38.493  33.934  32.716 0.0000000000
114448  39.435  33.619  32.459 0.0000000000
113072  41.233  32.029  31.961 0.0000000000
113073  40.655  32.203  31.919 0.0000000000
111910  40.463  30.717  32.038 0.0000000000
111358  39.765  29.752  31.555 0.0000000000
111357  40.469  29.970  31.853 0.0000000000
116699  49.320  37.321  32.380 0.0000000000
116706  48.574  37.231  30.874 0.0000000000
117491  47.723  38.547  32.044 0.0000000000
115167  40.177  35.302  34.648 0.0000000000
115178  39.171  34.913  33.824 0.0000000000
118261  43.356  40.069  35.980 0.0000000000
117437  43.094  39.019  36.579 0.0000000000
118247  41.744  39.468  36.269 0.0000000000
120480  41.943  42.158  33.258 0.0000000000
120518  43.189  42.529  29.960 0.0000000000
119747  42.791  41.894  33.407 0.0000000000
119726  44.419  41.534  34.236 0.0000000000
108675  39.848  25.354  40.181 0.0000000000
107900  40.091  24.642  39.333 0.0000000000
107887  41.212  24.556  40.292 0.0000000000
107907  46.010  24.374  38.437 0.0000000000
107908  44.955  23.896  38.318 0.0000000000
107918  45.943  23.885  37.573 0.0000000000
115893  46.984  36.008  38.428 0.0000000000
114402  47.116  34.254  37.648 0.0000000000
114393  48.136  34.465  38.345 0.0000000000
113658  45.914  33.420  39.244 0.0000000000
113667  46.788  32.417  38.879 0.0000000000
113680  44.776  32.507  37.922 0.0000000000
112421  43.922  31.120  37.350 0.0000000000
113022  43.453  32.088  37.394 0.0000000000
115861  42.409  36.388  39.923 0.0000000000
115109  43.072  35.491  40.673 0.0000000000
114369  41.464  35.005  40.322 0.0000000000
112414  38.329  31.374  38.316 0.0000000000
113014  39.892  33.114  38.030 0.0000000000
112426  38.819  31.168  37.776 0.0000000000
111860  39.968  30.281  37.258 0.0000000000
111299  38.629  29.513  38.212 0.0000000000
110108  38.760  27.876  39.473 0.0000000000
110700  38.616  28.429  40.155 0.0000000000
111275  41.430  29.212  42.367 0.0000000000
111284  41.003  28.756  42.076 0.0000000000
118384  43.266  39.707  24.342 0.0000000000
117610  44.977  38.469  24.114 0.0000000000
118367  45.565  39.377  26.400 0.0000000000
122704  47.561  45.700  27.106 0.0000000000
121943  45.383  44.652  26.404 0.0000000000
121934  48.124  44.737  27.417 0.0000000000
119758  48.809  40.896  31.423 0.0000000000
119781  49.151  41.713  28.811 0.0000000000
119045  49.492  40.146  30.454 0.0000000000
118344  49.651  39.374  28.681 0.0000000000
118313  49.801  39.334  30.932 0.0000000000
117508  50.398  37.793  31.179 0.0000000000
118269  50.187  38.525  33.221 0.0000000000
117412  48.440  38.299  37.455 0.0000000000
117433  48.489  38.601  36.324 0.0000000000
116635  47.607  37.623  37.635 0.0000000000
116636  46.687  36.863  37.889 0.0000000000
112442  46.033  31.231  35.552 0.0000000000
113048  44.792  31.763  34.609 0.0000000000
111884  44.740  30.832  34.735 0.0000000000
110730  40.328  28.554  34.688 0.0000000000
111336  41.439  29.604  34.103 0.0000000000
110743  39.573  28.147  32.673 0.0000000000
110750  39.690  28.472  31.804 0.0000000000
110140  39.182  27.359  32.461 0.0000000000
107935  40.142  24.046  36.460 0.0000000000
107949  39.378  24.822  35.354 0.0000000000
107948  40.034  24.101  35.435 0.0000000000
114421  40.502  34.774  34.598 0.0000000000
114439  40.415  33.712  32.771 0.0000000000
114429  41.405  33.693  33.553 0.0000000000
113714  42.147  33.244  33.267 0.0000000000
113063  42.467  32.230  32.490 0.0000000000
117456  46.650  38.826  34.513 0.0000000000
115910  41.134  35.593  35.385 0.0000000000
108662  43.205  25.731  41.976 0.0000000000
107876  42.936  24.889  41.291 0.0000000000
107874  44.795  24.905  41.190 0.0000000000
108672  46.594  24.900  40.043 0.0000000000
115876  48.572  36.578  39.371 0.0000000000
114380  49.188  34.653  39.646 0.0000000000
115104  48.497  35.491  40.598 0.0000000000
114364  47.044  34.681  40.402 0.0000000000
114384  45.185  34.066  39.713 0.0000000000
114371  39.510  34.627  40.514 0.0000000000
114389  39.922  34.320  40.091 0.0000000000
113662  38.492  33.420  39.547 0.0000000000
113016  37.922  32.072  38.746 0.0000000000
111848  37.827  30.163  39.481 0.0000000000
111293  38.251  29.359  40.246 0.0000000000
111844  37.810  29.954  39.988 0.0000000000
111287  38.288  29.262  41.311 0.0000000000
111263  41.095  29.695  43.012 0.0000000000
119794  42.930  41.066  25.774 0.0000000000
119777  46.340  42.094  29.912 0.0000000000
120513  47.989  42.684  29.752 0.0000000000
119760  47.258  41.360  31.405 0.0000000000
119741  48.292  40.825  33.015 0.0000000000
119030  48.856  40.363  33.929 0.0000000000
119029  49.517  39.480  34.454 0.0000000000
118983  48.699  39.585  36.433 0.0000000000
118224  48.532  38.987  37.654 0.0000000000
111871  44.376  29.837  36.399 0.0000000000
111325  43.975  29.934  34.981 0.0000000000
110727  42.411  29.030  36.162 0.0000000000
110729  40.916  28.745  35.307 0.0000000000
110130  39.643  27.835  34.774 0.0000000000
107155  42.877  23.376  34.515 0.0000000000
107156  41.862  23.421  34.484 0.0000000000
111905  38.206  30.637  32.822 0.0000000000
113731  39.726  32.793  32.049 0.0000000000
112465  39.468  31.485  32.257 0.0000000000
111352  38.945  29.929  31.916 0.0000000000
111359  38.993  29.616  31.462 0.0000000000
111364  38.538  28.871  30.645 0.0000000000
110159  38.393  27.706  29.872 0.0000000000
115204  49.319  35.778  29.470 0.0000000000
117529  47.380  37.468  29.286 0.0000000000
118244  45.267  39.703  36.777 0.0000000000
117402  45.436  37.920  38.547 0.0000000000
117403  44.267  37.802  38.207 0.0000000000
116619  42.732  37.397  38.329 0.0000000000
115862  41.626  36.210  39.706 0.0000000000
115129  40.345  35.577  40.022 0.0000000000
115113  38.971  35.075  40.669 0.0000000000
122691  41.910  45.891  27.040 0.0000000000
124117  46.107  47.269  26.689 0.0000000000
122681  47.403  45.797  28.409 0.0000000000
120506  45.299  42.222  29.808 0.0000000000
119753  44.826  41.570  32.623 0.0000000000
119704  45.193  41.188  34.927 0.0000000000
110110  39.717  27.356  37.983 0.0000000000
109423  39.490  26.473  37.193 0.0000000000
108692  39.497  25.545  38.322 0.0000000000
107920  40.376  24.066  37.435 0.0000000000
107111  41.318  23.711  37.354 0.0000000000
107897  43.029  23.992  39.596 0.0000000000
107099  43.365  23.632  38.224 0.0000000000
107125  43.057  23.588  36.470 0.0000000000
115146  45.031  34.870  37.043 0.0000000000
114408  44.808  33.838  36.499 0.0000000000
113679  46.099  33.724  36.847 0.0000000000
113691  46.952  32.791  36.412 0.0000000000
112434  46.912  31.321  36.404 0.0000000000
113009  47.956  32.501  38.601 0.0000000000
112418  46.927  31.140  37.414 0.0000000000
111855  45.588  30.698  37.118 0.0000000000
111856  44.478  30.295  37.071 0.0000000000
111304  40.636  29.371  37.261 0.0000000000
115841  44.792  36.026  40.473 0.0000000000
115108  44.141  35.432  40.620 0.0000000000
114397  43.339  34.313  39.101 0.0000000000
114399  41.198  34.309  39.203 0.0000000000
113672  41.623  33.861  38.468 0.0000000000
113683  41.930  33.300  37.773 0.0000000000
112423  41.625  31.341  37.108 0.0000000000
111859  41.127  30.278  37.145 0.0000000000
110107  39.084  27.527  38.937 0.0000000000
109407  39.353  26.394  40.281 0.0000000000
109399  40.462  26.454  41.532 0.0000000000
110699  38.957  28.266  40.880 0.0000000000
110097  40.996  27.505  41.857 0.0000000000
109397  42.441  26.626  42.050 0.0000000000
110088  43.600  27.610  42.327 0.0000000000
117616  45.741  38.032  23.300 0.0000000000
116785  47.524  37.652  24.522 0.0000000000
116765  49.298  37.542  25.863 0.0000000000
121215  48.600  43.504  27.943 0.0000000000
119055  46.457  40.627  27.490 0.0000000000
118358  47.943  39.691  27.659 0.0000000000
117556  49.257  38.664  27.417 0.0000000000
117554  50.300  37.521  27.767 0.0000000000
116710  50.517  36.912  30.647 0.0000000000
116698  49.943  37.295  32.696 0.0000000000
117454  48.959  38.130  34.137 0.0000000000
118264  49.741  38.852  34.850 0.0000000000
117447  48.676  38.512  35.312 0.0000000000
117448  47.712  38.479  35.554 0.0000000000
117435  46.593  37.986  36.553 0.0000000000
116652  45.500  37.078  36.851 0.0000000000
113705  43.906  32.694  34.895 0.0000000000
113056  43.625  31.919  33.633 0.0000000000
111900  42.447  31.157  32.715 0.0000000000
111334  43.081  30.062  34.350 0.0000000000
111343  42.394  30.300  33.610 0.0000000000
111351  41.032  29.992  32.483 0.0000000000
110749  40.255  29.290  31.864 0.0000000000
110151  39.073  27.796  30.863 0.0000000000
109431  39.233  26.617  36.172 0.0000000000
108722  38.964  25.775  35.176 0.0000000000
108732  39.053  25.745  34.131 0.0000000000
107171  40.677  23.570  33.389 0.0000000000
108742  39.013  25.727  33.039 0.0000000000
108656  49.646  26.520  40.989 0.0000000000
108680  49.317  25.557  39.508 0.0000000000
115148  43.058  34.626  36.274 0.0000000000
114410  42.755  34.065  35.769 0.0000000000
114409  43.650  33.556  35.757 0.0000000000
115901  44.233  35.587  36.686 0.0000000000
115907  43.703  36.162  36.242 0.0000000000
115902  43.505  35.367  36.452 0.0000000000
109383  47.417  26.515  42.678 0.0000000000
117401  46.741  38.632  38.506 0.0000000000
117393  46.474  37.874  39.158 0.0000000000
118243  46.393  39.830  37.018 0.0000000000
118226  47.072  39.318  37.883 0.0000000000
110113  39.898  27.333  36.955 0.0000000000
112470  40.905  31.527  32.028 0.0000000000
111909  41.142  31.056  32.114 0.0000000000
117469  48.650  37.908  32.890 0.0000000000
118279  47.378  38.918  32.613 0.0000000000
114431  39.491  34.748  33.854 0.0000000000
115168  39.418  35.333  34.216 0.0000000000
119010  42.639  40.328  35.649 0.0000000000
118246  42.665  39.646  36.190 0.0000000000
118989  42.015  40.049  35.943 0.0000000000
119728  42.103  41.791  34.051 0.0000000000
120492  42.354  41.975  32.507 0.0000000000
119706  42.983  41.155  34.934 0.0000000000
108674  40.552  25.353  40.860 0.0000000000
108673  41.395  25.053  41.058 0.0000000000
115878  47.762  36.089  38.561 0.0000000000
114394  47.457  34.801  38.126 0.0000000000
115138  48.384  35.440  38.743 0.0000000000
113659  45.330  33.653  39.140 0.0000000000
113669  45.137  33.181  38.488 0.0000000000
113681  44.125  32.785  37.826 0.0000000000
115844  41.856  35.954  40.249 0.0000000000
115110  42.108  35.507  40.473 0.0000000000
113026  38.879  31.788  37.836 0.0000000000
111861  38.853  30.312  37.691 0.0000000000
111296  38.309  29.412  39.030 0.0000000000
119072  43.087  40.146  25.018 0.0000000000
118375  43.514  39.844  25.103 0.0000000000
118374  44.359  39.320  25.258 0.0000000000
118368  44.702  39.784  26.109 0.0000000000
122690  47.812  45.710  27.736 0.0000000000
121927  48.110  45.160  28.418 0.0000000000
119757  49.228  40.450  31.598 0.0000000000
119766  49.201  40.712  30.902 0.0000000000
119042  49.518  40.001  31.333 0.0000000000
118296  49.843  39.255  31.833 0.0000000000
117489  50.119  38.727  32.134 0.0000000000
118278  50.031  38.923  32.763 0.0000000000
116614  48.214  37.481  38.447 0.0000000000
116634  48.227  37.806  37.726 0.0000000000
116615  47.692  36.849  38.346 0.0000000000
116616  47.308  36.483  38.362 0.0000000000
112443  45.171  31.255  34.876 0.0000000000
110737  39.934  28.503  33.808 0.0000000000
107127  41.108  23.697  36.454 0.0000000000
107143  40.964  23.691  35.472 0.0000000000
114420  41.063  34.357  34.598 0.0000000000
114428  42.202  33.403  33.802 0.0000000000
113720  42.417  32.787  32.874 0.0000000000
117457  45.553  38.553  34.873 0.0000000000
116668  43.517  37.484  35.141 0.0000000000
115157  40.732  35.095  35.080 0.0000000000
109396  44.320  26.119  42.209 0.0000000000
108661  44.218  25.735  41.993 0.0000000000
108660  45.163  25.480  41.642 0.0000000000
108658  47.688  25.589  41.306 0.0000000000
108659  46.298  25.344  41.288 0.0000000000
108671  47.393  25.128  40.293 0.0000000000
108682  47.086  24.921  39.237 0.0000000000
108681  48.181  25.225  39.375 0.0000000000
117624  46.926  37.966  22.179 0.0000000000
117633  46.735  38.543  21.429 0.0000000000
115127  49.096  36.017  39.815 0.0000000000
115855  48.619  36.505  40.130 0.0000000000
115857  46.634  36.706  40.117 0.0000000000
115106  46.492  35.396  40.740 0.0000000000
114365  45.842  34.674  40.428 0.0000000000
114372  38.554  34.422  40.669 0.0000000000
113648  39.030  34.047  40.218 0.0000000000
112405  37.029  31.720  39.911 0.0000000000
113007  37.722  32.731  39.418 0.0000000000
112409  37.533  31.685  39.152 0.0000000000
112415  37.864  31.540  38.763 0.0000000000
111277  39.156  29.308  42.210 0.0000000000
111276  40.244  29.256  42.385 0.0000000000
119761  46.200  41.399  31.461 0.0000000000
119769  46.724  41.653  30.584 0.0000000000
119751  46.847  41.240  32.315 0.0000000000
119006  47.254  40.758  35.561 0.0000000000
119742  47.461  41.073  33.096 0.0000000000
119031  48.035  40.939  33.768 0.0000000000
119024  48.987  39.927  35.098 0.0000000000
119005  48.460  40.210  35.798 0.0000000000
118218  47.908  39.083  38.337 0.0000000000
118217  48.328  39.057  38.141 0.0000000000
117399  48.290  38.483  38.457 0.0000000000
111301  43.600  29.697  36.731 0.0000000000
111315  43.769  29.458  35.966 0.0000000000
111316  42.759  29.268  36.420 0.0000000000
110121  40.329  28.215  35.710 0.0000000000
110129  40.283  28.358  35.158 0.0000000000
109438  39.051  26.772  35.087 0.0000000000
112466  38.678  31.492  32.614 0.0000000000
114447  40.054  33.349  32.218 0.0000000000
113730  40.619  33.035  31.946 0.0000000000
112472  39.885  31.459  32.076 0.0000000000
113074  39.988  32.115  31.979 0.0000000000
111903  39.460  30.912  32.239 0.0000000000
111904  39.061  30.575  32.284 0.0000000000
111912  39.214  30.161  31.924 0.0000000000
111363  39.169  29.197  30.849 0.0000000000
110762  38.772  28.488  30.427 0.0000000000
115193  50.205  35.835  30.271 0.0000000000
115956  49.677  35.900  30.369 0.0000000000
117511  47.942  37.922  30.870 0.0000000000
116712  48.239  37.211  30.247 0.0000000000
117519  47.482  37.652  29.816 0.0000000000
117520  46.636  38.420  30.069 0.0000000000
118987  44.709  40.151  36.170 0.0000000000
117416  44.665  38.429  37.713 0.0000000000
118229  44.196  38.870  37.233 0.0000000000
115881  42.110  36.647  39.118 0.0000000000
115863  40.813  35.903  39.580 0.0000000000
115130  39.399  35.493  40.150 0.0000000000
121935  40.630  44.941  27.172 0.0000000000
122692  41.121  45.846  27.132 0.0000000000
124118  45.180  47.315  26.767 0.0000000000
124096  46.622  47.640  27.297 0.0000000000
123396  47.291  46.977  27.660 0.0000000000
120508  43.623  42.093  30.404 0.0000000000
120517  43.848  42.638  29.633 0.0000000000
121202  45.518  43.464  29.019 0.0000000000
120507  44.556  42.108  30.040 0.0000000000
119770  45.516  41.729  30.470 0.0000000000
119771  44.347  41.734  30.889 0.0000000000
119705  44.117  41.178  34.960 0.0000000000
119008  44.928  40.666  35.583 0.0000000000
109418  39.496  26.472  38.200 0.0000000000
107899  40.926  24.206  39.414 0.0000000000
107912  39.870  24.683  38.391 0.0000000000
107911  40.718  24.022  38.406 0.0000000000
107101  41.594  23.731  38.024 0.0000000000
107885  43.431  24.414  40.399 0.0000000000
107896  44.147  23.983  39.200 0.0000000000
107107  44.697  23.677  37.749 0.0000000000
107098  44.204  23.741  38.384 0.0000000000
107108  44.072  23.584  37.515 0.0000000000
107109  43.172  23.570  37.394 0.0000000000
107124  44.008  23.526  36.578 0.0000000000
107140  43.910  23.533  35.588 0.0000000000
107139  44.867  23.528  35.729 0.0000000000
115143  45.353  35.438  37.293 0.0000000000
115145  45.675  34.500  37.200 0.0000000000
113677  47.539  33.106  37.283 0.0000000000
113678  46.687  33.591  36.877 0.0000000000
113690  47.379  32.546  36.762 0.0000000000
113040  46.894  32.086  35.904 0.0000000000
112433  47.419  31.797  36.723 0.0000000000
114381  48.576  34.190  39.809 0.0000000000
113655  48.860  33.958  39.118 0.0000000000
113656  48.135  33.190  39.185 0.0000000000
113019  46.055  31.870  38.157 0.0000000000
112412  46.822  31.559  38.183 0.0000000000
112419  46.082  31.328  37.745 0.0000000000
111854  46.386  30.914  37.193 0.0000000000
112422  42.817  31.198  37.237 0.0000000000
111857  43.319  30.265  37.229 0.0000000000
111303  41.784  29.346  37.095 0.0000000000
116617  44.657  37.471  38.704 0.0000000000
116606  44.981  37.166  39.304 0.0000000000
115859  44.303  36.512  39.921 0.0000000000
114368  42.464  35.053  40.398 0.0000000000
114367  43.500  34.920  40.484 0.0000000000
114385  43.974  34.431  39.875 0.0000000000
113661  39.352  33.866  39.559 0.0000000000
114388  40.839  34.587  39.923 0.0000000000
113660  40.207  34.162  39.329 0.0000000000
113013  40.428  33.196  37.933 0.0000000000
113673  40.595  33.630  38.368 0.0000000000
113684  41.228  33.420  37.998 0.0000000000
113023  42.286  32.320  37.302 0.0000000000
112424  40.402  31.341  37.210 0.0000000000
111306  38.994  29.499  37.778 0.0000000000
111305  39.600  29.426  37.554 0.0000000000
110705  39.198  28.183  38.451 0.0000000000
110104  38.787  27.513  39.983 0.0000000000
109406  39.874  26.002  40.891 0.0000000000
109400  39.672  26.734  41.189 0.0000000000
111292  38.681  28.791  40.743 0.0000000000
110697  39.730  28.297  41.522 0.0000000000
110695  41.512  28.418  41.989 0.0000000000
110696  40.628  28.304  41.837 0.0000000000
110096  41.920  27.536  41.971 0.0000000000
109387  43.316  26.747  42.208 0.0000000000
119092  43.151  40.435  22.087 0.0000000000
119818  43.503  41.646  21.562 0.0000000000
119105  43.859  40.612  21.579 0.0000000000
117617  44.853  38.449  22.983 0.0000000000
117593  45.970  38.434  25.409 0.0000000000
117608  46.624  37.893  24.805 0.0000000000
117592  47.025  38.007  25.545 0.0000000000
116766  48.611  37.690  25.398 0.0000000000
117590  48.598  37.961  26.079 0.0000000000
121198  48.701  43.378  29.038 0.0000000000
120512  48.860  42.812  29.222 0.0000000000
119783  48.666  41.745  28.109 0.0000000000
119784  48.000  41.679  27.629 0.0000000000
119054  47.405  40.649  27.765 0.0000000000
118356  49.455  38.981  27.923 0.0000000000
117540  50.177  38.270  28.629 0.0000000000
117555  49.949  38.182  27.741 0.0000000000
117527  50.435  37.591  29.121 0.0000000000
116717  50.580  36.807  29.631 0.0000000000
117517  50.437  37.675  30.109 0.0000000000
116697  50.266  37.667  32.865 0.0000000000
116703  50.355  37.029  31.771 0.0000000000
116684  49.479  37.640  33.316 0.0000000000
116666  49.700  37.947  33.850 0.0000000000
119003  49.453  39.174  35.773 0.0000000000
118259  49.510  38.941  35.767 0.0000000000
117449  46.622  38.362  35.709 0.0000000000
115894  46.141  35.985  37.879 0.0000000000
116637  45.960  36.590  37.517 0.0000000000
115899  45.594  36.324  37.376 0.0000000000
115900  44.968  36.053  37.079 0.0000000000
113693  44.846  33.089  35.835 0.0000000000
113694  44.303  32.953  35.426 0.0000000000
113704  44.798  32.565  35.242 0.0000000000
112450  43.880  31.453  33.960 0.0000000000
113049  44.092  32.047  34.200 0.0000000000
112456  43.377  31.544  33.394 0.0000000000
112457  42.830  31.620  32.817 0.0000000000
111893  42.963  30.949  33.343 0.0000000000
111326  42.781  29.372  35.422 0.0000000000
111335  41.961  29.653  34.478 0.0000000000
111344  41.430  29.781  33.529 0.0000000000
111350  41.826  30.321  32.938 0.0000000000
110146  39.190  27.605  31.720 0.0000000000
108712  39.121  25.635  36.324 0.0000000000
108723  38.958  26.201  34.674 0.0000000000
107170  41.733  23.269  33.427 0.0000000000
107157  40.836  23.632  34.450 0.0000000000
113706  43.179  33.004  34.497 0.0000000000
116655  44.988  37.445  36.044 0.0000000000
117451  44.631  37.683  35.562 0.0000000000
116656  44.324  37.021  35.952 0.0000000000
116657  43.151  36.714  35.642 0.0000000000
116658  42.156  36.527  35.533 0.0000000000
109384  46.185  26.409  42.543 0.0000000000
109394  45.456  25.904  42.143 0.0000000000
117400  47.724  38.681  38.719 0.0000000000
115856  47.731  36.890  40.271 0.0000000000
116604  47.161  37.419  39.634 0.0000000000
113650  37.371  33.289  40.320 0.0000000000
113663  37.942  33.307  39.933 0.0000000000
111845  37.360  30.294  40.304 0.0000000000
119703  46.228  41.177  34.861 0.0000000000
119724  46.366  41.336  34.054 0.0000000000
118984  47.930  40.185  36.512 0.0000000000
118242  47.478  39.835  37.178 0.0000000000
110719  41.991  28.947  36.583 0.0000000000
110708  41.698  28.939  36.960 0.0000000000
113729  41.498  32.985  31.976 0.0000000000
112471  40.286  31.471  32.024 0.0000000000
110755  40.033  29.460  31.528 0.0000000000
116705  49.171  36.973  31.369 0.0000000000
115950  49.469  36.343  30.745 0.0000000000
117510  48.599  37.431  31.249 0.0000000000
117512  47.092  38.643  31.076 0.0000000000
115920  39.844  36.154  34.643 0.0000000000
115169  38.881  35.740  34.220 0.0000000000
115179  38.555  35.235  33.905 0.0000000000
114441  38.192  34.421  33.346 0.0000000000
119009  43.801  40.466  35.685 0.0000000000
118262  43.130  39.889  36.067 0.0000000000
117438  42.408  38.890  36.668 0.0000000000
120510  42.183  42.379  31.045 0.0000000000
120499  42.643  41.957  31.531 0.0000000000
119764  42.953  41.738  32.198 0.0000000000
119755  43.246  41.754  32.758 0.0000000000
119754  44.024  41.611  32.871 0.0000000000
119746  43.740  41.683  33.511 0.0000000000
119727  43.362  41.612  34.205 0.0000000000
108684  39.549  25.470  39.302 0.0000000000
107888  40.454  24.758  40.059 0.0000000000
107898  41.967  23.860  39.484 0.0000000000
107895  45.197  24.349  39.323 0.0000000000
107934  45.369  23.598  36.969 0.0000000000
115141  46.851  35.203  38.078 0.0000000000
114403  46.177  34.140  37.219 0.0000000000
114401  47.884  33.789  37.841 0.0000000000
113657  47.060  32.950  39.313 0.0000000000
113668  46.237  32.719  38.806 0.0000000000
113012  45.872  32.366  38.376 0.0000000000
113020  45.360  32.057  37.930 0.0000000000
113021  44.443  31.944  37.620 0.0000000000
115860  43.287  36.393  40.007 0.0000000000
115843  42.705  36.025  40.479 0.0000000000
113015  38.654  32.791  38.536 0.0000000000
113674  39.553  33.624  38.775 0.0000000000
113025  39.612  32.224  37.614 0.0000000000
112425  39.385  31.189  37.480 0.0000000000
110702  38.934  28.013  38.870 0.0000000000
110706  38.761  28.862  38.571 0.0000000000
110703  38.676  28.408  39.264 0.0000000000
111285  40.388  28.859  41.972 0.0000000000
110689  42.202  28.833  42.156 0.0000000000
119093  42.411  40.502  22.702 0.0000000000
118406  42.958  39.884  22.931 0.0000000000
118395  43.378  39.496  23.254 0.0000000000
118383  44.049  38.945  23.788 0.0000000000
118373  45.248  38.887  25.532 0.0000000000
117575  46.394  38.623  26.130 0.0000000000
122706  45.948  45.625  26.508 0.0000000000
121944  44.304  44.564  26.445 0.0000000000
121942  46.422  44.742  26.459 0.0000000000
121941  47.392  44.832  26.666 0.0000000000
119767  48.729  41.543  30.525 0.0000000000
119775  49.120  41.814  29.664 0.0000000000
119774  49.338  41.016  30.096 0.0000000000
119780  49.290  41.121  29.389 0.0000000000
119049  49.268  40.593  28.867 0.0000000000
118345  49.206  40.130  28.438 0.0000000000
119048  49.457  40.297  29.559 0.0000000000
118330  49.754  39.373  29.931 0.0000000000
117518  50.155  38.558  30.527 0.0000000000
117509  50.141  38.627  31.508 0.0000000000
117488  50.366  38.145  32.346 0.0000000000
117467  50.292  38.129  33.270 0.0000000000
117432  49.152  38.778  35.939 0.0000000000
117413  48.093  37.962  37.403 0.0000000000
116650  47.130  37.942  37.086 0.0000000000
113042  45.397  31.969  35.060 0.0000000000
112449  44.496  31.347  34.409 0.0000000000
111885  44.085  30.743  34.358 0.0000000000
110736  40.931  29.252  34.277 0.0000000000
109456  38.862  26.757  31.755 0.0000000000
107936  39.461  24.735  36.415 0.0000000000
107960  39.960  24.143  34.394 0.0000000000
114430  40.200  34.508  33.946 0.0000000000
114438  41.161  33.495  32.790 0.0000000000
113721  41.720  33.243  32.658 0.0000000000
113728  42.081  32.772  32.271 0.0000000000
113064  41.791  32.254  32.033 0.0000000000
112463  42.191  31.611  32.331 0.0000000000
117471  47.248  38.889  33.945 0.0000000000
118272  46.593  39.193  33.319 0.0000000000
118266  45.466  39.007  34.114 0.0000000000
116659  41.609  36.401  35.444 0.0000000000
115918  41.252  36.202  35.408 0.0000000000
121193  41.785  42.843  30.568 0.0000000000
120493  41.455  42.323  32.577 0.0000000000
120465  41.627  42.171  33.595 0.0000000000
107875  43.838  24.852  41.330 0.0000000000
107883  45.395  24.671  40.304 0.0000000000
107873  45.591  25.049  40.986 0.0000000000
107894  46.272  24.763  39.413 0.0000000000
107893  46.769  24.825  39.041 0.0000000000
115137  48.998  35.665  39.244 0.0000000000
115126  49.312  35.548  39.661 0.0000000000
114362  49.009  34.910  40.341 0.0000000000
114363  48.126  34.713  40.428 0.0000000000
115838  48.128  36.154  40.672 0.0000000000
115105  47.608  35.426  40.731 0.0000000000
114383  46.456  33.951  39.862 0.0000000000
114396  44.435  34.012  39.084 0.0000000000
114370  40.485  34.831  40.356 0.0000000000
113006  38.240  33.046  39.144 0.0000000000
112408  37.804  30.990  38.925 0.0000000000
119064  43.522  40.389  25.664 0.0000000000
120514  46.925  42.773  29.554 0.0000000000
121200  47.477  43.686  29.357 0.0000000000
119776  47.181  42.151  30.014 0.0000000000
119768  47.795  41.822  30.542 0.0000000000
119750  47.768  41.122  32.238 0.0000000000
119759  48.168  41.286  31.386 0.0000000000
119749  48.512  40.838  32.153 0.0000000000
119035  49.007  40.421  32.816 0.0000000000
119034  49.536  39.660  33.363 0.0000000000
118982  48.986  39.296  36.369 0.0000000000
118241  48.361  39.532  37.088 0.0000000000
111314  44.591  29.915  35.712 0.0000000000
111327  42.065  29.276  35.212 0.0000000000
110728  41.890  28.911  35.727 0.0000000000
113737  40.237  32.572  31.910 0.0000000000
113066  39.571  32.197  32.138 0.0000000000
111353  38.383  29.487  32.016 0.0000000000
110763  38.128  28.259  29.987 0.0000000000
116718  48.536  36.669  29.952 0.0000000000
115958  48.557  36.422  29.470 0.0000000000
118271  47.161  39.110  32.881 0.0000000000
118280  46.739  39.156  32.168 0.0000000000
118227  45.970  39.308  37.477 0.0000000000
117415  45.722  38.703  37.865 0.0000000000
118228  44.949  39.094  37.255 0.0000000000
116618  43.915  37.101  38.801 0.0000000000
117417  43.349  38.345  37.389 0.0000000000
117404  43.563  37.651  38.178 0.0000000000
115880  43.022  36.707  39.298 0.0000000000
115128  40.912  35.676  39.978 0.0000000000
115112  39.979  35.166  40.393 0.0000000000
122708  43.816  45.530  26.558 0.0000000000
123416  43.396  46.594  26.803 0.0000000000
123415  44.508  46.478  26.634 0.0000000000
123414  45.534  46.486  26.545 0.0000000000
123413  46.429  46.508  26.620 0.0000000000
123395  47.576  46.319  27.921 0.0000000000
121928  47.127  44.938  28.854 0.0000000000
121931  44.425  45.008  28.819 0.0000000000
121929  46.002  45.107  28.678 0.0000000000
121211  46.251  44.247  28.918 0.0000000000
121201  46.523  43.497  29.217 0.0000000000
119778  45.749  42.118  29.864 0.0000000000
119745  44.670  41.583  33.480 0.0000000000
119725  45.420  41.458  34.177 0.0000000000
118986  45.699  40.234  36.242 0.0000000000
107921  39.646  24.703  37.425 0.0000000000
107126  42.099  23.591  36.440 0.0000000000
107886  42.259  24.479  40.625 0.0000000000
107091  42.850  23.611  38.931 0.0000000000
107089  43.989  23.793  38.827 0.0000000000
107090  43.601  23.715  38.879 0.0000000000
107100  42.360  23.659  38.300 0.0000000000
107110  42.251  23.641  37.325 0.0000000000
107141  42.956  23.547  35.516 0.0000000000
113692  45.911  33.310  36.301 0.0000000000
113702  46.369  32.585  35.888 0.0000000000
113041  46.226  32.031  35.520 0.0000000000
111877  45.852  30.629  35.964 0.0000000000
113665  48.703  34.113  38.684 0.0000000000
113666  48.311  33.369  38.317 0.0000000000
113018  47.866  32.375  37.723 0.0000000000
113010  47.259  32.177  38.709 0.0000000000
112411  47.542  31.747  38.028 0.0000000000
112417  47.492  31.686  37.199 0.0000000000
111868  46.686  30.906  36.962 0.0000000000
111869  46.165  30.761  36.595 0.0000000000
111870  45.220  30.282  36.340 0.0000000000
111302  42.702  29.602  36.975 0.0000000000
117394  45.761  37.559  39.166 0.0000000000
115858  45.462  36.636  40.050 0.0000000000
115842  43.688  35.973  40.430 0.0000000000
115107  45.295  35.395  40.672 0.0000000000
114366  44.635  34.793  40.405 0.0000000000
114387  41.836  34.667  39.904 0.0000000000
114398  42.239  34.399  39.152 0.0000000000
113671  42.656  33.880  38.345 0.0000000000
113682  43.059  33.118  37.636 0.0000000000
108664  41.135  25.740  41.493 0.0000000000
110098  40.052  27.497  41.634 0.0000000000
109398  41.479  26.568  41.835 0.0000000000
109386  44.143  26.565  42.296 0.0000000000
116814  46.461  37.861  22.772 0.0000000000
116802  46.599  37.758  23.483 0.0000000000
116801  47.473  37.597  23.582 0.0000000000
116784  48.514  37.509  24.617 0.0000000000
116764  49.912  37.070  26.210 0.0000000000
119789  44.563  41.579  26.557 0.0000000000
119059  44.828  40.497  26.564 0.0000000000
121209  48.437  44.273  28.745 0.0000000000
121933  48.428  44.041  27.674 0.0000000000
120520  48.807  42.705  28.384 0.0000000000
119786  46.133  41.528  27.263 0.0000000000
119058  45.644  40.554  27.101 0.0000000000
118360  46.032  39.951  27.191 0.0000000000
118359  46.770  39.500  27.262 0.0000000000
117558  47.675  38.904  27.187 0.0000000000
118357  48.993  39.706  27.872 0.0000000000
117557  48.499  38.857  27.316 0.0000000000
117571  49.608  38.076  27.009 0.0000000000
116749  50.018  37.450  26.923 0.0000000000
116748  50.347  36.898  27.128 0.0000000000
116724  50.550  36.773  28.661 0.0000000000
115948  50.308  36.417  30.911 0.0000000000
115942  50.310  36.678  31.326 0.0000000000
116704  49.831  36.810  31.893 0.0000000000
118270  49.923  38.710  33.766 0.0000000000
117453  49.783  38.247  34.153 0.0000000000
117446  49.379  38.584  35.078 0.0000000000
117455  47.886  38.622  34.505 0.0000000000
117436  46.019  37.713  36.642 0.0000000000
116651  46.566  37.637  37.191 0.0000000000
116653  44.775  36.648  36.598 0.0000000000
113712  43.495  32.565  34.187 0.0000000000
113043  44.637  32.215  34.741 0.0000000000
113050  43.454  32.327  33.737 0.0000000000
113057  43.110  32.231  33.124 0.0000000000
111333  43.678  30.342  34.406 0.0000000000
111886  43.430  30.627  33.990 0.0000000000
111894  42.316  30.718  32.951 0.0000000000
111901  41.726  30.866  32.403 0.0000000000
111902  40.963  30.544  32.190 0.0000000000
110158  38.912  28.008  30.435 0.0000000000
109439  39.010  26.462  34.559 0.0000000000
109445  39.051  26.625  34.061 0.0000000000
107183  40.422  23.598  32.249 0.0000000000
107973  39.848  24.163  33.375 0.0000000000
107974  39.313  24.877  33.258 0.0000000000
109451  39.025  26.647  32.774 0.0000000000
108657  48.738  26.187  41.487 0.0000000000
108669  49.451  26.041  40.415 0.0000000000
107097  44.622  23.747  38.148 0.0000000000
107872  45.937  25.140  40.898 0.0000000000
107882  45.986  25.005  40.469 0.0000000000
107906  47.037  24.733  38.509 0.0000000000
107909  44.431  23.860  38.634 0.0000000000
107919  45.298  23.682  37.363 0.0000000000
108647  48.039  26.059  42.068 0.0000000000
108649  44.052  26.172  42.186 0.0000000000
108650  43.784  26.197  42.176 0.0000000000
108655  49.993  26.674  40.782 0.0000000000
108668  50.033  26.536  40.427 0.0000000000
108683  46.626  24.846  39.534 0.0000000000
108691  47.304  24.860  38.706 0.0000000000
108733  39.007  26.243  34.368 0.0000000000
109382  48.507  26.674  42.230 0.0000000000
109393  48.831  26.601  41.841 0.0000000000
109395  44.697  26.039  42.208 0.0000000000
109446  39.038  26.467  34.313 0.0000000000
110105  38.655  28.070  39.718 0.0000000000
110718  42.388  29.095  36.418 0.0000000000
111324  44.592  30.171  35.249 0.0000000000
111342  43.001  30.498  33.802 0.0000000000
111853  46.696  30.959  37.214 0.0000000000
111879  44.536  30.425  34.930 0.0000000000
112413  46.386  31.676  38.160 0.0000000000
112435  46.302  30.916  36.108 0.0000000000
112441  46.583  31.637  35.785 0.0000000000
113004  48.054  32.659  38.998 0.0000000000
113005  47.771  32.599  39.026 0.0000000000
113011  46.502  32.062  38.507 0.0000000000
113034  47.342  32.119  36.429 0.0000000000
113065  41.182  32.521  31.859 0.0000000000
113738  39.994  32.527  31.940 0.0000000000
114361  49.349  35.274  39.964 0.0000000000
114379  49.346  35.130  39.467 0.0000000000
114391  49.265  35.213  39.211 0.0000000000
114392  49.118  34.799  38.928 0.0000000000
114395  45.023  33.763  39.117 0.0000000000
114407  45.585  33.996  36.938 0.0000000000
115102  49.337  35.707  40.013 0.0000000000
115103  49.032  35.731  40.278 0.0000000000
115136  49.281  35.379  39.390 0.0000000000
115139  47.627  35.335  38.394 0.0000000000
115194  49.935  35.730  30.363 0.0000000000
115837  48.637  35.993  40.475 0.0000000000
115895  45.565  35.773  37.458 0.0000000000
115943  50.127  36.533  31.351 0.0000000000
115944  49.749  36.476  31.274 0.0000000000
115957  49.128  36.098  29.980 0.0000000000
115966  48.907  35.983  29.192 0.0000000000
115991  50.238  36.705  26.637 0.0000000000
116607  44.243  36.805  39.377 0.0000000000
116682  50.281  37.825  33.267 0.0000000000
116683  50.055  37.808  33.531 0.0000000000
116711  48.847  36.706  30.562 0.0000000000
116719  47.949  37.040  29.392 0.0000000000
116720  47.352  37.331  28.923 0.0000000000
116734  50.473  36.875  27.750 0.0000000000
116735  50.247  37.400  27.434 0.0000000000
116750  49.596  37.689  26.504 0.0000000000
116767  47.907  37.734  25.197 0.0000000000
116786  46.818  37.727  24.142 0.0000000000
117391  48.056  38.356  39.065 0.0000000000
117392  47.467  38.194  39.203 0.0000000000
117468  50.101  38.188  33.752 0.0000000000
117490  48.621  37.681  31.816 0.0000000000
117492  47.036  38.878  31.626 0.0000000000
117539  50.375  37.548  28.257 0.0000000000
117572  49.032  38.218  26.641 0.0000000000
117574  47.147  38.521  26.547 0.0000000000
117591  47.895  38.005  25.910 0.0000000000
117594  45.264  38.588  24.944 0.0000000000
117609  45.959  38.053  24.324 0.0000000000
118239  49.293  38.994  36.159 0.0000000000
118260  49.265  39.086  36.173 0.0000000000
118277  50.286  38.414  32.940 0.0000000000
118366  46.428  38.959  26.634 0.0000000000
118385  42.688  40.019  24.081 0.0000000000
118396  42.783  39.925  23.520 0.0000000000
118405  43.479  39.880  22.324 0.0000000000
118988  42.440  40.028  35.944 0.0000000000
119004  49.133  39.340  35.977 0.0000000000
119023  49.500  39.291  35.399 0.0000000000
119039  49.038  40.547  32.058 0.0000000000
119053  48.343  40.726  27.927 0.0000000000
119060  44.096  40.792  26.270 0.0000000000
119723  47.274  41.156  33.943 0.0000000000
119743  46.563  41.268  33.214 0.0000000000
119752  45.851  41.421  32.442 0.0000000000
119762  45.071  41.561  31.632 0.0000000000
119763  43.757  41.671  31.862 0.0000000000
120498  43.248  41.909  31.054 0.0000000000
120500  41.681  42.358  31.566 0.0000000000
120504  48.656  42.238  29.874 0.0000000000
120509  42.698  42.431  30.518 0.0000000000
120515  45.891  42.656  29.465 0.0000000000
120516  44.877  42.710  29.391 0.0000000000
121186  41.464  42.614  31.092 0.0000000000
121192  42.401  42.824  30.204 0.0000000000
121199  48.394  43.630  29.217 0.0000000000
121208  48.655  43.543  28.661 0.0000000000
121210  46.977  44.177  29.168 0.0000000000
121917  47.909  44.437  29.093 0.0000000000
121926  48.496  44.256  28.131 0.0000000000
122680  47.720  45.859  28.138 0.0000000000
122705  46.892  45.716  26.614 0.0000000000
122709  42.638  45.473  26.785 0.0000000000
123389  47.470  46.157  28.170 0.0000000000
123397  42.467  46.425  26.980 0.0000000000
123411  47.486  46.287  27.482 0.0000000000
123412  47.123  46.636  26.988 0.0000000000
124116  46.651  47.082  26.812 0.0000000000
