#!ascii label  , from subject A00073283 vox2ras=TkReg
1044
68910  26.723  -11.892  79.029 0.0000000000
139416  36.366  -7.063  76.299 0.0000000000
80371  40.415  -2.349  52.976 0.0000000000
79070  33.754  -5.492  64.056 0.0000000000
76733  39.009  -7.762  70.270 0.0000000000
91243  46.745  6.119  40.962 0.0000000000
81359  41.174  -1.990  56.369 0.0000000000
82472  36.851  -1.275  55.981 0.0000000000
68934  22.541  -14.161  75.975 0.0000000000
73583  31.194  -8.821  77.202 0.0000000000
71419  33.965  -9.753  72.925 0.0000000000
72592  28.768  -10.325  74.252 0.0000000000
89076  43.535  4.434  48.335 0.0000000000
72503  27.053  -10.073  81.119 0.0000000000
70135  22.825  -11.647  81.149 0.0000000000
85886  44.067  1.619  51.850 0.0000000000
68868  18.446  -12.032  80.045 0.0000000000
67666  13.977  -15.049  80.506 0.0000000000
85793  34.916  1.806  61.948 0.0000000000
77907  36.447  -6.247  68.402 0.0000000000
71533  39.585  -12.075  66.880 0.0000000000
70311  36.753  -14.070  70.533 0.0000000000
84714  41.228  0.413  58.477 0.0000000000
82470  39.290  -1.590  56.465 0.0000000000
84717  38.457  0.931  58.740 0.0000000000
83584  43.792  0.421  58.566 0.0000000000
139379  26.720  -12.516  76.946 0.0000000000
68931  24.804  -14.838  78.348 0.0000000000
68911  24.772  -13.586  78.837 0.0000000000
139391  28.698  -10.557  78.721 0.0000000000
73617  30.239  -9.488  75.697 0.0000000000
72543  28.205  -10.688  76.382 0.0000000000
71406  27.236  -12.016  75.071 0.0000000000
83681  39.528  -1.285  51.183 0.0000000000
81419  42.894  -1.007  53.917 0.0000000000
83678  41.914  -0.193  52.732 0.0000000000
85889  41.268  0.973  50.947 0.0000000000
71306  21.509  -11.517  82.534 0.0000000000
70164  19.924  -11.235  80.117 0.0000000000
70115  19.666  -11.312  82.394 0.0000000000
68809  14.628  -12.880  84.669 0.0000000000
67620  15.292  -13.585  82.726 0.0000000000
67622  13.368  -14.558  82.962 0.0000000000
66336  11.896  -15.581  83.745 0.0000000000
67580  11.299  -14.357  85.659 0.0000000000
81236  37.317  -3.033  69.373 0.0000000000
77905  38.175  -7.252  68.903 0.0000000000
75708  38.769  -8.718  66.722 0.0000000000
73703  39.717  -9.630  68.559 0.0000000000
71467  32.302  -11.101  71.385 0.0000000000
70258  35.672  -11.397  72.011 0.0000000000
70331  32.596  -13.310  69.348 0.0000000000
69076  34.106  -14.245  68.207 0.0000000000
82410  33.592  -2.117  63.233 0.0000000000
83566  32.916  -0.949  60.754 0.0000000000
80247  32.473  -4.398  61.851 0.0000000000
93303  49.115  8.419  37.537 0.0000000000
92291  46.463  6.225  38.542 0.0000000000
79207  41.144  -3.046  54.408 0.0000000000
79210  38.694  -4.005  53.842 0.0000000000
81374  43.257  -1.298  56.068 0.0000000000
73597  33.714  -8.047  76.566 0.0000000000
72554  35.941  -9.109  74.418 0.0000000000
72557  33.048  -9.025  74.987 0.0000000000
72590  31.759  -9.456  73.493 0.0000000000
72632  30.171  -9.705  71.314 0.0000000000
90114  46.496  5.351  49.244 0.0000000000
91198  45.992  5.886  47.013 0.0000000000
90152  46.400  5.623  44.574 0.0000000000
89144  45.874  4.710  42.597 0.0000000000
70184  26.565  -11.222  80.183 0.0000000000
68863  24.293  -12.203  79.834 0.0000000000
70109  25.474  -11.332  81.793 0.0000000000
74600  29.659  -9.529  80.626 0.0000000000
88071  43.680  3.706  50.330 0.0000000000
68865  22.741  -11.906  78.992 0.0000000000
68915  19.998  -12.831  77.568 0.0000000000
67728  17.191  -14.343  77.236 0.0000000000
68837  17.443  -12.101  82.379 0.0000000000
67663  16.178  -13.609  79.783 0.0000000000
67561  10.295  -14.637  87.352 0.0000000000
86894  38.453  2.395  60.991 0.0000000000
82399  35.430  -2.185  65.431 0.0000000000
81247  36.215  -3.050  67.256 0.0000000000
79050  35.114  -5.412  66.647 0.0000000000
75719  36.974  -8.443  65.646 0.0000000000
73720  39.351  -10.316  64.721 0.0000000000
71564  38.087  -12.967  65.121 0.0000000000
72586  37.197  -10.006  73.281 0.0000000000
71449  38.163  -10.998  72.222 0.0000000000
72639  39.543  -10.396  70.648 0.0000000000
70327  38.184  -13.433  68.820 0.0000000000
70385  35.726  -13.764  66.083 0.0000000000
84720  35.478  0.809  59.446 0.0000000000
82475  33.705  -2.352  56.804 0.0000000000
85814  41.418  1.491  59.677 0.0000000000
84715  40.331  0.500  58.621 0.0000000000
85816  39.373  1.784  59.695 0.0000000000
85813  42.410  1.577  59.752 0.0000000000
71369  27.295  -11.900  77.797 0.0000000000
139384  26.521  -12.629  77.514 0.0000000000
139388  28.158  -11.056  78.530 0.0000000000
72531  28.810  -10.650  77.629 0.0000000000
71379  28.145  -11.222  77.131 0.0000000000
70213  27.371  -11.773  76.483 0.0000000000
81449  39.608  -2.101  52.090 0.0000000000
81433  41.679  -1.816  53.320 0.0000000000
82547  42.182  -0.933  53.009 0.0000000000
82548  41.236  -1.060  52.752 0.0000000000
83679  40.844  -0.489  52.414 0.0000000000
68810  13.960  -13.034  84.905 0.0000000000
67603  14.175  -13.406  84.128 0.0000000000
67604  13.289  -13.888  83.804 0.0000000000
67623  12.713  -15.367  82.788 0.0000000000
67605  12.366  -14.940  83.700 0.0000000000
67592  11.661  -15.132  84.530 0.0000000000
79021  38.129  -5.425  70.368 0.0000000000
76734  38.792  -7.708  69.552 0.0000000000
75695  39.140  -8.869  68.195 0.0000000000
74700  39.457  -9.217  68.936 0.0000000000
75603  37.525  -7.669  74.820 0.0000000000
71483  31.466  -11.304  70.420 0.0000000000
70314  32.283  -12.562  70.546 0.0000000000
71499  31.061  -11.984  69.285 0.0000000000
70351  31.827  -13.037  68.394 0.0000000000
81298  33.959  -3.302  63.881 0.0000000000
81312  33.259  -3.348  62.964 0.0000000000
92261  47.612  6.561  42.530 0.0000000000
93276  48.406  7.823  41.977 0.0000000000
93279  48.138  8.017  41.239 0.0000000000
93296  47.335  7.574  38.964 0.0000000000
92276  46.549  6.236  40.216 0.0000000000
80293  41.025  -2.866  55.688 0.0000000000
79193  40.316  -3.376  54.677 0.0000000000
80294  40.147  -2.934  55.658 0.0000000000
81363  37.929  -1.910  55.671 0.0000000000
80297  37.909  -3.162  55.147 0.0000000000
81396  36.695  -3.327  54.896 0.0000000000
82434  42.630  -0.431  57.820 0.0000000000
81343  42.406  -1.425  57.018 0.0000000000
80325  42.242  -2.398  55.010 0.0000000000
67724  23.730  -15.542  76.556 0.0000000000
68954  21.647  -14.053  74.321 0.0000000000
139394  32.354  -8.306  77.040 0.0000000000
73614  33.243  -8.597  75.633 0.0000000000
73598  32.256  -8.531  76.428 0.0000000000
73630  30.391  -9.481  74.835 0.0000000000
73641  31.400  -9.239  74.092 0.0000000000
73642  30.570  -9.529  73.910 0.0000000000
72620  31.176  -9.633  72.291 0.0000000000
72605  29.058  -9.923  73.191 0.0000000000
71436  27.856  -10.928  73.814 0.0000000000
74738  36.919  -9.234  64.076 0.0000000000
90116  45.052  5.054  48.751 0.0000000000
90123  46.321  5.579  48.577 0.0000000000
90125  45.026  5.303  47.464 0.0000000000
89112  44.717  5.087  45.280 0.0000000000
89123  44.631  4.270  44.048 0.0000000000
89136  46.133  5.066  43.741 0.0000000000
71323  27.044  -10.663  80.524 0.0000000000
70131  25.613  -10.957  80.762 0.0000000000
70108  25.939  -10.868  81.184 0.0000000000
73569  28.064  -10.006  80.462 0.0000000000
72506  28.079  -10.212  80.275 0.0000000000
88069  45.267  3.698  50.837 0.0000000000
86969  43.667  2.253  51.221 0.0000000000
85898  40.958  1.372  50.236 0.0000000000
70161  23.569  -11.742  80.339 0.0000000000
68864  23.466  -12.126  79.411 0.0000000000
70162  22.554  -11.542  79.988 0.0000000000
70165  19.101  -11.420  80.087 0.0000000000
68888  20.573  -11.983  78.398 0.0000000000
68916  18.703  -12.876  78.023 0.0000000000
67726  18.321  -13.613  77.212 0.0000000000
67678  17.903  -13.246  78.467 0.0000000000
68826  16.571  -12.231  83.089 0.0000000000
67651  14.433  -14.373  81.253 0.0000000000
67650  15.189  -13.755  80.967 0.0000000000
67665  14.769  -14.528  80.327 0.0000000000
67705  15.420  -15.084  78.676 0.0000000000
83545  35.205  -1.193  65.019 0.0000000000
80178  36.741  -4.093  69.296 0.0000000000
81237  36.843  -3.034  68.615 0.0000000000
80180  36.031  -4.716  67.903 0.0000000000
80195  35.572  -4.336  66.544 0.0000000000
77920  35.933  -6.598  67.774 0.0000000000
76762  35.839  -7.429  67.160 0.0000000000
76761  36.621  -7.665  67.252 0.0000000000
73712  39.894  -9.805  66.791 0.0000000000
73713  39.649  -10.123  65.645 0.0000000000
71546  39.390  -11.911  65.693 0.0000000000
71563  38.868  -12.341  64.796 0.0000000000
71548  37.999  -13.173  65.762 0.0000000000
72571  35.614  -9.390  73.971 0.0000000000
73627  36.708  -9.224  74.123 0.0000000000
71417  35.847  -9.903  72.788 0.0000000000
70296  35.367  -13.338  71.561 0.0000000000
71451  37.216  -11.698  72.334 0.0000000000
70277  37.826  -12.461  71.970 0.0000000000
71464  38.737  -10.866  71.697 0.0000000000
70293  38.261  -13.292  71.018 0.0000000000
71497  39.399  -12.593  69.575 0.0000000000
70310  37.545  -13.905  70.210 0.0000000000
69112  33.747  -14.048  66.223 0.0000000000
69110  35.381  -13.898  67.014 0.0000000000
86896  36.580  2.338  61.082 0.0000000000
84683  36.978  1.837  60.030 0.0000000000
84685  34.812  1.254  60.902 0.0000000000
82429  32.433  -2.329  59.644 0.0000000000
83595  32.885  -1.634  58.972 0.0000000000
93320  48.381  6.972  36.036 0.0000000000
82436  41.048  -0.588  57.539 0.0000000000
82469  39.843  -1.773  56.465 0.0000000000
83606  40.174  -0.491  57.664 0.0000000000
83608  38.450  -0.089  57.362 0.0000000000
83609  37.260  -0.066  57.370 0.0000000000
84682  44.083  1.789  59.616 0.0000000000
83572  42.871  0.628  58.717 0.0000000000
139378  25.600  -13.531  77.862 0.0000000000
68932  24.336  -14.561  77.631 0.0000000000
68912  23.876  -13.540  78.034 0.0000000000
72519  30.000  -9.705  78.405 0.0000000000
73599  30.992  -9.033  76.469 0.0000000000
72541  30.163  -9.643  76.663 0.0000000000
72542  29.176  -10.293  76.544 0.0000000000
72560  28.424  -10.512  75.907 0.0000000000
71421  27.825  -11.081  74.707 0.0000000000
71392  27.667  -11.016  76.144 0.0000000000
70214  27.057  -12.294  76.319 0.0000000000
88094  41.906  3.578  47.480 0.0000000000
71285  26.121  -10.848  81.833 0.0000000000
82533  44.003  -0.292  53.527 0.0000000000
83676  43.874  0.104  52.816 0.0000000000
84789  43.358  0.978  52.210 0.0000000000
85887  43.093  1.286  51.801 0.0000000000
84779  41.545  0.505  52.099 0.0000000000
84792  39.819  -0.074  51.035 0.0000000000
70113  22.141  -11.506  82.106 0.0000000000
70136  21.711  -11.489  81.079 0.0000000000
70114  21.065  -11.492  82.030 0.0000000000
70138  18.948  -11.464  81.001 0.0000000000
68850  18.359  -12.067  80.925 0.0000000000
68827  15.749  -13.117  83.000 0.0000000000
68817  15.039  -13.319  83.705 0.0000000000
67636  14.097  -14.480  82.198 0.0000000000
67652  13.673  -15.052  81.444 0.0000000000
67638  12.848  -15.614  82.256 0.0000000000
79022  37.715  -5.251  69.990 0.0000000000
77906  37.429  -6.845  68.824 0.0000000000
76759  38.156  -7.853  67.453 0.0000000000
76758  38.704  -8.259  67.734 0.0000000000
74710  39.483  -9.346  67.592 0.0000000000
72679  40.090  -11.269  67.550 0.0000000000
71452  33.142  -10.495  71.624 0.0000000000
71431  35.369  -10.446  72.140 0.0000000000
70281  34.081  -12.038  71.661 0.0000000000
70297  34.350  -13.432  71.354 0.0000000000
69036  34.811  -14.095  70.423 0.0000000000
69052  35.253  -14.224  69.401 0.0000000000
70330  33.344  -14.037  68.922 0.0000000000
70369  32.479  -13.653  67.259 0.0000000000
84666  33.827  -0.099  62.863 0.0000000000
84686  34.011  0.297  60.941 0.0000000000
82418  32.874  -2.014  62.137 0.0000000000
81322  32.350  -3.330  61.373 0.0000000000
94240  48.749  8.833  38.723 0.0000000000
93305  47.274  7.338  38.297 0.0000000000
80345  40.995  -2.748  53.851 0.0000000000
79242  39.396  -3.261  52.801 0.0000000000
79228  39.395  -3.552  53.409 0.0000000000
81378  39.074  -2.645  55.742 0.0000000000
79196  37.725  -4.196  54.206 0.0000000000
84724  44.595  0.583  58.310 0.0000000000
83616  44.721  0.354  56.990 0.0000000000
82483  44.062  -0.259  55.863 0.0000000000
81394  43.338  -1.201  55.178 0.0000000000
80344  41.799  -2.611  53.983 0.0000000000
139400  35.200  -7.634  76.475 0.0000000000
74618  36.249  -8.060  75.114 0.0000000000
73596  34.802  -8.381  75.772 0.0000000000
72556  33.968  -8.801  74.728 0.0000000000
72573  33.592  -9.168  73.893 0.0000000000
73628  31.967  -9.096  75.141 0.0000000000
72574  32.626  -9.103  74.533 0.0000000000
71420  33.260  -9.673  72.756 0.0000000000
71454  31.947  -10.144  71.779 0.0000000000
72640  31.182  -10.186  70.867 0.0000000000
72642  29.248  -10.456  70.310 0.0000000000
92243  47.366  6.835  47.036 0.0000000000
89100  45.088  5.300  46.398 0.0000000000
90144  46.096  5.821  45.320 0.0000000000
91207  47.502  6.649  45.244 0.0000000000
90150  47.394  6.083  44.128 0.0000000000
90167  47.127  5.659  42.889 0.0000000000
90175  46.379  5.430  41.606 0.0000000000
90183  45.819  5.152  40.374 0.0000000000
139385  27.552  -11.317  79.088 0.0000000000
68883  25.783  -11.942  80.036 0.0000000000
68861  25.371  -11.856  80.386 0.0000000000
70132  25.158  -11.276  81.195 0.0000000000
70111  23.970  -11.442  81.889 0.0000000000
71305  25.655  -11.297  81.987 0.0000000000
70093  23.461  -11.500  82.527 0.0000000000
71290  22.899  -11.541  83.116 0.0000000000
139407  35.505  -6.899  76.895 0.0000000000
139402  34.250  -7.558  77.073 0.0000000000
76629  32.992  -7.668  77.992 0.0000000000
139392  31.813  -8.356  77.604 0.0000000000
75589  30.799  -9.031  80.374 0.0000000000
139398  29.890  -9.254  79.685 0.0000000000
139395  29.484  -9.728  79.096 0.0000000000
139393  28.405  -10.703  79.025 0.0000000000
89065  46.871  4.462  50.646 0.0000000000
89067  45.263  4.437  50.125 0.0000000000
88080  43.490  4.013  49.435 0.0000000000
86970  42.650  2.000  50.981 0.0000000000
88072  42.865  3.434  49.909 0.0000000000
88081  42.357  3.616  48.777 0.0000000000
68885  24.116  -12.870  79.068 0.0000000000
68886  23.346  -12.490  78.396 0.0000000000
68913  22.931  -13.135  77.363 0.0000000000
70186  21.271  -11.489  78.908 0.0000000000
68914  21.524  -12.757  77.174 0.0000000000
68935  20.740  -13.266  75.990 0.0000000000
68955  19.483  -14.001  74.806 0.0000000000
68974  17.769  -14.507  75.882 0.0000000000
70116  18.286  -11.683  81.908 0.0000000000
68851  17.767  -12.482  81.266 0.0000000000
68852  16.823  -13.183  81.033 0.0000000000
67662  16.915  -13.338  79.509 0.0000000000
67680  16.379  -13.769  78.908 0.0000000000
67581  10.645  -15.286  86.297 0.0000000000
86893  39.409  2.396  60.996 0.0000000000
85789  34.780  1.397  63.084 0.0000000000
84658  34.909  -0.109  64.648 0.0000000000
82400  34.905  -2.164  64.708 0.0000000000
81279  34.437  -3.696  64.633 0.0000000000
82376  35.957  -2.161  66.169 0.0000000000
81258  35.491  -3.682  65.962 0.0000000000
79058  34.579  -5.450  65.795 0.0000000000
77932  34.709  -6.593  66.388 0.0000000000
75720  36.319  -8.434  65.768 0.0000000000
75728  37.462  -8.829  64.784 0.0000000000
75709  38.304  -8.313  66.593 0.0000000000
74727  39.001  -9.389  65.076 0.0000000000
73727  39.084  -10.432  63.987 0.0000000000
72715  39.111  -11.546  63.863 0.0000000000
71577  38.180  -12.816  64.470 0.0000000000
75670  39.214  -8.169  70.354 0.0000000000
73610  37.301  -8.728  74.392 0.0000000000
74652  38.009  -9.386  74.345 0.0000000000
73637  38.566  -9.431  73.810 0.0000000000
71430  36.276  -10.554  72.327 0.0000000000
72600  37.797  -10.505  72.827 0.0000000000
73650  38.355  -9.752  73.065 0.0000000000
73672  39.168  -9.759  71.878 0.0000000000
73677  39.493  -9.206  70.678 0.0000000000
73683  39.626  -9.426  69.716 0.0000000000
73684  39.863  -9.951  69.124 0.0000000000
71515  39.831  -12.129  68.357 0.0000000000
71534  39.089  -12.909  67.378 0.0000000000
69074  35.824  -14.104  68.626 0.0000000000
70366  37.135  -13.565  67.327 0.0000000000
70383  37.764  -13.319  66.470 0.0000000000
70403  36.482  -13.456  65.203 0.0000000000
85817  38.465  1.739  59.854 0.0000000000
84718  37.369  1.135  58.823 0.0000000000
83610  36.001  -0.019  57.606 0.0000000000
83574  33.891  -0.037  60.047 0.0000000000
83611  34.752  -0.390  57.659 0.0000000000
82473  35.313  -1.528  56.167 0.0000000000
90206  45.641  4.737  39.103 0.0000000000
85800  40.875  1.886  60.393 0.0000000000
85815  40.372  1.653  59.657 0.0000000000
85801  39.877  2.138  60.309 0.0000000000
85799  41.891  1.929  60.386 0.0000000000
71355  27.396  -11.630  78.466 0.0000000000
80373  38.850  -2.903  51.756 0.0000000000
80372  39.672  -2.595  52.571 0.0000000000
81434  40.850  -2.086  53.177 0.0000000000
81447  41.454  -1.427  52.994 0.0000000000
81448  40.631  -1.826  52.830 0.0000000000
82549  40.250  -1.323  52.349 0.0000000000
67590  13.394  -13.381  84.802 0.0000000000
67591  12.297  -14.064  84.573 0.0000000000
77881  38.489  -6.518  70.782 0.0000000000
77894  38.478  -7.271  69.879 0.0000000000
76744  39.077  -8.220  69.264 0.0000000000
75685  39.282  -8.521  69.381 0.0000000000
139417  37.271  -6.955  75.745 0.0000000000
76650  37.340  -7.292  75.316 0.0000000000
71500  30.581  -11.050  69.200 0.0000000000
71518  30.544  -11.336  68.383 0.0000000000
80207  34.078  -4.479  64.339 0.0000000000
80221  33.441  -4.414  63.437 0.0000000000
92265  47.567  6.819  41.868 0.0000000000
92264  48.049  7.261  42.096 0.0000000000
93277  47.984  7.471  41.659 0.0000000000
93280  47.521  7.607  41.098 0.0000000000
93287  47.324  7.654  40.053 0.0000000000
92268  46.969  6.716  40.793 0.0000000000
80278  40.810  -2.502  56.055 0.0000000000
81380  37.104  -2.610  55.267 0.0000000000
82485  36.534  -2.098  55.421 0.0000000000
81397  36.020  -3.095  54.998 0.0000000000
82486  35.778  -2.240  55.449 0.0000000000
82452  42.140  -1.101  57.421 0.0000000000
81344  41.659  -1.502  56.821 0.0000000000
80276  41.745  -2.257  56.211 0.0000000000
67725  23.447  -14.937  76.168 0.0000000000
68953  22.963  -14.666  74.507 0.0000000000
72575  29.593  -9.938  74.607 0.0000000000
72591  29.697  -9.821  73.827 0.0000000000
90117  44.383  4.776  48.158 0.0000000000
90118  43.993  4.665  47.723 0.0000000000
89137  45.094  4.083  43.028 0.0000000000
71302  27.104  -10.475  80.645 0.0000000000
70107  26.223  -10.705  80.943 0.0000000000
71303  26.381  -10.610  81.050 0.0000000000
72502  27.604  -10.150  80.601 0.0000000000
71301  27.359  -10.447  80.674 0.0000000000
85876  44.407  1.424  52.342 0.0000000000
86967  45.469  2.848  51.778 0.0000000000
86968  44.671  2.827  51.410 0.0000000000
70134  23.745  -11.581  81.217 0.0000000000
68889  19.239  -12.347  78.753 0.0000000000
68890  18.255  -12.824  79.131 0.0000000000
68891  17.568  -13.195  79.208 0.0000000000
70083  16.898  -11.545  83.620 0.0000000000
67683  14.429  -15.344  79.680 0.0000000000
79030  36.512  -5.358  68.972 0.0000000000
80179  36.240  -4.104  68.302 0.0000000000
79031  36.119  -5.274  68.277 0.0000000000
79040  35.827  -5.334  67.712 0.0000000000
77908  36.073  -5.872  68.064 0.0000000000
77919  36.878  -7.233  67.990 0.0000000000
72693  39.962  -10.995  66.375 0.0000000000
71547  38.763  -12.919  66.082 0.0000000000
71403  35.306  -9.610  73.430 0.0000000000
71418  34.929  -9.890  72.798 0.0000000000
70295  36.296  -13.628  71.472 0.0000000000
70278  36.913  -12.667  72.247 0.0000000000
70294  37.349  -13.550  71.372 0.0000000000
71466  38.502  -12.125  71.485 0.0000000000
85792  35.784  2.251  61.554 0.0000000000
85805  35.964  1.928  60.897 0.0000000000
83587  41.509  -0.113  58.078 0.0000000000
82437  40.557  -0.595  57.530 0.0000000000
83588  40.693  -0.184  58.046 0.0000000000
84716  39.414  0.708  58.690 0.0000000000
83589  39.841  0.008  58.173 0.0000000000
83590  38.979  0.406  58.022 0.0000000000
83591  37.891  0.605  58.039 0.0000000000
85797  44.472  2.125  60.262 0.0000000000
84696  42.044  0.869  58.920 0.0000000000
84713  41.797  0.331  58.384 0.0000000000
83586  42.288  0.145  58.229 0.0000000000
72530  30.109  -9.751  77.192 0.0000000000
72559  29.429  -10.051  75.499 0.0000000000
139382  27.047  -12.260  76.628 0.0000000000
82524  43.443  -0.667  54.108 0.0000000000
82534  43.368  -0.515  53.634 0.0000000000
82546  42.742  -0.461  53.239 0.0000000000
83677  42.920  0.066  53.030 0.0000000000
84777  43.745  0.817  52.427 0.0000000000
84778  42.763  0.692  52.374 0.0000000000
83680  39.940  -0.861  51.846 0.0000000000
84781  39.914  -0.455  51.567 0.0000000000
83688  39.676  -0.771  51.256 0.0000000000
70139  18.303  -11.980  81.282 0.0000000000
68808  15.466  -12.272  84.883 0.0000000000
68816  15.634  -12.712  83.937 0.0000000000
67621  14.469  -13.818  83.092 0.0000000000
67637  13.282  -15.105  82.229 0.0000000000
67653  13.041  -15.769  81.689 0.0000000000
66355  12.072  -15.849  83.264 0.0000000000
66373  12.419  -16.313  82.296 0.0000000000
66322  11.110  -16.024  85.247 0.0000000000
66313  10.783  -15.476  85.821 0.0000000000
77896  37.976  -6.322  69.632 0.0000000000
77897  37.624  -5.966  69.544 0.0000000000
76747  38.314  -7.701  68.292 0.0000000000
76746  38.684  -7.938  68.476 0.0000000000
74709  39.480  -9.351  68.343 0.0000000000
73704  39.996  -9.802  67.896 0.0000000000
72692  40.152  -10.462  67.324 0.0000000000
72678  40.211  -10.551  68.113 0.0000000000
70283  32.683  -11.293  71.384 0.0000000000
70282  33.216  -11.381  71.474 0.0000000000
70299  32.640  -11.848  71.189 0.0000000000
70298  33.122  -12.795  71.624 0.0000000000
70313  33.457  -13.732  70.322 0.0000000000
69037  34.157  -14.153  70.230 0.0000000000
70370  31.531  -12.996  67.062 0.0000000000
83554  34.019  -1.049  63.454 0.0000000000
83560  33.430  -0.902  62.585 0.0000000000
81313  32.694  -3.327  62.170 0.0000000000
92282  46.859  6.869  38.755 0.0000000000
92290  46.937  6.738  37.747 0.0000000000
91268  46.223  5.660  37.983 0.0000000000
80327  41.252  -2.918  54.197 0.0000000000
79227  40.229  -3.059  53.453 0.0000000000
79208  40.508  -3.207  54.110 0.0000000000
79194  39.502  -3.509  54.707 0.0000000000
79209  39.459  -3.592  54.019 0.0000000000
79230  38.333  -4.601  53.444 0.0000000000
81361  39.510  -2.180  56.159 0.0000000000
80315  37.258  -3.659  54.627 0.0000000000
80314  38.205  -3.608  54.790 0.0000000000
79197  37.197  -4.298  54.183 0.0000000000
78099  37.664  -5.209  53.408 0.0000000000
84694  44.073  1.145  59.084 0.0000000000
84693  44.920  1.514  59.261 0.0000000000
84712  44.412  0.766  58.668 0.0000000000
82467  43.546  -0.831  56.715 0.0000000000
82449  44.043  -0.104  57.164 0.0000000000
82466  44.073  -0.187  56.510 0.0000000000
82484  43.773  -0.718  56.170 0.0000000000
82497  43.721  -0.825  55.684 0.0000000000
80326  41.675  -2.848  54.566 0.0000000000
80343  42.241  -2.377  54.427 0.0000000000
73582  35.004  -8.189  76.162 0.0000000000
73613  34.333  -8.497  75.386 0.0000000000
73616  31.125  -9.054  75.735 0.0000000000
73640  31.976  -9.135  74.473 0.0000000000
72589  32.498  -9.397  73.422 0.0000000000
72602  32.324  -9.744  72.666 0.0000000000
71434  32.820  -9.886  72.227 0.0000000000
72603  31.675  -9.722  72.880 0.0000000000
72621  30.189  -9.549  72.245 0.0000000000
72631  31.220  -9.784  71.534 0.0000000000
72641  30.388  -10.215  70.407 0.0000000000
71405  27.728  -11.036  75.476 0.0000000000
90107  46.816  5.112  50.076 0.0000000000
91189  45.723  5.686  47.483 0.0000000000
91188  46.481  5.963  47.696 0.0000000000
92244  46.987  6.373  47.258 0.0000000000
91197  46.702  6.331  46.596 0.0000000000
89102  43.114  4.283  45.878 0.0000000000
89101  44.057  4.964  46.097 0.0000000000
89122  45.589  5.262  44.750 0.0000000000
89111  45.473  5.512  45.667 0.0000000000
90134  46.465  6.212  45.768 0.0000000000
90143  46.782  6.225  45.065 0.0000000000
90142  47.269  6.322  44.650 0.0000000000
90151  46.928  5.896  44.414 0.0000000000
89143  46.680  5.227  43.039 0.0000000000
90168  46.527  5.326  42.181 0.0000000000
90169  46.006  4.812  42.017 0.0000000000
70133  24.505  -11.492  81.241 0.0000000000
70110  24.731  -11.398  81.816 0.0000000000
71286  25.857  -11.234  82.025 0.0000000000
71288  24.431  -11.383  82.627 0.0000000000
70092  23.906  -11.559  82.246 0.0000000000
70094  22.735  -11.542  82.613 0.0000000000
139403  34.836  -7.120  77.128 0.0000000000
139396  32.832  -7.995  77.309 0.0000000000
73566  29.667  -9.702  80.803 0.0000000000
75593  30.100  -9.341  80.478 0.0000000000
82146  29.764  -9.493  79.108 0.0000000000
70156  26.865  -10.902  80.352 0.0000000000
139383  28.116  -10.994  79.038 0.0000000000
79243  38.662  -4.304  52.488 0.0000000000
88070  44.508  3.936  50.539 0.0000000000
89068  44.589  4.451  49.934 0.0000000000
85888  42.008  1.291  51.419 0.0000000000
86971  42.038  1.844  50.786 0.0000000000
86981  40.651  1.565  49.344 0.0000000000
86980  41.800  2.435  49.941 0.0000000000
86993  41.591  2.851  48.825 0.0000000000
68862  24.999  -12.092  80.202 0.0000000000
68884  25.147  -12.566  79.568 0.0000000000
68887  22.105  -12.069  78.242 0.0000000000
70163  21.203  -11.404  79.952 0.0000000000
68936  19.044  -13.545  76.826 0.0000000000
67727  17.842  -13.765  77.342 0.0000000000
68937  18.173  -13.829  76.860 0.0000000000
68957  17.707  -14.220  76.557 0.0000000000
67754  16.647  -15.175  76.880 0.0000000000
68825  17.347  -11.835  82.831 0.0000000000
68839  15.694  -13.308  82.259 0.0000000000
67649  16.052  -13.481  80.642 0.0000000000
67634  15.896  -13.351  81.513 0.0000000000
68870  16.716  -13.300  80.257 0.0000000000
67681  15.688  -14.228  79.188 0.0000000000
67568  10.842  -14.296  86.540 0.0000000000
67559  10.922  -14.012  86.687 0.0000000000
67569  10.520  -15.394  86.871 0.0000000000
87974  37.265  3.174  62.304 0.0000000000
85774  35.086  0.873  64.002 0.0000000000
84665  34.331  0.165  63.643 0.0000000000
81297  34.541  -2.926  64.498 0.0000000000
81278  35.056  -3.329  65.228 0.0000000000
81246  36.530  -2.985  67.867 0.0000000000
82349  36.215  -2.437  66.784 0.0000000000
79049  35.678  -5.022  67.069 0.0000000000
80196  35.072  -4.431  65.884 0.0000000000
77943  34.237  -6.561  65.521 0.0000000000
76772  36.331  -8.054  66.428 0.0000000000
76784  35.762  -8.284  65.992 0.0000000000
74736  39.025  -9.847  64.363 0.0000000000
72714  39.363  -11.028  64.407 0.0000000000
70420  37.563  -13.418  64.303 0.0000000000
73594  35.998  -8.275  75.018 0.0000000000
74631  36.830  -8.346  74.712 0.0000000000
73611  36.361  -8.608  74.685 0.0000000000
72569  37.148  -9.504  73.632 0.0000000000
73626  37.337  -9.180  74.079 0.0000000000
73639  37.575  -9.595  73.614 0.0000000000
73638  38.063  -9.371  73.920 0.0000000000
72585  37.716  -9.908  73.390 0.0000000000
70259  34.778  -11.241  71.832 0.0000000000
71450  37.856  -11.234  72.273 0.0000000000
71428  37.533  -10.866  72.637 0.0000000000
72619  38.084  -10.833  72.421 0.0000000000
72599  38.135  -10.171  72.917 0.0000000000
72618  38.359  -10.513  72.424 0.0000000000
73665  38.864  -9.401  72.456 0.0000000000
72617  38.656  -10.094  72.389 0.0000000000
71479  39.195  -11.000  71.212 0.0000000000
72638  39.360  -9.822  71.045 0.0000000000
72649  39.550  -9.821  70.293 0.0000000000
72650  39.814  -10.228  69.729 0.0000000000
71498  38.791  -13.264  69.398 0.0000000000
71516  38.923  -13.127  68.448 0.0000000000
70345  38.197  -13.316  68.102 0.0000000000
69075  34.968  -14.205  68.483 0.0000000000
70367  36.172  -13.777  67.263 0.0000000000
70384  36.762  -13.515  66.287 0.0000000000
85802  38.909  2.139  60.351 0.0000000000
85803  38.006  2.100  60.411 0.0000000000
84719  36.194  1.013  59.116 0.0000000000
84701  36.892  1.553  59.580 0.0000000000
83592  36.642  0.566  58.292 0.0000000000
83565  33.227  -0.567  61.435 0.0000000000
82438  33.220  -1.717  58.158 0.0000000000
83594  33.671  -0.681  58.682 0.0000000000
83612  33.882  -1.157  57.583 0.0000000000
83619  34.622  -1.121  56.882 0.0000000000
82474  34.401  -1.922  56.510 0.0000000000
93319  49.107  7.298  35.761 0.0000000000
93329  49.226  7.058  35.071 0.0000000000
93328  49.812  7.451  34.897 0.0000000000
90195  45.848  5.189  40.000 0.0000000000
89170  45.493  3.931  39.474 0.0000000000
84697  40.878  1.030  59.049 0.0000000000
84698  39.874  1.203  59.121 0.0000000000
84699  38.931  1.285  59.275 0.0000000000
71380  27.819  -11.286  76.608 0.0000000000
71370  27.560  -11.896  76.990 0.0000000000
82550  39.523  -1.650  51.596 0.0000000000
81432  42.504  -1.303  53.549 0.0000000000
81431  42.832  -0.883  53.635 0.0000000000
82536  42.302  -1.255  53.277 0.0000000000
71307  20.902  -11.355  82.779 0.0000000000
71292  20.830  -11.325  83.464 0.0000000000
67606  11.819  -15.436  84.007 0.0000000000
79020  38.495  -5.370  70.784 0.0000000000
77895  38.377  -6.877  69.909 0.0000000000
77904  38.489  -7.630  68.739 0.0000000000
76745  38.879  -8.117  68.887 0.0000000000
75694  39.218  -8.800  68.821 0.0000000000
70315  31.663  -12.193  69.996 0.0000000000
70332  31.903  -12.655  69.528 0.0000000000
71517  30.973  -12.246  67.842 0.0000000000
80237  33.229  -4.007  63.058 0.0000000000
92256  48.157  6.937  43.505 0.0000000000
92255  48.483  7.271  43.643 0.0000000000
92259  48.406  7.511  43.104 0.0000000000
93295  47.915  8.304  39.269 0.0000000000
92275  46.852  6.931  39.695 0.0000000000
92283  46.444  6.238  39.339 0.0000000000
80311  40.893  -3.182  55.140 0.0000000000
79178  40.318  -3.267  55.219 0.0000000000
80312  39.618  -3.298  55.245 0.0000000000
82471  38.324  -1.368  56.239 0.0000000000
81362  38.757  -2.086  56.000 0.0000000000
83585  43.096  0.224  58.301 0.0000000000
82433  43.347  -0.163  57.863 0.0000000000
81342  42.767  -1.315  57.080 0.0000000000
81357  42.896  -1.376  56.734 0.0000000000
81395  42.653  -1.789  55.435 0.0000000000
81375  42.358  -1.905  56.043 0.0000000000
80310  41.610  -2.828  55.272 0.0000000000
67751  22.715  -15.628  73.198 0.0000000000
67752  20.407  -14.981  73.014 0.0000000000
73629  31.184  -9.106  75.023 0.0000000000
73652  31.043  -9.579  73.352 0.0000000000
72604  30.503  -9.637  73.096 0.0000000000
72622  28.996  -9.934  72.110 0.0000000000
71455  28.074  -10.808  72.834 0.0000000000
75729  36.044  -8.784  64.979 0.0000000000
90109  45.437  4.809  49.422 0.0000000000
90115  45.881  5.111  48.963 0.0000000000
90124  45.721  5.519  48.203 0.0000000000
91190  45.481  5.586  47.267 0.0000000000
89113  43.743  4.398  45.005 0.0000000000
89145  45.128  3.791  42.129 0.0000000000
70157  26.260  -11.008  80.591 0.0000000000
70130  26.465  -10.762  80.763 0.0000000000
73567  29.272  -9.619  80.621 0.0000000000
72507  27.785  -10.249  80.483 0.0000000000
71322  27.456  -10.408  80.567 0.0000000000
88063  45.575  3.323  51.290 0.0000000000
86977  44.646  3.388  50.932 0.0000000000
86978  44.091  3.134  50.835 0.0000000000
70160  24.366  -11.776  80.569 0.0000000000
68866  20.491  -11.519  79.325 0.0000000000
68867  19.588  -11.713  79.412 0.0000000000
67701  18.198  -13.393  77.645 0.0000000000
67702  17.481  -13.670  77.926 0.0000000000
70097  17.236  -11.724  83.080 0.0000000000
67635  15.064  -13.852  82.032 0.0000000000
67664  15.487  -14.038  80.087 0.0000000000
67682  15.091  -14.791  79.477 0.0000000000
85773  35.463  0.692  64.818 0.0000000000
84657  35.613  -0.277  65.273 0.0000000000
83544  35.783  -1.231  65.698 0.0000000000
80188  36.234  -3.570  67.677 0.0000000000
80189  36.009  -4.187  67.335 0.0000000000
79041  35.471  -5.768  67.337 0.0000000000
77921  35.276  -6.597  67.101 0.0000000000
76771  37.301  -8.051  66.431 0.0000000000
74719  39.336  -9.221  66.922 0.0000000000
74720  39.295  -9.372  66.145 0.0000000000
72705  39.616  -11.140  65.148 0.0000000000
72706  39.300  -11.605  64.608 0.0000000000
71562  39.334  -11.788  65.029 0.0000000000
72570  36.539  -9.507  73.667 0.0000000000
71416  36.725  -9.949  73.084 0.0000000000
70279  35.954  -12.502  72.072 0.0000000000
70257  36.509  -11.529  72.208 0.0000000000
71465  38.542  -11.136  71.789 0.0000000000
71480  39.191  -11.918  70.886 0.0000000000
71496  39.989  -11.373  69.949 0.0000000000
71481  38.956  -12.972  70.468 0.0000000000
70309  38.241  -13.565  69.805 0.0000000000
70328  37.484  -13.719  69.119 0.0000000000
69094  33.986  -14.179  67.162 0.0000000000
69093  34.785  -14.096  67.511 0.0000000000
69111  34.716  -14.021  66.416 0.0000000000
70386  35.042  -13.954  65.547 0.0000000000
86895  37.463  2.492  60.976 0.0000000000
85804  36.997  2.131  60.436 0.0000000000
84684  36.238  1.706  60.250 0.0000000000
84702  35.724  1.240  59.823 0.0000000000
83575  32.850  -1.159  59.824 0.0000000000
92289  47.595  7.110  36.984 0.0000000000
93312  48.383  7.395  36.589 0.0000000000
82453  41.320  -1.065  57.166 0.0000000000
81345  40.941  -1.503  56.628 0.0000000000
82454  40.214  -1.087  56.974 0.0000000000
83607  39.471  -0.342  57.491 0.0000000000
82455  38.982  -0.817  56.810 0.0000000000
82456  37.875  -0.654  56.708 0.0000000000
82457  37.174  -0.576  56.715 0.0000000000
84681  44.704  1.804  59.735 0.0000000000
83571  43.507  0.697  58.834 0.0000000000
84695  43.256  1.302  59.368 0.0000000000
82435  41.842  -0.579  57.745 0.0000000000
68933  23.440  -14.403  77.043 0.0000000000
73600  30.325  -9.461  76.270 0.0000000000
72576  28.660  -10.525  75.120 0.0000000000
71393  27.261  -11.730  75.816 0.0000000000
71381  27.402  -11.593  76.296 0.0000000000
89077  42.700  4.236  47.719 0.0000000000
89088  43.632  4.628  47.158 0.0000000000
89089  42.529  4.001  46.691 0.0000000000
72504  26.426  -10.427  81.309 0.0000000000
72497  27.012  -9.981  81.286 0.0000000000
83655  44.474  0.180  54.112 0.0000000000
83663  44.470  0.216  53.485 0.0000000000
83665  43.270  -0.279  53.260 0.0000000000
83664  43.970  -0.226  53.222 0.0000000000
84776  44.536  0.912  52.806 0.0000000000
84788  43.618  1.158  52.099 0.0000000000
85878  42.469  0.962  52.014 0.0000000000
84790  41.427  0.799  51.491 0.0000000000
84780  40.383  -0.078  51.877 0.0000000000
84791  40.779  0.516  51.412 0.0000000000
70112  23.161  -11.420  81.963 0.0000000000
70137  20.422  -11.314  81.122 0.0000000000
68828  15.200  -13.534  83.160 0.0000000000
67667  13.366  -15.824  80.779 0.0000000000
80168  38.013  -4.178  70.341 0.0000000000
80169  37.390  -4.116  69.920 0.0000000000
79029  37.196  -5.306  69.550 0.0000000000
77918  37.522  -7.511  67.910 0.0000000000
76757  38.865  -8.433  68.113 0.0000000000
75707  39.024  -8.860  67.519 0.0000000000
71433  33.607  -10.172  72.036 0.0000000000
71432  34.455  -10.331  72.130 0.0000000000
70280  35.009  -12.344  71.940 0.0000000000
69023  35.021  -13.760  71.096 0.0000000000
69022  35.539  -13.958  70.925 0.0000000000
69035  35.654  -14.119  70.097 0.0000000000
69053  34.281  -14.266  69.432 0.0000000000
70350  32.706  -13.651  68.338 0.0000000000
70349  33.292  -14.058  67.792 0.0000000000
70368  33.256  -14.055  66.906 0.0000000000
84672  34.287  0.851  62.395 0.0000000000
84673  33.807  0.213  61.866 0.0000000000
82424  32.781  -1.363  61.372 0.0000000000
82419  32.522  -2.672  61.696 0.0000000000
82425  32.386  -2.080  60.944 0.0000000000
81327  32.238  -3.437  60.334 0.0000000000
93304  48.100  7.982  37.822 0.0000000000
92298  47.175  6.365  36.860 0.0000000000
80356  40.726  -2.488  53.364 0.0000000000
80357  40.095  -2.732  52.966 0.0000000000
79241  40.142  -2.906  53.145 0.0000000000
81360  40.298  -2.103  56.268 0.0000000000
80295  39.390  -3.054  55.494 0.0000000000
80313  39.014  -3.423  54.988 0.0000000000
80296  38.665  -3.130  55.318 0.0000000000
79195  38.540  -3.843  54.313 0.0000000000
79211  38.033  -4.696  53.686 0.0000000000
83605  44.134  0.184  57.934 0.0000000000
83604  44.427  0.247  57.498 0.0000000000
82496  43.935  -0.437  55.171 0.0000000000
81393  43.583  -0.805  54.793 0.0000000000
81407  43.148  -1.087  54.457 0.0000000000
81408  42.684  -1.793  54.735 0.0000000000
81420  42.423  -1.838  53.967 0.0000000000
81421  41.904  -2.236  53.672 0.0000000000
139409  36.027  -7.413  76.237 0.0000000000
74608  36.509  -7.752  75.330 0.0000000000
74619  35.864  -7.961  75.629 0.0000000000
73595  35.637  -8.296  75.459 0.0000000000
73612  35.330  -8.592  75.044 0.0000000000
72555  34.978  -8.906  74.597 0.0000000000
72572  34.670  -9.221  74.028 0.0000000000
71404  34.506  -9.524  73.439 0.0000000000
73615  32.168  -8.886  75.667 0.0000000000
72558  32.486  -9.065  75.124 0.0000000000
72588  33.345  -9.479  73.265 0.0000000000
71453  32.630  -10.577  71.574 0.0000000000
71468  31.815  -10.692  71.147 0.0000000000
72651  30.091  -10.575  69.691 0.0000000000
77944  33.880  -6.498  64.638 0.0000000000
92242  48.126  7.333  46.696 0.0000000000
90126  44.296  4.794  47.485 0.0000000000
89086  44.914  5.134  46.931 0.0000000000
90136  45.504  5.636  46.923 0.0000000000
89099  45.477  5.564  46.089 0.0000000000
90135  45.856  5.810  46.214 0.0000000000
91196  47.452  6.816  46.154 0.0000000000
91195  48.011  7.025  45.724 0.0000000000
91216  47.766  6.558  44.484 0.0000000000
91224  47.849  6.554  43.687 0.0000000000
90161  46.964  5.567  43.932 0.0000000000
90160  47.288  5.817  43.489 0.0000000000
91230  47.534  6.290  42.984 0.0000000000
91231  47.234  6.079  42.341 0.0000000000
91237  46.805  5.941  41.498 0.0000000000
91238  46.339  5.511  41.330 0.0000000000
70158  25.675  -11.422  80.563 0.0000000000
70159  25.018  -11.709  80.704 0.0000000000
71304  25.873  -11.149  81.719 0.0000000000
71287  25.201  -11.312  82.200 0.0000000000
70091  24.915  -11.356  82.144 0.0000000000
71291  21.867  -11.494  83.094 0.0000000000
139408  36.378  -6.596  76.767 0.0000000000
139411  35.722  -6.915  76.775 0.0000000000
139406  35.198  -7.160  76.818 0.0000000000
139399  33.574  -7.777  77.234 0.0000000000
139397  33.535  -7.859  77.015 0.0000000000
139390  28.127  -11.004  79.020 0.0000000000
79254  38.986  -3.204  52.246 0.0000000000
90106  47.495  5.328  50.385 0.0000000000
89066  46.159  4.280  50.445 0.0000000000
90108  46.044  4.778  49.685 0.0000000000
89074  44.907  4.697  49.520 0.0000000000
89075  44.298  4.518  49.168 0.0000000000
86979  43.112  2.917  50.659 0.0000000000
70185  22.022  -11.510  79.146 0.0000000000
68956  18.378  -14.013  76.004 0.0000000000
68987  18.333  -14.997  74.764 0.0000000000
68869  17.515  -12.948  80.099 0.0000000000
68838  16.524  -12.765  82.040 0.0000000000
67679  17.157  -13.511  78.699 0.0000000000
67703  16.717  -14.090  78.113 0.0000000000
67704  16.017  -14.556  78.401 0.0000000000
67729  16.300  -15.022  77.610 0.0000000000
66314  10.837  -16.290  86.131 0.0000000000
67560  10.674  -14.302  86.885 0.0000000000
86892  40.383  2.414  60.970 0.0000000000
86875  36.656  2.718  61.772 0.0000000000
86876  35.546  2.325  62.613 0.0000000000
83553  34.583  -1.097  64.283 0.0000000000
82409  34.300  -2.124  64.001 0.0000000000
81277  35.565  -2.938  65.853 0.0000000000
81257  35.843  -3.259  66.545 0.0000000000
80206  34.560  -4.465  65.146 0.0000000000
79059  34.149  -5.474  64.940 0.0000000000
76773  35.327  -7.632  66.656 0.0000000000
74737  38.293  -9.461  63.994 0.0000000000
76760  37.455  -7.750  67.258 0.0000000000
76770  37.974  -7.992  66.598 0.0000000000
75717  38.863  -9.021  65.873 0.0000000000
75718  38.167  -8.659  65.691 0.0000000000
75727  38.150  -8.901  64.743 0.0000000000
71576  38.456  -12.659  63.827 0.0000000000
75677  39.174  -8.038  70.156 0.0000000000
74617  36.967  -7.902  74.967 0.0000000000
74616  37.411  -7.969  74.688 0.0000000000
74630  37.725  -8.324  74.421 0.0000000000
73625  37.759  -8.945  74.220 0.0000000000
74643  37.906  -9.006  74.294 0.0000000000
73636  39.071  -9.076  73.943 0.0000000000
71415  37.074  -10.215  73.059 0.0000000000
71429  37.146  -10.695  72.696 0.0000000000
72601  37.486  -10.278  73.110 0.0000000000
72584  38.087  -9.873  73.420 0.0000000000
73649  38.662  -9.150  73.499 0.0000000000
74661  39.120  -8.653  73.194 0.0000000000
74673  39.115  -8.768  72.656 0.0000000000
72629  38.990  -10.344  71.758 0.0000000000
72628  39.250  -9.856  71.560 0.0000000000
74680  39.298  -8.459  71.251 0.0000000000
74687  39.422  -8.529  70.332 0.0000000000
74693  39.505  -8.875  69.502 0.0000000000
73692  39.636  -9.535  68.987 0.0000000000
73693  40.051  -9.977  68.600 0.0000000000
71514  40.159  -11.407  68.913 0.0000000000
72663  40.166  -11.224  68.371 0.0000000000
69050  36.328  -14.105  69.447 0.0000000000
69073  36.317  -14.080  69.049 0.0000000000
70347  36.662  -13.839  68.368 0.0000000000
69092  35.533  -14.013  67.807 0.0000000000
70346  37.567  -13.491  68.189 0.0000000000
70365  37.911  -13.332  67.451 0.0000000000
70382  38.426  -13.232  66.993 0.0000000000
70402  37.397  -13.251  65.492 0.0000000000
70404  35.574  -13.767  65.028 0.0000000000
85818  37.600  1.777  59.962 0.0000000000
84700  37.982  1.358  59.429 0.0000000000
83617  36.609  -0.470  56.870 0.0000000000
84704  34.401  0.536  60.452 0.0000000000
83573  34.576  0.383  59.600 0.0000000000
83593  35.061  0.399  58.877 0.0000000000
83618  35.673  -0.678  56.778 0.0000000000
91251  46.089  5.547  39.868 0.0000000000
91259  45.951  5.536  38.932 0.0000000000
89182  45.648  4.090  38.706 0.0000000000
67769  18.068  -15.304  74.988 0.0000000000
67783  18.348  -15.365  74.561 0.0000000000
68938  17.731  -14.015  77.029 0.0000000000
68972  18.675  -14.744  74.527 0.0000000000
68973  18.311  -14.624  75.207 0.0000000000
68986  18.457  -15.061  74.524 0.0000000000
69021  36.102  -14.069  70.595 0.0000000000
69034  36.262  -14.116  69.911 0.0000000000
69051  35.942  -14.135  69.407 0.0000000000
70090  25.251  -11.468  82.000 0.0000000000
70129  26.746  -10.938  80.681 0.0000000000
70204  27.258  -11.991  76.642 0.0000000000
70260  33.934  -11.003  71.772 0.0000000000
70261  33.496  -10.744  71.595 0.0000000000
70312  34.164  -14.005  70.662 0.0000000000
70329  36.781  -14.053  69.489 0.0000000000
70348  36.043  -13.919  68.008 0.0000000000
70364  38.514  -13.248  67.662 0.0000000000
71324  26.766  -10.653  80.656 0.0000000000
71401  36.538  -9.651  73.352 0.0000000000
71402  36.143  -9.659  73.391 0.0000000000
71435  32.285  -9.898  72.127 0.0000000000
71482  31.927  -11.674  71.212 0.0000000000
71484  30.867  -10.910  69.763 0.0000000000
72587  37.032  -9.698  73.369 0.0000000000
72630  38.617  -10.764  71.887 0.0000000000
72662  40.229  -10.652  68.991 0.0000000000
73581  35.587  -8.002  76.000 0.0000000000
73609  37.635  -8.722  74.314 0.0000000000
73651  31.320  -9.485  73.543 0.0000000000
73666  38.521  -9.957  72.617 0.0000000000
73671  39.295  -9.277  71.634 0.0000000000
74607  36.714  -7.753  75.213 0.0000000000
74629  38.227  -8.224  74.295 0.0000000000
74632  36.445  -8.336  74.809 0.0000000000
74642  38.520  -8.448  74.224 0.0000000000
74686  39.202  -8.175  70.559 0.0000000000
74728  38.460  -9.031  64.809 0.0000000000
74739  36.263  -9.244  64.220 0.0000000000
75598  36.723  -7.594  75.389 0.0000000000
75602  37.949  -7.520  74.649 0.0000000000
75604  37.109  -7.540  75.233 0.0000000000
75669  39.065  -7.833  70.883 0.0000000000
75676  38.955  -7.708  70.930 0.0000000000
76649  37.756  -7.212  75.066 0.0000000000
76651  36.926  -7.323  75.551 0.0000000000
79179  39.917  -3.324  55.245 0.0000000000
79192  41.052  -3.133  54.707 0.0000000000
80238  32.994  -4.254  62.734 0.0000000000
80277  41.424  -2.367  56.156 0.0000000000
80291  42.152  -2.224  55.907 0.0000000000
80292  41.873  -2.398  56.002 0.0000000000
80309  42.181  -2.299  55.625 0.0000000000
80355  41.446  -2.393  53.655 0.0000000000
81356  43.272  -1.210  56.522 0.0000000000
81358  41.961  -1.960  56.430 0.0000000000
81376  42.078  -2.110  56.185 0.0000000000
81377  39.701  -2.608  55.857 0.0000000000
81379  38.277  -2.594  55.504 0.0000000000
81381  36.364  -2.488  55.269 0.0000000000
81406  43.521  -0.767  54.571 0.0000000000
82458  33.518  -1.968  57.417 0.0000000000
82468  43.280  -0.996  57.094 0.0000000000
82511  43.467  -0.714  54.349 0.0000000000
82535  42.706  -0.787  53.402 0.0000000000
83570  43.811  0.707  58.863 0.0000000000
83620  33.988  -1.644  57.005 0.0000000000
84703  34.848  0.664  59.884 0.0000000000
85806  35.332  1.852  61.294 0.0000000000
85877  42.815  0.969  52.095 0.0000000000
85897  41.654  1.566  50.659 0.0000000000
86837  35.483  1.395  64.313 0.0000000000
88079  44.072  4.267  49.976 0.0000000000
89087  44.545  4.946  46.921 0.0000000000
89134  47.148  5.601  43.469 0.0000000000
89135  46.924  5.442  43.492 0.0000000000
89142  47.076  5.519  43.277 0.0000000000
90127  43.999  4.692  47.463 0.0000000000
90162  46.654  5.508  44.174 0.0000000000
90196  45.657  4.847  39.795 0.0000000000
91199  45.679  5.705  47.174 0.0000000000
91208  46.957  6.537  45.740 0.0000000000
91244  46.362  5.704  40.801 0.0000000000
91252  45.820  5.204  39.760 0.0000000000
91260  45.779  5.194  39.489 0.0000000000
92260  48.042  7.077  42.837 0.0000000000
92269  46.683  6.184  40.704 0.0000000000
139380  27.748  -11.203  79.029 0.0000000000
139381  27.952  -11.093  78.934 0.0000000000
139386  28.301  -10.902  79.145 0.0000000000
139387  28.153  -11.052  78.789 0.0000000000
139389  28.326  -10.894  78.839 0.0000000000
139401  33.330  -7.849  77.242 0.0000000000
139404  36.207  -7.523  75.951 0.0000000000
139405  35.817  -7.391  76.372 0.0000000000
139410  36.016  -7.259  76.376 0.0000000000
139412  35.858  -7.132  76.545 0.0000000000
139413  35.996  -7.072  76.538 0.0000000000
139414  36.113  -7.201  76.364 0.0000000000
