#!ascii label  , from subject A00073283 vox2ras=TkReg
1005
77606  20.178  -7.513  -1.008 0.2500000000
76489  20.788  -8.470  -1.536 0.2500000000
79864  19.696  -5.046  -2.118 0.2500000000
79841  19.900  -5.808  -2.063 0.1250000000
79863  20.184  -5.408  -2.969 0.3750000000
77607  19.755  -6.814  -0.817 0.2500000000
76507  21.080  -8.247  -2.265 0.7500000000
77617  20.704  -7.472  -2.108 0.3750000000
75474  21.286  -9.203  -2.122 0.8750000000
76488  21.108  -8.673  -2.171 0.8750000000
74511  22.325  -9.869  -2.852 0.8750000000
78713  20.356  -6.506  -2.613 0.3750000000
77637  20.796  -7.236  -3.122 0.8750000000
75510  23.344  -9.269  -3.791 1.0000000000
76529  22.009  -8.538  -3.378 1.0000000000
77616  21.305  -7.908  -2.871 0.8750000000
74524  22.696  -9.742  -3.204 1.0000000000
76506  21.464  -8.649  -2.605 0.8750000000
74509  23.793  -10.419  -2.919 1.0000000000
80916  19.662  -4.355  -2.787 0.2500000000
78732  20.756  -6.435  -3.852 0.7500000000
77636  21.507  -7.356  -3.851 0.8750000000
75522  23.690  -8.880  -4.180 1.0000000000
76528  22.752  -8.696  -4.104 1.0000000000
77635  22.293  -7.839  -4.161 1.0000000000
75491  25.273  -9.742  -2.705 1.0000000000
75492  24.284  -9.559  -3.236 1.0000000000
75493  23.600  -9.846  -3.281 1.0000000000
79883  20.546  -5.136  -4.069 0.6250000000
78753  21.690  -6.552  -4.690 1.0000000000
78754  20.917  -5.789  -4.628 0.8750000000
77652  21.968  -7.284  -4.416 1.0000000000
76526  24.698  -8.729  -3.591 1.0000000000
76541  24.347  -8.324  -4.337 1.0000000000
76543  22.801  -8.012  -4.577 1.0000000000
77651  22.452  -7.213  -4.795 1.0000000000
76505  24.987  -9.002  -2.877 1.0000000000
75509  24.050  -8.940  -3.952 1.0000000000
75507  27.506  -9.806  -3.013 1.0000000000
75490  26.314  -9.700  -2.535 1.0000000000
85436  19.286  -0.283  -4.627 0.2500000000
80936  19.905  -4.121  -3.392 0.2500000000
80935  20.349  -4.052  -3.875 0.3750000000
80915  20.134  -4.615  -3.413 0.5000000000
80955  20.934  -4.374  -4.832 1.0000000000
78769  22.621  -6.374  -5.167 1.0000000000
78770  21.992  -5.790  -5.328 1.0000000000
76540  24.950  -8.061  -3.795 1.0000000000
77663  23.690  -6.727  -5.121 1.0000000000
77634  25.465  -7.476  -3.590 1.0000000000
76524  26.661  -8.810  -2.803 1.0000000000
77633  26.278  -7.648  -3.163 1.0000000000
76523  27.799  -8.673  -3.392 1.0000000000
84338  19.926  -1.319  -5.391 0.5000000000
84321  19.443  -1.322  -4.227 0.3750000000
83186  19.784  -2.093  -4.593 0.3750000000
83165  20.082  -2.797  -4.079 0.5000000000
83185  20.264  -2.673  -4.928 0.5000000000
80971  21.383  -4.034  -5.489 0.8750000000
80954  21.385  -4.538  -5.422 1.0000000000
82067  21.492  -3.587  -5.947 1.0000000000
78768  23.396  -6.217  -5.163 1.0000000000
79922  21.910  -5.233  -5.617 1.0000000000
78751  24.572  -6.463  -4.535 1.0000000000
78767  23.929  -6.325  -4.974 1.0000000000
78749  26.260  -6.421  -3.638 1.0000000000
78730  26.036  -6.961  -3.494 1.0000000000
77632  27.328  -7.749  -3.294 0.8750000000
85454  19.552  -0.078  -5.772 0.5000000000
83199  20.134  -2.060  -5.149 0.5000000000
84349  20.447  -1.427  -6.304 0.6250000000
83207  20.892  -2.114  -6.655 0.6250000000
83197  21.240  -2.828  -6.205 1.0000000000
80982  22.050  -3.810  -6.586 1.0000000000
80952  25.687  -4.524  -4.304 1.0000000000
80953  24.716  -4.643  -4.770 1.0000000000
80967  24.043  -4.805  -5.184 1.0000000000
80968  23.449  -4.503  -5.718 1.0000000000
79902  25.092  -5.524  -4.240 1.0000000000
79903  24.270  -5.543  -4.768 1.0000000000
79901  26.347  -5.592  -3.846 0.8750000000
78728  27.788  -6.907  -3.631 0.8750000000
84350  20.100  -0.700  -6.200 0.5000000000
84362  20.870  -1.395  -7.397 0.8750000000
83205  22.789  -2.446  -6.823 1.0000000000
82088  22.668  -3.047  -7.028 1.0000000000
82058  25.182  -3.693  -4.823 1.0000000000
83195  23.812  -2.714  -5.577 1.0000000000
80980  23.009  -3.879  -6.419 1.0000000000
83184  24.695  -2.811  -5.095 1.0000000000
79900  27.602  -5.282  -4.002 1.0000000000
80951  26.853  -4.232  -3.965 1.0000000000
85469  19.937  -0.118  -6.668 0.5000000000
85468  20.343  -0.707  -6.933 0.8750000000
84372  21.267  -0.930  -7.938 1.0000000000
85476  22.421  -0.636  -7.355 1.0000000000
84359  22.667  -1.560  -7.106 1.0000000000
84360  22.147  -1.424  -7.662 1.0000000000
85451  24.836  -0.676  -5.253 1.0000000000
84335  24.251  -1.711  -5.124 1.0000000000
84319  25.911  -1.739  -4.595 1.0000000000
84334  25.075  -1.367  -4.766 1.0000000000
83182  26.630  -2.690  -4.324 1.0000000000
84320  25.021  -2.104  -4.650 1.0000000000
80933  27.391  -3.698  -4.160 0.8750000000
90639  20.943  4.463  -6.826 1.0000000000
90640  20.015  4.328  -7.175 0.3750000000
89642  20.732  3.378  -7.094 0.8750000000
87647  22.221  0.886  -6.994 1.0000000000
86517  24.550  0.260  -5.684 1.0000000000
91695  21.130  5.547  -6.817 0.8750000000
90638  21.926  4.631  -6.650 1.0000000000
89641  21.712  3.486  -6.612 1.0000000000
89640  22.959  3.690  -6.405 1.0000000000
87633  23.012  1.150  -6.551 1.0000000000
87619  24.824  1.046  -5.228 1.0000000000
86516  25.531  0.267  -4.892 1.0000000000
89630  23.246  4.401  -6.295 1.0000000000
89639  24.058  3.201  -6.038 1.0000000000
88638  25.036  2.564  -5.392 1.0000000000
88649  24.279  2.385  -5.685 1.0000000000
87631  24.710  1.800  -5.310 1.0000000000
90637  22.767  4.856  -6.485 1.0000000000
89629  23.810  4.127  -6.054 1.0000000000
97499  23.288  11.442  -5.747 0.1250000000
98568  22.975  11.780  -5.424 0.1250000000
96542  24.620  11.192  -5.963 0.2500000000
97498  23.946  11.485  -5.907 0.1250000000
97513  24.316  12.034  -6.169 0.2500000000
96554  25.756  11.376  -6.883 0.5000000000
97521  26.028  11.662  -7.459 0.3750000000
98575  24.608  12.738  -6.531 0.2500000000
97522  25.643  12.074  -7.048 0.2500000000
98574  25.227  12.743  -6.962 0.2500000000
99546  25.517  13.539  -8.242 0.2500000000
98583  25.752  12.564  -7.754 0.2500000000
98595  25.924  12.824  -8.646 0.2500000000
98594  26.251  12.086  -8.386 0.3750000000
98605  26.217  12.307  -9.256 0.3750000000
99564  26.042  12.688  -9.743 0.2500000000
77588  19.798  -7.355  -0.151 0.1250000000
78697  19.996  -6.552  -1.512 0.2500000000
79842  19.310  -5.502  -1.133 0.1250000000
74506  26.914  -10.805  -2.509 1.0000000000
84361  21.574  -1.504  -7.638 0.8750000000
84336  23.382  -1.761  -5.772 1.0000000000
76474  19.808  -7.951  0.058 0.1250000000
75475  20.934  -9.340  -1.471 0.6250000000
74494  22.067  -10.381  -2.027 0.7500000000
73474  23.177  -11.000  -2.523 1.0000000000
78676  19.385  -6.260  -0.405 0.1250000000
74507  25.696  -10.613  -2.399 1.0000000000
82041  19.758  -3.373  -3.320 0.3750000000
84303  19.202  -1.379  -3.571 0.2500000000
83166  19.361  -2.152  -3.564 0.2500000000
79880  28.205  -6.198  -4.043 0.8750000000
77631  28.405  -7.774  -3.904 0.8750000000
90641  19.040  4.483  -7.087 0.1250000000
90648  18.928  3.556  -7.147 0.1250000000
86535  19.554  0.626  -6.484 0.3750000000
86549  20.703  0.444  -7.769 0.6250000000
80950  27.926  -4.303  -4.281 0.8750000000
90647  19.574  3.727  -7.391 0.3750000000
88666  20.901  2.264  -7.415 0.8750000000
86500  25.949  -0.317  -4.551 1.0000000000
86499  26.338  -0.005  -4.565 1.0000000000
86515  26.758  0.828  -4.671 1.0000000000
87618  25.672  1.634  -5.056 1.0000000000
92744  22.282  6.670  -6.725 0.8750000000
91686  23.751  5.707  -6.154 1.0000000000
89638  24.592  2.962  -5.710 1.0000000000
98561  22.839  11.952  -4.914 0.1250000000
96528  21.884  10.430  -5.799 0.1250000000
95573  24.347  9.574  -5.801 0.6250000000
96525  24.749  10.330  -5.821 0.6250000000
96540  26.074  10.075  -6.736 0.5000000000
97514  23.754  12.060  -5.907 0.2500000000
96566  26.502  10.465  -8.342 0.5000000000
98576  23.938  12.749  -6.208 0.2500000000
99532  24.734  13.310  -6.952 0.2500000000
97535  26.390  11.366  -8.010 0.5000000000
97548  26.449  11.331  -8.840 0.5000000000
100417  25.155  14.107  -7.981 0.1250000000
99557  25.754  13.543  -9.124 0.2500000000
99565  25.862  13.294  -10.177 0.2500000000
97560  26.247  11.314  -9.695 0.3750000000
99571  25.347  13.324  -11.283 0.2500000000
77587  20.081  -7.675  -0.509 0.1250000000
75458  20.601  -9.112  -0.780 0.5000000000
75495  21.898  -9.255  -2.808 0.8750000000
73475  22.590  -10.578  -2.463 1.0000000000
75511  22.525  -9.341  -3.433 1.0000000000
74508  24.676  -10.517  -2.678 1.0000000000
78752  22.240  -6.750  -4.955 1.0000000000
76525  25.479  -8.337  -3.103 1.0000000000
77650  23.153  -7.571  -4.973 1.0000000000
77665  22.895  -7.042  -5.059 1.0000000000
76503  26.262  -9.198  -2.673 1.0000000000
75489  26.971  -9.941  -2.525 1.0000000000
82040  20.233  -3.391  -3.902 0.3750000000
82059  20.456  -3.438  -4.502 0.5000000000
79904  21.400  -5.272  -5.229 1.0000000000
79921  22.387  -5.308  -5.637 1.0000000000
77648  24.798  -7.385  -4.225 1.0000000000
77649  24.026  -7.377  -5.016 1.0000000000
78750  25.440  -6.521  -3.853 1.0000000000
78729  26.814  -6.817  -3.368 1.0000000000
82068  20.949  -3.287  -5.351 0.6250000000
83198  20.539  -2.163  -5.718 0.6250000000
80970  21.911  -4.371  -5.961 1.0000000000
82079  21.733  -3.396  -6.693 1.0000000000
79919  23.675  -5.480  -5.219 1.0000000000
79920  23.071  -5.443  -5.574 1.0000000000
80969  22.721  -4.520  -5.969 1.0000000000
79881  27.264  -6.146  -3.688 0.8750000000
76522  28.391  -8.619  -3.787 0.8750000000
82090  21.725  -2.739  -7.186 1.0000000000
80989  22.746  -3.477  -6.791 1.0000000000
82065  24.215  -3.823  -5.389 1.0000000000
84348  22.916  -1.713  -6.413 1.0000000000
83217  21.935  -2.252  -7.486 1.0000000000
83196  23.164  -2.586  -6.211 1.0000000000
82077  23.049  -3.187  -6.664 1.0000000000
82066  23.421  -3.470  -6.022 1.0000000000
83183  25.594  -2.767  -4.674 1.0000000000
82057  26.114  -3.550  -4.383 1.0000000000
86550  20.072  0.426  -7.223 0.6250000000
86564  20.825  -0.164  -8.122 0.7500000000
85487  21.459  -0.479  -8.060 1.0000000000
86547  21.871  0.196  -7.402 1.0000000000
85467  23.064  -0.710  -6.660 1.0000000000
86546  22.592  0.155  -6.883 1.0000000000
86534  23.224  0.138  -6.610 1.0000000000
85466  23.498  -0.230  -6.422 1.0000000000
85433  25.610  -0.765  -4.731 1.0000000000
85452  23.756  -0.671  -5.860 1.0000000000
85453  23.243  -1.199  -6.168 1.0000000000
89643  20.207  3.669  -7.347 0.7500000000
88653  20.917  2.709  -7.194 1.0000000000
89654  20.219  3.124  -7.496 0.7500000000
87648  21.522  1.396  -7.314 1.0000000000
87634  22.151  1.641  -6.902 1.0000000000
86533  23.772  0.323  -6.284 1.0000000000
91694  22.059  5.684  -6.764 0.8750000000
88651  22.495  2.454  -6.653 1.0000000000
88650  23.532  2.365  -6.290 1.0000000000
87632  24.080  1.321  -5.854 1.0000000000
89628  24.904  3.703  -5.595 1.0000000000
90631  23.448  4.950  -6.195 1.0000000000
91693  22.954  5.762  -6.493 1.0000000000
97500  22.482  11.199  -5.405 0.1250000000
97512  25.212  11.904  -6.380 0.2500000000
96526  23.865  10.592  -5.864 0.3750000000
96553  26.253  10.602  -7.288 0.5000000000
96541  25.552  10.600  -6.331 0.7500000000
98615  26.001  12.208  -10.040 0.2500000000
76473  20.192  -8.160  -0.417 0.2500000000
76448  19.053  -7.711  1.018 0.1250000000
76446  19.871  -8.272  0.137 0.1250000000
74496  20.823  -9.803  -1.116 0.6250000000
74495  21.401  -9.965  -1.615 0.7500000000
89656  19.220  2.859  -6.908 0.5000000000
86563  21.185  0.017  -8.216 0.8750000000
87650  20.121  1.307  -7.451 0.7500000000
86548  21.293  0.515  -7.709 0.8750000000
89655  19.567  2.952  -7.364 0.7500000000
88667  20.171  2.195  -7.522 0.8750000000
87649  20.798  1.340  -7.526 1.0000000000
88665  21.324  2.029  -7.326 1.0000000000
91685  24.465  5.749  -5.851 1.0000000000
96527  22.776  10.420  -6.114 0.3750000000
95574  23.487  9.660  -6.093 0.5000000000
95572  25.285  9.583  -5.856 0.7500000000
98616  25.542  12.311  -10.813 0.2500000000
97561  25.788  11.324  -10.445 0.3750000000
71141  23.597  -14.285  0.224 0.7500000000
69975  25.809  -14.975  -0.282 0.7500000000
71142  22.990  -14.074  0.479 0.7500000000
72369  22.474  -13.150  -0.027 0.7500000000
71161  25.242  -14.153  -0.646 0.7500000000
71162  24.048  -13.907  -0.254 0.7500000000
71163  23.078  -13.375  -0.354 0.7500000000
71159  26.466  -14.460  -1.041 0.7500000000
71160  26.131  -14.344  -0.837 0.7500000000
71176  24.868  -13.369  -1.068 0.7500000000
73459  22.460  -11.366  -1.593 0.7500000000
73460  21.653  -10.775  -1.411 0.6250000000
71177  24.127  -13.001  -0.997 0.7500000000
72398  23.584  -12.420  -1.422 0.8750000000
72399  22.988  -12.024  -1.501 0.8750000000
71174  26.653  -14.110  -1.330 0.7500000000
72395  26.332  -13.256  -1.536 0.7500000000
73457  24.024  -12.010  -1.951 0.8750000000
72412  24.578  -11.922  -2.128 0.8750000000
71183  27.337  -13.675  -2.366 0.7500000000
72409  27.007  -13.004  -1.875 0.7500000000
72410  26.165  -12.521  -1.959 0.8750000000
73472  25.038  -11.371  -2.300 0.8750000000
72419  27.474  -12.842  -2.746 0.7500000000
73470  26.911  -12.078  -2.336 0.8750000000
73471  26.003  -11.600  -2.233 0.8750000000
72437  27.984  -12.809  -4.994 0.8750000000
73483  27.538  -11.900  -3.218 0.8750000000
73482  28.037  -11.492  -3.742 0.8750000000
74522  27.662  -10.903  -3.255 0.8750000000
73496  28.434  -11.962  -5.234 0.3750000000
74529  28.773  -10.901  -4.720 0.6250000000
74521  28.321  -10.571  -3.843 0.7500000000
74535  29.139  -11.156  -5.180 0.5000000000
75520  28.792  -9.763  -4.540 0.7500000000
75506  28.349  -9.354  -3.747 0.7500000000
75528  29.675  -9.543  -5.831 0.1250000000
75529  29.240  -10.150  -5.219 0.3750000000
76553  29.209  -8.890  -5.311 0.6250000000
76539  28.752  -8.724  -4.331 0.6250000000
75534  30.683  -9.618  -6.263 0.1250000000
76552  29.527  -8.850  -6.032 0.1250000000
77661  29.391  -7.967  -6.083 0.1250000000
78766  29.201  -7.540  -5.353 0.6250000000
78747  29.209  -6.591  -5.236 0.6250000000
76559  30.107  -8.821  -6.520 0.1250000000
77673  30.042  -7.589  -6.974 0.1250000000
78765  29.286  -6.820  -5.675 0.1250000000
79898  29.211  -6.137  -5.347 0.5000000000
79899  28.694  -5.364  -4.802 0.6250000000
79917  29.266  -5.837  -6.256 0.5000000000
80966  29.115  -4.806  -6.012 0.5000000000
80949  28.493  -4.116  -5.059 0.6250000000
92745  21.261  6.601  -6.780 0.6250000000
93719  21.480  7.592  -6.692 0.5000000000
82064  28.677  -3.582  -5.751 0.6250000000
84316  28.293  -2.040  -5.161 0.6250000000
84318  27.007  -1.710  -4.539 0.8750000000
83194  28.783  -2.657  -6.207 0.5000000000
84332  28.466  -1.748  -5.551 0.6250000000
84317  27.988  -1.760  -4.844 0.7500000000
93718  22.525  7.630  -6.570 0.7500000000
85431  27.443  -0.868  -4.728 0.8750000000
87617  26.808  1.930  -5.309 0.8750000000
86514  27.601  1.237  -5.473 0.8750000000
88637  26.037  2.864  -5.220 0.8750000000
83204  29.076  -2.623  -7.253 0.3750000000
84347  28.941  -1.497  -6.705 0.5000000000
85448  28.413  -0.746  -5.868 0.6250000000
83215  28.868  -2.574  -8.223 0.2500000000
93717  23.362  7.665  -6.449 0.7500000000
92743  23.400  6.698  -6.443 0.8750000000
92742  23.798  7.202  -6.371 0.7500000000
92724  24.012  6.223  -6.159 0.8750000000
89627  26.317  4.095  -5.636 0.7500000000
88636  27.292  3.007  -5.780 0.8750000000
85465  28.221  -0.105  -6.001 0.6250000000
84357  29.090  -1.390  -7.232 0.3750000000
85463  29.117  -1.024  -7.167 0.5000000000
87630  28.070  1.753  -6.488 0.7500000000
84358  28.892  -1.700  -7.624 0.2500000000
94653  22.897  8.609  -6.415 0.6250000000
92723  24.399  6.762  -6.108 0.8750000000
91684  25.274  5.965  -5.730 0.8750000000
90628  26.099  5.304  -5.723 0.8750000000
92721  26.243  6.599  -6.031 0.7500000000
86531  28.370  0.853  -6.917 0.5000000000
85486  28.437  -0.841  -8.937 0.2500000000
86560  28.491  0.251  -8.482 0.5000000000
86545  28.575  0.296  -7.533 0.5000000000
84370  28.579  -1.707  -8.534 0.2500000000
94645  23.266  9.123  -6.248 0.5000000000
94644  23.887  8.647  -6.093 0.5000000000
94643  24.937  8.661  -5.777 0.6250000000
93699  25.577  7.831  -5.933 0.7500000000
92741  26.100  7.208  -6.074 0.7500000000
93715  26.228  7.840  -6.375 0.7500000000
92740  26.622  6.852  -6.625 0.7500000000
91691  27.163  6.122  -6.811 0.7500000000
93714  26.701  7.795  -7.022 0.7500000000
90635  27.311  5.257  -6.670 0.7500000000
89636  27.397  4.109  -6.554 0.7500000000
90645  27.598  4.891  -7.502 0.7500000000
88664  28.056  2.574  -8.043 0.5000000000
89652  27.843  3.841  -7.767 0.6250000000
87663  28.212  1.137  -8.687 0.3750000000
88663  28.109  1.783  -8.529 0.3750000000
95581  25.959  9.535  -6.401 0.6250000000
92752  26.954  6.980  -7.351 0.7500000000
92756  27.322  6.074  -7.741 0.7500000000
91704  27.358  5.633  -8.056 0.6250000000
89665  27.470  3.467  -8.834 0.3750000000
90661  27.104  4.090  -9.336 0.3750000000
86572  27.950  0.442  -9.774 0.1250000000
87674  27.667  1.207  -10.079 0.1250000000
88679  27.729  2.190  -9.281 0.2500000000
94651  25.810  8.694  -6.048 0.6250000000
94663  26.707  8.668  -7.431 0.7500000000
93732  26.986  7.744  -7.817 0.6250000000
92757  27.191  6.641  -8.151 0.7500000000
90654  27.279  4.714  -8.685 0.3750000000
91705  27.083  5.826  -8.867 0.3750000000
91701  27.384  5.713  -7.351 0.7500000000
89673  27.207  3.512  -10.063 0.2500000000
87697  27.155  1.168  -12.023 0.1250000000
87686  27.495  1.136  -11.048 0.1250000000
86579  27.905  0.194  -10.682 0.1250000000
95588  26.592  9.576  -7.854 0.6250000000
94691  26.508  8.561  -9.134 0.3750000000
94674  26.751  8.625  -8.293 0.3750000000
92760  26.761  6.765  -9.133 0.3750000000
90669  26.306  4.951  -10.905 0.2500000000
90655  27.086  5.324  -9.339 0.3750000000
89693  26.983  2.759  -11.667 0.1250000000
89674  26.840  4.312  -10.489 0.3750000000
86592  27.952  0.338  -12.747 0.1250000000
89683  27.126  3.024  -11.129 0.1250000000
96592  26.108  10.308  -10.126 0.3750000000
95593  26.513  9.506  -8.779 0.3750000000
94692  26.164  8.479  -9.818 0.3750000000
92764  25.857  6.942  -10.443 0.3750000000
93748  25.965  7.709  -10.085 0.3750000000
93747  26.448  7.675  -9.458 0.3750000000
90670  25.776  5.550  -11.274 0.3750000000
91712  26.480  5.418  -10.336 0.3750000000
92761  26.250  6.889  -9.808 0.3750000000
89711  26.116  3.256  -13.622 0.1250000000
89684  26.751  3.958  -11.066 0.1250000000
90679  26.207  4.453  -11.835 0.2500000000
88713  26.672  1.787  -12.687 0.1250000000
95633  25.282  9.756  -11.114 0.2500000000
93762  25.158  7.806  -11.578 0.2500000000
94709  25.764  8.537  -10.372 0.3750000000
95604  26.007  8.982  -10.103 0.3750000000
91718  24.771  6.510  -12.179 0.1250000000
93754  25.574  7.780  -10.798 0.3750000000
91717  25.268  6.086  -11.771 0.1250000000
90700  25.476  4.720  -13.523 0.1250000000
90680  25.682  5.216  -11.781 0.1250000000
96593  25.550  10.452  -10.811 0.3750000000
95616  26.099  9.737  -10.133 0.3750000000
94723  25.295  8.794  -11.138 0.2500000000
92779  24.499  6.933  -12.426 0.1250000000
93771  24.253  7.506  -12.722 0.1250000000
91722  24.379  6.102  -12.606 0.1250000000
92780  24.049  6.879  -12.894 0.1250000000
90711  25.808  3.959  -14.038 0.1250000000
139584  24.335  4.746  -13.996 0.1250000000
94734  23.494  8.525  -13.404 0.1250000000
91731  23.666  5.784  -13.577 0.1250000000
93779  23.422  7.720  -13.856 0.1250000000
139583  24.384  4.574  -15.247 0.1250000000
139580  24.941  3.740  -15.485 0.1250000000
73497  27.560  -12.472  -5.383 0.6250000000
85449  27.780  0.012  -5.260 0.8750000000
86532  28.130  0.588  -6.126 0.5000000000
85474  29.021  -1.228  -7.489 0.3750000000
94652  23.541  8.159  -6.356 0.6250000000
93716  23.973  7.697  -6.290 0.8750000000
93700  24.708  7.737  -5.982 0.7500000000
91692  26.742  5.891  -6.115 0.7500000000
90636  26.890  4.813  -6.013 0.7500000000
89637  26.931  4.215  -5.996 0.7500000000
87645  28.410  1.385  -7.660 0.5000000000
87646  28.226  2.193  -7.258 0.5000000000
90689  26.158  4.211  -12.725 0.1250000000
92789  23.652  6.849  -13.440 0.1250000000
90701  23.821  5.220  -14.514 0.1250000000
77662  29.212  -8.103  -5.415 0.5000000000
77647  28.987  -7.972  -4.839 0.6250000000
78727  28.379  -6.907  -4.042 0.7500000000
80979  29.214  -4.621  -6.710 0.3750000000
82076  29.203  -3.858  -6.807 0.3750000000
82087  29.332  -3.478  -7.910 0.2500000000
87616  27.473  1.994  -5.714 0.7500000000
91721  25.142  5.473  -12.481 0.1250000000
82096  29.127  -3.246  -8.842 0.1250000000
68686  23.998  -15.507  0.894 0.7500000000
69943  23.284  -15.020  0.871 0.7500000000
71143  22.009  -13.357  0.707 0.7500000000
68684  25.343  -15.459  0.285 0.7500000000
69977  24.369  -14.566  0.119 0.7500000000
68697  26.491  -15.785  -0.668 0.7500000000
73446  21.495  -11.475  -0.613 0.6250000000
72385  22.637  -12.439  -0.842 0.7500000000
69974  26.574  -14.917  -0.989 0.6250000000
69989  27.199  -14.342  -1.970 0.7500000000
70000  27.410  -14.508  -2.725 0.6250000000
71203  27.625  -13.607  -4.218 0.6250000000
73499  25.008  -12.172  -5.654 0.5000000000
72450  27.492  -12.650  -6.350 0.3750000000
73508  26.750  -11.973  -5.757 0.5000000000
73495  29.101  -11.974  -5.515 0.1250000000
74534  29.765  -10.625  -5.587 0.1250000000
75535  30.134  -9.853  -6.085 0.1250000000
76558  30.915  -8.757  -7.024 0.1250000000
77672  30.576  -8.046  -7.359 0.1250000000
77679  30.311  -7.342  -7.851 0.1250000000
78780  29.729  -6.768  -7.628 0.1250000000
80988  29.233  -5.421  -7.738 0.1250000000
82086  29.364  -4.568  -7.649 0.2500000000
94654  21.777  8.516  -6.533 0.5000000000
83232  28.787  -2.321  -9.912 0.1250000000
83225  28.648  -2.491  -9.120 0.2500000000
84386  28.591  -1.639  -10.364 0.1250000000
86578  28.102  -0.259  -10.116 0.1250000000
85508  28.156  -0.254  -11.173 0.1250000000
95582  22.809  9.556  -6.329 0.3750000000
86591  28.309  -0.427  -12.472 0.1250000000
87708  27.453  1.148  -13.086 0.1250000000
88727  26.465  2.239  -13.871 0.1250000000
88739  26.245  2.307  -15.100 0.1250000000
96608  24.284  10.381  -12.095 0.2500000000
97590  23.583  10.731  -13.179 0.1250000000
92797  23.342  6.844  -14.221 0.1250000000
94739  23.055  8.645  -14.155 0.1250000000
89728  25.524  2.836  -15.885 0.1250000000
90722  24.129  5.292  -15.810 0.1250000000
83181  27.537  -2.507  -4.563 0.7500000000
82055  27.845  -3.365  -4.600 0.7500000000
91696  20.307  5.358  -6.677 0.3750000000
73458  23.384  -11.705  -1.925 0.8750000000
78748  28.932  -6.802  -4.751 0.6250000000
85450  26.994  -0.140  -4.658 0.8750000000
90630  24.243  4.861  -5.822 0.8750000000
90629  25.209  4.952  -5.536 0.8750000000
96580  26.407  10.391  -9.274 0.3750000000
97574  25.240  11.367  -11.200 0.1250000000
69959  23.822  -14.836  0.535 0.7500000000
69976  24.902  -14.574  -0.106 0.7500000000
69957  25.209  -14.969  0.079 0.7500000000
68698  26.063  -15.925  0.053 0.7500000000
72370  21.760  -12.451  -0.031 0.7500000000
72384  23.482  -13.033  -0.792 0.7500000000
73445  22.203  -11.782  -0.864 0.7500000000
74482  20.962  -10.531  -1.026 0.6250000000
72397  24.551  -12.571  -1.651 0.8750000000
71173  27.062  -13.713  -1.777 0.7500000000
72411  25.283  -12.211  -2.093 0.8750000000
71193  27.629  -13.592  -3.203 0.7500000000
72428  27.724  -12.944  -3.881 0.7500000000
72429  27.726  -13.220  -4.890 0.6250000000
73506  28.172  -12.193  -6.056 0.2500000000
73488  28.315  -11.694  -4.478 0.6250000000
78776  29.546  -6.827  -6.657 0.1250000000
79928  29.235  -6.062  -7.278 0.1250000000
79918  29.132  -5.525  -5.590 0.6250000000
80965  29.229  -5.282  -6.418 0.1250000000
82054  28.306  -3.419  -5.160 0.6250000000
83180  28.243  -2.631  -5.223 0.6250000000
84333  28.120  -0.983  -5.159 0.6250000000
85464  28.646  -0.276  -6.747 0.5000000000
89626  27.000  3.862  -5.959 0.7500000000
85475  28.831  -0.766  -7.853 0.3750000000
88648  28.073  2.991  -6.900 0.6250000000
86571  28.297  -0.119  -9.408 0.1250000000
85498  28.331  -0.908  -9.867 0.1250000000
84380  28.465  -1.689  -9.470 0.1250000000
94650  26.367  8.683  -6.675 0.7500000000
92739  27.029  6.578  -7.033 0.7500000000
86561  28.193  0.584  -9.142 0.1250000000
88678  27.949  1.566  -8.932 0.3750000000
93742  26.825  7.667  -8.679 0.3750000000
88687  27.420  2.205  -10.496 0.3750000000
90662  27.039  4.812  -9.930 0.3750000000
91708  26.659  5.944  -9.819 0.3750000000
86585  28.098  0.077  -11.727 0.1250000000
88694  27.143  2.121  -11.395 0.1250000000
88701  26.798  2.421  -12.109 0.1250000000
88702  26.534  2.979  -12.457 0.1250000000
89694  26.704  3.434  -12.010 0.1250000000
95603  26.230  9.430  -9.738 0.3750000000
92770  25.533  6.936  -11.242 0.3750000000
91713  25.930  5.999  -10.699 0.3750000000
88714  26.410  2.666  -12.912 0.1250000000
89703  26.274  3.414  -12.834 0.1250000000
90699  26.074  3.974  -13.394 0.1250000000
89720  25.769  3.244  -14.680 0.1250000000
90690  25.679  4.915  -12.567 0.1250000000
87707  27.053  1.456  -13.163 0.1250000000
88726  26.821  1.653  -13.302 0.1250000000
95634  24.740  9.570  -11.652 0.2500000000
94724  24.696  8.620  -11.959 0.2500000000
91729  25.247  5.160  -12.960 0.1250000000
139582  25.077  4.187  -14.603 0.1250000000
95649  24.154  9.422  -12.329 0.1250000000
94733  24.121  8.405  -12.721 0.1250000000
93772  23.862  7.642  -13.200 0.1250000000
91730  24.613  5.236  -13.113 0.1250000000
95659  23.148  9.418  -13.684 0.1250000000
95650  23.539  9.351  -12.950 0.1250000000
68671  23.481  -15.648  1.315 0.7500000000
69958  24.709  -15.006  0.279 0.7500000000
68685  24.628  -15.674  0.771 0.7500000000
71125  22.656  -14.339  0.902 0.7500000000
69944  22.762  -14.796  1.092 0.7500000000
72386  22.044  -12.015  -0.559 0.6250000000
70012  27.640  -13.885  -3.343 0.6250000000
70036  25.472  -14.148  -6.186 0.5000000000
79934  29.381  -6.037  -8.212 0.1250000000
78787  30.278  -6.551  -8.549 0.1250000000
87719  26.564  1.782  -14.579 0.1250000000
71126  22.236  -14.168  1.135 0.7500000000
71144  21.410  -12.766  0.863 0.5000000000
67428  24.488  -16.335  1.386 0.6250000000
67427  25.212  -16.610  1.196 0.6250000000
66218  26.353  -17.015  0.190 0.3750000000
67456  26.079  -16.587  0.186 0.6250000000
67454  27.197  -16.628  -0.376 0.2500000000
67471  26.907  -16.316  -0.937 0.3750000000
72446  26.546  -13.133  -6.342 0.3750000000
95583  22.013  9.508  -6.373 0.2500000000
96543  22.424  9.903  -6.279 0.2500000000
68670  24.141  -15.795  1.082 0.6250000000
68712  27.408  -15.859  -1.956 0.5000000000
68725  27.504  -15.507  -2.494 0.5000000000
68736  27.712  -15.221  -3.248 0.3750000000
66203  26.745  -17.178  0.358 0.5000000000
66219  25.900  -16.977  0.474 0.6250000000
70022  26.617  -13.943  -5.042 0.5000000000
66195  23.928  -17.087  2.177 0.6250000000
72351  20.861  -12.302  1.292 0.3750000000
71127  21.157  -13.630  1.755 0.3750000000
67429  23.814  -16.565  1.919 0.6250000000
69945  21.958  -14.805  1.941 0.6250000000
66192  26.235  -18.098  1.077 0.3750000000
65059  25.614  -17.767  1.194 0.5000000000
66194  24.344  -17.131  1.881 0.6250000000
66191  26.757  -17.760  1.176 0.3750000000
67453  27.906  -16.078  -0.962 0.2500000000
67438  27.317  -16.975  0.586 0.2500000000
67470  27.537  -16.114  -1.432 0.2500000000
67491  27.890  -15.901  -2.872 0.3750000000
68735  28.514  -15.485  -3.407 0.2500000000
68750  26.702  -14.806  -5.383 0.2500000000
70034  26.984  -14.147  -6.130 0.2500000000
83167  19.078  -2.055  -2.886 0.1250000000
72443  28.604  -12.924  -6.218 0.2500000000
88668  19.596  2.159  -7.148 0.3750000000
87635  19.375  1.408  -6.271 0.2500000000
83150  19.243  -2.634  -2.738 0.2500000000
74483  20.627  -9.888  -0.417 0.2500000000
87651  19.575  1.308  -6.961 0.3750000000
68726  27.254  -15.453  -1.944 0.5000000000
67439  25.505  -16.316  0.632 0.6250000000
67455  26.545  -16.516  -0.264 0.5000000000
68713  26.979  -15.719  -1.432 0.5000000000
71220  27.914  -13.539  -6.270 0.2500000000
72371  21.199  -12.163  0.539 0.3750000000
73429  21.226  -11.911  0.060 0.3750000000
68672  22.646  -15.396  1.739 0.6250000000
73430  20.824  -11.331  0.570 0.3750000000
68744  27.773  -14.528  -3.846 0.2500000000
66193  25.085  -17.315  1.528 0.6250000000
66205  25.620  -17.097  0.978 0.5000000000
66217  26.716  -16.882  -0.046 0.2500000000
67437  27.764  -16.269  0.028 0.2500000000
67482  27.841  -16.095  -2.305 0.3750000000
66204  26.115  -17.603  0.712 0.5000000000
67411  23.168  -16.190  2.141 0.6250000000
65047  26.201  -18.682  1.435 0.3750000000
65048  25.315  -18.504  1.725 0.5000000000
68743  28.652  -14.734  -3.897 0.2500000000
83151  18.778  -2.121  -2.476 0.1250000000
67392  22.147  -16.599  3.164 0.5000000000
63902  25.749  -19.024  1.673 0.2500000000
65035  24.510  -18.600  2.623 0.3750000000
66179  24.120  -17.599  2.356 0.5000000000
67412  22.566  -16.490  2.757 0.5000000000
67393  21.689  -16.392  3.598 0.3750000000
68641  21.344  -15.311  3.398 0.5000000000
68657  22.605  -15.811  2.239 0.5000000000
67413  22.054  -16.317  3.026 0.5000000000
69930  21.456  -14.864  2.738 0.3750000000
68673  22.296  -15.413  2.168 0.5000000000
67363  20.402  -16.461  5.118 0.1250000000
67378  21.363  -16.580  4.143 0.3750000000
69931  21.011  -14.287  2.833 0.2500000000
64981  20.714  -18.158  5.752 0.1250000000
66144  21.048  -17.177  4.679 0.2500000000
64996  21.778  -17.991  4.516 0.3750000000
62780  25.570  -19.852  2.831 0.2500000000
65016  23.675  -18.623  3.633 0.3750000000
66160  23.185  -17.586  3.208 0.5000000000
66129  20.211  -17.346  5.853 0.1250000000
65017  22.867  -17.814  3.765 0.3750000000
68627  20.408  -15.620  4.760 0.1250000000
69912  20.272  -14.155  4.222 0.1250000000
82095  29.551  -4.146  -8.603 0.1250000000
69946  21.355  -14.411  2.299 0.3750000000
65049  24.642  -17.860  1.968 0.3750000000
66180  23.441  -17.050  2.563 0.5000000000
71111  20.412  -13.613  3.065 0.2500000000
63891  26.003  -19.517  2.020 0.2500000000
66161  22.408  -17.096  3.386 0.5000000000
66181  22.873  -17.083  2.947 0.5000000000
65034  25.009  -18.787  2.207 0.3750000000
65036  23.798  -17.887  2.887 0.3750000000
65015  24.220  -18.849  3.198 0.3750000000
66142  22.207  -17.566  4.027 0.3750000000
68642  21.064  -15.773  4.077 0.2500000000
69911  20.598  -14.550  3.884 0.1250000000
69910  21.154  -14.708  3.250 0.1250000000
68658  21.963  -15.692  2.711 0.5000000000
66128  20.660  -17.354  5.274 0.1250000000
67364  20.000  -16.717  5.712 0.1250000000
67379  20.916  -16.564  4.517 0.2500000000
68614  20.123  -16.081  5.294 0.1250000000
71096  20.343  -13.886  3.643 0.1250000000
66114  20.358  -17.764  5.949 0.1250000000
63878  24.408  -19.325  3.285 0.2500000000
63863  22.004  -18.723  4.810 0.2500000000
63861  23.467  -19.690  4.378 0.2500000000
62781  24.965  -19.619  2.913 0.2500000000
64980  21.292  -18.335  5.214 0.1250000000
64995  22.639  -18.402  4.291 0.2500000000
63862  22.637  -19.225  4.701 0.1250000000
74444  20.348  -10.356  1.463 0.1250000000
92746  20.417  6.430  -6.496 0.1250000000
93720  20.377  7.561  -6.516 0.1250000000
93721  19.808  8.022  -6.325 0.1250000000
95584  21.073  9.235  -6.454 0.1250000000
94655  20.818  8.462  -6.618 0.1250000000
94646  19.535  8.931  -5.819 0.1250000000
94656  19.980  8.640  -6.494 0.1250000000
95576  21.296  9.964  -6.133 0.1250000000
92725  19.920  6.690  -6.094 0.1250000000
95577  20.268  9.642  -5.999 0.1250000000
96518  20.201  10.112  -4.140 0.1250000000
91697  19.566  5.277  -6.413 0.1250000000
92747  19.934  6.033  -6.299 0.1250000000
86518  19.264  0.934  -5.686 0.1250000000
72334  20.150  -12.449  2.313 0.1250000000
74428  20.346  -10.892  2.258 0.1250000000
88655  19.106  2.570  -6.420 0.1250000000
92726  19.485  6.362  -5.894 0.1250000000
93702  19.540  7.481  -5.907 0.1250000000
94639  18.956  8.357  -4.892 0.1250000000
95560  19.588  9.546  -3.613 0.1250000000
96517  20.743  10.586  -4.434 0.1250000000
96529  21.008  10.474  -5.378 0.1250000000
75440  20.111  -8.971  0.236 0.1250000000
73447  20.749  -10.732  -0.257 0.1250000000
73410  20.448  -11.482  1.707 0.1250000000
88654  19.444  2.016  -6.597 0.1250000000
74464  20.468  -10.125  0.451 0.1250000000
75422  19.750  -9.289  1.821 0.1250000000
93701  20.115  7.072  -6.177 0.1250000000
93695  19.089  7.906  -5.424 0.1250000000
95568  19.634  9.415  -4.902 0.1250000000
95569  19.214  8.904  -4.860 0.1250000000
96530  20.283  10.128  -5.008 0.1250000000
94630  18.920  8.376  -3.839 0.1250000000
97475  20.779  10.764  -3.353 0.1250000000
65046  26.830  -18.430  1.809 0.1250000000
67426  27.454  -17.152  1.513 0.1250000000
67425  27.748  -16.338  1.069 0.1250000000
67469  28.359  -16.123  -1.973 0.1250000000
67481  28.433  -16.190  -2.873 0.1250000000
69999  29.230  -14.881  -2.627 0.1250000000
68723  29.197  -15.725  -3.115 0.1250000000
71192  29.608  -14.391  -3.801 0.1250000000
67501  28.577  -14.506  -4.733 0.1250000000
71201  29.869  -13.905  -4.093 0.1250000000
70027  30.541  -14.958  -4.788 0.1250000000
71218  29.515  -13.699  -6.054 0.1250000000
62769  24.944  -20.302  3.458 0.1250000000
63879  23.969  -19.377  3.821 0.1250000000
62768  25.892  -20.512  3.220 0.1250000000
62779  26.296  -19.998  2.844 0.1250000000
63890  26.734  -19.500  2.576 0.1250000000
66177  27.826  -17.639  2.739 0.1250000000
65031  27.813  -18.371  3.120 0.1250000000
67409  28.008  -16.619  2.197 0.1250000000
68669  28.360  -15.656  1.536 0.1250000000
69973  28.393  -14.930  -0.095 0.1250000000
68711  28.533  -15.689  -1.332 0.1250000000
71172  28.691  -14.600  -0.675 0.1250000000
71191  29.403  -13.921  -3.260 0.1250000000
72436  29.564  -12.827  -5.271 0.1250000000
72427  29.793  -13.090  -4.538 0.1250000000
72418  29.793  -13.024  -3.680 0.1250000000
72442  29.126  -12.749  -5.841 0.1250000000
65033  26.656  -19.043  2.000 0.1250000000
66178  27.268  -17.827  1.996 0.1250000000
68753  28.805  -15.178  -6.064 0.1250000000
68734  29.198  -14.922  -3.677 0.1250000000
62778  26.919  -20.061  2.975 0.1250000000
62770  24.216  -19.842  3.861 0.1250000000
65032  27.222  -18.665  2.605 0.1250000000
68696  28.165  -15.633  -0.484 0.1250000000
68683  28.122  -15.563  0.505 0.1250000000
68710  29.056  -15.770  -2.146 0.1250000000
70010  29.398  -14.738  -3.596 0.1250000000
69987  28.913  -14.870  -1.522 0.1250000000
71182  29.290  -13.854  -2.070 0.1250000000
70019  29.867  -14.682  -4.259 0.1250000000
72408  29.769  -12.692  -2.614 0.1250000000
61597  26.029  -20.976  4.003 0.1250000000
62767  26.675  -20.564  3.243 0.1250000000
72426  30.203  -12.312  -4.186 0.1250000000
61606  27.088  -21.060  3.605 0.1250000000
63892  25.212  -19.178  2.351 0.3750000000
63893  24.774  -19.201  2.785 0.3750000000
63903  25.557  -19.109  1.887 0.2500000000
64994  23.115  -18.992  4.267 0.2500000000
65058  25.868  -18.210  1.120 0.5000000000
66127  21.229  -17.613  4.764 0.3750000000
66143  21.538  -17.102  4.284 0.3750000000
66162  21.973  -17.027  3.840 0.3750000000
66244  28.273  -14.449  -4.421 0.2500000000
66245  28.030  -14.587  -4.163 0.2500000000
66246  27.643  -14.527  -3.974 0.2500000000
66247  28.204  -14.443  -4.807 0.1250000000
66248  28.187  -14.483  -4.654 0.2500000000
66249  27.629  -14.395  -4.205 0.2500000000
66250  28.025  -14.491  -5.114 0.1250000000
66251  28.014  -14.478  -4.875 0.1250000000
67394  21.263  -16.318  4.098 0.2500000000
67410  27.608  -17.294  2.126 0.1250000000
67440  25.020  -16.169  1.075 0.6250000000
67468  28.928  -16.285  -2.602 0.1250000000
67480  28.940  -16.323  -3.017 0.1250000000
67490  28.116  -15.859  -3.215 0.3750000000
67496  28.579  -14.515  -3.805 0.2500000000
67497  27.978  -14.676  -3.962 0.2500000000
67498  27.485  -14.139  -4.457 0.2500000000
67499  26.957  -14.004  -4.904 0.2500000000
67500  28.631  -14.840  -5.365 0.1250000000
67502  27.709  -14.495  -4.723 0.2500000000
67503  26.989  -14.345  -5.191 0.2500000000
67504  26.787  -14.266  -4.904 0.2500000000
67505  28.398  -15.068  -5.697 0.1250000000
67506  28.185  -14.707  -5.371 0.1250000000
67507  27.724  -14.699  -5.367 0.2500000000
67508  26.971  -14.761  -5.101 0.2500000000
68628  20.202  -15.113  4.963 0.1250000000
68656  22.957  -15.774  1.841 0.6250000000
68724  28.814  -16.083  -3.201 0.1250000000
68741  29.710  -15.120  -5.040 0.1250000000
68742  29.453  -14.660  -4.401 0.1250000000
68745  26.877  -14.078  -4.629 0.2500000000
68746  26.515  -14.212  -4.891 0.5000000000
68747  29.550  -15.283  -5.704 0.1250000000
68748  29.119  -14.836  -5.062 0.1250000000
68749  29.084  -14.607  -4.012 0.1250000000
68751  26.154  -14.711  -4.972 0.2500000000
68752  29.341  -14.930  -6.100 0.1250000000
68754  28.228  -14.762  -6.083 0.1250000000
68755  27.841  -14.530  -6.052 0.2500000000
68756  26.994  -15.104  -6.007 0.2500000000
68757  26.208  -14.906  -5.715 0.2500000000
69960  23.199  -14.685  0.729 0.7500000000
69990  27.052  -14.950  -1.614 0.7500000000
70001  27.246  -14.996  -2.178 0.5000000000
70011  29.665  -14.695  -3.851 0.1250000000
70018  30.023  -15.132  -4.721 0.1250000000
70020  29.792  -14.790  -3.985 0.1250000000
70021  27.085  -13.984  -4.454 0.5000000000
70023  25.942  -14.213  -5.149 0.5000000000
70026  30.333  -15.092  -5.447 0.1250000000
70028  25.471  -14.458  -5.748 0.5000000000
70029  25.195  -14.087  -6.182 0.5000000000
70030  29.751  -14.717  -6.061 0.1250000000
70031  29.080  -14.414  -6.163 0.1250000000
70032  28.475  -14.232  -6.164 0.1250000000
70033  27.816  -14.074  -6.274 0.2500000000
70035  26.068  -14.338  -6.174 0.5000000000
71175  25.811  -13.634  -1.093 0.7500000000
71202  29.821  -14.547  -3.988 0.1250000000
71204  26.867  -13.633  -5.074 0.6250000000
71205  26.063  -13.825  -5.131 0.5000000000
71211  30.466  -14.546  -5.458 0.1250000000
71212  30.137  -14.140  -5.081 0.1250000000
71213  26.019  -13.467  -5.213 0.6250000000
71214  25.280  -13.791  -5.325 0.5000000000
71215  24.680  -13.902  -6.033 0.5000000000
71216  24.751  -13.470  -6.279 0.5000000000
71217  30.218  -14.419  -5.753 0.1250000000
71219  28.567  -13.663  -6.212 0.2500000000
71221  27.088  -13.606  -6.228 0.3750000000
71222  26.274  -13.704  -6.260 0.3750000000
71223  25.327  -13.698  -6.299 0.5000000000
71224  24.994  -13.450  -6.365 0.5000000000
72394  26.774  -13.509  -1.615 0.7500000000
72396  25.486  -12.949  -1.616 0.8750000000
72438  26.738  -13.039  -5.265 0.5000000000
72439  25.521  -12.963  -5.354 0.5000000000
72440  24.472  -13.116  -5.516 0.5000000000
72441  24.372  -13.149  -6.219 0.5000000000
72444  27.992  -13.126  -6.368 0.2500000000
72445  27.309  -13.120  -6.331 0.3750000000
72447  25.745  -13.140  -6.407 0.3750000000
72448  24.874  -12.954  -6.581 0.5000000000
72449  28.017  -12.599  -6.353 0.3750000000
72451  26.828  -12.624  -6.339 0.3750000000
72452  26.093  -12.615  -6.397 0.3750000000
72453  25.432  -12.512  -6.626 0.5000000000
72454  24.916  -12.270  -6.873 0.5000000000
73473  24.081  -11.324  -2.418 1.0000000000
73489  27.984  -12.303  -4.223 0.8750000000
73498  26.132  -12.272  -5.599 0.5000000000
73500  24.034  -12.377  -6.011 0.5000000000
73501  24.402  -12.614  -6.386 0.5000000000
73505  28.773  -12.417  -5.979 0.2500000000
73507  27.366  -12.033  -5.847 0.5000000000
73509  25.013  -11.760  -5.867 0.5000000000
73510  24.653  -11.783  -6.132 0.5000000000
73511  24.309  -12.044  -6.788 0.5000000000
73512  27.722  -12.339  -6.297 0.3750000000
73513  27.196  -12.096  -6.274 0.3750000000
73514  26.384  -12.117  -6.390 0.5000000000
73515  25.739  -12.073  -6.557 0.5000000000
73516  25.278  -11.968  -6.998 0.5000000000
73517  24.793  -11.820  -7.049 0.5000000000
74510  23.043  -10.061  -3.073 1.0000000000
74512  21.782  -9.766  -2.311 0.8750000000
74523  22.888  -9.635  -3.412 1.0000000000
74536  25.547  -11.821  -5.782 0.5000000000
74537  25.225  -11.773  -5.818 0.5000000000
74542  30.216  -10.239  -5.828 0.1250000000
74543  26.725  -11.715  -5.952 0.5000000000
74544  26.120  -11.671  -5.915 0.5000000000
74545  25.330  -11.609  -6.134 0.5000000000
74546  24.813  -11.441  -6.654 0.5000000000
74547  24.533  -11.429  -7.140 0.5000000000
74548  26.967  -11.776  -6.089 0.5000000000
74549  26.538  -11.757  -6.183 0.5000000000
74550  25.940  -11.687  -6.353 0.5000000000
74551  25.493  -11.469  -6.755 0.5000000000
74552  25.030  -11.463  -7.108 0.5000000000
75494  22.245  -9.424  -3.075 0.8750000000
75508  26.909  -9.526  -2.613 1.0000000000
75512  22.187  -9.156  -3.176 1.0000000000
75521  23.900  -8.701  -4.312 1.0000000000
76447  19.384  -8.006  0.531 0.1250000000
76504  25.814  -9.108  -2.719 1.0000000000
76527  23.173  -8.879  -4.211 1.0000000000
76542  23.466  -8.490  -4.514 1.0000000000
77664  23.317  -6.904  -5.117 1.0000000000
78698  19.619  -6.281  -0.953 0.1250000000
78731  21.291  -6.823  -4.168 0.8750000000
79882  26.678  -6.245  -3.649 1.0000000000
79905  20.871  -5.168  -4.751 0.8750000000
80934  27.049  -3.658  -3.980 0.8750000000
80978  29.202  -5.171  -6.916 0.1250000000
80981  22.435  -3.776  -6.632 1.0000000000
80990  22.548  -3.393  -6.952 1.0000000000
82038  27.418  -3.347  -4.269 0.8750000000
82039  27.150  -3.349  -4.102 0.8750000000
82056  26.774  -3.409  -4.102 0.8750000000
82075  29.270  -4.577  -7.039 0.3750000000
82078  22.092  -3.601  -6.862 1.0000000000
82089  22.221  -3.126  -7.121 1.0000000000
83163  27.278  -3.020  -4.268 1.0000000000
83164  26.959  -3.071  -4.108 1.0000000000
83206  21.337  -2.584  -6.924 1.0000000000
83216  22.448  -2.344  -7.288 1.0000000000
83218  21.444  -2.101  -7.317 0.8750000000
83219  21.146  -2.061  -7.103 0.6250000000
84337  20.354  -1.612  -5.780 0.6250000000
84346  29.144  -1.308  -7.005 0.3750000000
84371  21.683  -0.969  -7.888 1.0000000000
84373  20.895  -0.740  -7.953 1.0000000000
85432  26.464  -0.791  -4.558 1.0000000000
85477  21.884  -0.548  -7.804 1.0000000000
85478  20.576  -0.354  -7.650 0.7500000000
85479  20.253  -0.180  -7.144 0.6250000000
85488  21.082  -0.464  -8.166 1.0000000000
85489  20.837  -0.439  -8.065 0.7500000000
85517  28.272  -0.468  -11.420 0.1250000000
86562  21.576  -0.050  -7.952 0.8750000000
87629  28.321  1.341  -7.006 0.5000000000
87664  27.917  1.180  -9.305 0.3750000000
87717  26.946  1.441  -13.380 0.1250000000
88639  19.304  2.042  -5.947 0.1250000000
88652  21.455  2.399  -7.027 1.0000000000
88669  19.343  2.427  -6.795 0.3750000000
88712  26.888  1.688  -12.808 0.1250000000
88725  26.954  1.599  -13.005 0.1250000000
89653  20.665  2.857  -7.295 0.7500000000
89701  26.874  1.584  -12.381 0.1250000000
89702  26.843  1.815  -12.554 0.1250000000
89709  26.938  1.607  -12.584 0.1250000000
89710  26.878  1.716  -12.799 0.1250000000
90646  19.963  3.739  -7.408 0.3750000000
90712  23.870  5.453  -15.228 0.1250000000
91683  25.995  6.125  -5.825 0.8750000000
91709  26.102  6.413  -10.142 0.3750000000
91723  23.825  6.363  -13.052 0.1250000000
92722  25.481  6.884  -5.875 0.7500000000
92751  27.218  6.348  -7.401 0.7500000000
92771  24.987  6.987  -11.918 0.3750000000
93763  24.643  7.708  -12.249 0.1250000000
94638  19.300  8.797  -5.231 0.1250000000
95561  19.109  9.000  -4.413 0.1250000000
95575  21.814  10.027  -6.172 0.1250000000
95580  26.391  9.533  -7.033 0.6250000000
95585  20.475  9.057  -6.520 0.1250000000
95617  25.801  9.497  -10.447 0.3750000000
96509  20.661  10.585  -3.737 0.1250000000
96544  22.162  10.080  -6.190 0.3750000000
96607  24.928  10.471  -11.443 0.2500000000
96620  23.723  10.232  -12.729 0.1250000000
96621  23.324  10.216  -13.374 0.1250000000
98582  26.166  11.937  -7.882 0.3750000000
98606  25.983  12.903  -9.127 0.2500000000
99537  25.104  13.571  -7.513 0.1250000000
99556  25.986  12.947  -9.485 0.2500000000
139577  24.730  4.106  -15.078 0.1250000000
