#!ascii label  , from subject A00073283 vox2ras=TkReg
2056
8302  39.256  -76.583  22.560 0.2000000030
8301  39.742  -76.144  22.853 0.2000000030
8303  38.969  -76.621  22.436 0.2000000030
7559  39.245  -76.640  23.502 0.2000000030
7599  36.560  -76.877  22.044 0.1000000015
9775  40.472  -74.830  22.830 0.3000000119
8318  39.823  -75.963  22.360 0.2000000030
8304  38.320  -76.652  22.273 0.1000000015
7579  38.434  -77.056  22.837 0.2000000030
8320  38.804  -76.222  21.808 0.1000000015
7598  37.192  -76.630  21.927 0.1000000015
8322  36.932  -76.218  21.560 0.1000000015
9047  36.787  -75.337  21.328 0.1000000015
8323  35.788  -76.204  21.824 0.1000000015
9812  35.947  -74.127  21.874 0.1000000015
9028  35.306  -75.647  22.002 0.1000000015
9794  35.235  -74.832  22.166 0.1000000015
10589  35.068  -73.908  22.312 0.2000000030
9795  34.446  -74.628  22.575 0.1000000015
9827  39.886  -74.070  20.367 0.1000000015
9828  38.834  -74.074  20.357 0.1000000015
9044  39.443  -75.571  21.415 0.2000000030
9062  37.417  -74.911  20.992 0.1000000015
9060  39.180  -74.892  20.809 0.1000000015
9045  38.513  -75.638  21.228 0.1000000015
9063  37.070  -74.808  21.117 0.1000000015
10608  36.623  -73.391  21.519 0.1000000015
11404  35.255  -72.184  22.027 0.2000000030
10609  35.776  -73.131  22.027 0.2000000030
12172  34.004  -71.371  22.456 0.1000000015
11383  34.934  -73.055  22.443 0.2000000030
12966  33.555  -70.465  22.326 0.2000000030
12943  32.724  -70.591  22.746 0.1000000015
13761  32.228  -69.722  22.452 0.1000000015
9829  37.712  -74.083  20.820 0.1000000015
10625  38.535  -72.959  20.110 0.1000000015
9811  36.888  -74.358  21.291 0.1000000015
12965  34.330  -70.478  21.753 0.2000000030
13773  33.754  -69.606  21.759 0.2000000030
14555  33.288  -68.767  21.611 0.2000000030
13760  33.020  -69.880  22.306 0.2000000030
13775  31.822  -68.981  22.069 0.1000000015
13762  31.367  -69.592  22.383 0.2000000030
9810  37.307  -74.045  21.099 0.1000000015
10626  37.656  -73.141  20.707 0.1000000015
11402  37.160  -72.885  21.086 0.1000000015
11403  36.431  -72.209  21.338 0.2000000030
12191  36.204  -71.106  20.961 0.2000000030
12171  34.875  -71.291  21.739 0.3000000119
14556  32.493  -68.314  21.619 0.3000000119
14557  31.395  -68.326  21.529 0.2000000030
14558  30.645  -68.411  21.159 0.2000000030
13785  30.445  -69.326  21.137 0.2000000030
12975  35.490  -70.241  21.064 0.3000000119
12170  35.661  -71.521  21.472 0.2000000030
15371  33.131  -68.054  21.503 0.3000000119
15348  32.758  -67.485  21.765 0.3000000119
16271  31.923  -66.515  21.926 0.3000000119
15349  31.664  -67.427  21.384 0.3000000119
15350  31.013  -67.788  21.071 0.2000000030
14577  30.454  -68.648  20.347 0.2000000030
17090  32.424  -66.084  22.764 0.4000000060
15370  33.641  -67.873  21.566 0.3000000119
16270  32.857  -66.830  22.239 0.3000000119
13783  34.738  -69.364  21.331 0.2000000030
13784  33.934  -68.890  21.461 0.2000000030
16272  31.229  -66.486  21.109 0.3000000119
15373  30.658  -67.742  20.420 0.2000000030
16289  30.826  -66.505  20.220 0.2000000030
16306  30.632  -67.174  19.806 0.2000000030
17068  31.851  -64.968  23.374 0.3000000119
17091  31.894  -65.795  22.515 0.3000000119
17130  31.110  -65.763  20.637 0.2000000030
17150  31.364  -65.600  19.600 0.2000000030
17166  32.039  -65.721  18.638 0.1000000015
16323  31.111  -66.972  18.531 0.2000000030
16305  30.896  -66.573  19.318 0.2000000030
15387  30.540  -67.987  19.509 0.2000000030
17069  31.511  -64.528  22.961 0.3000000119
17932  31.453  -64.419  21.676 0.3000000119
17092  31.533  -64.903  22.453 0.3000000119
18795  31.496  -63.214  21.812 0.2000000030
18794  31.816  -62.941  21.263 0.2000000030
17111  31.365  -65.589  21.654 0.3000000119
17949  31.459  -64.833  20.641 0.1000000015
17965  31.854  -64.691  19.783 0.1000000015
17148  33.353  -64.714  19.104 0.1000000015
17149  32.337  -65.011  19.147 0.1000000015
17947  32.809  -63.620  19.957 0.1000000015
16321  32.695  -66.156  18.040 0.1000000015
18761  30.982  -63.283  23.664 0.3000000119
18780  31.178  -63.463  22.883 0.2000000030
19639  31.321  -61.971  21.988 0.2000000030
20468  31.408  -60.889  22.001 0.2000000030
21354  31.834  -60.130  21.165 0.1000000015
19638  31.835  -62.468  21.273 0.1000000015
20467  31.826  -61.439  21.193 0.1000000015
18810  32.230  -63.126  20.741 0.1000000015
17963  33.625  -64.075  19.516 0.1000000015
17147  33.965  -64.535  19.147 0.1000000015
19612  30.927  -62.523  22.968 0.2000000030
20494  32.380  -61.078  20.169 0.1000000015
19654  32.423  -62.103  20.627 0.1000000015
20493  32.907  -61.914  19.918 0.1000000015
19653  32.952  -62.636  20.091 0.1000000015
19663  33.561  -62.320  19.314 0.1000000015
19662  34.268  -62.927  19.132 0.1000000015
18825  33.570  -63.193  19.717 0.1000000015
21401  32.071  -59.767  18.806 0.1000000015
19671  34.195  -62.503  18.353 0.1000000015
18824  34.341  -63.646  19.191 0.1000000015
21383  32.115  -59.911  19.871 0.1000000015
9048  36.001  -75.095  21.764 0.1000000015
9061  38.181  -74.934  20.746 0.1000000015
12148  33.765  -71.934  22.900 0.1000000015
19425  41.341  -63.482  34.869 0.5000000000
19414  40.102  -63.468  35.896 0.5000000000
19426  39.977  -63.417  34.783 0.5000000000
19446  41.010  -63.186  33.596 0.5000000000
19387  39.218  -63.328  38.280 0.2000000030
19398  39.827  -63.395  37.710 0.2000000030
19409  39.330  -63.180  36.833 0.3000000119
19408  40.224  -63.448  36.782 0.3000000119
19427  38.860  -63.194  34.759 0.5000000000
19447  39.777  -63.139  33.600 0.5000000000
19461  41.966  -62.689  32.483 0.5000000000
19462  40.671  -62.679  32.386 0.5000000000
19460  43.154  -62.625  32.593 0.5000000000
19458  45.084  -62.775  32.725 0.5000000000
19399  38.690  -63.032  37.757 0.3000000119
20253  38.347  -62.739  36.998 0.3000000119
19415  38.952  -63.069  35.916 0.5000000000
19463  39.495  -62.703  32.601 0.5000000000
19475  42.880  -62.299  31.481 0.5000000000
16131  45.892  -66.298  32.653 0.4000000060
16917  45.895  -65.339  32.744 0.5000000000
17788  46.019  -63.981  32.480 0.5000000000
19472  45.553  -62.838  32.227 0.5000000000
19474  43.949  -62.325  31.623 0.5000000000
15231  45.746  -67.074  32.208 0.4000000060
19388  38.671  -63.361  38.838 0.3000000119
20260  37.988  -62.733  36.305 0.4000000060
19428  37.818  -62.899  34.789 0.5000000000
19448  38.684  -63.005  33.637 0.5000000000
19449  37.750  -62.740  33.581 0.5000000000
19464  38.557  -62.543  32.636 0.5000000000
20296  39.233  -62.199  31.772 0.5000000000
19477  40.665  -62.344  31.447 0.5000000000
18634  45.906  -63.356  32.309 0.5000000000
19473  44.942  -62.566  31.752 0.5000000000
14426  46.005  -68.509  30.602 0.4000000060
15247  46.241  -67.653  31.569 0.4000000060
16107  45.416  -65.758  32.760 0.5000000000
16834  36.978  -65.494  41.333 0.1000000015
18519  36.101  -63.519  40.845 0.1000000015
18534  35.518  -63.151  40.434 0.1000000015
18518  36.851  -63.639  41.040 0.1000000015
18533  36.244  -62.927  40.654 0.1000000015
20215  35.538  -62.350  39.453 0.1000000015
18532  37.104  -63.196  40.585 0.1000000015
19355  36.346  -62.606  39.900 0.1000000015
20227  35.564  -62.076  38.921 0.1000000015
19389  37.718  -62.943  38.772 0.2000000030
19373  37.458  -63.029  39.510 0.1000000015
19400  38.203  -62.987  38.285 0.3000000119
19416  38.149  -62.920  35.604 0.5000000000
20254  37.337  -62.410  36.905 0.4000000060
20269  37.039  -62.610  35.186 0.4000000060
19465  37.839  -62.392  32.629 0.5000000000
20297  38.317  -62.031  31.827 0.5000000000
19476  41.648  -62.311  31.306 0.5000000000
18635  45.444  -63.148  31.650 0.5000000000
17780  45.668  -64.495  32.526 0.5000000000
15248  45.507  -67.610  31.409 0.4000000060
12825  45.544  -69.976  29.672 0.5000000000
14260  34.345  -68.549  41.627 0.1000000015
15072  35.829  -67.739  41.346 0.1000000015
15963  36.329  -66.500  41.116 0.1000000015
16843  36.176  -65.503  40.769 0.1000000015
17695  36.373  -64.387  40.902 0.1000000015
18520  35.735  -63.603  40.683 0.1000000015
18535  34.826  -63.292  39.983 0.1000000015
15983  35.730  -66.081  40.690 0.1000000015
17706  35.907  -64.799  40.568 0.1000000015
20216  35.009  -62.344  39.430 0.1000000015
21117  34.579  -60.783  36.169 0.2000000030
22088  33.866  -60.292  35.689 0.2000000030
19354  37.264  -63.006  40.021 0.1000000015
19374  36.899  -62.747  39.416 0.1000000015
20226  36.270  -62.392  39.147 0.1000000015
21095  35.495  -61.732  38.356 0.1000000015
21116  35.347  -61.320  36.563 0.2000000030
20238  36.999  -62.572  38.605 0.2000000030
20247  36.036  -61.743  37.889 0.1000000015
21104  36.219  -61.772  37.358 0.2000000030
21122  35.262  -61.418  35.521 0.2000000030
21123  34.429  -60.829  35.186 0.2000000030
22096  33.897  -60.262  34.791 0.2000000030
20246  36.697  -62.189  37.701 0.2000000030
20255  36.623  -62.041  37.035 0.2000000030
21120  36.535  -62.082  36.233 0.3000000119
20270  36.507  -62.411  34.703 0.3000000119
20285  36.389  -62.286  33.419 0.4000000060
20284  37.237  -62.476  33.102 0.5000000000
19480  43.647  -62.319  30.582 0.5000000000
20298  37.255  -62.061  32.142 0.4000000060
18648  43.952  -63.169  29.481 0.5000000000
19491  44.078  -62.668  30.046 0.5000000000
17806  44.654  -63.468  30.558 0.5000000000
18647  44.473  -63.066  30.213 0.5000000000
19479  44.456  -62.536  30.786 0.5000000000
20310  39.989  -62.107  30.994 0.5000000000
17781  45.101  -64.508  32.233 0.5000000000
17790  44.695  -64.303  31.584 0.5000000000
17794  45.000  -63.608  31.204 0.5000000000
19481  42.634  -62.311  30.361 0.5000000000
15232  44.913  -67.156  32.357 0.5000000000
16903  45.001  -65.392  32.708 0.5000000000
17789  45.463  -63.889  31.971 0.5000000000
14447  45.650  -68.748  29.732 0.4000000060
15074  33.726  -67.918  41.420 0.1000000015
15073  34.784  -67.849  41.242 0.1000000015
15965  34.301  -67.048  40.859 0.1000000015
15985  33.863  -66.257  40.372 0.1000000015
16847  32.302  -65.408  40.101 0.1000000015
15964  35.312  -66.916  40.906 0.1000000015
15984  34.870  -66.149  40.495 0.1000000015
16845  34.502  -65.167  40.056 0.1000000015
19375  34.454  -63.028  39.701 0.1000000015
19358  34.542  -62.347  39.389 0.1000000015
20229  34.374  -62.023  39.136 0.1000000015
21097  34.052  -61.200  38.031 0.1000000015
21085  35.102  -61.783  38.652 0.1000000015
22078  33.795  -60.431  36.585 0.2000000030
21096  34.847  -61.439  38.100 0.1000000015
21106  34.532  -60.987  37.230 0.2000000030
20271  35.685  -61.943  34.536 0.3000000119
21129  34.898  -61.376  34.437 0.3000000119
21130  34.294  -60.786  34.243 0.2000000030
20286  35.416  -61.763  33.449 0.3000000119
21143  34.669  -61.208  33.417 0.2000000030
20299  36.070  -61.786  32.193 0.4000000060
21156  35.433  -61.214  31.768 0.3000000119
20313  36.994  -61.373  31.220 0.4000000060
19507  42.812  -62.918  28.729 0.5000000000
19493  42.314  -62.568  29.298 0.5000000000
20312  37.936  -61.402  31.152 0.5000000000
19509  41.035  -62.603  27.940 0.5000000000
19510  40.337  -62.231  28.316 0.5000000000
19494  41.044  -62.384  29.069 0.5000000000
19482  41.564  -62.328  30.163 0.6000000238
20311  38.954  -61.528  30.937 0.5000000000
20362  39.837  -62.033  27.952 0.5000000000
19495  40.120  -62.018  28.993 0.5000000000
20316  40.544  -62.191  30.144 0.5000000000
20309  40.907  -62.258  30.814 0.5000000000
12080  44.686  -71.110  28.892 0.4000000060
12842  45.315  -69.854  28.743 0.4000000060
18536  30.793  -63.665  39.915 0.1000000015
17709  31.642  -64.715  39.933 0.1000000015
19378  31.719  -62.537  39.320 0.1000000015
16846  33.387  -65.484  39.914 0.1000000015
17721  32.747  -63.914  39.547 0.1000000015
18555  32.307  -63.233  39.470 0.1000000015
17720  33.587  -63.928  39.584 0.1000000015
19377  32.826  -62.432  39.316 0.1000000015
20230  33.370  -61.854  39.007 0.1000000015
21088  32.970  -61.458  38.485 0.1000000015
21098  33.205  -61.116  38.006 0.1000000015
22079  32.986  -60.172  36.767 0.2000000030
22089  33.258  -59.832  36.044 0.2000000030
22097  33.376  -59.612  35.169 0.2000000030
22108  33.894  -60.360  34.036 0.2000000030
26362  36.902  -55.280  24.317 0.2000000030
21158  34.072  -60.440  32.858 0.2000000030
26372  37.362  -55.840  23.806 0.2000000030
24216  36.781  -57.082  25.611 0.2000000030
24190  36.664  -57.194  26.706 0.2000000030
21157  34.594  -60.762  32.310 0.2000000030
24267  37.606  -57.544  23.836 0.2000000030
23160  37.089  -58.267  25.542 0.2000000030
22199  37.133  -58.732  26.544 0.2000000030
22184  37.196  -58.961  27.602 0.2000000030
23125  36.810  -58.114  27.215 0.3000000119
22170  37.192  -59.121  28.382 0.2000000030
22159  37.358  -59.658  29.408 0.4000000060
22230  37.837  -59.433  25.133 0.2000000030
22213  37.566  -59.181  25.732 0.3000000119
22198  37.723  -59.692  26.874 0.3000000119
22183  37.616  -59.666  28.102 0.4000000060
22169  37.426  -59.516  28.874 0.4000000060
21182  37.683  -60.191  29.923 0.5000000000
21183  37.291  -60.303  30.266 0.4000000060
20381  39.284  -61.735  26.484 0.5000000000
20382  38.825  -61.168  26.595 0.4000000060
21232  38.355  -60.547  26.662 0.4000000060
21213  38.392  -60.495  27.778 0.4000000060
21195  38.607  -60.636  28.713 0.5000000000
21188  38.323  -60.418  29.246 0.5000000000
21189  37.835  -60.086  29.352 0.5000000000
20363  39.220  -61.502  27.578 0.5000000000
20340  39.694  -61.737  28.507 0.5000000000
20326  39.507  -61.480  29.354 0.5000000000
20325  40.109  -62.050  29.566 0.5000000000
20317  39.654  -61.728  30.181 0.5000000000
19360  29.616  -62.732  40.469 0.1000000015
18537  30.335  -63.474  40.185 0.1000000015
19380  30.160  -62.596  40.031 0.1000000015
21090  29.773  -61.084  39.361 0.1000000015
20232  30.949  -61.727  39.089 0.1000000015
21089  30.567  -61.273  38.908 0.1000000015
20241  31.476  -61.452  38.614 0.1000000015
21100  30.961  -60.954  38.346 0.1000000015
21099  32.226  -61.173  38.043 0.1000000015
21109  31.761  -60.365  37.555 0.1000000015
22080  32.239  -59.845  36.950 0.2000000030
22091  31.922  -59.311  36.469 0.2000000030
22090  32.515  -59.436  36.191 0.2000000030
22109  33.539  -59.839  34.222 0.2000000030
22118  33.756  -60.195  33.387 0.2000000030
27361  36.497  -54.723  24.834 0.1000000015
26363  36.616  -55.636  25.008 0.2000000030
25311  36.722  -56.418  25.291 0.2000000030
24217  36.656  -56.693  26.183 0.2000000030
22125  34.463  -60.340  31.928 0.2000000030
28347  36.410  -53.668  24.696 0.1000000015
26349  36.376  -55.184  25.450 0.1000000015
25291  36.549  -55.741  26.601 0.1000000015
24164  36.602  -56.745  27.251 0.1000000015
23108  36.826  -58.405  28.287 0.1000000015
23089  37.018  -58.995  28.931 0.2000000030
21172  35.719  -60.802  31.008 0.3000000119
21173  35.116  -60.797  31.521 0.2000000030
24138  36.367  -57.504  28.415 0.1000000015
23090  36.480  -58.262  28.970 0.1000000015
22160  36.841  -59.122  29.317 0.3000000119
22130  36.636  -60.203  30.337 0.2000000030
20318  38.903  -61.146  30.002 0.5000000000
21181  38.334  -60.526  29.736 0.5000000000
21169  38.268  -60.860  30.398 0.5000000000
20327  38.789  -60.876  29.329 0.5000000000
20219  28.947  -62.005  40.741 0.1000000015
21076  28.825  -60.944  40.458 0.1000000015
21091  28.945  -60.305  39.726 0.1000000015
21075  29.350  -61.233  39.989 0.1000000015
22071  29.002  -59.880  39.001 0.1000000015
21101  29.883  -60.396  38.521 0.1000000015
22082  30.445  -59.533  37.374 0.1000000015
22083  29.929  -59.574  37.712 0.1000000015
22081  31.334  -59.492  36.936 0.1000000015
23044  32.845  -59.164  35.142 0.2000000030
23053  32.898  -59.165  34.391 0.2000000030
22119  33.303  -59.602  33.393 0.2000000030
22127  33.172  -59.307  32.609 0.2000000030
22126  33.941  -59.989  32.312 0.2000000030
28335  36.049  -53.110  25.312 0.1000000015
27351  36.049  -54.272  25.581 0.1000000015
26314  36.317  -55.088  27.046 0.1000000015
25268  36.551  -56.076  27.389 0.1000000015
25245  36.388  -57.027  28.031 0.1000000015
22146  34.864  -59.180  30.466 0.1000000015
22132  34.879  -60.215  31.158 0.2000000030
22133  34.106  -59.416  31.236 0.2000000030
25246  36.162  -56.588  28.210 0.1000000015
24117  35.969  -57.519  28.833 0.1000000015
23074  36.264  -58.875  29.665 0.2000000030
22145  35.772  -59.488  30.234 0.2000000030
23005  28.297  -58.811  40.761 0.1000000015
22060  28.581  -59.769  40.236 0.1000000015
25046  28.474  -56.901  40.669 0.1000000015
23021  28.584  -58.950  39.549 0.1000000015
25083  28.515  -57.410  39.159 0.1000000015
24015  28.755  -57.737  38.439 0.1000000015
23030  29.590  -58.774  37.573 0.1000000015
22076  29.571  -59.651  38.202 0.1000000015
23029  30.620  -58.864  36.766 0.1000000015
24029  30.969  -57.851  35.767 0.1000000015
23046  31.448  -58.225  35.526 0.1000000015
24042  31.395  -57.432  35.070 0.1000000015
24041  31.865  -57.827  34.479 0.1000000015
23045  32.156  -58.685  35.275 0.2000000030
23057  32.763  -58.868  33.300 0.2000000030
23063  32.845  -58.422  32.182 0.2000000030
23068  33.549  -58.655  31.220 0.1000000015
23062  33.455  -59.232  31.889 0.2000000030
30232  36.380  -51.410  25.658 0.1000000015
28318  35.465  -53.206  26.668 0.1000000015
27336  35.693  -53.943  26.628 0.1000000015
26315  35.957  -54.661  27.659 0.1000000015
22147  34.211  -58.792  30.630 0.2000000030
27321  35.372  -53.895  27.533 0.1000000015
26299  35.457  -54.850  28.421 0.1000000015
26298  36.183  -55.453  27.964 0.1000000015
25228  35.559  -56.649  28.843 0.1000000015
23091  35.792  -58.160  29.441 0.1000000015
23075  35.507  -58.644  29.967 0.2000000030
25063  28.742  -56.237  40.162 0.1000000015
25082  28.695  -56.530  39.127 0.1000000015
25097  28.994  -56.579  38.070 0.1000000015
24031  29.769  -57.093  36.804 0.1000000015
24043  30.842  -57.039  35.664 0.1000000015
24054  32.060  -57.364  33.755 0.1000000015
24068  32.366  -57.218  32.883 0.2000000030
23058  32.440  -58.029  33.125 0.2000000030
24093  32.661  -56.831  31.600 0.1000000015
23064  32.552  -57.793  32.570 0.2000000030
29251  34.439  -52.332  28.080 0.1000000015
28289  34.082  -53.139  28.398 0.1000000015
27296  33.597  -53.952  29.226 0.1000000015
26286  33.700  -54.849  29.369 0.1000000015
25217  32.990  -55.980  30.615 0.1000000015
24107  33.431  -57.550  30.681 0.1000000015
24092  32.918  -57.436  31.390 0.1000000015
30233  35.736  -51.863  26.216 0.1000000015
29265  35.354  -52.297  26.803 0.1000000015
27322  34.934  -53.725  28.027 0.1000000015
27295  34.150  -54.352  28.855 0.1000000015
26285  34.549  -55.208  29.011 0.1000000015
25215  34.232  -56.942  29.665 0.1000000015
24106  34.250  -57.524  29.902 0.1000000015
23077  33.905  -58.195  30.503 0.1000000015
27306  35.040  -54.111  28.241 0.1000000015
26284  35.221  -55.780  28.872 0.1000000015
24118  35.066  -57.512  29.494 0.1000000015
23076  34.746  -58.229  30.046 0.1000000015
26159  29.237  -55.686  38.702 0.1000000015
26171  29.356  -55.773  37.815 0.1000000015
25117  30.005  -56.269  36.606 0.1000000015
25141  30.563  -56.432  36.006 0.1000000015
25140  30.984  -56.210  35.363 0.1000000015
25157  31.895  -56.641  34.018 0.1000000015
29192  33.327  -52.268  31.322 0.1000000015
29193  32.802  -52.694  31.104 0.1000000015
27279  32.091  -54.244  31.631 0.1000000015
26263  32.118  -55.315  31.893 0.1000000015
25174  32.051  -56.289  33.401 0.1000000015
30131  34.319  -51.398  30.028 0.1000000015
29205  33.829  -51.798  30.702 0.1000000015
28269  32.881  -53.363  30.274 0.1000000015
27288  32.523  -53.860  30.781 0.1000000015
26275  32.540  -55.041  30.824 0.1000000015
25204  32.582  -56.059  31.349 0.1000000015
30148  34.839  -51.068  29.138 0.1000000015
29235  33.823  -52.430  28.901 0.1000000015
29220  33.487  -52.483  29.566 0.1000000015
27287  33.095  -54.250  30.006 0.1000000015
25203  33.003  -56.754  30.923 0.1000000015
26203  30.902  -55.439  35.444 0.1000000015
27239  31.241  -54.467  34.612 0.1000000015
26235  31.679  -55.430  33.852 0.1000000015
28212  31.526  -53.457  34.318 0.1000000015
27251  31.512  -54.290  33.718 0.1000000015
26234  31.963  -55.715  33.411 0.1000000015
29191  34.173  -52.044  31.475 0.1000000015
29181  32.750  -52.722  31.970 0.1000000015
28242  32.008  -53.486  32.611 0.1000000015
27265  31.714  -54.058  33.064 0.1000000015
26249  31.968  -55.487  32.941 0.1000000015
29204  34.781  -51.531  30.778 0.1000000015
28257  32.416  -53.305  31.464 0.1000000015
20295  40.021  -62.402  31.815 0.5000000000
20261  37.248  -62.528  35.952 0.4000000060
17694  37.456  -64.558  41.417 0.1000000015
20228  35.058  -61.947  38.907 0.1000000015
20237  37.484  -62.704  38.402 0.2000000030
20262  36.537  -62.239  35.650 0.4000000060
17707  35.415  -64.133  40.437 0.1000000015
21105  35.522  -61.471  37.481 0.2000000030
21121  35.986  -61.760  36.053 0.2000000030
20263  35.965  -61.993  35.365 0.3000000119
19492  43.352  -62.644  29.528 0.5000000000
15966  33.291  -67.069  40.948 0.1000000015
15986  32.823  -66.280  40.532 0.1000000015
16858  33.023  -64.689  39.621 0.1000000015
17708  34.425  -64.044  39.829 0.1000000015
19376  34.009  -62.515  39.447 0.1000000015
18553  34.131  -63.258  39.650 0.1000000015
21087  33.745  -61.505  38.587 0.1000000015
21086  34.503  -61.636  38.621 0.1000000015
21107  33.540  -60.717  37.386 0.1000000015
20314  36.194  -61.247  31.258 0.4000000060
19508  42.011  -62.919  28.067 0.5000000000
19528  39.630  -62.018  26.934 0.5000000000
18556  31.296  -63.501  39.661 0.1000000015
19379  30.692  -62.752  39.744 0.1000000015
20231  32.187  -61.742  38.746 0.1000000015
21108  32.671  -60.561  37.468 0.1000000015
22098  32.873  -59.289  35.610 0.2000000030
25332  36.919  -56.364  24.665 0.2000000030
24242  37.250  -57.594  24.570 0.2000000030
23144  36.804  -57.914  26.315 0.2000000030
24163  36.589  -57.366  27.700 0.1000000015
23178  37.657  -58.792  24.706 0.2000000030
22143  37.401  -59.904  29.715 0.4000000060
22212  38.119  -60.038  25.662 0.5000000000
23177  37.947  -59.088  24.372 0.2000000030
21196  38.000  -60.144  28.763 0.5000000000
21170  37.558  -60.721  30.605 0.5000000000
22144  36.872  -59.837  29.953 0.3000000119
20393  38.928  -61.376  25.789 0.5000000000
21252  38.559  -60.827  25.907 0.5000000000
20364  38.688  -60.937  27.161 0.5000000000
20341  39.119  -61.182  28.655 0.5000000000
20218  29.445  -61.674  40.140 0.1000000015
20233  30.119  -62.080  39.814 0.1000000015
20240  31.730  -61.356  38.389 0.1000000015
22075  30.271  -60.106  37.908 0.1000000015
21110  30.958  -60.158  37.561 0.1000000015
23036  32.023  -59.032  36.047 0.2000000030
25312  36.603  -56.054  25.783 0.1000000015
26332  36.264  -55.166  26.137 0.1000000015
22048  28.215  -59.864  41.307 0.1000000015
23024  28.936  -58.952  38.660 0.1000000015
23028  31.104  -59.096  36.571 0.1000000015
23037  31.377  -58.756  36.178 0.2000000030
23054  32.305  -58.365  34.054 0.2000000030
29298  36.478  -52.484  24.595 0.1000000015
28336  35.753  -53.526  26.017 0.1000000015
27352  35.802  -54.085  26.137 0.1000000015
27335  35.957  -54.516  26.420 0.1000000015
22987  27.978  -58.785  41.833 0.1000000015
25045  28.823  -56.204  40.951 0.1000000015
25064  28.456  -57.117  39.802 0.1000000015
23987  28.376  -57.881  40.270 0.1000000015
24005  28.509  -57.906  39.474 0.1000000015
24020  29.956  -57.979  36.741 0.1000000015
24021  29.295  -57.455  37.394 0.1000000015
23038  30.630  -58.176  36.283 0.1000000015
23069  33.136  -58.042  31.346 0.2000000030
23078  33.485  -58.136  30.930 0.1000000015
29285  36.144  -52.232  25.243 0.1000000015
28303  35.122  -53.034  27.234 0.1000000015
27320  35.894  -54.398  27.060 0.1000000015
25247  35.773  -55.834  28.516 0.1000000015
23092  35.319  -58.119  29.771 0.1000000015
26144  29.391  -55.469  39.771 0.1000000015
25118  29.464  -56.488  37.279 0.1000000015
24030  30.382  -57.264  36.250 0.1000000015
25158  31.565  -56.334  34.511 0.1000000015
24055  31.759  -57.114  34.367 0.1000000015
25191  32.304  -56.388  32.294 0.1000000015
28290  33.683  -53.222  29.001 0.1000000015
30185  34.657  -51.763  28.153 0.1000000015
30184  35.107  -51.664  27.634 0.1000000015
28304  34.695  -53.230  27.814 0.1000000015
28279  33.277  -53.227  29.630 0.1000000015
26274  33.280  -55.419  30.028 0.1000000015
25230  33.905  -55.732  29.487 0.1000000015
25216  33.652  -56.574  30.020 0.1000000015
24105  34.706  -57.759  29.818 0.1000000015
27199  29.566  -55.134  38.282 0.1000000015
26170  29.736  -55.144  37.545 0.1000000015
26185  29.982  -55.417  36.869 0.1000000015
26204  30.481  -55.399  36.083 0.1000000015
26220  31.236  -55.429  34.885 0.1000000015
29206  33.170  -52.521  30.386 0.1000000015
29180  33.534  -52.402  32.211 0.1000000015
27264  31.860  -54.554  32.539 0.1000000015
30150  33.609  -52.060  29.618 0.1000000015
27228  30.892  -54.737  35.441 0.1000000015
26250  31.750  -54.754  33.222 0.1000000015
28229  31.705  -53.647  33.380 0.1000000015
28211  31.834  -52.944  34.182 0.1000000015
29167  32.786  -52.692  33.101 0.1000000015
17702  42.422  -65.002  40.337 0.1000000015
16854  43.121  -65.272  39.752 0.1000000015
17731  42.238  -64.474  38.731 0.1000000015
18567  41.427  -64.210  38.662 0.1000000015
18577  40.830  -63.811  37.741 0.1000000015
17719  41.261  -64.390  40.372 0.1000000015
18550  40.666  -64.065  39.847 0.1000000015
16841  42.732  -65.832  40.441 0.2000000030
18569  39.766  -63.588  38.893 0.1000000015
16863  43.468  -65.413  38.614 0.2000000030
17730  42.956  -64.674  38.600 0.1000000015
17738  42.538  -64.467  38.161 0.1000000015
19397  40.401  -63.505  37.271 0.1000000015
16027  43.653  -66.343  37.799 0.2000000030
17729  43.224  -64.811  38.121 0.2000000030
18576  42.014  -64.251  37.654 0.2000000030
17737  42.898  -64.474  37.589 0.2000000030
18584  42.315  -63.968  36.599 0.2000000030
19407  40.794  -63.565  36.935 0.3000000119
18585  41.495  -63.770  36.827 0.3000000119
19413  41.061  -63.631  36.099 0.3000000119
17745  43.264  -64.611  36.966 0.2000000030
18583  43.089  -64.262  36.430 0.2000000030
16045  44.100  -65.982  36.731 0.2000000030
18593  41.952  -63.676  35.940 0.2000000030
16880  43.993  -65.354  36.558 0.2000000030
12777  42.589  -70.002  35.098 0.1000000015
16871  43.667  -65.454  37.262 0.2000000030
18605  41.689  -63.556  35.475 0.3000000119
13541  43.059  -69.406  35.731 0.1000000015
15163  43.703  -67.097  36.757 0.1000000015
18582  43.663  -64.325  35.871 0.2000000030
18592  42.769  -63.798  35.660 0.2000000030
18604  42.381  -63.454  34.977 0.4000000060
14350  43.609  -68.315  36.099 0.2000000030
17744  43.855  -64.760  36.341 0.2000000030
15180  44.000  -67.491  36.052 0.2000000030
12787  43.218  -70.378  34.378 0.1000000015
13566  43.745  -69.672  34.077 0.2000000030
12776  42.990  -70.054  35.026 0.1000000015
13559  43.478  -69.452  34.873 0.1000000015
16044  44.494  -66.025  36.054 0.2000000030
18590  44.209  -64.335  35.382 0.2000000030
18591  43.558  -64.014  35.382 0.2000000030
18603  43.366  -63.508  34.664 0.4000000060
14369  43.489  -68.915  35.432 0.1000000015
18602  44.424  -63.751  34.504 0.4000000060
19424  42.196  -63.386  34.447 0.4000000060
15179  44.585  -66.763  35.705 0.3000000119
16886  45.010  -65.172  35.443 0.3000000119
14349  44.196  -67.705  35.586 0.2000000030
15193  44.761  -67.481  35.079 0.4000000060
19445  42.278  -63.183  33.673 0.4000000060
17750  44.893  -64.665  35.284 0.3000000119
16089  45.960  -65.591  34.636 0.4000000060
16067  45.569  -65.865  35.099 0.3000000119
28358  37.950  -53.463  22.936 0.1000000015
27369  37.312  -54.842  23.615 0.1000000015
19444  43.413  -63.112  33.699 0.4000000060
17759  46.002  -64.443  34.226 0.4000000060
16885  45.508  -65.136  35.104 0.3000000119
18601  45.294  -64.125  34.591 0.4000000060
18615  45.858  -63.868  33.863 0.4000000060
29333  38.562  -53.180  22.460 0.1000000015
28383  37.782  -54.457  22.977 0.1000000015
19459  44.222  -62.597  32.655 0.5000000000
19443  44.472  -63.087  33.442 0.5000000000
27393  37.762  -55.436  23.132 0.1000000015
26394  37.827  -56.315  23.333 0.1000000015
26392  38.708  -55.706  22.234 0.1000000015
26393  38.288  -56.041  22.761 0.1000000015
25342  37.812  -57.210  23.489 0.1000000015
17718  41.727  -64.436  39.728 0.1000000015
18578  40.266  -63.639  38.278 0.1000000015
18549  41.132  -64.155  39.283 0.1000000015
17703  41.678  -64.681  40.787 0.1000000015
17704  40.864  -64.376  40.930 0.1000000015
18570  39.211  -63.547  39.404 0.1000000015
25343  37.488  -56.815  23.846 0.1000000015
15977  42.683  -66.417  40.238 0.1000000015
17743  44.402  -64.816  35.775 0.2000000030
18618  42.965  -63.335  34.395 0.4000000060
18589  44.764  -64.159  34.956 0.3000000119
19422  44.426  -63.403  33.922 0.4000000060
28382  38.355  -54.142  22.437 0.1000000015
17690  41.285  -64.906  41.601 0.1000000015
12076  32.049  -71.399  30.041 0.1000000015
11281  31.826  -72.200  29.345 0.1000000015
11251  33.276  -73.643  31.918 0.1000000015
11291  31.165  -71.946  28.552 0.1000000015
12068  33.438  -72.891  32.075 0.1000000015
12082  31.556  -71.150  29.289 0.1000000015
11292  30.203  -71.890  27.925 0.1000000015
11307  29.047  -71.739  27.618 0.1000000015
10479  30.599  -72.826  28.265 0.1000000015
6649  31.968  -79.042  38.584 0.1000000015
11254  27.336  -72.741  31.249 0.1000000015
11268  26.959  -72.252  30.532 0.1000000015
12069  33.133  -71.883  31.636 0.1000000015
12078  27.136  -71.683  29.943 0.1000000015
12075  32.436  -71.605  30.709 0.1000000015
12092  28.083  -71.212  28.584 0.1000000015
12101  27.832  -71.614  27.868 0.1000000015
11238  33.723  -73.669  32.673 0.1000000015
6636  30.477  -78.304  39.734 0.1000000015
6634  32.268  -78.604  39.133 0.1000000015
7376  32.983  -78.289  37.670 0.1000000015
6638  28.911  -78.477  40.366 0.1000000015
6637  29.564  -78.379  40.126 0.1000000015
6635  31.446  -78.505  39.430 0.1000000015
8111  31.827  -77.184  37.144 0.1000000015
10399  28.884  -74.098  33.580 0.1000000015
10421  27.991  -73.377  32.166 0.1000000015
12827  32.202  -71.001  30.576 0.1000000015
12828  31.841  -70.410  30.297 0.1000000015
12089  30.716  -70.945  28.568 0.1000000015
12063  33.525  -71.437  32.412 0.1000000015
11222  34.289  -73.277  33.588 0.1000000015
7343  32.310  -78.040  39.568 0.1000000015
8095  32.494  -77.586  38.811 0.1000000015
6624  28.581  -78.805  40.978 0.1000000015
6623  29.409  -78.893  40.826 0.1000000015
6622  30.105  -78.709  40.697 0.1000000015
6620  31.794  -78.426  39.841 0.1000000015
8096  32.012  -76.867  38.827 0.1000000015
8104  32.425  -77.201  37.946 0.1000000015
8824  31.220  -75.960  37.067 0.1000000015
9601  30.479  -74.924  36.376 0.1000000015
9602  29.941  -74.848  35.437 0.1000000015
9612  29.273  -74.948  34.518 0.1000000015
11223  29.037  -73.014  33.871 0.1000000015
11239  28.745  -73.286  33.265 0.1000000015
11240  28.402  -72.946  32.676 0.1000000015
11253  27.868  -72.622  31.693 0.1000000015
13623  29.149  -69.766  29.647 0.1000000015
12820  32.460  -70.629  31.207 0.1000000015
12834  31.087  -70.235  29.387 0.1000000015
12836  29.505  -70.075  29.110 0.1000000015
12850  29.186  -70.560  28.630 0.1000000015
12062  33.833  -72.243  32.807 0.1000000015
8802  31.365  -76.100  38.749 0.1000000015
6625  27.735  -78.722  41.415 0.1000000015
6608  29.329  -79.336  41.452 0.1000000015
6621  30.835  -78.400  40.512 0.1000000015
7344  31.745  -77.663  40.013 0.1000000015
8079  31.281  -76.957  39.790 0.1000000015
8815  31.179  -75.425  37.909 0.1000000015
9586  30.701  -74.873  37.144 0.1000000015
10381  29.992  -73.821  35.927 0.1000000015
11202  29.434  -72.875  34.836 0.1000000015
6609  28.677  -79.313  41.859 0.1000000015
5882  29.314  -79.523  42.165 0.1000000015
5902  30.272  -78.998  41.287 0.1000000015
6606  30.581  -78.540  41.312 0.1000000015
7327  30.933  -77.810  40.733 0.1000000015
10390  29.486  -73.909  34.665 0.1000000015
11224  28.740  -72.782  33.287 0.1000000015
12815  28.139  -70.717  32.411 0.1000000015
12064  28.189  -71.760  32.084 0.1000000015
13605  28.561  -69.754  30.419 0.1000000015
12822  28.065  -70.718  31.296 0.1000000015
14435  29.880  -68.900  30.435 0.1000000015
12829  28.128  -70.837  30.426 0.1000000015
13590  32.246  -69.869  31.259 0.1000000015
13602  31.243  -69.715  30.007 0.1000000015
13622  29.978  -69.604  29.607 0.1000000015
12814  33.222  -70.714  32.115 0.1000000015
12813  34.105  -71.005  32.817 0.1000000015
12055  34.599  -72.303  33.550 0.1000000015
11220  35.647  -72.549  34.233 0.1000000015
12054  35.329  -72.141  33.833 0.1000000015
8786  30.828  -76.001  39.281 0.1000000015
8803  30.660  -75.315  38.590 0.1000000015
6610  27.665  -79.090  42.165 0.1000000015
6598  28.616  -79.043  42.758 0.1000000015
6597  29.733  -78.678  42.451 0.1000000015
7328  30.428  -77.567  41.254 0.1000000015
8064  30.583  -77.170  40.546 0.1000000015
8080  30.392  -76.402  39.872 0.1000000015
9573  30.528  -74.579  37.836 0.1000000015
10363  30.284  -74.090  37.003 0.1000000015
11180  29.525  -72.560  35.796 0.1000000015
5880  30.158  -78.932  42.256 0.1000000015
12042  29.161  -71.723  34.683 0.1000000015
12057  28.705  -71.889  33.395 0.1000000015
12043  28.781  -71.174  34.010 0.1000000015
12804  28.416  -70.585  33.446 0.1000000015
14422  29.189  -68.265  31.144 0.1000000015
14423  28.389  -68.567  31.828 0.1000000015
13582  32.635  -69.580  31.822 0.1000000015
14408  32.532  -68.486  32.026 0.1000000015
13583  32.076  -68.993  31.766 0.1000000015
14420  31.040  -68.432  31.267 0.1000000015
14436  29.283  -68.873  30.605 0.1000000015
14407  33.427  -68.750  32.279 0.1000000015
13592  30.908  -68.787  30.813 0.1000000015
13581  33.693  -69.836  32.444 0.1000000015
14406  34.376  -69.043  32.425 0.1000000015
12802  34.841  -71.539  33.319 0.1000000015
12053  36.167  -72.156  33.952 0.1000000015
5872  26.260  -79.568  43.536 0.1000000015
5885  26.010  -79.515  43.108 0.1000000015
6600  26.317  -79.340  42.702 0.1000000015
7293  28.001  -78.080  43.680 0.1000000015
7304  29.111  -77.962  42.814 0.1000000015
5871  26.897  -79.601  43.459 0.1000000015
7292  28.518  -78.474  43.224 0.1000000015
7314  29.812  -77.580  41.827 0.1000000015
8065  29.720  -76.680  40.639 0.1000000015
8787  30.081  -75.468  39.271 0.1000000015
9559  29.786  -74.395  38.572 0.1000000015
10353  29.956  -73.815  37.663 0.1000000015
10346  29.586  -73.655  38.096 0.1000000015
11164  29.314  -72.307  36.789 0.1000000015
12790  28.926  -71.175  35.092 0.1000000015
12791  28.611  -70.564  34.551 0.1000000015
12779  28.724  -70.872  35.387 0.1000000015
13573  28.132  -69.548  33.656 0.1000000015
14410  28.124  -68.589  32.883 0.1000000015
15256  29.103  -67.654  31.832 0.1000000015
14409  31.731  -68.429  31.729 0.1000000015
15255  30.014  -67.830  31.500 0.1000000015
15239  33.220  -67.486  32.317 0.1000000015
15240  32.171  -67.621  32.068 0.1000000015
15238  34.221  -68.047  32.412 0.1000000015
13580  34.682  -69.988  32.594 0.1000000015
12812  35.152  -70.801  32.882 0.1000000015
12801  35.690  -71.419  33.341 0.1000000015
9528  28.234  -75.208  41.033 0.1000000015
9537  28.277  -74.575  40.495 0.1000000015
5860  25.895  -79.463  44.069 0.1000000015
6589  26.666  -79.435  43.911 0.1000000015
7283  27.471  -78.487  44.038 0.1000000015
8042  28.959  -77.414  42.296 0.1000000015
8066  29.015  -76.236  40.786 0.1000000015
8789  28.731  -74.854  39.852 0.1000000015
10337  28.819  -73.921  39.122 0.1000000015
6588  27.468  -78.992  43.698 0.1000000015
8052  29.035  -76.944  41.600 0.1000000015
8775  29.292  -75.955  40.259 0.1000000015
10347  28.958  -73.410  38.493 0.1000000015
11157  28.655  -72.339  37.735 0.1000000015
12007  28.195  -70.484  36.554 0.1000000015
10354  29.435  -73.105  37.608 0.1000000015
12780  28.303  -70.101  35.579 0.1000000015
14392  28.006  -68.464  33.829 0.1000000015
15244  28.340  -67.688  33.178 0.1000000015
16138  30.854  -66.689  32.646 0.1000000015
15243  29.058  -67.133  32.702 0.1000000015
16136  32.556  -66.987  32.306 0.1000000015
16137  31.861  -66.826  32.419 0.1000000015
15241  31.054  -67.586  31.834 0.1000000015
14405  35.250  -69.213  32.438 0.1000000015
8749  26.985  -76.134  43.225 0.1000000015
7285  25.785  -78.066  44.746 0.1000000015
8736  26.610  -76.709  43.802 0.1000000015
8757  27.589  -76.074  42.408 0.1000000015
8767  27.879  -75.556  41.619 0.1000000015
9538  27.790  -73.972  40.788 0.1000000015
6579  24.518  -79.439  44.605 0.1000000015
6578  25.295  -78.979  44.614 0.1000000015
7284  27.022  -78.085  44.272 0.1000000015
8033  27.334  -77.225  43.508 0.1000000015
8053  28.213  -76.379  41.828 0.1000000015
10327  28.106  -73.866  40.199 0.1000000015
10338  28.258  -73.369  39.488 0.1000000015
11150  28.017  -72.184  38.587 0.1000000015
10348  28.349  -72.889  38.835 0.1000000015
12751  27.758  -70.049  36.984 0.1000000015
13544  27.803  -68.957  35.626 0.1000000015
14373  27.928  -68.252  34.725 0.1000000015
15219  28.270  -67.437  34.065 0.1000000015
15218  28.686  -67.035  33.432 0.1000000015
16115  30.608  -66.234  33.569 0.1000000015
16113  32.836  -66.360  32.912 0.1000000015
15215  35.012  -67.529  32.655 0.1000000015
15214  35.919  -68.033  32.619 0.1000000015
8024  25.476  -76.993  44.680 0.1000000015
8758  27.003  -75.343  42.747 0.1000000015
10303  27.077  -74.256  41.941 0.1000000015
8023  26.286  -77.281  44.265 0.1000000015
9519  27.317  -75.052  42.106 0.1000000015
10339  27.649  -72.723  39.844 0.1000000015
11140  27.452  -71.966  39.545 0.1000000015
11151  27.579  -71.470  38.924 0.1000000015
11985  27.394  -70.726  38.657 0.1000000015
12752  27.488  -69.625  37.632 0.1000000015
12761  27.660  -69.547  36.930 0.1000000015
15185  27.793  -67.801  35.872 0.1000000015
14353  27.799  -67.983  35.459 0.1000000015
16079  29.870  -66.251  35.372 0.1000000015
15199  28.166  -67.363  34.918 0.1000000015
16097  31.222  -66.003  34.339 0.1000000015
16098  30.271  -66.073  34.513 0.1000000015
16096  32.259  -65.933  34.145 0.1000000015
16114  31.620  -66.259  33.294 0.1000000015
16095  33.374  -65.923  34.089 0.1000000015
16111  34.903  -66.716  33.225 0.1000000015
15198  36.303  -67.283  33.118 0.1000000015
15211  38.611  -68.202  33.544 0.1000000015
9500  26.319  -75.833  43.765 0.1000000015
9509  26.409  -74.996  43.378 0.1000000015
11114  27.055  -72.815  41.143 0.1000000015
11129  27.097  -72.255  40.531 0.1000000015
8737  25.896  -76.293  44.238 0.1000000015
10316  27.244  -73.596  41.416 0.1000000015
11975  27.119  -71.068  39.470 0.1000000015
13524  27.609  -68.866  36.777 0.1000000015
14340  27.639  -68.058  36.660 0.1000000015
15172  28.275  -67.108  36.384 0.1000000015
16077  31.737  -66.086  35.213 0.1000000015
16078  30.789  -66.171  35.324 0.1000000015
16094  34.543  -66.057  34.110 0.1000000015
16093  35.897  -66.527  33.971 0.1000000015
15197  37.018  -67.211  33.525 0.1000000015
15195  39.272  -67.557  34.296 0.1000000015
14352  41.013  -68.272  34.833 0.1000000015
9501  25.713  -75.099  44.219 0.1000000015
10287  26.232  -73.893  43.239 0.1000000015
10304  26.611  -73.471  42.382 0.1000000015
11115  26.611  -72.075  41.536 0.1000000015
11130  26.694  -71.532  41.000 0.1000000015
10317  26.741  -72.877  41.766 0.1000000015
12721  26.855  -70.699  39.968 0.1000000015
12743  27.243  -69.794  38.670 0.1000000015
15134  28.007  -67.440  37.560 0.1000000015
16035  29.978  -66.638  36.997 0.1000000015
16057  30.291  -66.483  36.324 0.1000000015
16032  37.628  -66.349  37.795 0.1000000015
16033  36.537  -66.912  37.438 0.1000000015
16052  35.233  -66.610  36.405 0.1000000015
16053  34.108  -66.490  36.181 0.1000000015
16055  32.129  -66.513  36.006 0.1000000015
16056  31.250  -66.464  36.052 0.1000000015
16050  37.442  -66.302  36.669 0.1000000015
16051  36.387  -66.525  36.457 0.1000000015
16054  33.083  -66.530  36.035 0.1000000015
16031  39.031  -65.874  38.239 0.1000000015
16049  38.660  -65.986  36.870 0.1000000015
16072  37.285  -66.376  35.605 0.1000000015
16073  36.169  -66.345  35.394 0.1000000015
16075  33.810  -66.037  35.191 0.1000000015
16873  39.726  -65.930  38.522 0.1000000015
16030  40.278  -66.033  38.019 0.1000000015
16070  39.722  -66.464  35.913 0.1000000015
16090  39.121  -66.781  35.140 0.1000000015
16092  37.117  -66.688  34.530 0.1000000015
15181  41.615  -67.906  36.334 0.1000000015
15183  39.897  -67.153  35.097 0.1000000015
14351  41.681  -68.574  35.579 0.1000000015
11063  25.456  -72.825  44.580 0.1000000015
9510  25.869  -74.254  43.831 0.1000000015
10288  25.777  -73.397  43.914 0.1000000015
11079  26.056  -72.780  43.342 0.1000000015
11096  26.340  -72.368  42.436 0.1000000015
11932  26.312  -71.472  42.341 0.1000000015
11966  26.647  -70.903  41.028 0.1000000015
12722  26.723  -70.277  40.575 0.1000000015
12735  26.811  -69.853  40.167 0.1000000015
12734  26.934  -70.146  39.603 0.1000000015
13504  27.416  -68.872  38.483 0.1000000015
14317  27.752  -67.936  38.186 0.1000000015
15155  29.526  -66.880  37.453 0.1000000015
15152  32.678  -67.701  37.255 0.1000000015
15171  30.937  -66.688  36.613 0.1000000015
15166  35.012  -67.238  37.127 0.1000000015
15167  34.265  -67.183  36.880 0.1000000015
15169  32.412  -67.103  36.710 0.1000000015
16017  36.935  -67.095  38.268 0.1000000015
16013  41.335  -66.697  39.249 0.1000000015
16029  41.062  -66.556  38.421 0.1000000015
11916  25.810  -72.140  44.136 0.1000000015
11080  25.767  -72.774  43.998 0.1000000015
12683  26.684  -70.386  42.770 0.1000000015
11915  26.163  -71.516  43.378 0.1000000015
11950  26.435  -71.104  41.687 0.1000000015
12702  26.610  -70.341  41.605 0.1000000015
13470  27.044  -69.443  40.552 0.1000000015
13491  27.282  -69.112  39.630 0.1000000015
14303  27.847  -68.239  39.111 0.1000000015
15132  29.861  -67.282  38.142 0.1000000015
15110  28.739  -67.570  38.773 0.1000000015
14330  32.307  -67.991  37.741 0.1000000015
15130  31.473  -67.906  38.194 0.1000000015
15131  30.850  -67.653  38.231 0.1000000015
15148  36.294  -67.572  38.095 0.1000000015
14326  35.278  -68.522  38.109 0.1000000015
15154  30.614  -66.952  37.299 0.1000000015
16016  37.728  -66.806  39.088 0.1000000015
15128  36.682  -68.003  38.864 0.1000000015
15168  33.342  -67.169  36.714 0.1000000015
16015  39.130  -66.204  39.360 0.1000000015
11900  26.116  -71.283  44.578 0.1000000015
13425  26.791  -69.904  42.097 0.1000000015
13447  26.913  -69.671  41.465 0.1000000015
13446  27.689  -69.109  41.414 0.1000000015
13469  27.612  -68.890  40.540 0.1000000015
14280  28.159  -68.362  40.107 0.1000000015
14302  28.715  -67.844  39.332 0.1000000015
14300  30.823  -68.191  39.087 0.1000000015
15108  30.123  -67.648  38.764 0.1000000015
14329  32.823  -68.260  37.694 0.1000000015
14314  31.987  -68.382  38.411 0.1000000015
14328  33.665  -68.390  37.760 0.1000000015
16014  39.809  -66.222  39.538 0.1000000015
15998  42.136  -66.683  39.722 0.1000000015
12665  26.754  -70.617  44.153 0.1000000015
12664  27.625  -69.982  43.885 0.1000000015
12682  27.367  -69.868  43.098 0.1000000015
13407  28.332  -69.593  42.923 0.1000000015
13408  27.871  -69.683  43.248 0.1000000015
13445  28.716  -68.974  41.457 0.1000000015
13424  27.446  -69.596  42.437 0.1000000015
14263  28.174  -68.706  40.892 0.1000000015
14262  28.926  -68.572  40.752 0.1000000015
14279  29.204  -68.231  40.042 0.1000000015
14301  29.724  -67.867  39.395 0.1000000015
13503  32.580  -68.930  38.597 0.1000000015
14327  34.551  -68.473  37.879 0.1000000015
14313  32.950  -68.803  38.162 0.1000000015
15127  37.322  -67.665  39.381 0.1000000015
15129  35.905  -68.175  38.237 0.1000000015
15978  41.868  -66.273  40.699 0.1000000015
12681  29.195  -69.822  42.847 0.1000000015
13423  28.452  -69.320  42.233 0.1000000015
13422  29.446  -69.492  42.027 0.1000000015
13421  30.439  -69.724  41.775 0.1000000015
13444  29.734  -69.122  41.150 0.1000000015
14278  30.137  -68.343  39.978 0.1000000015
14277  30.985  -68.617  40.012 0.1000000015
14299  31.605  -68.821  39.472 0.1000000015
15979  40.698  -66.474  40.947 0.1000000015
16001  38.593  -67.167  40.237 0.1000000015
12680  30.181  -70.145  42.581 0.1000000015
12701  31.213  -69.892  41.430 0.1000000015
13465  32.603  -70.044  40.049 0.1000000015
12720  32.418  -70.146  40.359 0.1000000015
13443  30.740  -69.376  41.071 0.1000000015
13488  33.562  -70.118  39.371 0.1000000015
14276  31.479  -68.998  40.056 0.1000000015
13490  32.355  -69.168  39.124 0.1000000015
15980  39.611  -67.174  41.142 0.1000000015
15981  38.925  -67.642  40.827 0.1000000015
16002  37.752  -67.559  39.734 0.1000000015
14310  35.690  -68.930  38.648 0.1000000015
14312  33.788  -69.038  38.234 0.1000000015
15959  41.154  -66.098  41.529 0.1000000015
15106  37.357  -68.419  39.741 0.1000000015
11974  34.594  -70.939  39.641 0.1000000015
13466  31.996  -69.596  40.101 0.1000000015
13442  31.452  -69.653  40.858 0.1000000015
12742  34.367  -70.062  39.067 0.1000000015
13489  32.974  -69.872  39.501 0.1000000015
14296  37.194  -69.363  39.941 0.1000000015
13499  35.537  -69.571  39.002 0.1000000015
13501  33.896  -69.771  38.890 0.1000000015
14309  36.348  -68.828  39.038 0.1000000015
13500  34.877  -69.685  38.859 0.1000000015
10411  27.557  -74.357  32.195 0.1000000015
12070  27.945  -71.613  31.070 0.1000000015
11267  27.606  -72.159  30.917 0.1000000015
12077  27.719  -71.512  30.075 0.1000000015
11265  32.613  -72.665  30.587 0.1000000015
12849  30.031  -70.439  28.683 0.1000000015
12837  28.503  -70.600  29.398 0.1000000015
12090  29.710  -71.006  28.103 0.1000000015
12091  28.865  -70.961  28.217 0.1000000015
6650  30.954  -78.557  38.698 0.1000000015
10438  26.822  -73.011  31.229 0.1000000015
10422  27.357  -73.710  31.764 0.1000000015
12083  27.885  -71.205  29.298 0.1000000015
8814  31.757  -76.312  38.010 0.1000000015
12835  30.345  -70.056  29.202 0.1000000015
7326  31.630  -78.110  40.207 0.1000000015
8836  30.425  -75.840  36.047 0.1000000015
10380  30.369  -74.414  36.625 0.1000000015
12056  29.120  -72.362  34.183 0.1000000015
13604  29.526  -69.230  30.071 0.1000000015
13591  31.642  -69.337  31.042 0.1000000015
10364  29.799  -73.258  36.800 0.1000000015
7313  30.465  -77.961  41.794 0.1000000015
13593  28.190  -69.681  31.543 0.1000000015
13584  28.077  -69.603  32.611 0.1000000015
14437  28.651  -68.973  31.042 0.1000000015
15254  30.575  -68.095  31.390 0.1000000015
8081  29.756  -75.992  39.897 0.1000000015
6599  27.192  -79.499  42.920 0.1000000015
8051  29.675  -77.143  41.302 0.1000000015
12023  29.070  -71.536  35.797 0.1000000015
7305  28.397  -77.672  43.105 0.1000000015
8788  29.299  -75.350  39.661 0.1000000015
9560  29.190  -74.068  38.819 0.1000000015
12006  28.645  -71.409  36.858 0.1000000015
12024  28.636  -70.877  36.024 0.1000000015
13562  28.081  -69.340  34.641 0.1000000015
15242  29.996  -67.156  32.172 0.1000000015
15237  35.069  -68.413  32.442 0.1000000015
13579  35.636  -70.011  32.538 0.1000000015
12811  36.038  -70.716  32.840 0.1000000015
9529  27.699  -74.590  41.348 0.1000000015
8776  28.742  -75.451  40.453 0.1000000015
6577  26.532  -78.884  44.318 0.1000000015
8032  27.960  -77.412  43.169 0.1000000015
8043  28.346  -77.132  42.517 0.1000000015
11149  28.507  -72.729  38.400 0.1000000015
11984  27.789  -71.401  38.323 0.1000000015
11994  28.335  -71.587  37.502 0.1000000015
16139  29.900  -66.573  32.978 0.1000000015
15216  34.163  -67.144  32.741 0.1000000015
15236  35.610  -68.684  32.461 0.1000000015
8748  27.622  -76.819  42.949 0.1000000015
10328  27.620  -73.227  40.496 0.1000000015
11139  27.939  -72.652  39.248 0.1000000015
11995  27.870  -70.835  37.585 0.1000000015
13545  27.671  -68.810  36.173 0.1000000015
16117  28.853  -66.629  34.049 0.1000000015
16100  28.788  -66.666  34.759 0.1000000015
16112  33.937  -66.403  33.236 0.1000000015
16110  35.653  -67.121  33.020 0.1000000015
14391  36.521  -68.486  32.596 0.1000000015
9520  26.772  -74.495  42.633 0.1000000015
11965  26.862  -71.267  40.279 0.1000000015
11996  27.440  -70.263  38.114 0.1000000015
16059  28.640  -66.759  35.855 0.1000000015
16058  29.350  -66.503  36.019 0.1000000015
16076  32.733  -66.032  35.165 0.1000000015
15212  37.658  -68.052  33.158 0.1000000015
14372  39.378  -68.336  33.716 0.1000000015
13511  27.513  -68.665  37.673 0.1000000015
15156  28.617  -66.990  37.116 0.1000000015
16074  34.996  -66.122  35.262 0.1000000015
15194  40.330  -67.772  34.700 0.1000000015
15196  38.012  -67.341  33.934 0.1000000015
15133  28.724  -67.326  38.138 0.1000000015
16034  35.727  -66.996  37.034 0.1000000015
15170  31.522  -66.898  36.715 0.1000000015
16071  38.403  -66.333  35.800 0.1000000015
16867  39.415  -65.941  38.740 0.1000000015
16048  39.975  -66.076  37.078 0.1000000015
16091  38.224  -66.721  34.817 0.1000000015
16865  40.652  -66.350  39.063 0.1000000015
16069  40.660  -66.725  36.473 0.1000000015
15182  40.866  -67.458  35.649 0.1000000015
14339  42.092  -68.511  36.576 0.1000000015
15153  31.733  -67.589  37.572 0.1000000015
15149  35.471  -67.730  37.652 0.1000000015
15150  34.407  -67.795  37.453 0.1000000015
15151  33.524  -67.771  37.293 0.1000000015
15999  41.055  -66.328  39.983 0.1000000015
16000  39.874  -66.455  40.153 0.1000000015
13502  33.061  -69.318  38.709 0.1000000015
13467  31.199  -69.136  40.493 0.1000000015
19442  45.205  -63.183  33.361 0.4000000060
15191  46.287  -66.104  34.193 0.3000000119
16088  46.354  -65.495  34.175 0.3000000119
17768  46.263  -64.598  33.943 0.3000000119
19441  45.707  -63.405  33.446 0.4000000060
19457  45.770  -63.011  32.899 0.4000000060
16916  46.368  -65.277  33.240 0.3000000119
18628  46.176  -63.680  33.076 0.4000000060
10518  39.415  -73.133  26.766 0.1000000015
10517  40.488  -73.243  26.644 0.1000000015
10493  42.042  -72.991  27.479 0.2000000030
12088  44.229  -71.425  28.251 0.3000000119
16927  44.147  -64.689  31.578 0.4000000060
15192  45.622  -66.697  34.703 0.3000000119
13611  45.503  -69.344  29.185 0.4000000060
14427  45.542  -68.089  30.377 0.4000000060
11302  43.437  -71.943  27.497 0.2000000030
12843  44.978  -70.337  28.313 0.3000000119
14448  45.200  -68.499  29.619 0.4000000060
16109  44.479  -65.624  32.775 0.4000000060
10519  38.254  -72.952  26.780 0.1000000015
11323  42.879  -72.502  26.788 0.3000000119
14414  44.912  -67.861  30.944 0.4000000060
16133  44.194  -66.199  32.849 0.4000000060
10533  39.861  -72.934  25.598 0.1000000015
17795  44.512  -64.037  30.710 0.5000000000
10515  42.299  -72.916  26.171 0.2000000030
12106  43.966  -71.636  27.042 0.3000000119
12858  45.040  -69.905  28.266 0.3000000119
15249  44.668  -67.649  31.724 0.4000000060
17807  44.197  -63.788  29.866 0.4000000060
13612  45.276  -68.986  29.060 0.4000000060
14449  44.916  -68.479  29.596 0.4000000060
15233  43.797  -67.376  32.420 0.4000000060
16134  43.023  -66.458  32.666 0.4000000060
16919  44.364  -65.093  32.358 0.5000000000
10549  40.215  -73.159  24.646 0.2000000030
10532  40.854  -73.164  25.563 0.2000000030
10531  41.704  -73.165  25.386 0.2000000030
11322  43.688  -71.935  26.424 0.2000000030
12859  44.713  -70.289  27.626 0.3000000119
13640  44.856  -69.377  28.450 0.3000000119
10550  39.094  -73.315  24.412 0.1000000015
14428  44.658  -68.360  30.159 0.4000000060
12098  44.201  -71.448  27.469 0.3000000119
13613  44.655  -68.815  29.227 0.4000000060
14415  43.984  -68.153  31.398 0.4000000060
17796  43.838  -64.431  30.339 0.5000000000
13597  43.914  -68.784  29.903 0.4000000060
15234  42.582  -67.281  32.503 0.4000000060
16920  43.210  -65.650  32.286 0.5000000000
16928  43.360  -64.938  31.263 0.5000000000
17822  43.659  -63.823  28.976 0.4000000060
10548  41.008  -73.341  24.600 0.2000000030
10530  42.540  -73.013  25.116 0.2000000030
10514  43.150  -72.642  25.795 0.2000000030
12105  44.437  -71.181  26.792 0.4000000060
11321  44.237  -71.610  25.823 0.2000000030
12872  44.488  -70.445  26.600 0.3000000119
12109  44.636  -71.099  25.705 0.4000000060
13666  44.486  -69.858  27.551 0.3000000119
16921  42.540  -65.980  32.352 0.5000000000
16933  43.096  -64.869  29.977 0.5000000000
18663  43.283  -63.307  28.732 0.4000000060
13614  43.539  -69.209  29.249 0.4000000060
14429  43.663  -68.621  30.658 0.4000000060
16929  42.026  -65.639  31.703 0.5000000000
10566  40.871  -73.641  23.707 0.2000000030
10529  43.419  -72.835  24.826 0.2000000030
18677  42.832  -63.655  28.087 0.4000000060
11337  44.587  -71.807  25.004 0.2000000030
13641  44.190  -69.357  28.264 0.3000000119
14416  42.716  -68.536  31.393 0.4000000060
9778  39.582  -73.883  23.763 0.2000000030
10546  42.710  -73.070  24.112 0.2000000030
12886  44.393  -70.491  25.527 0.4000000060
18664  42.703  -63.269  28.176 0.4000000060
13667  43.880  -69.690  27.273 0.3000000119
15235  41.719  -67.197  32.215 0.5000000000
19527  40.247  -62.363  27.285 0.4000000060
9777  40.049  -74.196  23.481 0.2000000030
10547  41.763  -73.225  24.328 0.2000000030
13642  43.143  -69.696  28.242 0.4000000060
13598  42.841  -69.041  30.388 0.4000000060
16948  43.036  -64.978  29.157 0.5000000000
17840  43.169  -63.878  28.390 0.4000000060
22229  38.154  -59.618  24.515 0.4000000060
9010  40.005  -75.393  23.198 0.2000000030
10564  43.177  -73.068  23.287 0.2000000030
10545  43.630  -72.954  24.024 0.2000000030
11352  44.933  -72.029  24.123 0.2000000030
12860  43.801  -69.814  26.808 0.4000000060
16142  41.306  -66.473  31.977 0.5000000000
16934  42.232  -65.140  30.497 0.5000000000
8993  39.285  -75.930  24.126 0.2000000030
13708  44.041  -69.918  26.150 0.4000000060
14402  41.519  -67.690  31.926 0.5000000000
17808  43.526  -64.475  29.307 0.5000000000
8284  39.831  -75.849  23.360 0.2000000030
20392  39.380  -61.898  25.671 0.4000000060
21281  38.732  -60.889  24.876 0.2000000030
19526  41.340  -62.931  26.974 0.4000000060
19525  41.932  -63.171  27.237 0.4000000060
10565  41.567  -73.525  23.084 0.2000000030
12117  44.913  -71.176  24.529 0.4000000060
16972  43.103  -64.816  28.672 0.4000000060
18678  42.312  -63.576  27.306 0.4000000060
9776  40.404  -74.434  23.168 0.2000000030
11365  44.833  -72.260  23.260 0.2000000030
19535  40.733  -62.755  26.190 0.4000000060
18679  41.808  -63.322  26.732 0.4000000060
13615  42.177  -69.578  29.595 0.3000000119
16930  40.767  -65.907  31.493 0.5000000000
17841  42.686  -64.255  27.712 0.4000000060
12887  43.784  -70.117  25.435 0.4000000060
12844  43.138  -69.891  27.674 0.4000000060
13643  41.878  -69.967  28.611 0.3000000119
14430  41.321  -68.741  31.006 0.4000000060
12873  43.724  -69.928  26.383 0.4000000060
16143  40.494  -66.643  31.676 0.5000000000
10587  42.759  -73.088  22.473 0.2000000030
18691  41.313  -63.211  26.100 0.4000000060
16949  42.418  -65.123  29.407 0.5000000000
13600  40.950  -69.369  30.242 0.4000000060
14417  41.329  -68.285  31.449 0.5000000000
16935  41.065  -65.306  30.794 0.5000000000
15251  40.337  -67.484  31.482 0.5000000000
14431  40.848  -68.777  30.842 0.5000000000
17779  46.172  -64.549  32.920 0.4000000060
16108  44.835  -65.804  32.832 0.4000000060
19536  39.857  -62.264  26.339 0.4000000060
13576  45.068  -69.396  32.358 0.3000000119
14399  46.143  -68.333  32.381 0.3000000119
14384  46.379  -67.698  32.773 0.2000000030
16130  46.399  -66.099  32.969 0.2000000030
12059  43.392  -71.235  32.233 0.2000000030
13587  45.314  -69.573  31.607 0.3000000119
13586  45.872  -69.311  30.944 0.3000000119
14413  46.271  -68.321  31.493 0.3000000119
12067  43.815  -71.069  31.073 0.2000000030
12066  44.498  -70.773  30.303 0.2000000030
12817  45.574  -69.876  30.270 0.2000000030
11303  42.742  -72.491  27.446 0.2000000030
6848  38.727  -77.637  23.948 0.1000000015
6866  37.811  -78.070  23.689 0.1000000015
12187  40.578  -71.685  20.147 0.1000000015
13558  44.090  -69.054  34.264 0.1000000015
15210  45.838  -67.422  34.057 0.2000000030
15209  46.369  -66.922  33.561 0.2000000030
12793  44.320  -69.813  32.721 0.2000000030
14385  45.718  -68.144  33.438 0.2000000030
12038  42.754  -71.122  34.168 0.1000000015
11212  42.994  -71.812  32.924 0.1000000015
12807  43.823  -70.446  32.538 0.2000000030
12046  42.896  -71.579  33.651 0.1000000015
11235  42.556  -72.387  32.401 0.1000000015
9012  39.434  -74.670  23.678 0.1000000015
8269  39.270  -76.346  24.167 0.1000000015
10606  41.715  -73.477  21.472 0.1000000015
11422  42.814  -72.321  21.428 0.1000000015
12165  43.084  -72.135  21.445 0.1000000015
12146  42.728  -70.988  22.041 0.1000000015
9825  41.217  -73.987  21.146 0.1000000015
12185  42.072  -72.095  20.834 0.1000000015
12166  42.510  -71.777  21.289 0.1000000015
12914  42.706  -70.713  23.148 0.1000000015
12186  41.598  -71.971  20.622 0.1000000015
12940  40.497  -70.781  22.176 0.1000000015
12902  40.865  -70.748  24.166 0.1000000015
12916  40.213  -70.789  23.193 0.1000000015
12903  39.737  -70.728  24.242 0.1000000015
12794  43.679  -70.225  33.453 0.2000000030
12037  43.169  -70.942  33.831 0.1000000015
12899  44.425  -70.599  24.068 0.1000000015
9793  40.879  -74.485  22.400 0.1000000015
10588  41.702  -73.600  22.132 0.1000000015
10603  44.187  -72.442  22.376 0.1000000015
12912  44.454  -70.858  22.933 0.1000000015
12888  42.609  -70.436  25.248 0.2000000030
12862  42.250  -70.266  27.052 0.3000000119
13617  39.921  -69.680  29.444 0.3000000119
14432  39.737  -68.837  30.485 0.3000000119
7561  38.629  -77.396  23.399 0.1000000015
9042  40.524  -75.123  22.182 0.1000000015
12937  43.750  -71.053  22.449 0.1000000015
12901  42.090  -70.729  24.164 0.1000000015
12875  41.876  -70.486  26.191 0.2000000030
13645  39.722  -70.062  28.331 0.3000000119
9043  40.258  -75.382  21.773 0.1000000015
12877  39.643  -70.512  26.183 0.2000000030
13646  38.688  -69.888  28.326 0.3000000119
12891  39.193  -70.583  25.232 0.1000000015
12878  38.568  -70.425  26.234 0.2000000030
13647  37.751  -69.634  28.374 0.4000000060
12917  39.207  -70.593  23.322 0.1000000015
12892  38.245  -70.419  25.182 0.1000000015
13691  37.762  -70.208  26.668 0.3000000119
15996  43.216  -66.756  39.615 0.1000000015
15145  43.324  -67.406  38.196 0.1000000015
16950  41.470  -65.139  29.687 0.4000000060
16931  40.130  -66.177  31.445 0.4000000060
13601  40.373  -69.495  29.962 0.3000000119
14419  39.685  -68.236  30.934 0.4000000060
16145  39.224  -67.137  31.155 0.4000000060
14433  38.563  -68.710  30.150 0.4000000060
16150  37.733  -67.017  30.654 0.4000000060
14451  38.408  -69.158  29.557 0.4000000060
15275  37.135  -68.584  29.643 0.5000000000
13671  37.370  -69.854  27.413 0.3000000119
14468  37.116  -69.232  28.782 0.5000000000
12905  37.847  -70.187  24.240 0.2000000030
13672  36.578  -69.461  27.494 0.4000000060
13769  38.400  -69.955  22.012 0.1000000015
13757  38.080  -69.862  22.605 0.1000000015
12906  37.244  -69.924  24.497 0.2000000030
12879  37.756  -70.314  25.915 0.2000000030
12189  38.230  -71.184  20.404 0.1000000015
13780  37.767  -69.782  21.141 0.1000000015
13721  37.340  -69.838  23.917 0.2000000030
12190  37.133  -71.064  20.549 0.1000000015
12973  37.536  -70.316  20.696 0.1000000015
16973  42.633  -65.143  28.587 0.4000000060
16991  42.744  -64.849  28.035 0.3000000119
16974  41.881  -65.286  28.651 0.4000000060
16936  39.827  -65.716  30.968 0.4000000060
16149  38.799  -66.825  31.006 0.4000000060
16951  40.327  -65.180  29.920 0.4000000060
15264  37.559  -68.222  30.175 0.4000000060
15265  36.985  -67.765  30.133 0.4000000060
15276  36.562  -68.155  29.612 0.5000000000
15292  35.981  -68.337  28.975 0.4000000060
13710  36.098  -69.354  25.634 0.3000000119
13692  36.924  -69.894  26.268 0.4000000060
14475  35.893  -68.981  27.704 0.4000000060
14553  36.452  -68.882  21.749 0.2000000030
14546  36.806  -69.108  22.382 0.2000000030
13781  36.850  -69.369  20.882 0.1000000015
13771  37.238  -69.302  21.462 0.2000000030
9796  33.785  -74.427  22.951 0.1000000015
16992  42.204  -65.302  27.799 0.4000000060
17006  42.260  -64.941  27.098 0.4000000060
16975  40.887  -65.187  28.779 0.4000000060
16952  39.127  -65.333  30.069 0.4000000060
16976  39.731  -65.069  28.933 0.4000000060
16953  37.862  -65.799  30.328 0.4000000060
16955  36.263  -66.600  29.863 0.4000000060
16158  37.240  -66.481  30.387 0.4000000060
16160  35.902  -67.273  29.599 0.3000000119
15299  34.959  -67.903  28.131 0.4000000060
15293  35.445  -67.906  28.786 0.4000000060
14518  35.465  -68.682  25.070 0.3000000119
14501  35.426  -68.871  26.232 0.3000000119
14486  35.494  -68.862  27.088 0.4000000060
14572  36.158  -68.919  21.117 0.2000000030
14554  35.586  -68.289  22.331 0.2000000030
14535  35.888  -68.670  23.919 0.2000000030
13723  36.250  -69.229  24.551 0.2000000030
13782  35.851  -69.399  20.998 0.2000000030
9780  32.493  -74.789  23.675 0.1000000015
10570  33.328  -73.882  23.266 0.1000000015
10569  33.689  -73.539  23.060 0.1000000015
18690  41.791  -63.830  26.132 0.3000000119
17855  42.135  -64.389  26.535 0.3000000119
16993  41.402  -65.472  27.768 0.4000000060
16994  40.391  -65.418  27.814 0.4000000060
16977  38.404  -64.991  29.092 0.4000000060
16978  37.100  -65.315  29.499 0.4000000060
16979  35.689  -65.956  29.520 0.4000000060
15317  33.495  -66.996  26.325 0.3000000119
15307  33.612  -67.137  26.902 0.3000000119
15301  33.861  -67.205  27.564 0.3000000119
15300  34.389  -67.572  27.885 0.3000000119
16177  34.584  -66.752  28.785 0.3000000119
15369  34.386  -67.792  21.712 0.2000000030
15368  34.937  -67.865  22.094 0.2000000030
15329  34.271  -67.252  24.177 0.3000000119
15328  34.663  -67.675  24.547 0.2000000030
14502  34.744  -68.194  26.001 0.3000000119
14487  35.005  -68.471  26.938 0.3000000119
14573  35.342  -68.503  21.440 0.2000000030
14536  35.205  -68.151  24.245 0.2000000030
18705  40.978  -63.213  25.319 0.3000000119
18733  40.989  -63.438  24.602 0.3000000119
18704  41.458  -63.783  25.304 0.3000000119
18703  41.673  -64.033  25.589 0.4000000060
17022  41.304  -65.527  25.942 0.3000000119
17021  41.724  -65.133  25.726 0.4000000060
17009  40.006  -65.542  26.769 0.4000000060
17023  40.643  -65.617  25.897 0.4000000060
17008  40.966  -65.615  26.824 0.4000000060
16995  39.270  -65.256  27.852 0.4000000060
16996  38.253  -64.905  27.811 0.3000000119
17824  37.532  -64.797  28.651 0.4000000060
16997  33.010  -65.610  27.625 0.3000000119
17828  33.568  -64.871  28.155 0.2000000030
17827  34.369  -64.773  28.483 0.2000000030
17843  36.304  -64.193  27.874 0.2000000030
17825  36.554  -64.761  28.812 0.3000000119
17012  32.646  -65.872  26.531 0.3000000119
16184  33.515  -66.543  27.779 0.3000000119
16178  34.011  -66.328  28.475 0.2000000030
16980  34.565  -65.684  28.856 0.2000000030
17826  35.411  -64.773  28.731 0.2000000030
16269  33.494  -66.895  22.485 0.2000000030
16233  33.136  -66.200  23.621 0.3000000119
16218  33.183  -66.289  24.591 0.3000000119
16205  33.802  -67.135  25.309 0.3000000119
19561  40.074  -62.540  24.712 0.3000000119
19545  39.972  -62.422  25.489 0.3000000119
19544  40.568  -62.841  25.358 0.3000000119
17010  38.903  -65.399  26.699 0.3000000119
17857  36.121  -63.593  26.844 0.2000000030
17856  37.110  -64.121  26.814 0.2000000030
17011  37.987  -64.740  26.746 0.2000000030
17858  35.238  -63.283  27.119 0.2000000030
17844  35.161  -63.923  27.907 0.2000000030
21280  39.095  -61.239  24.457 0.2000000030
11429  36.833  -71.610  20.780 0.1000000015
12974  36.505  -70.219  20.748 0.1000000015
14574  34.285  -68.441  21.458 0.2000000030
15230  46.382  -67.106  32.388 0.3000000119
14398  46.432  -67.837  32.079 0.3000000119
12073  44.637  -70.957  29.566 0.2000000030
16011  43.502  -66.657  38.949 0.1000000015
14367  45.159  -67.774  34.372 0.2000000030
16106  46.499  -65.822  33.666 0.2000000030
12116  45.027  -71.024  23.666 0.1000000015
12861  43.283  -69.990  27.101 0.3000000119
20407  39.399  -61.750  24.734 0.3000000119
12935  44.808  -71.306  22.284 0.1000000015
13616  41.005  -69.800  29.461 0.2000000030
12874  42.970  -70.208  26.243 0.2000000030
10620  43.192  -72.634  21.855 0.1000000015
12806  44.560  -69.935  31.948 0.2000000030
13575  45.773  -68.960  31.885 0.3000000119
12819  44.055  -70.533  31.728 0.1000000015
12818  44.932  -70.218  30.977 0.2000000030
12167  41.469  -71.306  21.165 0.1000000015
13565  44.617  -69.213  33.376 0.2000000030
9808  41.021  -74.410  21.745 0.1000000015
10622  41.573  -73.206  20.799 0.1000000015
12164  43.809  -72.076  21.825 0.1000000015
12938  43.168  -70.794  22.617 0.1000000015
12147  41.774  -70.897  21.954 0.1000000015
12915  41.465  -70.831  22.905 0.1000000015
12890  40.259  -70.677  25.221 0.1000000015
12900  43.271  -70.424  24.192 0.2000000030
13644  40.770  -70.095  28.621 0.3000000119
12889  41.415  -70.650  25.214 0.2000000030
12863  41.168  -70.384  27.064 0.3000000119
13618  39.001  -69.597  29.084 0.4000000060
15263  38.731  -67.892  30.810 0.4000000060
12876  40.725  -70.523  26.190 0.3000000119
12864  40.015  -70.401  27.195 0.3000000119
13669  39.165  -70.192  27.656 0.3000000119
16938  38.269  -66.369  30.739 0.4000000060
13770  37.838  -69.522  21.850 0.2000000030
13740  37.079  -69.555  23.406 0.2000000030
14547  36.263  -68.736  22.859 0.2000000030
17007  41.743  -65.447  26.834 0.4000000060
15315  34.550  -67.835  25.537 0.3000000119
15345  34.953  -67.686  22.823 0.2000000030
17868  41.700  -64.456  25.282 0.4000000060
16192  33.149  -66.553  26.835 0.3000000119
16249  33.709  -66.720  23.063 0.2000000030
15335  34.339  -67.186  23.322 0.2000000030
17869  41.547  -64.182  24.881 0.4000000060
17842  37.331  -64.485  27.815 0.2000000030
18681  33.682  -63.374  27.467 0.2000000030
17845  34.011  -64.023  28.063 0.2000000030
18732  41.340  -63.965  24.482 0.2000000030
17894  41.548  -64.470  24.415 0.3000000119
19583  40.252  -62.703  24.272 0.2000000030
20420  40.448  -62.601  23.324 0.2000000030
11278  43.232  -71.877  29.588 0.1000000015
11264  42.464  -72.418  30.158 0.1000000015
11279  42.613  -72.479  29.123 0.1000000015
14368  44.088  -68.368  34.932 0.1000000015
12081  44.025  -71.432  29.138 0.1000000015
10469  41.988  -73.028  28.727 0.1000000015
11289  43.369  -71.936  28.596 0.1000000015
11290  42.693  -72.495  28.117 0.1000000015
22252  38.495  -59.478  23.625 0.1000000015
21308  38.662  -60.227  23.988 0.1000000015
22276  39.185  -59.314  22.552 0.1000000015
20439  39.821  -61.357  23.063 0.1000000015
21332  39.543  -60.423  22.660 0.1000000015
20421  39.960  -62.164  23.791 0.1000000015
20438  40.402  -62.020  22.776 0.1000000015
19582  40.536  -63.006  23.903 0.1000000015
18758  41.034  -63.636  23.829 0.2000000030
19634  40.892  -62.358  22.103 0.2000000030
16213  41.457  -65.307  24.887 0.2000000030
19633  41.440  -63.160  21.691 0.2000000030
18776  41.172  -63.862  23.334 0.2000000030
17906  41.683  -64.889  23.589 0.2000000030
17893  41.681  -64.856  24.361 0.2000000030
19608  41.401  -63.829  22.272 0.2000000030
17905  41.817  -64.832  23.919 0.2000000030
16202  41.368  -65.382  25.262 0.2000000030
16204  40.542  -65.630  25.141 0.2000000030
17024  39.801  -65.545  25.566 0.1000000015
20463  41.269  -61.917  21.394 0.2000000030
16229  41.449  -65.501  24.015 0.2000000030
16214  41.091  -65.604  24.697 0.2000000030
16215  40.812  -65.718  24.407 0.1000000015
21307  39.226  -61.030  23.821 0.1000000015
23235  38.569  -58.729  23.100 0.1000000015
22277  38.784  -59.384  23.116 0.1000000015
23234  38.947  -58.410  22.482 0.1000000015
22293  39.725  -59.288  21.800 0.1000000015
21350  40.237  -60.194  21.691 0.1000000015
19609  40.874  -63.246  22.862 0.2000000030
18775  41.435  -64.297  22.878 0.2000000030
17044  32.505  -65.455  24.242 0.2000000030
17027  32.580  -65.748  25.425 0.2000000030
17028  31.933  -64.931  25.231 0.2000000030
17067  32.499  -65.777  23.201 0.2000000030
17045  31.835  -64.697  24.307 0.2000000030
17013  32.137  -65.055  26.283 0.2000000030
17859  31.647  -64.089  26.105 0.2000000030
17910  31.387  -64.116  23.468 0.2000000030
16998  32.461  -65.080  27.136 0.2000000030
17860  31.344  -63.395  25.574 0.1000000015
17874  31.164  -63.459  24.915 0.2000000030
18683  32.019  -63.482  26.807 0.2000000030
18682  32.735  -63.447  27.214 0.2000000030
19565  30.969  -62.278  24.675 0.1000000015
19550  31.459  -62.082  25.549 0.1000000015
19540  32.091  -62.082  26.195 0.1000000015
22256  31.602  -60.122  23.165 0.1000000015
21336  31.393  -60.445  22.776 0.1000000015
21349  41.024  -60.851  21.244 0.1000000015
18695  33.394  -62.705  26.844 0.1000000015
21254  32.704  -60.964  25.345 0.1000000015
18696  32.460  -62.748  26.690 0.1000000015
21313  31.404  -60.567  23.810 0.1000000015
21285  32.006  -60.656  25.003 0.1000000015
22283  31.755  -59.821  22.658 0.1000000015
22255  32.023  -59.789  23.340 0.1000000015
22297  32.112  -59.166  21.505 0.1000000015
19649  41.970  -62.469  20.827 0.1000000015
22318  42.142  -59.749  19.849 0.1000000015
20490  41.756  -61.257  20.703 0.1000000015
18694  34.562  -62.761  26.707 0.1000000015
20395  33.403  -61.378  25.552 0.1000000015
19547  34.217  -61.770  25.533 0.1000000015
21312  32.396  -60.087  24.187 0.1000000015
22282  32.459  -59.150  22.440 0.1000000015
22281  33.420  -58.973  22.863 0.1000000015
21378  42.245  -60.356  20.025 0.1000000015
18806  42.189  -63.569  21.039 0.1000000015
18736  35.698  -62.561  25.010 0.1000000015
18707  36.081  -63.011  25.382 0.1000000015
20423  35.306  -61.476  23.854 0.1000000015
19563  35.299  -62.000  24.677 0.1000000015
19537  34.567  -62.268  25.899 0.1000000015
18708  35.265  -62.509  25.641 0.1000000015
21309  35.150  -60.912  23.475 0.1000000015
20410  34.462  -61.328  24.774 0.1000000015
22278  35.713  -59.808  22.448 0.1000000015
21334  35.273  -60.319  23.058 0.1000000015
21311  33.400  -60.106  24.218 0.1000000015
21283  33.779  -60.838  24.812 0.1000000015
23250  36.324  -58.883  21.358 0.1000000015
23236  35.266  -58.991  22.159 0.1000000015
22253  33.864  -59.600  23.516 0.1000000015
23238  33.988  -58.586  22.287 0.1000000015
20489  42.724  -61.709  20.210 0.1000000015
17871  36.942  -63.648  25.615 0.1000000015
22294  37.126  -59.900  21.378 0.1000000015
21333  36.180  -60.565  22.497 0.1000000015
22295  36.330  -59.533  21.844 0.1000000015
17870  37.957  -64.200  24.881 0.1000000015
18737  30.927  -63.067  24.468 0.1000000015
20425  30.835  -61.728  23.866 0.1000000015
23253  33.727  -58.049  21.712 0.1000000015
18734  36.851  -63.101  24.064 0.1000000015
11430  30.473  -71.878  21.422 0.1000000015
12193  30.628  -71.298  20.933 0.1000000015
11444  30.391  -71.775  20.700 0.1000000015
11431  29.910  -72.141  21.087 0.1000000015
11432  29.084  -72.075  20.711 0.1000000015
11410  27.411  -72.265  21.015 0.1000000015
11435  26.574  -72.432  20.022 0.1000000015
12174  30.710  -71.278  21.719 0.1000000015
12977  30.640  -70.752  21.262 0.1000000015
11445  30.032  -71.843  20.047 0.1000000015
11408  29.165  -72.298  21.726 0.1000000015
13802  30.885  -69.828  19.577 0.1000000015
12988  30.463  -69.864  20.804 0.1000000015
12945  30.910  -70.062  22.378 0.1000000015
12151  31.079  -71.166  22.571 0.1000000015
11407  30.010  -72.302  21.958 0.1000000015
13003  31.120  -70.650  19.394 0.1000000015
12946  30.712  -69.608  22.134 0.1000000015
12944  31.704  -70.367  22.699 0.1000000015
13816  31.566  -69.920  18.890 0.1000000015
14596  30.570  -68.986  19.523 0.1000000015
14602  30.909  -68.499  18.757 0.1000000015
14601  31.797  -69.027  18.200 0.1000000015
14595  31.106  -69.278  18.960 0.1000000015
14606  32.124  -68.180  17.720 0.1000000015
12967  30.711  -70.525  21.870 0.1000000015
12224  26.369  -71.989  19.058 0.1000000015
5881  29.763  -79.240  42.273 0.1000000015
5883  26.908  -79.626  43.199 0.1000000015
5884  26.599  -79.609  43.153 0.1000000015
5890  30.376  -78.912  41.471 0.1000000015
5891  30.364  -78.986  41.773 0.1000000015
5892  29.890  -79.540  41.767 0.1000000015
5893  29.345  -79.616  41.848 0.1000000015
5901  30.414  -78.791  41.260 0.1000000015
5903  29.844  -79.172  41.260 0.1000000015
6576  27.190  -78.661  44.188 0.1000000015
6587  28.188  -78.676  43.389 0.1000000015
6596  30.331  -78.496  42.134 0.1000000015
6607  30.532  -78.436  41.752 0.1000000015
6611  26.658  -78.959  42.120 0.1000000015
6626  27.049  -78.734  41.647 0.1000000015
6864  38.718  -77.549  23.714 0.1000000015
6865  38.478  -77.779  23.698 0.1000000015
7294  27.360  -77.717  43.909 0.1000000015
7302  30.353  -78.187  42.129 0.1000000015
7303  30.060  -78.135  42.283 0.1000000015
7312  30.659  -78.151  41.461 0.1000000015
7315  29.256  -77.512  42.159 0.1000000015
7329  30.068  -77.274  41.114 0.1000000015
7330  28.319  -78.185  40.331 0.1000000015
7361  32.818  -78.321  38.627 0.1000000015
7547  39.201  -76.585  24.098 0.1000000015
7548  38.741  -77.109  24.166 0.1000000015
7560  38.830  -77.149  23.570 0.1000000015
7577  39.289  -76.810  22.871 0.2000000030
7578  38.890  -77.007  22.845 0.2000000030
7580  37.501  -77.059  22.486 0.1000000015
8022  26.935  -77.427  43.959 0.1000000015
8063  30.987  -77.323  40.375 0.1000000015
8078  32.067  -77.401  39.450 0.1000000015
8103  32.766  -77.831  38.276 0.1000000015
8268  39.444  -76.332  23.898 0.1000000015
8283  40.121  -75.993  23.090 0.2000000030
8285  39.657  -75.864  23.622 0.2000000030
8300  39.930  -75.861  22.947 0.2000000030
8305  35.329  -76.008  21.923 0.1000000015
8319  39.417  -76.075  21.858 0.2000000030
8321  37.832  -76.324  21.732 0.1000000015
8766  28.467  -75.989  41.177 0.1000000015
8823  31.804  -76.661  37.569 0.1000000015
9009  40.038  -75.638  22.971 0.3000000119
9011  39.607  -75.049  23.554 0.2000000030
9026  40.241  -75.431  22.633 0.1000000015
9027  40.106  -75.635  22.362 0.2000000030
9046  37.591  -75.604  21.177 0.1000000015
9546  29.565  -74.967  39.107 0.1000000015
9547  29.097  -74.562  39.190 0.1000000015
9548  28.548  -74.188  39.717 0.1000000015
9809  40.703  -74.556  21.264 0.1000000015
9830  37.272  -74.559  21.051 0.1000000015
10409  28.611  -73.630  32.996 0.1000000015
10420  32.876  -74.131  31.410 0.1000000015
10516  41.453  -73.221  26.476 0.2000000030
10562  44.574  -72.547  23.156 0.2000000030
10563  44.252  -72.716  23.421 0.2000000030
10567  40.300  -73.555  23.973 0.2000000030
10568  39.821  -73.438  24.127 0.2000000030
10585  44.474  -72.526  22.861 0.2000000030
10586  43.822  -72.828  22.685 0.1000000015
10590  34.105  -73.659  22.833 0.1000000015
10591  33.726  -73.986  23.000 0.1000000015
10604  43.487  -72.618  22.046 0.1000000015
10605  42.484  -73.072  21.944 0.1000000015
10607  37.254  -73.654  21.114 0.1000000015
10621  42.318  -72.796  21.357 0.1000000015
11158  28.087  -71.716  37.900 0.1000000015
11266  32.219  -72.119  30.110 0.1000000015
11293  29.498  -72.090  27.656 0.1000000015
11306  29.549  -71.594  27.779 0.1000000015
11308  28.409  -71.945  27.557 0.1000000015
11338  43.944  -72.279  25.392 0.2000000030
11351  45.098  -71.562  23.560 0.1000000015
11353  44.280  -72.516  24.388 0.2000000030
11364  45.033  -71.724  22.868 0.2000000030
11366  44.652  -72.438  23.797 0.2000000030
11367  33.673  -73.087  23.133 0.1000000015
11381  45.082  -71.926  22.691 0.1000000015
11382  44.752  -72.061  22.485 0.1000000015
11400  44.065  -72.173  22.060 0.1000000015
11401  43.449  -72.277  21.709 0.1000000015
11405  34.614  -71.811  22.230 0.1000000015
11423  42.189  -72.445  21.075 0.1000000015
11433  28.034  -71.781  20.361 0.1000000015
11448  26.637  -72.066  19.737 0.1000000015
12040  36.599  -72.456  34.097 0.1000000015
12041  36.401  -72.600  34.292 0.1000000015
12045  43.325  -71.089  33.159 0.1000000015
12074  43.877  -71.290  30.028 0.2000000030
12087  44.807  -70.857  28.452 0.4000000060
12097  44.634  -70.915  27.797 0.3000000119
12099  29.153  -71.292  27.846 0.1000000015
12100  28.553  -71.397  27.880 0.1000000015
12127  45.108  -71.246  23.035 0.1000000015
12128  42.753  -70.780  22.513 0.1000000015
12129  42.305  -70.804  22.468 0.1000000015
12143  44.952  -71.521  22.506 0.1000000015
12144  44.440  -71.707  22.136 0.1000000015
12145  43.614  -71.666  21.900 0.1000000015
12168  40.327  -71.114  20.744 0.1000000015
12173  33.356  -71.008  22.700 0.1000000015
12184  42.636  -72.083  21.049 0.1000000015
12192  35.432  -70.953  21.263 0.3000000119
12195  26.952  -71.842  19.786 0.1000000015
12203  30.692  -71.423  19.995 0.1000000015
12206  26.822  -71.785  19.380 0.1000000015
12207  26.469  -72.052  19.418 0.1000000015
12223  26.776  -71.700  18.775 0.1000000015
12240  26.677  -71.724  18.190 0.1000000015
12241  26.326  -71.931  18.532 0.1000000015
12732  34.027  -70.522  39.489 0.1000000015
12733  33.397  -70.271  39.640 0.1000000015
12741  34.711  -70.186  39.148 0.1000000015
12760  27.812  -69.610  36.355 0.1000000015
12803  34.326  -71.750  33.151 0.1000000015
12821  32.113  -70.021  30.937 0.1000000015
12826  45.145  -70.408  29.968 0.2000000030
12832  45.529  -69.767  29.279 0.5000000000
12833  45.195  -70.444  29.081 0.4000000060
12845  42.561  -70.045  27.769 0.4000000060
12846  41.542  -70.221  27.842 0.3000000119
12847  40.631  -70.270  27.827 0.3000000119
12848  30.577  -70.401  28.932 0.1000000015
12851  28.643  -70.794  28.678 0.1000000015
12865  39.135  -70.351  26.947 0.2000000030
12893  37.438  -70.144  25.184 0.2000000030
12898  44.905  -70.884  23.229 0.1000000015
12904  38.752  -70.509  24.266 0.1000000015
12911  44.951  -71.044  22.607 0.1000000015
12913  43.695  -70.679  23.210 0.1000000015
12918  38.368  -70.253  23.373 0.2000000030
12936  44.298  -71.112  22.249 0.1000000015
12939  41.181  -70.880  21.989 0.1000000015
12960  41.324  -70.985  21.591 0.1000000015
12963  38.913  -70.326  21.726 0.1000000015
12964  34.963  -70.621  21.360 0.3000000119
12968  30.596  -69.770  21.843 0.2000000030
12976  34.774  -70.114  21.334 0.3000000119
12978  30.511  -70.124  21.256 0.1000000015
12987  30.639  -70.459  20.448 0.1000000015
13468  30.399  -68.869  40.548 0.1000000015
13492  26.948  -69.622  39.974 0.1000000015
13523  27.690  -69.075  36.219 0.1000000015
13564  45.528  -68.822  32.674 0.3000000119
13588  42.009  -68.842  31.057 0.4000000060
13589  41.564  -68.763  31.057 0.4000000060
13596  45.811  -69.347  29.901 0.5000000000
13599  41.662  -69.091  30.642 0.4000000060
13603  30.547  -69.168  30.279 0.1000000015
13619  38.272  -69.494  28.971 0.4000000060
13620  31.071  -69.861  29.652 0.1000000015
13621  30.749  -69.729  29.652 0.1000000015
13639  45.149  -69.525  28.635 0.3000000119
13648  37.024  -69.463  28.151 0.4000000060
13665  44.857  -69.767  28.122 0.3000000119
13668  43.412  -69.796  27.563 0.4000000060
13670  38.326  -70.157  27.405 0.3000000119
13689  44.229  -70.001  26.493 0.4000000060
13690  43.993  -69.784  26.587 0.4000000060
13693  36.004  -69.337  26.745 0.4000000060
13707  44.154  -70.087  25.909 0.4000000060
13709  36.762  -69.758  25.032 0.2000000030
13722  36.860  -69.595  24.156 0.2000000030
13739  37.677  -69.871  23.341 0.1000000015
13741  36.513  -69.184  23.614 0.2000000030
13758  37.364  -69.455  22.615 0.2000000030
13759  36.776  -69.252  22.935 0.2000000030
13763  30.906  -69.559  22.279 0.1000000015
13772  34.396  -69.885  21.499 0.2000000030
13774  32.761  -69.200  21.964 0.2000000030
13776  30.822  -69.071  21.989 0.1000000015
13779  38.316  -70.012  21.486 0.1000000015
13803  30.470  -69.530  20.302 0.1000000015
14261  29.661  -68.636  40.498 0.1000000015
14297  36.584  -69.220  39.440 0.1000000015
14298  36.017  -69.309  39.068 0.1000000015
14311  34.688  -69.120  38.374 0.1000000015
14315  31.278  -68.047  38.478 0.1000000015
14316  28.312  -67.741  38.733 0.1000000015
14323  43.066  -68.052  38.034 0.1000000015
14331  27.618  -68.044  37.293 0.1000000015
14354  27.677  -68.304  36.108 0.1000000015
14386  44.725  -68.502  34.055 0.2000000030
14400  43.037  -67.950  32.066 0.4000000060
14401  42.102  -67.914  32.048 0.5000000000
14404  36.177  -69.104  32.461 0.1000000015
14412  46.424  -67.861  31.712 0.3000000119
14418  40.213  -68.231  31.094 0.5000000000
14421  30.183  -68.503  30.897 0.1000000015
14434  38.010  -68.803  29.852 0.4000000060
14450  39.102  -69.220  29.772 0.4000000060
14452  37.612  -69.048  29.379 0.5000000000
14453  36.925  -68.839  29.252 0.5000000000
14469  36.430  -68.939  28.587 0.4000000060
14470  35.782  -68.544  28.390 0.4000000060
14476  35.318  -68.420  27.807 0.4000000060
14477  34.827  -68.092  27.544 0.3000000119
14488  34.518  -68.019  26.957 0.3000000119
14503  34.355  -67.821  26.440 0.3000000119
14519  34.868  -68.026  25.086 0.3000000119
14548  35.493  -68.158  23.285 0.2000000030
14552  37.182  -69.175  21.968 0.2000000030
14575  33.580  -68.374  21.448 0.2000000030
14576  33.140  -68.353  21.529 0.3000000119
15103  42.912  -67.128  39.435 0.1000000015
15105  37.978  -67.879  40.156 0.1000000015
15107  36.720  -68.613  39.282 0.1000000015
15109  29.304  -67.506  38.802 0.1000000015
15157  27.909  -67.487  36.885 0.1000000015
15162  44.209  -66.452  36.320 0.2000000030
15173  27.827  -67.649  36.265 0.1000000015
15178  45.258  -66.254  35.281 0.3000000119
15184  28.082  -67.317  35.704 0.1000000015
15213  36.819  -67.917  32.799 0.1000000015
15217  33.575  -66.783  32.717 0.1000000015
15246  46.405  -67.628  31.904 0.3000000119
15250  41.068  -67.302  31.850 0.5000000000
15252  39.505  -67.660  31.134 0.4000000060
15253  39.040  -67.375  31.051 0.4000000060
15257  28.509  -67.847  32.418 0.1000000015
15260  46.304  -68.068  31.079 0.4000000060
15261  46.070  -67.887  30.903 0.4000000060
15262  39.385  -68.168  30.879 0.4000000060
15277  35.928  -67.938  29.287 0.3000000119
15294  34.868  -67.477  28.599 0.3000000119
15306  34.074  -67.605  26.943 0.3000000119
15316  34.022  -67.494  25.910 0.3000000119
15324  34.484  -67.662  25.199 0.2000000030
15325  34.189  -67.345  24.969 0.2000000030
15334  34.833  -67.679  23.705 0.3000000119
15346  34.247  -67.291  22.443 0.2000000030
15347  33.596  -67.311  21.971 0.3000000119
15372  30.967  -67.163  20.751 0.2000000030
15390  31.427  -67.857  18.174 0.1000000015
15391  30.788  -67.702  18.732 0.2000000030
15976  43.097  -66.496  40.025 0.1000000015
15982  36.099  -66.030  40.820 0.1000000015
15997  42.806  -66.785  39.822 0.1000000015
16036  29.424  -66.657  36.740 0.1000000015
16037  28.837  -66.745  36.438 0.1000000015
16068  45.026  -65.755  35.527 0.3000000119
16080  29.086  -66.511  35.313 0.1000000015
16081  28.500  -66.869  35.230 0.1000000015
16099  29.429  -66.353  34.637 0.1000000015
16101  28.460  -66.929  34.847 0.1000000015
16116  29.707  -66.321  33.828 0.1000000015
16118  28.467  -66.956  34.508 0.1000000015
16132  45.217  -66.411  32.717 0.4000000060
16135  42.115  -66.449  32.383 0.5000000000
16140  29.236  -66.686  33.373 0.1000000015
16144  39.641  -66.713  31.334 0.4000000060
16148  39.243  -66.271  31.053 0.4000000060
16151  37.235  -67.525  30.323 0.4000000060
16159  36.776  -67.112  30.166 0.4000000060
16176  35.181  -67.116  29.209 0.4000000060
16183  33.985  -66.937  28.179 0.3000000119
16201  41.550  -65.218  25.259 0.2000000030
16203  41.011  -65.602  25.207 0.2000000030
16206  33.296  -66.664  25.694 0.3000000119
16216  40.259  -65.637  24.692 0.1000000015
16217  33.751  -66.917  24.752 0.3000000119
16232  33.766  -66.733  23.902 0.2000000030
16250  32.948  -66.393  22.824 0.4000000060
16251  32.398  -66.332  22.460 0.3000000119
16290  30.732  -67.133  20.290 0.2000000030
16322  31.814  -66.467  18.221 0.2000000030
16324  30.663  -67.244  19.135 0.2000000030
16840  43.064  -66.234  40.241 0.1000000015
16844  35.465  -65.301  40.428 0.1000000015
16855  40.852  -66.430  39.470 0.1000000015
16856  40.362  -66.279  39.556 0.1000000015
16857  33.809  -64.668  39.707 0.1000000015
16859  32.321  -64.570  39.681 0.1000000015
16864  43.148  -64.959  39.170 0.1000000015
16866  39.928  -66.024  39.080 0.1000000015
16872  40.354  -66.127  38.618 0.1000000015
16874  39.372  -65.894  38.492 0.1000000015
16879  44.476  -65.289  35.943 0.2000000030
16895  46.147  -64.956  34.363 0.4000000060
16896  45.878  -65.052  34.719 0.4000000060
16901  46.465  -65.122  33.838 0.3000000119
16902  45.430  -65.356  32.709 0.5000000000
16904  44.661  -65.467  32.706 0.4000000060
16918  45.264  -64.996  32.586 0.5000000000
16937  38.821  -65.990  30.747 0.4000000060
16954  36.747  -66.134  30.100 0.4000000060
16981  33.765  -65.642  28.334 0.2000000030
17040  41.645  -65.161  24.523 0.2000000030
17110  31.628  -65.997  22.063 0.3000000119
17167  31.393  -66.234  18.829 0.1000000015
17696  35.907  -63.855  40.777 0.1000000015
17717  42.669  -64.741  39.450 0.1000000015
17722  31.941  -64.023  39.575 0.1000000015
17723  31.419  -64.156  39.779 0.1000000015
17736  43.390  -64.896  37.509 0.2000000030
17749  45.346  -64.744  35.056 0.3000000119
17751  44.325  -64.628  35.628 0.2000000030
17760  45.680  -64.634  34.678 0.4000000060
17761  45.158  -64.595  35.104 0.4000000060
17778  46.370  -64.780  33.463 0.3000000119
17791  44.131  -64.468  31.084 0.5000000000
17823  43.192  -64.365  28.492 0.4000000060
17846  32.978  -64.351  27.714 0.2000000030
17847  32.166  -64.270  27.033 0.2000000030
17872  36.202  -63.325  26.038 0.1000000015
17873  31.442  -64.127  24.960 0.2000000030
17897  31.507  -64.244  24.175 0.2000000030
17898  31.216  -63.733  24.281 0.1000000015
17909  31.670  -64.495  23.833 0.2000000030
17920  31.379  -64.109  22.539 0.3000000119
17948  32.038  -64.048  20.256 0.1000000015
17962  34.315  -64.280  19.110 0.1000000015
17964  32.641  -64.325  19.598 0.1000000015
18551  39.664  -63.710  39.928 0.1000000015
18554  33.274  -63.154  39.573 0.1000000015
18557  30.772  -63.335  39.859 0.1000000015
18568  40.686  -63.880  38.796 0.1000000015
18575  42.576  -64.222  37.071 0.2000000030
18599  45.981  -64.093  34.066 0.4000000060
18600  45.819  -64.220  34.258 0.4000000060
18614  46.098  -64.237  33.951 0.3000000119
18616  45.239  -63.604  33.917 0.4000000060
18617  44.769  -63.407  33.804 0.4000000060
18619  42.674  -63.306  34.248 0.4000000060
18627  46.233  -64.248  33.547 0.3000000119
18637  44.995  -62.992  30.920 0.5000000000
18680  34.540  -63.425  27.519 0.2000000030
18692  40.935  -63.005  25.736 0.4000000060
18693  35.608  -63.051  26.308 0.2000000030
18697  31.653  -62.977  26.296 0.1000000015
18698  31.396  -62.754  25.759 0.1000000015
18709  31.125  -62.849  25.199 0.2000000030
18735  36.164  -62.627  24.386 0.1000000015
18757  41.359  -64.217  23.767 0.3000000119
18809  32.894  -63.138  20.126 0.1000000015
18811  31.655  -63.906  21.006 0.2000000030
19356  35.579  -62.599  39.987 0.1000000015
19357  34.868  -62.640  39.709 0.1000000015
19359  30.204  -62.874  40.108 0.1000000015
19361  29.060  -62.520  40.902 0.1000000015
19390  37.236  -62.856  39.092 0.1000000015
19423  44.022  -63.366  34.028 0.4000000060
19429  37.208  -62.702  34.471 0.4000000060
19450  37.000  -62.585  33.871 0.5000000000
19534  41.179  -62.959  26.412 0.4000000060
19538  33.907  -62.238  26.194 0.1000000015
19539  33.051  -62.014  26.243 0.1000000015
19541  31.613  -62.463  25.994 0.1000000015
19546  34.840  -62.049  25.387 0.1000000015
19548  33.645  -61.856  25.888 0.1000000015
19549  31.920  -61.701  25.824 0.1000000015
19560  40.553  -62.988  24.703 0.2000000030
19564  34.733  -61.766  25.112 0.1000000015
19586  30.801  -62.593  23.933 0.1000000015
20214  35.889  -62.344  39.398 0.1000000015
20217  34.748  -62.314  39.398 0.1000000015
20239  36.162  -62.062  38.463 0.1000000015
20244  38.257  -62.792  37.498 0.4000000060
20245  37.747  -62.673  37.856 0.3000000119
20300  35.168  -61.431  32.607 0.3000000119
20383  32.882  -61.638  25.953 0.1000000015
20384  32.615  -61.788  26.077 0.1000000015
20394  34.033  -61.390  25.285 0.1000000015
20396  32.456  -61.469  25.777 0.1000000015
20397  31.846  -61.347  25.469 0.1000000015
20408  39.078  -61.505  25.253 0.4000000060
20409  34.964  -61.529  24.375 0.1000000015
20411  33.947  -61.196  25.145 0.1000000015
20412  31.304  -61.386  24.794 0.1000000015
20422  35.857  -61.537  23.378 0.1000000015
20424  34.791  -61.266  24.228 0.1000000015
20442  30.982  -61.301  22.866 0.2000000030
21084  35.354  -61.869  38.688 0.1000000015
21114  36.754  -62.185  36.579 0.2000000030
21115  36.169  -61.734  36.758 0.2000000030
21144  34.172  -60.654  33.394 0.2000000030
21171  36.733  -60.580  30.616 0.4000000060
21212  38.824  -60.960  28.211 0.5000000000
21253  33.208  -60.896  25.174 0.1000000015
21255  32.243  -61.094  25.426 0.1000000015
21282  34.256  -60.923  24.535 0.1000000015
21284  32.917  -60.519  24.852 0.1000000015
21310  34.483  -60.658  23.966 0.1000000015
21331  40.122  -61.079  22.409 0.1000000015
21335  34.618  -59.792  23.232 0.1000000015
21351  39.644  -59.813  22.147 0.1000000015
21353  36.857  -60.396  21.862 0.1000000015
22072  28.749  -59.736  39.625 0.1000000015
22131  36.115  -60.214  30.470 0.2000000030
22251  38.931  -60.000  23.252 0.1000000015
22254  32.889  -59.508  23.497 0.1000000015
22279  35.094  -59.423  22.608 0.1000000015
22280  34.293  -59.161  22.812 0.1000000015
22296  35.604  -59.248  22.148 0.1000000015
23020  28.795  -59.269  39.051 0.1000000015
23025  28.640  -58.280  39.022 0.1000000015
23107  37.069  -59.040  28.688 0.2000000030
23237  34.793  -58.807  22.226 0.1000000015
23239  33.212  -58.502  22.176 0.1000000015
23251  35.540  -58.560  21.598 0.1000000015
24016  28.576  -57.833  39.024 0.1000000015
24080  32.858  -57.857  31.748 0.1000000015
24081  32.624  -57.440  32.087 0.1000000015
24116  36.297  -57.805  28.707 0.1000000015
24119  34.531  -57.122  29.575 0.1000000015
24139  36.106  -57.166  28.446 0.1000000015
24191  36.645  -56.414  26.653 0.1000000015
25175  31.907  -56.143  33.991 0.1000000015
25227  35.912  -56.997  28.533 0.1000000015
25229  34.566  -56.465  29.308 0.1000000015
25267  36.496  -56.738  27.740 0.1000000015
25333  36.685  -56.129  25.169 0.2000000030
25364  38.180  -56.970  23.040 0.1000000015
25365  37.824  -56.824  23.414 0.1000000015
26186  29.684  -55.812  37.208 0.1000000015
26300  34.754  -54.452  28.614 0.1000000015
27307  34.508  -53.816  28.382 0.1000000015
27308  33.965  -53.713  28.735 0.1000000015
27392  38.228  -55.110  22.531 0.1000000015
28228  31.920  -53.029  33.604 0.1000000015
28243  31.801  -53.715  33.018 0.1000000015
28270  32.713  -53.046  30.773 0.1000000015
29207  32.872  -52.729  30.753 0.1000000015
29219  33.670  -52.147  29.335 0.1000000015
29236  33.544  -52.839  29.259 0.1000000015
29250  34.941  -52.511  27.509 0.1000000015
29286  35.761  -52.505  25.942 0.1000000015
30132  33.662  -51.879  29.995 0.1000000015
30133  33.467  -52.219  29.890 0.1000000015
30149  33.970  -51.741  29.354 0.1000000015
30165  34.834  -51.386  28.347 0.1000000015
30166  34.343  -51.722  28.615 0.1000000015
