#!ascii label  , from subject A00073600 vox2ras=TkReg
1084
49290  -6.560  -33.109  82.282 0.0000000000
58076  -31.265  -25.028  73.122 0.0000000000
66315  -26.639  -19.144  70.615 0.0000000000
59161  -23.594  -24.593  77.450 0.0000000000
72139  -36.570  -14.107  58.065 0.0000000000
72085  -30.494  -13.194  62.508 0.0000000000
60248  -31.079  -23.177  79.485 0.0000000000
56806  -26.853  -26.418  75.442 0.0000000000
72118  -40.939  -13.597  60.935 0.0000000000
77602  -43.717  -8.872  59.228 0.0000000000
81101  -46.480  -5.306  58.688 0.0000000000
71936  -29.833  -13.875  71.615 0.0000000000
69759  -27.455  -15.430  65.940 0.0000000000
73184  -32.524  -11.639  68.055 0.0000000000
73249  -36.685  -12.678  64.333 0.0000000000
56787  -17.014  -26.194  76.783 0.0000000000
47938  -3.887  -34.454  85.429 0.0000000000
63785  -29.872  -21.754  72.806 0.0000000000
69660  -27.446  -15.657  75.807 0.0000000000
59231  -19.597  -24.383  72.273 0.0000000000
58099  -23.613  -25.539  70.274 0.0000000000
82244  -44.541  -4.615  52.741 0.0000000000
84294  -48.602  -2.376  56.417 0.0000000000
69856  -33.719  -15.474  59.965 0.0000000000
68657  -38.606  -16.699  62.428 0.0000000000
51495  -8.978  -30.926  79.617 0.0000000000
41565  -2.307  -39.984  83.051 0.0000000000
74454  -42.559  -11.141  60.225 0.0000000000
73149  -31.084  -12.394  69.409 0.0000000000
55666  -15.940  -27.299  74.386 0.0000000000
49250  -5.348  -33.324  84.505 0.0000000000
61498  -31.853  -23.157  69.739 0.0000000000
61449  -30.965  -22.939  73.617 0.0000000000
60305  -21.345  -23.488  75.507 0.0000000000
60359  -21.505  -24.101  71.633 0.0000000000
59203  -22.978  -24.336  73.795 0.0000000000
56839  -29.558  -25.878  73.993 0.0000000000
56865  -27.383  -26.063  71.499 0.0000000000
56882  -28.980  -26.182  71.043 0.0000000000
59130  -22.563  -24.195  79.290 0.0000000000
60291  -20.275  -23.369  76.917 0.0000000000
77662  -40.106  -8.505  55.595 0.0000000000
81152  -42.886  -5.526  53.742 0.0000000000
83242  -47.147  -3.733  57.740 0.0000000000
72066  -28.659  -13.761  64.362 0.0000000000
70961  -32.278  -14.250  61.114 0.0000000000
70934  -37.145  -15.129  63.559 0.0000000000
54535  -12.618  -28.011  77.180 0.0000000000
54518  -11.469  -28.306  79.289 0.0000000000
54499  -9.567  -28.562  81.072 0.0000000000
52544  -10.175  -30.373  77.830 0.0000000000
42531  -4.113  -39.625  81.832 0.0000000000
58015  -30.651  -24.177  76.270 0.0000000000
63729  -31.008  -22.015  76.073 0.0000000000
63696  -30.529  -21.241  78.426 0.0000000000
57970  -25.934  -25.952  79.724 0.0000000000
58025  -24.955  -25.437  75.346 0.0000000000
56755  -27.192  -26.527  78.677 0.0000000000
56777  -29.630  -26.309  77.283 0.0000000000
72133  -37.992  -13.341  60.005 0.0000000000
74451  -39.823  -11.012  59.937 0.0000000000
76522  -41.021  -8.977  58.830 0.0000000000
78802  -42.475  -6.898  57.615 0.0000000000
81122  -43.678  -5.241  56.894 0.0000000000
78790  -45.728  -7.019  59.166 0.0000000000
69714  -27.466  -15.525  70.762 0.0000000000
68586  -26.505  -17.001  68.990 0.0000000000
70835  -28.205  -14.555  69.410 0.0000000000
72008  -29.547  -13.438  67.167 0.0000000000
73227  -31.596  -11.661  65.302 0.0000000000
73262  -33.523  -12.176  63.598 0.0000000000
74390  -34.994  -11.241  66.039 0.0000000000
55619  -16.183  -27.130  78.266 0.0000000000
55645  -14.642  -27.443  76.202 0.0000000000
85320  -49.361  -1.098  52.304 0.0000000000
46712  -2.199  -34.806  85.722 0.0000000000
61496  -29.749  -22.621  69.691 0.0000000000
65089  -27.527  -20.470  72.004 0.0000000000
65036  -29.347  -20.232  75.546 0.0000000000
66256  -27.397  -18.676  74.757 0.0000000000
67409  -26.881  -17.709  72.857 0.0000000000
70784  -29.088  -14.465  74.000 0.0000000000
58072  -25.267  -25.557  72.640 0.0000000000
57982  -18.473  -24.840  78.844 0.0000000000
59183  -18.076  -24.671  75.293 0.0000000000
83251  -44.882  -3.839  55.572 0.0000000000
83260  -46.257  -3.059  54.300 0.0000000000
84311  -47.229  -1.957  53.524 0.0000000000
85295  -49.980  -1.423  56.066 0.0000000000
48064  -6.963  -34.046  79.718 0.0000000000
46805  -5.322  -35.742  80.506 0.0000000000
69881  -35.443  -15.526  59.347 0.0000000000
70931  -34.804  -14.172  63.088 0.0000000000
68670  -35.739  -16.473  62.041 0.0000000000
69860  -37.716  -15.610  60.222 0.0000000000
69840  -39.830  -15.712  61.336 0.0000000000
51473  -7.763  -31.639  81.082 0.0000000000
45601  -3.975  -36.569  83.104 0.0000000000
44470  -3.021  -37.151  84.143 0.0000000000
44480  -1.634  -37.099  83.943 0.0000000000
49268  -6.185  -32.837  83.391 0.0000000000
58091  -31.382  -25.134  71.965 0.0000000000
59249  -31.750  -24.447  71.236 0.0000000000
60330  -31.299  -23.773  73.707 0.0000000000
60293  -22.182  -23.589  76.152 0.0000000000
60317  -22.297  -23.777  74.143 0.0000000000
59187  -23.791  -24.446  75.329 0.0000000000
58057  -30.519  -25.466  73.744 0.0000000000
56867  -29.133  -26.182  72.005 0.0000000000
58075  -30.688  -25.478  72.601 0.0000000000
58104  -30.335  -25.559  70.375 0.0000000000
57955  -24.202  -25.111  80.143 0.0000000000
59113  -23.153  -24.653  79.886 0.0000000000
59149  -22.602  -24.082  78.096 0.0000000000
60276  -21.992  -23.725  77.106 0.0000000000
81151  -42.454  -5.617  54.446 0.0000000000
65100  -27.088  -19.902  70.288 0.0000000000
65119  -26.618  -19.519  69.274 0.0000000000
72067  -29.188  -13.412  63.815 0.0000000000
70958  -29.362  -14.658  61.556 0.0000000000
72102  -31.887  -13.674  61.660 0.0000000000
54534  -11.696  -28.953  76.994 0.0000000000
54527  -12.339  -27.784  78.524 0.0000000000
53513  -10.939  -29.322  77.704 0.0000000000
53501  -10.431  -29.655  78.377 0.0000000000
53527  -10.618  -29.960  77.370 0.0000000000
59162  -31.126  -23.666  77.323 0.0000000000
61396  -30.980  -22.620  77.322 0.0000000000
62508  -30.901  -21.722  79.036 0.0000000000
56726  -26.565  -25.959  80.751 0.0000000000
56754  -26.452  -26.309  79.130 0.0000000000
56728  -27.629  -25.814  80.183 0.0000000000
59132  -30.392  -24.535  79.803 0.0000000000
56744  -29.579  -25.925  78.800 0.0000000000
57971  -30.497  -24.781  78.770 0.0000000000
56779  -30.481  -24.878  76.844 0.0000000000
72117  -39.840  -13.624  60.666 0.0000000000
73298  -38.413  -12.592  59.801 0.0000000000
74435  -40.163  -11.832  60.324 0.0000000000
75496  -43.530  -10.195  59.772 0.0000000000
76507  -42.244  -9.623  59.500 0.0000000000
76524  -42.645  -9.134  59.236 0.0000000000
77642  -41.914  -7.501  57.776 0.0000000000
78787  -43.649  -7.383  58.483 0.0000000000
79977  -44.278  -6.711  58.280 0.0000000000
77623  -44.789  -7.965  58.934 0.0000000000
70816  -28.655  -14.508  71.175 0.0000000000
70827  -27.822  -14.877  70.197 0.0000000000
70836  -28.970  -13.887  69.914 0.0000000000
73166  -31.918  -11.824  68.877 0.0000000000
71995  -30.156  -12.789  67.680 0.0000000000
73182  -30.862  -12.285  67.079 0.0000000000
73203  -30.730  -12.186  65.981 0.0000000000
73204  -31.694  -11.805  66.457 0.0000000000
73228  -32.816  -11.090  65.790 0.0000000000
74388  -33.297  -11.255  66.875 0.0000000000
56752  -17.551  -25.834  78.527 0.0000000000
56751  -17.058  -26.266  78.853 0.0000000000
56770  -16.984  -26.103  77.926 0.0000000000
55655  -15.281  -27.433  75.296 0.0000000000
86327  -50.375  -0.546  53.530 0.0000000000
86336  -50.744  -0.753  52.802 0.0000000000
46714  -3.069  -34.631  85.871 0.0000000000
62635  -31.138  -21.940  71.361 0.0000000000
61497  -31.026  -22.781  69.738 0.0000000000
61462  -29.875  -22.313  71.386 0.0000000000
62632  -28.654  -21.947  71.346 0.0000000000
63783  -28.391  -21.305  72.688 0.0000000000
65021  -30.180  -20.972  77.270 0.0000000000
63727  -30.092  -21.107  76.215 0.0000000000
64997  -29.572  -20.030  77.289 0.0000000000
68479  -27.463  -16.675  76.773 0.0000000000
66249  -27.661  -18.542  75.997 0.0000000000
67363  -27.126  -17.826  75.554 0.0000000000
67386  -26.814  -17.732  73.901 0.0000000000
68519  -26.784  -16.570  74.348 0.0000000000
69692  -27.203  -15.464  73.482 0.0000000000
69678  -28.294  -14.904  74.570 0.0000000000
59247  -22.777  -24.742  71.340 0.0000000000
56805  -25.787  -26.100  75.190 0.0000000000
58041  -25.357  -25.628  74.638 0.0000000000
56820  -25.947  -25.794  74.152 0.0000000000
56879  -26.222  -25.939  70.306 0.0000000000
59127  -19.794  -24.633  80.172 0.0000000000
60314  -19.669  -23.499  75.312 0.0000000000
59184  -18.441  -24.254  76.031 0.0000000000
59201  -18.351  -24.512  74.460 0.0000000000
58051  -17.997  -25.098  73.629 0.0000000000
81112  -45.372  -5.236  57.896 0.0000000000
82217  -44.256  -4.103  55.704 0.0000000000
82199  -45.908  -4.514  57.711 0.0000000000
83243  -48.274  -3.074  57.311 0.0000000000
83248  -47.389  -3.153  56.448 0.0000000000
84299  -47.597  -2.651  55.667 0.0000000000
84310  -46.761  -2.534  53.942 0.0000000000
84300  -48.143  -1.959  55.335 0.0000000000
85309  -48.547  -1.337  54.617 0.0000000000
84295  -49.696  -1.971  56.561 0.0000000000
68595  -26.844  -16.244  67.514 0.0000000000
67488  -26.129  -17.825  67.506 0.0000000000
69893  -34.676  -16.120  58.424 0.0000000000
69857  -34.634  -15.572  60.125 0.0000000000
73247  -35.088  -11.981  64.162 0.0000000000
72072  -34.328  -13.083  62.909 0.0000000000
72073  -35.483  -13.341  63.469 0.0000000000
69799  -37.671  -15.593  63.596 0.0000000000
69798  -36.712  -15.720  63.539 0.0000000000
68655  -36.647  -16.854  62.607 0.0000000000
68689  -36.451  -16.703  61.020 0.0000000000
68673  -38.103  -16.921  61.535 0.0000000000
68691  -38.504  -16.427  60.703 0.0000000000
68674  -39.217  -16.536  61.542 0.0000000000
52517  -9.216  -30.111  79.802 0.0000000000
52507  -8.497  -30.480  81.175 0.0000000000
51452  -8.023  -30.948  81.408 0.0000000000
51474  -8.362  -31.144  80.395 0.0000000000
50411  -7.839  -32.609  79.439 0.0000000000
50428  -8.396  -32.516  78.497 0.0000000000
45635  -4.644  -36.603  81.090 0.0000000000
46791  -4.548  -35.835  82.062 0.0000000000
45634  -4.402  -37.208  81.615 0.0000000000
42530  -3.359  -39.794  82.551 0.0000000000
43475  -3.515  -38.181  83.009 0.0000000000
43474  -2.984  -38.359  83.457 0.0000000000
43463  -2.173  -37.252  84.177 0.0000000000
42519  -1.991  -38.639  83.415 0.0000000000
57944  -28.697  -24.702  80.869 0.0000000000
72119  -42.000  -13.503  61.067 0.0000000000
73286  -41.575  -12.717  60.709 0.0000000000
74438  -43.128  -11.578  60.620 0.0000000000
71971  -30.555  -13.097  70.042 0.0000000000
56819  -16.987  -26.132  74.892 0.0000000000
56802  -16.691  -26.437  75.686 0.0000000000
49234  -4.844  -32.983  85.187 0.0000000000
47955  -4.941  -34.003  84.705 0.0000000000
59262  -31.589  -24.462  70.049 0.0000000000
61463  -31.375  -22.775  72.403 0.0000000000
62589  -30.322  -22.072  73.315 0.0000000000
69635  -29.023  -15.130  76.276 0.0000000000
60327  -20.605  -23.439  73.836 0.0000000000
59232  -20.432  -24.034  71.925 0.0000000000
60328  -21.523  -23.563  73.460 0.0000000000
60346  -22.437  -24.138  72.522 0.0000000000
59248  -23.293  -24.974  71.865 0.0000000000
56822  -27.687  -26.286  74.588 0.0000000000
56836  -26.499  -25.838  73.353 0.0000000000
56855  -28.344  -25.971  72.753 0.0000000000
56866  -28.236  -26.212  71.764 0.0000000000
58123  -29.702  -25.912  69.530 0.0000000000
59111  -21.554  -24.225  80.450 0.0000000000
59147  -19.866  -23.885  79.161 0.0000000000
60260  -21.369  -23.604  78.243 0.0000000000
60304  -20.411  -23.438  75.896 0.0000000000
76552  -39.264  -9.506  56.378 0.0000000000
82243  -43.892  -4.783  53.140 0.0000000000
82185  -47.497  -5.100  59.722 0.0000000000
82200  -46.575  -4.149  57.939 0.0000000000
70887  -27.836  -14.785  65.216 0.0000000000
69854  -31.944  -15.434  59.957 0.0000000000
70976  -33.298  -15.105  60.572 0.0000000000
73232  -37.748  -12.539  65.120 0.0000000000
72055  -37.505  -13.377  64.186 0.0000000000
72056  -38.501  -13.899  64.332 0.0000000000
55617  -14.136  -27.453  78.621 0.0000000000
55606  -13.200  -27.390  79.932 0.0000000000
55593  -11.727  -27.152  80.907 0.0000000000
54508  -10.672  -28.209  80.349 0.0000000000
52518  -9.676  -29.971  79.366 0.0000000000
52530  -9.405  -30.570  79.236 0.0000000000
50429  -8.975  -32.146  78.123 0.0000000000
51542  -9.845  -31.484  77.523 0.0000000000
58043  -30.559  -24.639  74.755 0.0000000000
60319  -30.880  -23.451  74.810 0.0000000000
60295  -30.798  -23.188  76.211 0.0000000000
63708  -30.451  -21.528  77.367 0.0000000000
57984  -24.364  -24.978  77.946 0.0000000000
58013  -24.441  -24.831  76.613 0.0000000000
58002  -25.528  -25.974  77.873 0.0000000000
56774  -26.289  -26.635  77.754 0.0000000000
56791  -27.120  -26.742  76.544 0.0000000000
56729  -28.307  -25.591  79.880 0.0000000000
56756  -28.167  -26.473  78.424 0.0000000000
56792  -28.244  -26.773  76.577 0.0000000000
56808  -28.880  -26.385  75.724 0.0000000000
56810  -30.163  -25.230  75.668 0.0000000000
57956  -25.417  -25.699  80.386 0.0000000000
72132  -37.485  -13.408  59.362 0.0000000000
72140  -37.011  -13.369  58.392 0.0000000000
73297  -37.782  -12.598  59.259 0.0000000000
74463  -38.274  -11.140  58.555 0.0000000000
75506  -39.120  -9.946  58.637 0.0000000000
74452  -40.871  -11.040  60.113 0.0000000000
76505  -40.358  -9.612  59.122 0.0000000000
77617  -39.475  -9.238  57.776 0.0000000000
77640  -39.968  -8.384  57.310 0.0000000000
78801  -41.578  -7.036  57.059 0.0000000000
79999  -42.111  -6.277  56.358 0.0000000000
81130  -42.439  -5.643  56.038 0.0000000000
79989  -43.235  -6.192  57.404 0.0000000000
79991  -44.589  -6.313  58.074 0.0000000000
81088  -46.328  -6.071  58.956 0.0000000000
78774  -45.886  -7.590  59.567 0.0000000000
81076  -47.454  -5.728  60.046 0.0000000000
68578  -26.936  -16.561  71.220 0.0000000000
67464  -26.517  -17.868  69.513 0.0000000000
68584  -27.054  -16.479  70.258 0.0000000000
69721  -27.320  -15.619  68.958 0.0000000000
69731  -27.839  -14.970  67.628 0.0000000000
71983  -29.641  -13.386  69.398 0.0000000000
70857  -29.023  -13.994  67.718 0.0000000000
70871  -28.356  -14.302  66.326 0.0000000000
72028  -29.403  -13.425  66.149 0.0000000000
72052  -29.934  -12.774  64.497 0.0000000000
73243  -30.735  -12.269  64.040 0.0000000000
72070  -32.021  -12.727  62.919 0.0000000000
73245  -32.594  -11.559  64.431 0.0000000000
73246  -33.954  -11.501  64.604 0.0000000000
74391  -35.800  -11.607  65.558 0.0000000000
74379  -35.710  -11.574  66.676 0.0000000000
73206  -37.074  -12.075  65.787 0.0000000000
55609  -15.915  -27.175  79.204 0.0000000000
55647  -16.248  -26.732  76.544 0.0000000000
55633  -15.047  -27.319  77.076 0.0000000000
55618  -15.189  -27.357  78.173 0.0000000000
54536  -13.365  -27.783  76.662 0.0000000000
62631  -27.877  -21.664  70.997 0.0000000000
65088  -27.109  -19.971  71.290 0.0000000000
61425  -30.986  -22.617  74.561 0.0000000000
62575  -30.319  -21.982  74.277 0.0000000000
65068  -29.417  -21.015  74.345 0.0000000000
65035  -28.734  -19.820  75.128 0.0000000000
65067  -28.658  -20.695  74.084 0.0000000000
66266  -27.554  -19.524  73.325 0.0000000000
66276  -26.823  -18.807  72.557 0.0000000000
67433  -26.850  -17.684  71.840 0.0000000000
68566  -26.898  -16.412  72.286 0.0000000000
70803  -27.838  -14.869  72.257 0.0000000000
70805  -29.514  -14.227  72.526 0.0000000000
70785  -30.085  -14.459  74.440 0.0000000000
70796  -30.530  -14.216  73.666 0.0000000000
59205  -24.403  -24.830  74.980 0.0000000000
58039  -24.048  -25.194  73.616 0.0000000000
58086  -24.508  -25.478  71.420 0.0000000000
58088  -25.923  -25.609  71.995 0.0000000000
58101  -25.288  -25.686  70.836 0.0000000000
56739  -18.058  -25.534  79.202 0.0000000000
56772  -17.824  -25.266  77.766 0.0000000000
59159  -19.189  -24.185  78.174 0.0000000000
58012  -18.006  -24.709  77.046 0.0000000000
58023  -17.671  -25.026  75.821 0.0000000000
58037  -17.505  -25.495  74.540 0.0000000000
82226  -42.669  -4.978  55.092 0.0000000000
82228  -43.937  -4.016  54.614 0.0000000000
82237  -44.282  -4.065  53.732 0.0000000000
83247  -46.253  -3.712  56.796 0.0000000000
83259  -45.617  -3.478  54.647 0.0000000000
83264  -45.561  -3.480  53.478 0.0000000000
83267  -45.897  -3.658  52.459 0.0000000000
83268  -46.519  -3.155  52.249 0.0000000000
84320  -47.809  -2.342  51.556 0.0000000000
85329  -47.908  -1.557  52.186 0.0000000000
86316  -49.139  -0.788  54.257 0.0000000000
48028  -6.791  -33.655  81.303 0.0000000000
48027  -6.159  -34.124  81.643 0.0000000000
48046  -6.379  -34.472  80.392 0.0000000000
66350  -26.103  -18.687  67.994 0.0000000000
71000  -35.706  -15.183  58.855 0.0000000000
72087  -32.515  -13.277  62.259 0.0000000000
70945  -33.904  -14.110  61.889 0.0000000000
70963  -34.313  -15.055  61.535 0.0000000000
70932  -35.697  -14.569  63.294 0.0000000000
70947  -35.135  -15.102  62.877 0.0000000000
69838  -34.711  -15.736  61.143 0.0000000000
69858  -35.630  -16.141  60.545 0.0000000000
69882  -36.327  -15.592  59.755 0.0000000000
70994  -37.103  -14.773  59.632 0.0000000000
70977  -37.713  -14.775  60.067 0.0000000000
70979  -39.296  -14.581  60.568 0.0000000000
70980  -40.265  -14.486  60.938 0.0000000000
50341  -7.007  -31.728  82.931 0.0000000000
51429  -7.411  -31.294  82.607 0.0000000000
50371  -7.363  -32.322  81.406 0.0000000000
49321  -7.309  -33.236  80.136 0.0000000000
49331  -7.418  -33.436  79.154 0.0000000000
48005  -5.387  -34.360  82.763 0.0000000000
48004  -4.840  -34.814  83.510 0.0000000000
46753  -4.243  -35.665  83.937 0.0000000000
44494  -3.881  -37.564  82.689 0.0000000000
45583  -3.779  -36.690  83.716 0.0000000000
46739  -3.591  -35.546  84.984 0.0000000000
45558  -2.816  -36.184  85.207 0.0000000000
45556  -2.025  -35.928  84.790 0.0000000000
41577  -2.027  -40.387  82.928 0.0000000000
42529  -1.780  -39.034  82.916 0.0000000000
50356  -6.688  -32.374  82.851 0.0000000000
59236  -31.635  -24.385  72.512 0.0000000000
59218  -31.362  -24.226  73.723 0.0000000000
59160  -22.839  -24.182  76.828 0.0000000000
59172  -23.029  -24.027  75.775 0.0000000000
58058  -31.047  -24.904  74.144 0.0000000000
58074  -29.969  -25.909  72.234 0.0000000000
58090  -30.608  -25.569  71.542 0.0000000000
59150  -23.656  -24.664  78.302 0.0000000000
59131  -23.424  -24.614  79.114 0.0000000000
80016  -41.990  -6.482  54.668 0.0000000000
65099  -26.751  -19.428  69.945 0.0000000000
65120  -26.936  -19.894  69.701 0.0000000000
72084  -29.549  -13.419  62.829 0.0000000000
70944  -28.948  -14.116  62.414 0.0000000000
72100  -29.813  -13.744  61.876 0.0000000000
72101  -30.863  -13.664  61.699 0.0000000000
54545  -11.782  -29.415  76.437 0.0000000000
53528  -11.201  -29.832  76.724 0.0000000000
59151  -31.143  -23.786  78.082 0.0000000000
60277  -31.205  -23.142  77.619 0.0000000000
61379  -31.129  -22.482  78.745 0.0000000000
57942  -27.510  -25.357  81.372 0.0000000000
56727  -27.066  -26.051  80.507 0.0000000000
56715  -27.604  -25.645  80.916 0.0000000000
59133  -30.812  -23.951  79.059 0.0000000000
57972  -30.914  -24.254  78.426 0.0000000000
57988  -30.980  -24.316  77.822 0.0000000000
57923  -27.325  -25.038  81.659 0.0000000000
73284  -39.348  -12.698  60.366 0.0000000000
73285  -40.517  -12.730  60.584 0.0000000000
76509  -44.075  -9.528  59.463 0.0000000000
76508  -43.162  -9.417  59.373 0.0000000000
77601  -43.303  -8.941  59.188 0.0000000000
77621  -43.022  -8.518  58.917 0.0000000000
77622  -44.088  -8.166  58.874 0.0000000000
77603  -44.631  -8.727  59.275 0.0000000000
70817  -29.459  -14.079  71.689 0.0000000000
70829  -29.171  -14.008  70.841 0.0000000000
71950  -29.820  -13.788  71.262 0.0000000000
73183  -31.727  -11.882  67.619 0.0000000000
73205  -32.527  -11.540  67.084 0.0000000000
74376  -33.244  -11.449  67.697 0.0000000000
56771  -17.549  -25.612  77.507 0.0000000000
86318  -50.774  -0.426  54.294 0.0000000000
86328  -51.413  -0.670  53.339 0.0000000000
47926  -4.034  -33.738  85.779 0.0000000000
47925  -3.591  -34.030  85.816 0.0000000000
47924  -3.244  -34.027  85.914 0.0000000000
46715  -3.320  -34.358  85.805 0.0000000000
62618  -30.354  -22.063  71.728 0.0000000000
63799  -29.556  -21.887  72.206 0.0000000000
63798  -28.916  -21.678  72.171 0.0000000000
63784  -29.066  -21.531  72.800 0.0000000000
65020  -29.908  -20.724  76.782 0.0000000000
64983  -29.628  -19.711  78.358 0.0000000000
69633  -27.333  -15.918  76.401 0.0000000000
68497  -26.999  -16.613  75.666 0.0000000000
67371  -26.804  -17.525  74.853 0.0000000000
69677  -27.385  -15.657  74.913 0.0000000000
69661  -28.149  -15.210  75.571 0.0000000000
59230  -18.913  -24.871  72.435 0.0000000000
56821  -26.687  -26.106  74.386 0.0000000000
59215  -19.088  -23.926  73.650 0.0000000000
59202  -19.012  -23.833  74.884 0.0000000000
59214  -18.616  -24.609  73.060 0.0000000000
82249  -45.021  -4.786  52.091 0.0000000000
82198  -44.932  -4.914  57.439 0.0000000000
84289  -48.847  -2.723  57.150 0.0000000000
83249  -48.051  -2.841  56.617 0.0000000000
85301  -48.783  -1.674  55.587 0.0000000000
69744  -27.358  -15.542  67.043 0.0000000000
68603  -26.843  -16.223  66.474 0.0000000000
69879  -33.290  -15.960  59.422 0.0000000000
69880  -34.350  -15.899  59.076 0.0000000000
73248  -35.871  -12.570  63.973 0.0000000000
73264  -35.312  -12.544  63.695 0.0000000000
72053  -35.895  -13.097  63.702 0.0000000000
68640  -38.069  -16.343  63.211 0.0000000000
68639  -37.107  -16.440  63.327 0.0000000000
68656  -37.592  -16.861  62.524 0.0000000000
52508  -8.911  -30.128  80.630 0.0000000000
51475  -8.827  -30.566  80.096 0.0000000000
51494  -8.617  -31.560  79.427 0.0000000000
50412  -8.365  -32.113  79.232 0.0000000000
51516  -8.665  -31.909  78.950 0.0000000000
42521  -2.690  -39.409  82.975 0.0000000000
43473  -2.362  -38.211  83.669 0.0000000000
42520  -2.326  -39.035  83.252 0.0000000000
71952  -31.248  -13.175  70.872 0.0000000000
56818  -16.494  -26.647  74.625 0.0000000000
49251  -5.742  -32.647  84.349 0.0000000000
49235  -5.252  -32.576  84.839 0.0000000000
60360  -31.745  -23.538  71.777 0.0000000000
62603  -30.900  -22.336  72.903 0.0000000000
60316  -21.441  -23.470  74.497 0.0000000000
60329  -22.369  -23.900  73.212 0.0000000000
59216  -22.924  -24.462  72.953 0.0000000000
59234  -22.852  -24.560  72.185 0.0000000000
59235  -23.398  -24.911  72.560 0.0000000000
56823  -28.695  -26.245  74.783 0.0000000000
56838  -28.511  -26.008  73.782 0.0000000000
56881  -28.147  -26.235  70.735 0.0000000000
56906  -28.933  -26.285  70.037 0.0000000000
58103  -29.555  -26.032  70.455 0.0000000000
57954  -23.115  -24.862  80.670 0.0000000000
59112  -22.437  -24.342  80.162 0.0000000000
59098  -22.332  -24.595  80.857 0.0000000000
59129  -21.597  -23.947  79.566 0.0000000000
60247  -21.255  -23.612  78.973 0.0000000000
59148  -21.916  -23.841  78.830 0.0000000000
60292  -21.242  -23.483  76.481 0.0000000000
60315  -20.531  -23.397  74.887 0.0000000000
77661  -39.514  -8.847  56.133 0.0000000000
70909  -28.410  -14.152  64.742 0.0000000000
70908  -27.748  -14.824  64.266 0.0000000000
70974  -31.592  -14.783  60.458 0.0000000000
70975  -32.571  -14.852  60.541 0.0000000000
73233  -38.228  -12.606  65.770 0.0000000000
72030  -38.062  -12.919  64.782 0.0000000000
69775  -39.370  -15.234  63.943 0.0000000000
55631  -13.214  -27.532  78.128 0.0000000000
55616  -13.185  -27.405  79.052 0.0000000000
54519  -12.407  -27.618  79.494 0.0000000000
54517  -10.825  -28.636  79.585 0.0000000000
53493  -10.296  -29.260  79.460 0.0000000000
52531  -9.846  -30.310  78.724 0.0000000000
51518  -9.765  -30.901  78.179 0.0000000000
58028  -30.480  -24.358  75.460 0.0000000000
59191  -30.760  -23.733  75.517 0.0000000000
58016  -30.786  -23.841  76.237 0.0000000000
62523  -30.775  -22.049  77.930 0.0000000000
62536  -30.746  -22.212  77.024 0.0000000000
57969  -25.154  -25.549  79.401 0.0000000000
57985  -25.033  -25.527  78.398 0.0000000000
56790  -26.092  -26.407  76.322 0.0000000000
56775  -27.577  -26.778  77.588 0.0000000000
56716  -28.190  -25.366  80.660 0.0000000000
56757  -29.138  -26.321  78.198 0.0000000000
56776  -28.684  -26.654  77.463 0.0000000000
56793  -29.210  -26.417  76.557 0.0000000000
56780  -30.569  -24.476  76.638 0.0000000000
56795  -30.235  -25.170  76.401 0.0000000000
56811  -30.270  -24.905  75.930 0.0000000000
58027  -30.338  -24.827  75.159 0.0000000000
57940  -26.082  -25.757  81.159 0.0000000000
72115  -37.822  -14.058  60.017 0.0000000000
73299  -39.301  -11.874  59.958 0.0000000000
74449  -37.952  -11.936  59.064 0.0000000000
74450  -38.804  -11.275  59.410 0.0000000000
75491  -38.790  -10.494  58.828 0.0000000000
74437  -42.141  -11.835  60.510 0.0000000000
74436  -41.197  -11.879  60.402 0.0000000000
74453  -41.844  -11.134  60.068 0.0000000000
76506  -41.312  -9.596  59.399 0.0000000000
76504  -39.673  -9.670  58.742 0.0000000000
76521  -40.150  -9.241  58.429 0.0000000000
77619  -40.592  -8.560  58.104 0.0000000000
79998  -41.665  -6.798  56.426 0.0000000000
79988  -42.305  -6.439  57.032 0.0000000000
80000  -42.672  -6.020  56.829 0.0000000000
79978  -45.023  -6.484  58.442 0.0000000000
81099  -45.235  -6.015  58.267 0.0000000000
79979  -45.619  -6.635  58.850 0.0000000000
79968  -46.640  -6.447  59.747 0.0000000000
70834  -27.711  -14.945  69.716 0.0000000000
69722  -27.761  -15.023  68.598 0.0000000000
70845  -28.379  -14.487  68.224 0.0000000000
71984  -30.262  -12.806  68.852 0.0000000000
71994  -29.593  -13.402  68.254 0.0000000000
70872  -28.924  -13.903  66.733 0.0000000000
70889  -28.752  -13.845  65.851 0.0000000000
72029  -30.010  -12.893  65.538 0.0000000000
73226  -30.725  -12.251  64.957 0.0000000000
73244  -31.535  -11.892  64.280 0.0000000000
73229  -33.744  -10.960  65.483 0.0000000000
74401  -34.344  -11.138  65.473 0.0000000000
74402  -34.965  -11.528  65.056 0.0000000000
74365  -36.449  -11.860  67.257 0.0000000000
74380  -36.436  -11.771  66.267 0.0000000000
73207  -37.740  -12.360  66.166 0.0000000000
55610  -16.541  -26.694  79.092 0.0000000000
55656  -16.051  -26.972  75.497 0.0000000000
55646  -15.524  -27.163  76.341 0.0000000000
55632  -13.981  -27.454  77.274 0.0000000000
55644  -13.827  -27.766  76.146 0.0000000000
47937  -1.983  -34.258  85.723 0.0000000000
60387  -31.576  -23.345  68.792 0.0000000000
63797  -28.092  -21.273  72.110 0.0000000000
62615  -28.156  -21.602  71.597 0.0000000000
63796  -27.536  -21.023  71.508 0.0000000000
65080  -27.199  -19.682  72.230 0.0000000000
62552  -30.970  -22.734  75.670 0.0000000000
61426  -31.011  -22.850  74.735 0.0000000000
63743  -31.159  -22.145  75.535 0.0000000000
65037  -29.782  -20.756  75.970 0.0000000000
63741  -30.284  -21.318  75.576 0.0000000000
65052  -29.686  -20.821  75.144 0.0000000000
63754  -30.041  -21.431  74.701 0.0000000000
66250  -28.198  -19.303  75.534 0.0000000000
66257  -28.158  -19.439  74.728 0.0000000000
65050  -28.389  -19.980  74.398 0.0000000000
65066  -27.996  -20.006  73.554 0.0000000000
65049  -27.697  -19.530  74.100 0.0000000000
66265  -27.126  -18.986  73.511 0.0000000000
69693  -28.238  -14.703  73.597 0.0000000000
70793  -27.923  -14.767  72.801 0.0000000000
70794  -28.847  -14.418  73.060 0.0000000000
70804  -28.477  -14.509  72.061 0.0000000000
70776  -29.843  -14.624  75.598 0.0000000000
70777  -30.794  -14.151  75.311 0.0000000000
70807  -30.792  -14.036  73.287 0.0000000000
60358  -20.960  -23.873  71.863 0.0000000000
59245  -20.795  -24.580  71.178 0.0000000000
59258  -21.259  -25.107  70.520 0.0000000000
58014  -24.800  -25.320  76.460 0.0000000000
59188  -24.483  -24.771  75.813 0.0000000000
58053  -24.617  -25.411  73.233 0.0000000000
58040  -24.624  -25.306  74.251 0.0000000000
58071  -24.556  -25.440  72.335 0.0000000000
56854  -27.431  -26.003  72.530 0.0000000000
56853  -26.631  -25.818  72.255 0.0000000000
56753  -17.908  -25.333  78.267 0.0000000000
57999  -18.152  -24.863  77.862 0.0000000000
60274  -20.321  -23.483  77.883 0.0000000000
60273  -19.633  -23.850  78.376 0.0000000000
60290  -19.322  -23.849  77.460 0.0000000000
58024  -17.921  -24.793  76.466 0.0000000000
59200  -17.851  -24.895  74.883 0.0000000000
81131  -42.850  -5.243  56.127 0.0000000000
82215  -42.670  -5.224  55.683 0.0000000000
82216  -43.264  -4.811  56.000 0.0000000000
82218  -44.936  -3.894  55.946 0.0000000000
83258  -44.768  -3.749  54.865 0.0000000000
83236  -47.408  -3.997  58.459 0.0000000000
83241  -46.441  -3.980  57.559 0.0000000000
83253  -46.564  -3.282  55.497 0.0000000000
84313  -46.763  -2.500  52.881 0.0000000000
84319  -46.991  -2.584  51.996 0.0000000000
84314  -47.317  -1.986  52.475 0.0000000000
85318  -47.738  -1.434  53.058 0.0000000000
85302  -49.477  -1.115  55.309 0.0000000000
85310  -49.216  -0.952  54.687 0.0000000000
86317  -49.790  -0.629  54.421 0.0000000000
85303  -50.277  -0.847  55.657 0.0000000000
48047  -6.842  -33.797  80.761 0.0000000000
66335  -26.446  -18.668  68.917 0.0000000000
67476  -26.318  -17.824  68.506 0.0000000000
69894  -35.353  -15.631  58.221 0.0000000000
73261  -32.377  -12.137  63.546 0.0000000000
72071  -33.108  -12.737  62.821 0.0000000000
72089  -34.363  -13.825  62.579 0.0000000000
70946  -34.371  -14.461  62.217 0.0000000000
72075  -37.085  -14.465  63.605 0.0000000000
72074  -36.426  -14.028  63.563 0.0000000000
70933  -36.493  -14.944  63.434 0.0000000000
68638  -36.223  -16.318  63.167 0.0000000000
69797  -35.933  -15.494  63.236 0.0000000000
69821  -35.513  -16.031  62.609 0.0000000000
69820  -34.824  -15.499  62.081 0.0000000000
69839  -35.307  -16.163  61.663 0.0000000000
68688  -35.838  -16.528  61.415 0.0000000000
69859  -36.752  -16.145  60.278 0.0000000000
69883  -36.978  -15.542  59.947 0.0000000000
68692  -39.255  -16.003  60.877 0.0000000000
69861  -38.830  -15.501  60.520 0.0000000000
69862  -39.677  -15.297  60.821 0.0000000000
69863  -40.401  -15.019  61.290 0.0000000000
51430  -7.881  -30.801  82.225 0.0000000000
51451  -7.532  -31.521  81.809 0.0000000000
49307  -7.202  -33.178  81.109 0.0000000000
50392  -7.668  -32.283  80.470 0.0000000000
50427  -7.798  -32.945  78.855 0.0000000000
49339  -7.788  -33.388  78.459 0.0000000000
48006  -6.046  -33.647  82.674 0.0000000000
48026  -5.405  -34.581  82.068 0.0000000000
46773  -4.540  -35.426  82.674 0.0000000000
47975  -4.836  -34.720  84.200 0.0000000000
43495  -4.347  -38.670  81.472 0.0000000000
43483  -3.761  -38.631  82.338 0.0000000000
44481  -3.195  -37.606  83.760 0.0000000000
44482  -3.581  -37.471  83.412 0.0000000000
44471  -3.458  -37.114  83.858 0.0000000000
45569  -3.550  -36.467  84.243 0.0000000000
45568  -3.146  -36.426  84.737 0.0000000000
46738  -3.146  -36.032  85.286 0.0000000000
43472  -1.949  -37.701  83.905 0.0000000000
44468  -2.013  -36.742  84.369 0.0000000000
45566  -1.759  -36.140  84.427 0.0000000000
41564  -2.018  -39.573  83.086 0.0000000000
49267  -5.732  -33.377  83.904 0.0000000000
60347  -31.335  -23.555  73.243 0.0000000000
60306  -22.277  -23.597  75.134 0.0000000000
59186  -23.056  -24.104  74.736 0.0000000000
56856  -29.254  -25.848  72.955 0.0000000000
58056  -30.022  -25.672  73.090 0.0000000000
58089  -29.822  -26.077  71.276 0.0000000000
60261  -21.797  -23.722  77.700 0.0000000000
78825  -40.505  -7.969  55.551 0.0000000000
62642  -27.478  -21.431  70.095 0.0000000000
70929  -28.290  -14.312  63.407 0.0000000000
70930  -28.938  -13.749  63.097 0.0000000000
70943  -28.494  -14.631  62.524 0.0000000000
70960  -31.275  -14.201  61.042 0.0000000000
54526  -11.649  -28.545  78.082 0.0000000000
53502  -10.944  -28.979  78.714 0.0000000000
53512  -10.496  -29.790  77.810 0.0000000000
52557  -10.563  -30.687  76.932 0.0000000000
58004  -30.859  -24.175  76.986 0.0000000000
59163  -30.968  -23.516  76.914 0.0000000000
61387  -31.116  -22.652  77.946 0.0000000000
57957  -26.111  -25.961  80.459 0.0000000000
56740  -26.523  -26.160  80.084 0.0000000000
56741  -27.096  -26.329  79.711 0.0000000000
56730  -29.136  -25.448  79.676 0.0000000000
57959  -29.914  -25.097  79.853 0.0000000000
56731  -29.919  -25.442  79.139 0.0000000000
56758  -30.083  -26.074  77.896 0.0000000000
56778  -30.233  -25.653  77.036 0.0000000000
56759  -30.481  -25.338  77.450 0.0000000000
58003  -30.628  -24.800  77.183 0.0000000000
56713  -26.634  -25.799  81.087 0.0000000000
72116  -38.681  -13.544  60.331 0.0000000000
73283  -38.762  -12.910  60.245 0.0000000000
75495  -42.589  -10.370  59.845 0.0000000000
76523  -42.010  -8.948  59.149 0.0000000000
77620  -41.745  -8.213  58.425 0.0000000000
78786  -42.670  -7.546  58.237 0.0000000000
78803  -43.144  -6.863  58.039 0.0000000000
78788  -44.520  -7.333  58.694 0.0000000000
78789  -45.252  -7.302  58.988 0.0000000000
69710  -27.964  -14.979  71.353 0.0000000000
69715  -28.118  -14.872  70.790 0.0000000000
70828  -28.513  -14.461  70.404 0.0000000000
73165  -30.921  -12.209  68.255 0.0000000000
72009  -30.125  -12.885  66.580 0.0000000000
74389  -34.016  -10.920  66.341 0.0000000000
56738  -17.649  -26.138  79.472 0.0000000000
55620  -16.645  -26.591  78.330 0.0000000000
55635  -16.478  -26.646  77.535 0.0000000000
86335  -49.915  -0.714  52.868 0.0000000000
85331  -49.683  -1.784  51.678 0.0000000000
85321  -50.344  -1.159  52.217 0.0000000000
85332  -50.662  -1.671  51.522 0.0000000000
46713  -2.611  -34.794  85.845 0.0000000000
61481  -31.539  -22.514  70.956 0.0000000000
62634  -30.990  -21.928  71.069 0.0000000000
61480  -30.436  -22.315  70.794 0.0000000000
61479  -29.344  -22.312  71.041 0.0000000000
62617  -29.465  -22.121  71.683 0.0000000000
65081  -27.849  -20.469  72.738 0.0000000000
63728  -30.453  -21.445  76.421 0.0000000000
65019  -29.507  -20.171  76.398 0.0000000000
66235  -27.773  -18.319  77.032 0.0000000000
67356  -27.396  -17.600  76.418 0.0000000000
68545  -26.710  -16.628  73.264 0.0000000000
59246  -21.918  -24.413  71.087 0.0000000000
56789  -25.278  -26.031  75.955 0.0000000000
58026  -25.357  -25.743  75.173 0.0000000000
58054  -25.437  -25.607  73.608 0.0000000000
56880  -27.251  -26.083  70.451 0.0000000000
56864  -26.566  -25.787  71.268 0.0000000000
57983  -18.874  -24.840  79.394 0.0000000000
60303  -19.363  -23.578  76.330 0.0000000000
59185  -19.065  -23.704  75.637 0.0000000000
58038  -17.895  -24.976  74.361 0.0000000000
58068  -18.519  -25.564  72.402 0.0000000000
82197  -44.441  -5.276  57.372 0.0000000000
82207  -44.101  -4.810  56.812 0.0000000000
82208  -45.096  -4.167  56.646 0.0000000000
83246  -45.629  -3.879  56.538 0.0000000000
83254  -47.196  -3.068  55.743 0.0000000000
84298  -47.126  -3.015  55.435 0.0000000000
84305  -47.011  -2.844  54.900 0.0000000000
84306  -47.497  -2.075  54.646 0.0000000000
85308  -47.932  -1.662  54.564 0.0000000000
85312  -47.806  -1.542  54.029 0.0000000000
84307  -48.001  -1.745  54.831 0.0000000000
48079  -6.803  -35.265  78.822 0.0000000000
48063  -6.553  -34.837  79.351 0.0000000000
68591  -26.865  -16.266  68.502 0.0000000000
68590  -26.402  -16.979  68.021 0.0000000000
68594  -26.414  -17.008  66.988 0.0000000000
68718  -34.173  -16.675  58.326 0.0000000000
73263  -34.647  -12.376  63.627 0.0000000000
68654  -36.018  -16.567  62.515 0.0000000000
68672  -37.049  -17.035  61.681 0.0000000000
68690  -37.437  -16.691  60.736 0.0000000000
53486  -9.565  -29.291  80.261 0.0000000000
53480  -9.147  -29.396  81.091 0.0000000000
52496  -8.788  -29.887  81.533 0.0000000000
50393  -8.133  -31.908  79.774 0.0000000000
49340  -8.154  -33.227  78.070 0.0000000000
46792  -5.066  -35.296  81.638 0.0000000000
45622  -4.565  -36.077  81.727 0.0000000000
45621  -4.353  -36.659  82.161 0.0000000000
43482  -3.181  -38.844  82.838 0.0000000000
43465  -2.799  -37.797  83.815 0.0000000000
43464  -2.440  -37.527  84.017 0.0000000000
57943  -28.119  -25.100  81.282 0.0000000000
60228  -30.561  -23.188  81.146 0.0000000000
75497  -44.355  -10.201  59.824 0.0000000000
71951  -30.481  -13.531  71.056 0.0000000000
71972  -31.345  -12.777  70.192 0.0000000000
73150  -31.857  -12.209  69.972 0.0000000000
56803  -17.266  -25.855  75.725 0.0000000000
47939  -4.414  -33.826  85.333 0.0000000000
60371  -31.883  -23.656  70.416 0.0000000000
62619  -31.149  -22.059  71.948 0.0000000000
62602  -30.570  -21.977  72.489 0.0000000000
60343  -19.851  -23.604  73.280 0.0000000000
60344  -20.618  -23.650  72.670 0.0000000000
60345  -21.688  -23.785  72.426 0.0000000000
59233  -22.217  -24.218  71.843 0.0000000000
58085  -23.638  -25.282  71.153 0.0000000000
56837  -27.519  -26.005  73.574 0.0000000000
59128  -20.428  -23.952  79.759 0.0000000000
60246  -20.913  -23.639  79.340 0.0000000000
60259  -20.377  -23.633  78.836 0.0000000000
60275  -21.188  -23.443  77.387 0.0000000000
60326  -19.744  -23.497  74.287 0.0000000000
76551  -38.912  -9.552  56.916 0.0000000000
82192  -46.920  -4.582  58.634 0.0000000000
82193  -47.544  -4.132  58.788 0.0000000000
84290  -49.545  -2.537  57.420 0.0000000000
69760  -27.969  -14.723  65.940 0.0000000000
73250  -37.229  -12.660  64.588 0.0000000000
70911  -37.871  -14.673  63.721 0.0000000000
69774  -38.341  -15.150  63.676 0.0000000000
69800  -38.587  -15.681  63.476 0.0000000000
68641  -38.962  -16.195  63.098 0.0000000000
54510  -12.606  -27.496  80.072 0.0000000000
54507  -9.921  -28.664  80.403 0.0000000000
53492  -9.660  -29.632  79.694 0.0000000000
51517  -9.204  -31.439  78.624 0.0000000000
50448  -9.544  -32.214  77.490 0.0000000000
41566  -2.720  -40.443  82.879 0.0000000000
59219  -31.179  -24.131  74.224 0.0000000000
59207  -30.935  -24.002  74.613 0.0000000000
60307  -30.796  -23.312  75.619 0.0000000000
61407  -30.863  -22.786  76.344 0.0000000000
61397  -30.905  -22.697  76.779 0.0000000000
63709  -30.691  -21.922  76.622 0.0000000000
63685  -30.691  -20.930  79.436 0.0000000000
59173  -23.906  -24.496  76.425 0.0000000000
58000  -24.366  -24.924  77.083 0.0000000000
58001  -24.929  -25.488  77.466 0.0000000000
57986  -25.766  -26.000  78.725 0.0000000000
56773  -25.513  -25.985  76.984 0.0000000000
56742  -27.801  -26.096  79.327 0.0000000000
56743  -28.664  -25.986  79.075 0.0000000000
56807  -27.917  -26.677  75.580 0.0000000000
56824  -29.522  -26.031  74.994 0.0000000000
56794  -29.895  -25.811  76.472 0.0000000000
56809  -29.621  -25.923  75.782 0.0000000000
56825  -29.974  -25.638  75.140 0.0000000000
56840  -30.045  -25.699  74.517 0.0000000000
57939  -24.939  -25.583  81.210 0.0000000000
57968  -24.336  -25.038  78.901 0.0000000000
72131  -36.647  -14.179  58.847 0.0000000000
74462  -37.736  -11.886  58.265 0.0000000000
75494  -41.594  -10.332  59.792 0.0000000000
75493  -40.577  -10.264  59.680 0.0000000000
75492  -39.541  -10.259  59.275 0.0000000000
76520  -39.321  -9.474  58.060 0.0000000000
76538  -38.918  -9.591  57.447 0.0000000000
77652  -39.242  -8.885  56.809 0.0000000000
77653  -39.904  -8.286  56.409 0.0000000000
77641  -41.028  -7.826  57.605 0.0000000000
78800  -40.627  -7.704  56.757 0.0000000000
78813  -40.443  -7.776  55.961 0.0000000000
78814  -41.122  -7.243  56.236 0.0000000000
80007  -41.579  -6.849  55.832 0.0000000000
80008  -41.926  -6.262  55.508 0.0000000000
81120  -42.583  -5.834  56.505 0.0000000000
81109  -43.451  -5.757  57.142 0.0000000000
79976  -43.710  -6.642  58.031 0.0000000000
79990  -44.130  -6.229  57.792 0.0000000000
81110  -43.895  -5.609  57.264 0.0000000000
81111  -44.851  -5.788  57.865 0.0000000000
81100  -45.821  -5.759  58.517 0.0000000000
78773  -45.255  -8.107  59.213 0.0000000000
79967  -46.193  -6.558  59.238 0.0000000000
81089  -46.795  -5.816  59.264 0.0000000000
82175  -47.786  -5.372  60.278 0.0000000000
67455  -26.582  -17.822  70.544 0.0000000000
67454  -26.522  -18.104  69.976 0.0000000000
67465  -26.793  -17.104  69.746 0.0000000000
68587  -26.989  -16.322  69.398 0.0000000000
69717  -27.405  -15.523  69.824 0.0000000000
69730  -27.292  -15.572  68.044 0.0000000000
69745  -27.883  -14.875  66.677 0.0000000000
71970  -29.749  -13.556  70.446 0.0000000000
70846  -28.901  -13.862  68.820 0.0000000000
70856  -28.397  -14.405  67.211 0.0000000000
70910  -28.657  -13.964  65.293 0.0000000000
72051  -29.075  -13.549  65.017 0.0000000000
72068  -30.220  -12.799  63.452 0.0000000000
73259  -30.876  -12.480  63.518 0.0000000000
72069  -31.097  -12.733  63.019 0.0000000000
73260  -31.449  -12.309  63.551 0.0000000000
74403  -35.631  -11.850  64.632 0.0000000000
73230  -36.271  -12.031  64.753 0.0000000000
74377  -34.048  -11.261  67.413 0.0000000000
74378  -34.916  -11.261  67.080 0.0000000000
74364  -35.631  -11.769  67.639 0.0000000000
74392  -36.505  -11.868  65.471 0.0000000000
73231  -36.931  -12.230  64.969 0.0000000000
55634  -15.792  -27.091  77.335 0.0000000000
85314  -52.026  -1.039  52.974 0.0000000000
85322  -51.529  -1.031  52.314 0.0000000000
61477  -28.113  -21.908  70.823 0.0000000000
63807  -27.329  -20.755  70.661 0.0000000000
60331  -31.098  -23.585  74.124 0.0000000000
61450  -30.943  -23.154  73.963 0.0000000000
61435  -30.847  -22.643  74.195 0.0000000000
63742  -30.989  -21.813  75.469 0.0000000000
62576  -30.958  -22.117  74.709 0.0000000000
62590  -30.646  -22.444  73.835 0.0000000000
63770  -29.785  -21.673  73.839 0.0000000000
63769  -29.187  -21.325  73.568 0.0000000000
65018  -28.935  -19.733  76.002 0.0000000000
65051  -29.068  -20.386  74.759 0.0000000000
63768  -28.374  -21.049  73.369 0.0000000000
66277  -27.522  -19.510  72.955 0.0000000000
66291  -26.625  -18.894  71.584 0.0000000000
69709  -27.339  -15.625  71.632 0.0000000000
68565  -26.927  -15.799  72.538 0.0000000000
69701  -27.338  -15.421  72.426 0.0000000000
69702  -27.759  -15.033  71.898 0.0000000000
70818  -29.917  -14.057  72.209 0.0000000000
69662  -28.974  -14.988  75.367 0.0000000000
69679  -29.279  -14.665  74.809 0.0000000000
70786  -30.795  -14.140  74.369 0.0000000000
70795  -29.793  -14.364  73.402 0.0000000000
70806  -30.361  -14.085  72.777 0.0000000000
71937  -30.207  -13.820  71.865 0.0000000000
59204  -23.763  -24.746  74.293 0.0000000000
59217  -23.506  -24.846  73.360 0.0000000000
58052  -23.961  -25.250  72.877 0.0000000000
58070  -23.867  -25.268  72.047 0.0000000000
58100  -24.484  -25.718  70.478 0.0000000000
58073  -25.944  -25.673  72.876 0.0000000000
58087  -25.228  -25.557  71.737 0.0000000000
56724  -18.432  -25.962  80.152 0.0000000000
59146  -19.257  -24.313  79.073 0.0000000000
59158  -18.764  -24.471  78.252 0.0000000000
60289  -18.943  -24.048  77.257 0.0000000000
59170  -18.660  -24.303  77.345 0.0000000000
57998  -17.792  -25.139  77.435 0.0000000000
58011  -17.663  -25.138  76.841 0.0000000000
56788  -17.457  -25.595  76.553 0.0000000000
58050  -17.649  -25.850  73.227 0.0000000000
81141  -42.271  -5.645  55.203 0.0000000000
82235  -42.844  -4.935  54.369 0.0000000000
82227  -43.312  -4.428  54.942 0.0000000000
82236  -43.443  -4.648  53.896 0.0000000000
82209  -45.697  -4.009  56.943 0.0000000000
83252  -45.481  -3.722  55.811 0.0000000000
83263  -44.963  -3.583  53.970 0.0000000000
82238  -44.911  -3.946  53.285 0.0000000000
82245  -45.249  -4.140  52.602 0.0000000000
83265  -46.272  -3.056  53.221 0.0000000000
83272  -46.324  -3.802  51.741 0.0000000000
85319  -48.458  -1.053  52.667 0.0000000000
85313  -48.278  -1.105  53.571 0.0000000000
86333  -48.614  -0.809  53.237 0.0000000000
86334  -49.073  -0.626  53.011 0.0000000000
86326  -49.509  -0.596  53.635 0.0000000000
49306  -6.793  -33.444  81.618 0.0000000000
46793  -5.769  -34.932  80.828 0.0000000000
46806  -5.865  -35.189  79.911 0.0000000000
66314  -26.539  -18.648  69.838 0.0000000000
68613  -26.792  -16.244  65.418 0.0000000000
71001  -36.132  -14.867  58.402 0.0000000000
72086  -31.491  -13.199  62.345 0.0000000000
72103  -32.862  -13.841  61.720 0.0000000000
72088  -33.618  -13.691  62.160 0.0000000000
70962  -33.466  -14.429  61.429 0.0000000000
69837  -34.012  -15.231  60.799 0.0000000000
72054  -36.310  -13.225  63.822 0.0000000000
70992  -35.745  -15.222  59.118 0.0000000000
70993  -36.096  -14.968  59.156 0.0000000000
70978  -38.328  -14.684  60.302 0.0000000000
68658  -39.484  -16.335  62.529 0.0000000000
50357  -7.058  -32.207  82.220 0.0000000000
49291  -7.016  -32.911  81.736 0.0000000000
50446  -8.460  -32.978  77.907 0.0000000000
47977  -5.765  -33.693  83.320 0.0000000000
47976  -5.411  -34.137  83.903 0.0000000000
46774  -5.094  -34.876  82.299 0.0000000000
47954  -4.334  -34.720  84.776 0.0000000000
44512  -4.169  -37.756  81.918 0.0000000000
46727  -3.384  -34.766  85.598 0.0000000000
46726  -2.911  -35.497  85.538 0.0000000000
46725  -2.305  -35.452  85.410 0.0000000000
44469  -2.507  -36.871  84.410 0.0000000000
45557  -2.383  -36.095  85.083 0.0000000000
46724  -1.939  -35.210  85.100 0.0000000000
40484  -2.343  -40.945  82.887 0.0000000000
43481  -1.701  -38.058  83.416 0.0000000000
44458  -2.091  -36.235  84.613 0.0000000000
44459  -2.313  -36.461  84.618 0.0000000000
45567  -2.608  -36.413  84.809 0.0000000000
47910  -3.201  -33.601  86.317 0.0000000000
47911  -3.500  -33.567  86.108 0.0000000000
51541  -9.322  -31.992  77.861 0.0000000000
53487  -10.096  -28.826  80.081 0.0000000000
53494  -10.877  -28.784  79.264 0.0000000000
56714  -27.036  -25.784  81.040 0.0000000000
56745  -30.335  -25.523  78.337 0.0000000000
56796  -30.417  -24.674  76.299 0.0000000000
56804  -25.334  -25.838  75.437 0.0000000000
56835  -25.945  -25.720  73.629 0.0000000000
57925  -28.545  -24.456  81.570 0.0000000000
57941  -26.863  -25.528  81.345 0.0000000000
57987  -30.724  -24.885  77.713 0.0000000000
58005  -30.855  -23.842  76.736 0.0000000000
58017  -31.408  -23.598  75.946 0.0000000000
58029  -30.769  -23.730  75.855 0.0000000000
58030  -31.313  -23.672  76.075 0.0000000000
58042  -30.380  -25.211  74.723 0.0000000000
58055  -25.945  -25.704  73.371 0.0000000000
58069  -19.065  -25.044  72.142 0.0000000000
58102  -25.854  -25.650  71.208 0.0000000000
59099  -28.993  -24.383  80.951 0.0000000000
59145  -18.796  -24.517  78.714 0.0000000000
59171  -18.996  -24.243  77.801 0.0000000000
59174  -24.472  -24.788  76.347 0.0000000000
59175  -30.851  -23.523  76.469 0.0000000000
59176  -30.739  -23.668  75.962 0.0000000000
59189  -30.618  -24.161  74.846 0.0000000000
59190  -30.681  -23.771  75.168 0.0000000000
59206  -30.952  -24.277  74.503 0.0000000000
59208  -30.742  -23.753  74.962 0.0000000000
60258  -19.698  -23.871  78.861 0.0000000000
60262  -31.199  -23.201  78.474 0.0000000000
60278  -31.070  -23.041  77.123 0.0000000000
60294  -30.899  -23.095  76.673 0.0000000000
60302  -18.882  -23.946  76.911 0.0000000000
60318  -30.997  -23.843  74.438 0.0000000000
60332  -30.826  -23.198  74.325 0.0000000000
60348  -31.059  -23.290  73.831 0.0000000000
61408  -30.854  -22.883  75.861 0.0000000000
61415  -30.965  -22.925  75.176 0.0000000000
61424  -30.896  -22.406  74.467 0.0000000000
61436  -30.890  -22.996  74.185 0.0000000000
61437  -31.249  -23.025  74.328 0.0000000000
61461  -29.587  -22.265  71.433 0.0000000000
61494  -27.973  -22.036  70.493 0.0000000000
62537  -30.885  -22.369  76.436 0.0000000000
62551  -31.016  -22.585  75.955 0.0000000000
62562  -30.700  -21.739  74.978 0.0000000000
62563  -31.077  -21.910  75.085 0.0000000000
62564  -31.184  -22.433  75.242 0.0000000000
62565  -31.089  -22.746  75.264 0.0000000000
62577  -31.153  -22.414  74.883 0.0000000000
62578  -31.162  -22.637  75.025 0.0000000000
62616  -28.769  -21.830  71.751 0.0000000000
62633  -29.109  -22.108  71.510 0.0000000000
63755  -31.209  -22.007  75.061 0.0000000000
63756  -31.440  -21.790  75.124 0.0000000000
65065  -27.585  -19.544  73.578 0.0000000000
66214  -27.865  -18.134  77.497 0.0000000000
67344  -27.689  -17.584  77.469 0.0000000000
68544  -26.796  -15.883  72.879 0.0000000000
68671  -36.238  -16.805  61.881 0.0000000000
69691  -26.940  -15.631  73.042 0.0000000000
69700  -27.008  -15.623  72.812 0.0000000000
69718  -27.649  -15.099  69.315 0.0000000000
69773  -37.908  -15.170  63.613 0.0000000000
70888  -28.333  -14.286  65.558 0.0000000000
72050  -28.712  -13.818  64.736 0.0000000000
72104  -33.326  -13.955  61.764 0.0000000000
76519  -38.955  -9.655  57.808 0.0000000000
76539  -39.108  -9.468  57.694 0.0000000000
77618  -39.809  -9.028  57.834 0.0000000000
77638  -39.042  -9.329  57.380 0.0000000000
77639  -39.275  -9.155  57.487 0.0000000000
77651  -38.998  -9.247  57.157 0.0000000000
77663  -40.628  -8.189  55.292 0.0000000000
79987  -41.909  -6.610  56.716 0.0000000000
81121  -43.153  -5.506  56.717 0.0000000000
82191  -46.285  -5.036  58.395 0.0000000000
82206  -43.543  -5.064  56.630 0.0000000000
83244  -48.916  -2.845  57.490 0.0000000000
84293  -47.905  -2.742  56.299 0.0000000000
85294  -49.283  -1.686  56.041 0.0000000000
86305  -50.238  -0.622  55.018 0.0000000000
86325  -48.817  -0.779  53.738 0.0000000000
