#!ascii label  , from subject A00073600 vox2ras=TkReg
950
69361  -23.338  -16.457  7.862 0.5555555820
70515  -24.471  -15.654  6.986 0.6666666865
70530  -25.211  -15.655  6.497 0.7777777910
70531  -26.041  -15.641  5.918 0.7777777910
72843  -25.634  -14.047  4.876 0.8888888955
71692  -27.474  -14.602  4.858 0.8888888955
69339  -22.833  -16.661  8.429 0.5555555820
70513  -22.918  -15.470  7.891 0.5555555820
71643  -23.908  -14.965  7.103 0.6666666865
71660  -24.499  -14.798  6.598 0.8888888955
70548  -26.257  -15.141  5.462 0.8888888955
71690  -26.015  -14.395  4.817 0.8888888955
72873  -27.305  -13.301  4.077 1.0000000000
72859  -27.759  -13.501  4.413 0.8888888955
74028  -27.672  -12.747  3.571 1.0000000000
72805  -23.020  -13.923  7.158 0.7777777910
72841  -23.932  -13.440  5.767 1.0000000000
73995  -24.071  -12.799  5.261 1.0000000000
72856  -25.247  -13.029  4.618 1.0000000000
74026  -25.764  -12.480  3.662 1.0000000000
74010  -24.617  -12.445  4.616 1.0000000000
74027  -26.641  -12.511  3.412 1.0000000000
75145  -25.269  -11.508  3.614 1.0000000000
75146  -26.266  -11.508  2.989 1.0000000000
75147  -27.202  -12.029  2.846 1.0000000000
74047  -29.072  -12.396  2.296 1.0000000000
75162  -27.039  -11.417  2.280 1.0000000000
75163  -27.750  -12.010  1.943 1.0000000000
74048  -29.837  -12.444  1.987 1.0000000000
76171  -28.986  -10.704  1.532 1.0000000000
77212  -29.753  -10.185  0.921 0.7777777910
75113  -23.330  -11.390  5.281 0.8888888955
75132  -24.588  -11.573  4.125 1.0000000000
76139  -25.502  -10.551  3.299 1.0000000000
76154  -26.976  -10.455  2.011 1.0000000000
76170  -27.957  -10.637  1.822 1.0000000000
77200  -28.566  -9.573  1.664 1.0000000000
77201  -29.489  -9.846  1.335 1.0000000000
78344  -29.628  -9.304  1.809 0.8888888955
78325  -29.665  -8.492  2.333 0.7777777910
76124  -23.587  -10.507  4.559 0.5555555820
78321  -24.415  -8.336  3.083 0.7777777910
77171  -24.368  -9.411  3.457 0.8888888955
77185  -26.394  -9.418  2.266 1.0000000000
76153  -26.228  -10.395  2.659 1.0000000000
77184  -25.455  -9.443  2.926 0.8888888955
77198  -27.066  -9.283  1.773 1.0000000000
78342  -28.049  -8.353  1.349 1.0000000000
78343  -28.958  -8.524  1.643 0.8888888955
79563  -28.094  -7.399  1.193 1.0000000000
79564  -28.621  -7.558  1.496 0.8888888955
80701  -29.776  -6.592  2.412 0.7777777910
80692  -30.637  -6.144  2.898 0.6666666865
79512  -22.618  -7.955  4.811 0.4444444478
78308  -23.689  -8.416  3.833 0.7777777910
79528  -23.856  -7.443  3.428 0.6666666865
79542  -25.263  -7.829  2.096 0.7777777910
78339  -25.633  -8.154  1.976 0.8888888955
78340  -26.427  -8.310  1.713 0.8888888955
78341  -27.321  -8.207  1.339 1.0000000000
79561  -26.806  -7.149  0.751 1.0000000000
79562  -27.560  -7.030  0.620 1.0000000000
80718  -28.445  -6.643  1.219 0.8888888955
81786  -29.471  -5.576  2.027 0.7777777910
81780  -31.240  -5.475  3.373 0.5555555820
82831  -29.754  -4.932  2.310 0.7777777910
82832  -30.332  -4.257  2.619 0.6666666865
80699  -23.804  -6.400  3.111 0.6666666865
80687  -23.430  -6.849  3.694 0.6666666865
79541  -24.643  -7.393  2.381 0.7777777910
80713  -24.638  -6.303  2.152 0.7777777910
79560  -25.638  -7.354  1.548 0.8888888955
80715  -26.110  -6.637  0.844 1.0000000000
79578  -27.100  -6.632  0.170 1.0000000000
80734  -27.490  -6.345  -0.076 1.0000000000
80716  -27.668  -6.597  0.088 0.8888888955
81799  -28.275  -5.603  0.527 0.8888888955
81800  -28.770  -5.540  1.393 0.8888888955
82859  -28.202  -4.752  0.462 0.8888888955
82843  -28.548  -4.587  0.991 0.7777777910
82844  -29.353  -4.459  1.733 0.7777777910
82833  -30.894  -3.602  2.986 0.6666666865
80698  -23.322  -6.083  3.374 0.6666666865
80686  -22.981  -6.306  3.796 0.5555555820
80714  -25.442  -6.276  1.412 0.8888888955
81811  -26.341  -5.412  0.509 1.0000000000
80732  -26.023  -6.004  0.720 1.0000000000
81813  -27.667  -5.612  -0.199 1.0000000000
80735  -27.850  -6.024  -0.425 0.8888888955
83841  -29.120  -3.863  0.971 0.7777777910
83842  -29.600  -3.286  1.325 0.7777777910
83843  -29.996  -3.224  2.187 0.6666666865
84839  -31.280  -2.233  2.621 0.5555555820
83833  -31.170  -3.014  3.265 0.5555555820
81784  -23.323  -5.625  3.229 0.7777777910
82817  -23.023  -5.006  3.362 0.6666666865
81785  -24.127  -5.469  2.518 0.8888888955
81798  -25.725  -5.338  1.190 1.0000000000
82856  -26.589  -4.701  0.532 1.0000000000
83855  -28.299  -3.964  0.670 0.8888888955
82858  -27.903  -4.886  0.246 0.8888888955
84846  -29.864  -2.539  1.135 0.7777777910
85861  -30.189  -1.729  1.187 0.7777777910
84847  -30.480  -2.433  1.755 0.7777777910
84838  -30.979  -2.402  2.169 0.5555555820
85875  -29.161  -2.226  0.638 0.7777777910
85862  -31.148  -1.580  1.545 0.5555555820
85851  -31.592  -1.473  2.242 0.5555555820
82801  -21.985  -4.755  4.344 0.4444444478
83830  -24.203  -3.506  1.827 0.7777777910
82841  -25.204  -4.535  1.480 1.0000000000
82830  -24.471  -4.574  1.998 0.8888888955
83840  -25.928  -3.746  0.550 1.0000000000
83853  -26.783  -3.856  0.643 0.8888888955
84859  -27.116  -2.982  0.437 0.8888888955
83854  -27.624  -3.993  0.716 0.8888888955
84860  -28.012  -3.093  0.500 0.8888888955
84861  -28.776  -3.067  0.264 0.8888888955
86853  -31.524  -0.858  1.764 0.5555555820
85858  -23.685  -1.587  1.628 0.6666666865
83829  -23.254  -3.590  2.537 0.6666666865
84843  -24.079  -2.455  1.231 0.7777777910
84858  -25.983  -2.735  0.510 0.8888888955
84857  -25.393  -2.083  0.521 0.7777777910
85872  -26.657  -2.002  0.691 0.7777777910
86876  -28.066  -1.471  0.982 0.7777777910
85874  -28.437  -2.288  0.596 0.7777777910
86878  -29.296  -1.615  0.834 0.6666666865
86865  -28.588  -0.658  1.205 0.6666666865
86866  -29.597  -0.888  0.966 0.6666666865
85876  -29.560  -1.751  0.926 0.5555555820
87866  -29.093  0.321  1.408 0.6666666865
87867  -30.095  0.369  1.196 0.5555555820
87868  -30.966  0.627  1.364 0.5555555820
87857  -31.372  0.006  1.913 0.4444444478
87853  -23.458  0.303  2.705 0.3333333433
86851  -23.073  -0.576  2.817 0.3333333433
86860  -23.938  -0.557  1.603 0.5555555820
87861  -24.584  0.025  1.638 0.5555555820
85870  -25.038  -1.501  0.698 0.7777777910
86874  -26.308  -1.103  0.983 0.7777777910
86862  -25.997  -0.483  1.506 0.6666666865
86875  -27.176  -1.296  0.918 0.6666666865
86864  -27.659  -0.540  1.192 0.6666666865
87865  -28.102  0.351  1.362 0.6666666865
88968  -29.475  1.438  1.029 0.6666666865
88969  -30.395  1.410  1.069 0.5555555820
87846  -23.342  0.279  3.336 0.4444444478
87854  -23.904  0.576  2.215 0.4444444478
87855  -24.864  0.956  2.282 0.5555555820
87862  -25.418  -0.020  1.626 0.6666666865
87873  -25.297  -0.393  1.393 0.6666666865
87863  -26.327  0.406  1.754 0.6666666865
86863  -26.783  -0.442  1.250 0.6666666865
88967  -28.432  1.448  1.526 0.6666666865
88976  -29.971  1.979  0.686 0.6666666865
90058  -30.623  2.638  -0.210 0.5555555820
88977  -30.512  2.264  0.649 0.6666666865
87848  -24.328  1.463  2.849 0.4444444478
87856  -25.670  0.857  2.179 0.6666666865
88965  -26.934  1.023  1.948 0.6666666865
87864  -27.233  0.336  1.477 0.6666666865
71675  -25.677  -14.611  5.419 0.8888888955
71673  -23.914  -14.069  6.288 1.0000000000
72842  -25.041  -13.460  5.174 1.0000000000
72857  -25.951  -13.520  4.345 1.0000000000
79527  -23.056  -7.403  4.311 0.5555555820
80717  -27.952  -6.445  0.122 0.8888888955
81774  -22.669  -5.583  3.771 0.5555555820
83817  -22.109  -3.876  3.894 0.5555555820
82842  -25.858  -4.525  0.861 1.0000000000
84862  -29.409  -2.971  0.563 0.8888888955
83806  -21.469  -3.608  4.559 0.2222222239
86867  -30.768  -0.593  1.358 0.6666666865
85871  -25.792  -1.686  0.703 0.7777777910
88956  -25.494  1.478  2.632 0.6666666865
80685  -22.286  -6.042  4.418 0.4444444478
88978  -30.980  2.555  0.511 0.5555555820
90052  -31.378  2.776  0.909 0.5555555820
87847  -23.601  1.109  2.972 0.2222222239
90059  -31.256  2.934  -0.229 0.5555555820
67170  -23.825  -18.037  8.089 0.5555555820
68273  -23.984  -17.346  7.658 0.5555555820
69362  -24.247  -16.485  7.265 0.6666666865
69378  -24.980  -16.446  6.745 0.5555555820
69379  -25.656  -16.437  6.419 0.5555555820
70550  -27.350  -15.295  5.338 0.7777777910
68252  -23.210  -17.378  8.484 0.5555555820
70532  -26.617  -16.017  5.803 0.6666666865
70549  -26.800  -15.427  5.316 0.8888888955
71693  -28.031  -13.966  4.878 0.7777777910
74013  -28.442  -12.939  4.488 0.7777777910
74029  -28.604  -12.175  3.349 0.8888888955
69314  -21.945  -16.719  9.405 0.4444444478
71619  -21.990  -14.607  8.687 0.5555555820
72804  -22.262  -13.488  7.685 0.2222222239
72825  -23.099  -13.391  6.629 0.6666666865
76156  -30.291  -11.255  2.316 0.8888888955
76157  -30.376  -10.523  2.262 0.6666666865
77186  -30.103  -9.641  2.015 0.7777777910
78309  -30.332  -8.423  3.202 0.6666666865
73994  -23.184  -12.390  5.856 0.5555555820
79529  -30.424  -7.363  2.999 0.6666666865
75112  -22.673  -11.231  6.111 0.4444444478
80693  -31.086  -6.549  3.554 0.5555555820
81765  -31.829  -5.176  3.885 0.5555555820
77158  -22.328  -8.864  5.641 0.2222222239
82822  -31.000  -4.826  3.016 0.5555555820
79494  -21.546  -6.868  5.515 0.3333333433
84830  -31.673  -2.298  3.359 0.5555555820
82802  -22.236  -5.244  4.219 0.4444444478
85852  -31.886  -1.218  2.868 0.4444444478
82800  -21.387  -4.460  4.998 0.3333333433
86854  -31.716  -0.552  2.610 0.5555555820
86845  -22.761  -0.273  3.543 0.3333333433
86850  -22.511  -0.879  3.440 0.3333333433
85849  -22.585  -1.660  2.991 0.4444444478
88960  -31.490  0.917  1.842 0.4444444478
88970  -31.264  1.805  1.236 0.4444444478
91158  -31.607  3.583  0.508 0.2222222239
87833  -24.361  1.445  3.330 0.3333333433
88957  -26.292  1.537  2.529 0.6666666865
88966  -27.634  1.105  1.802 0.6666666865
88959  -27.785  1.861  2.032 0.6666666865
90050  -28.893  2.439  1.390 0.6666666865
90051  -29.559  2.439  0.762 0.6666666865
90057  -29.980  2.545  0.007 0.6666666865
88948  -25.685  2.038  3.061 0.5555555820
69360  -22.717  -16.088  8.268 0.5555555820
70514  -23.656  -15.618  7.392 0.6666666865
68290  -25.368  -16.858  6.676 0.6666666865
71661  -25.317  -14.942  6.151 0.8888888955
71676  -26.307  -14.861  5.130 0.8888888955
71674  -24.709  -14.248  5.871 1.0000000000
72858  -27.002  -13.828  4.332 1.0000000000
71691  -26.665  -14.585  4.744 0.8888888955
70561  -27.050  -15.042  4.887 0.8888888955
68251  -22.669  -16.973  8.768 0.4444444478
69338  -22.278  -16.373  8.857 0.4444444478
70490  -22.381  -15.413  8.488 0.5555555820
71641  -22.450  -14.588  8.087 0.6666666865
71659  -23.581  -14.292  6.859 0.8888888955
71642  -23.115  -14.608  7.450 0.5555555820
74012  -27.972  -13.093  4.132 1.0000000000
72872  -26.798  -13.169  3.889 1.0000000000
74046  -28.228  -12.289  2.579 1.0000000000
72779  -22.000  -14.087  8.265 0.5555555820
74009  -23.778  -12.149  5.071 1.0000000000
74011  -25.310  -12.753  4.205 1.0000000000
74025  -25.024  -12.222  3.924 1.0000000000
72871  -26.281  -12.924  3.820 1.0000000000
75148  -27.724  -12.291  2.714 1.0000000000
75164  -29.579  -12.265  2.328 0.8888888955
74061  -28.600  -12.393  1.910 1.0000000000
76155  -27.412  -11.194  1.984 1.0000000000
75161  -26.677  -10.969  2.483 1.0000000000
75177  -28.679  -11.717  1.618 1.0000000000
75178  -29.482  -11.559  1.247 1.0000000000
75180  -30.668  -11.036  1.572 0.8888888955
76125  -24.196  -11.049  4.304 1.0000000000
75131  -23.959  -11.553  4.598 1.0000000000
76138  -24.549  -10.580  3.829 0.8888888955
76169  -27.442  -9.917  1.871 1.0000000000
77199  -27.753  -9.317  1.684 1.0000000000
78324  -29.277  -8.231  1.916 0.8888888955
79544  -29.725  -7.528  2.439 0.7777777910
77148  -22.435  -9.862  5.791 0.5555555820
76111  -22.847  -10.449  5.548 0.5555555820
77159  -22.808  -9.400  5.253 0.6666666865
77170  -23.539  -9.388  4.238 0.6666666865
76137  -23.943  -10.005  3.937 0.7777777910
78322  -25.119  -8.423  2.485 0.8888888955
77183  -24.798  -8.925  2.936 0.8888888955
77172  -25.010  -9.972  3.442 0.8888888955
78323  -25.797  -8.757  2.247 0.8888888955
80700  -29.094  -6.398  1.784 0.8888888955
79543  -29.160  -7.535  1.906 0.7777777910
81787  -30.122  -5.468  2.538 0.6666666865
81779  -30.718  -5.250  2.866 0.6666666865
78296  -22.065  -8.372  5.870 0.3333333433
78297  -22.498  -8.416  5.250 0.3333333433
78307  -23.045  -8.484  4.638 0.4444444478
79579  -27.257  -6.754  0.250 1.0000000000
79559  -24.972  -6.870  1.736 0.8888888955
82845  -29.661  -3.741  2.071 0.7777777910
83832  -30.609  -2.924  2.632 0.6666666865
79526  -22.374  -6.662  4.550 0.4444444478
81797  -24.963  -5.398  1.829 0.8888888955
81812  -27.051  -5.573  0.067 1.0000000000
82857  -27.320  -4.850  0.350 0.8888888955
83857  -29.277  -3.456  0.711 0.7777777910
85842  -31.660  -1.695  2.925 0.5555555820
81773  -22.328  -5.552  4.223 0.5555555820
82829  -23.570  -4.610  2.620 0.6666666865
85860  -29.611  -2.264  0.932 0.8888888955
84848  -31.245  -2.079  1.943 0.6666666865
82816  -22.446  -4.813  3.770 0.5555555820
82828  -22.941  -4.391  3.068 0.5555555820
83831  -24.717  -4.040  1.557 1.0000000000
84845  -25.475  -3.105  0.657 0.7777777910
87858  -31.733  0.544  2.595 0.5555555820
84836  -22.830  -2.665  2.658 0.5555555820
85850  -23.135  -1.644  2.304 0.4444444478
84837  -23.520  -2.568  2.009 0.6666666865
85859  -24.336  -1.538  1.081 0.6666666865
83838  -24.547  -2.978  1.147 0.7777777910
83818  -22.614  -3.715  3.181 0.7777777910
85873  -27.587  -2.200  0.649 0.7777777910
86877  -28.880  -1.540  0.817 0.6666666865
86859  -23.498  -0.898  2.114 0.4444444478
86852  -23.546  -0.187  2.254 0.5555555820
86872  -24.702  -0.772  1.227 0.6666666865
86873  -25.458  -0.753  1.185 0.7777777910
79511  -22.097  -7.516  5.128 0.4444444478
80684  -21.959  -6.167  4.731 0.4444444478
91164  -31.330  3.628  -0.602 0.3333333433
71677  -27.714  -14.901  5.657 0.6666666865
68224  -22.409  -17.464  9.361 0.4444444478
68225  -23.028  -17.890  8.966 0.5555555820
74030  -29.165  -11.703  3.445 0.7777777910
68223  -21.817  -17.070  9.662 0.3333333433
77173  -29.935  -9.393  2.776 0.6666666865
73976  -22.631  -12.582  6.636 0.7777777910
77147  -22.076  -9.266  6.175 0.1111111119
80670  -21.731  -6.028  4.910 0.3333333433
81760  -22.035  -5.526  4.491 0.3333333433
85837  -22.026  -1.589  3.681 0.3333333433
90065  -30.678  3.076  -1.073 0.4444444478
68226  -27.707  -17.535  8.854 0.4444444478
68206  -29.697  -17.322  10.066 0.2222222239
67155  -25.079  -18.720  8.132 0.4444444478
67172  -25.497  -18.072  7.646 0.4444444478
67173  -26.194  -17.910  7.576 0.4444444478
68254  -27.445  -17.176  8.097 0.4444444478
69340  -27.601  -16.742  7.899 0.4444444478
69342  -29.024  -15.788  8.558 0.2222222239
68292  -26.171  -17.167  6.737 0.4444444478
69363  -26.739  -16.822  6.925 0.4444444478
69364  -27.256  -16.603  7.280 0.4444444478
70493  -30.116  -15.284  8.670 0.1111111119
70469  -30.627  -15.346  9.019 0.1111111119
70516  -27.636  -15.775  6.758 0.4444444478
70491  -28.648  -15.308  7.944 0.3333333433
69380  -26.509  -16.608  6.407 0.4444444478
69381  -27.242  -16.163  6.213 0.4444444478
69365  -27.954  -15.882  7.477 0.3333333433
71644  -28.683  -14.681  7.388 0.3333333433
71622  -30.365  -14.692  8.476 0.2222222239
70517  -28.117  -15.269  7.086 0.3333333433
69395  -26.920  -16.125  5.765 0.5555555820
72807  -29.472  -13.438  7.161 0.2222222239
72808  -30.317  -13.369  7.644 0.1111111119
73961  -30.966  -12.830  7.608 0.1111111119
72806  -28.809  -13.997  6.865 0.3333333433
72827  -28.982  -13.464  6.653 0.3333333433
72844  -28.410  -13.639  5.146 0.4444444478
73997  -29.158  -12.388  5.357 0.5555555820
75114  -29.794  -11.445  5.248 0.4444444478
74014  -29.160  -11.985  4.302 0.6666666865
76113  -31.011  -9.892  5.917 0.3333333433
75133  -29.701  -11.209  3.978 0.6666666865
76127  -29.997  -10.165  4.090 0.5555555820
75150  -29.258  -11.250  2.975 0.6666666865
77149  -30.471  -9.461  4.535 0.5555555820
76112  -30.550  -10.040  5.009 0.4444444478
77161  -30.627  -8.941  4.536 0.3333333433
76140  -29.740  -10.913  2.653 0.5555555820
79517  -30.805  -7.755  3.723 0.4444444478
79530  -30.982  -7.194  3.624 0.5555555820
78298  -30.580  -8.340  3.812 0.4444444478
88958  -27.173  1.730  2.287 0.5555555820
90046  -28.120  2.537  2.003 0.5555555820
91157  -29.543  3.233  0.359 0.5555555820
91163  -29.701  3.305  -0.546 0.5555555820
67157  -27.098  -17.928  8.500 0.4444444478
68227  -28.424  -16.964  9.113 0.2222222239
68274  -25.008  -17.313  7.072 0.4444444478
71621  -29.310  -14.692  7.942 0.2222222239
72783  -29.840  -13.960  7.910 0.2222222239
72784  -30.619  -13.759  8.198 0.1111111119
73978  -29.234  -12.884  6.405 0.4444444478
73979  -30.040  -12.281  6.637 0.3333333433
73996  -28.767  -13.117  5.573 0.4444444478
78299  -30.917  -8.197  4.529 0.3333333433
79518  -31.524  -7.080  4.175 0.4444444478
82824  -32.117  -3.915  3.988 0.4444444478
91149  -27.110  2.995  2.772 0.5555555820
91150  -27.550  3.503  2.641 0.5555555820
68291  -25.761  -17.066  6.623 0.4444444478
75096  -30.682  -11.558  6.372 0.2222222239
66032  -25.193  -19.846  9.151 0.4444444478
67134  -26.533  -19.066  9.608 0.4444444478
68205  -28.778  -17.478  9.874 0.2222222239
67114  -29.188  -18.002  10.454 0.2222222239
67115  -30.067  -17.698  10.548 0.1111111119
67133  -23.723  -18.829  9.070 0.4444444478
66046  -25.212  -19.310  8.557 0.4444444478
69317  -30.210  -16.314  9.463 0.1111111119
68207  -30.665  -16.992  10.109 0.1111111119
70470  -31.419  -15.168  9.428 0.1111111119
71623  -31.060  -14.079  8.564 0.1111111119
72786  -31.964  -13.366  8.704 0.1111111119
75059  -31.955  -12.283  8.091 0.1111111119
75080  -31.582  -11.798  7.533 0.1111111119
75097  -31.502  -11.006  6.810 0.2222222239
77150  -30.958  -9.100  5.183 0.1111111119
75116  -31.146  -10.675  6.277 0.2222222239
78290  -31.560  -8.284  5.457 0.2222222239
79503  -31.724  -7.490  5.062 0.2222222239
80677  -31.780  -6.034  3.975 0.4444444478
82807  -32.124  -4.613  4.080 0.3333333433
82823  -31.459  -4.247  3.385 0.4444444478
84825  -22.251  -2.711  3.354 0.4444444478
88947  -25.011  2.046  3.050 0.4444444478
90064  -30.157  2.880  -0.785 0.5555555820
90044  -26.818  2.457  2.786 0.5555555820
91151  -28.472  3.433  1.916 0.5555555820
92148  -29.129  3.878  0.757 0.5555555820
92154  -29.290  3.963  -0.014 0.5555555820
91136  -26.630  3.465  3.252 0.5555555820
67154  -24.254  -18.657  8.451 0.4444444478
67171  -24.596  -18.077  7.773 0.4444444478
69396  -27.195  -15.759  5.672 0.5555555820
70533  -27.598  -15.406  6.032 0.5555555820
71678  -28.068  -14.273  5.450 0.6666666865
76141  -29.750  -10.067  3.097 0.5555555820
83823  -31.896  -3.193  3.647 0.4444444478
88971  -31.940  2.355  1.473 0.3333333433
71663  -28.093  -14.709  6.353 0.3333333433
67136  -28.029  -17.688  9.506 0.3333333433
68228  -29.353  -16.848  9.608 0.1111111119
66045  -24.716  -19.072  8.501 0.4444444478
67156  -26.168  -18.656  8.489 0.4444444478
68275  -25.866  -17.546  7.041 0.4444444478
68253  -26.758  -17.719  7.868 0.4444444478
68276  -26.544  -17.211  7.156 0.4444444478
68277  -26.995  -17.199  7.583 0.4444444478
69315  -28.545  -16.573  8.824 0.4444444478
69341  -28.174  -16.442  8.294 0.4444444478
69316  -29.065  -16.357  8.999 0.2222222239
70468  -29.786  -15.730  8.861 0.1111111119
70455  -31.675  -15.512  9.793 0.1111111119
71645  -29.222  -14.148  7.468 0.3333333433
73959  -29.529  -13.012  6.942 0.2222222239
73960  -29.998  -12.822  7.129 0.1111111119
72809  -30.854  -13.339  7.916 0.1111111119
75079  -30.626  -12.216  7.114 0.1111111119
73937  -31.639  -12.622  7.990 0.1111111119
72826  -28.592  -13.639  6.067 0.3333333433
75115  -30.633  -10.776  5.556 0.3333333433
75095  -29.757  -12.087  6.021 0.4444444478
75134  -30.166  -10.746  4.769 0.4444444478
76126  -29.605  -10.696  3.323 0.5555555820
77160  -30.304  -9.104  3.810 0.5555555820
91156  -29.190  3.311  1.211 0.5555555820
67135  -27.212  -18.282  9.379 0.4444444478
66033  -25.960  -19.526  9.265 0.4444444478
66047  -25.662  -19.381  8.836 0.4444444478
67113  -28.027  -18.225  10.247 0.4444444478
66031  -24.331  -19.453  9.000 0.4444444478
68229  -30.019  -16.907  9.773 0.1111111119
71608  -31.166  -14.687  8.919 0.1111111119
60016  -26.926  -24.279  14.849 0.1111111119
61091  -23.053  -23.322  12.445 0.3333333433
61078  -24.999  -22.899  13.583 0.2222222239
61051  -25.329  -23.608  14.277 0.2222222239
61052  -26.419  -23.662  14.397 0.1111111119
61080  -27.093  -23.136  13.884 0.1111111119
63482  -21.736  -21.411  11.960 0.3333333433
62252  -21.862  -22.489  12.353 0.3333333433
61090  -22.476  -22.961  12.328 0.3333333433
62262  -24.144  -22.150  11.811 0.3333333433
62255  -24.645  -22.208  12.317 0.3333333433
62237  -25.028  -22.386  12.978 0.2222222239
62256  -25.287  -22.063  12.708 0.2222222239
61079  -26.096  -23.044  13.701 0.2222222239
62238  -25.852  -22.159  13.140 0.2222222239
65987  -21.348  -19.382  11.209 0.2222222239
64786  -21.416  -20.442  11.542 0.2222222239
63483  -22.311  -21.886  11.868 0.3333333433
62253  -22.841  -22.366  11.822 0.3333333433
62261  -23.672  -22.076  11.547 0.3333333433
63468  -26.236  -21.601  12.838 0.1111111119
66007  -21.673  -18.913  10.687 0.2222222239
65988  -21.825  -19.882  11.115 0.3333333433
66008  -22.273  -19.433  10.417 0.3333333433
64808  -22.818  -20.372  10.583 0.3333333433
66009  -23.041  -19.864  10.247 0.3333333433
64809  -23.566  -20.343  10.058 0.3333333433
63512  -23.165  -20.808  10.567 0.3333333433
64810  -24.409  -20.725  10.180 0.3333333433
64788  -24.725  -20.886  10.820 0.3333333433
64789  -25.383  -20.722  11.222 0.3333333433
64790  -26.278  -20.151  11.408 0.3333333433
64772  -26.468  -20.644  12.109 0.3333333433
64773  -27.382  -20.550  12.304 0.2222222239
67110  -21.845  -18.445  10.308 0.2222222239
67131  -22.379  -18.452  9.859 0.3333333433
66030  -23.318  -19.420  9.668 0.3333333433
64824  -23.860  -19.933  9.457 0.3333333433
64826  -24.987  -20.267  9.752 0.3333333433
64811  -25.328  -20.366  10.358 0.3333333433
66010  -25.556  -19.962  9.717 0.3333333433
64791  -27.147  -19.879  11.816 0.1111111119
68203  -21.603  -17.488  10.193 0.3333333433
68204  -22.033  -17.960  9.922 0.3333333433
67153  -23.505  -18.227  8.722 0.3333333433
66012  -26.659  -19.425  10.596 0.3333333433
67111  -26.611  -19.265  10.019 0.3333333433
67112  -27.000  -19.010  10.308 0.3333333433
80678  -32.156  -6.332  4.472 0.2222222239
81766  -32.511  -5.425  4.506 0.2222222239
85843  -32.122  -1.605  3.427 0.3333333433
84831  -32.269  -2.422  3.825 0.2222222239
61092  -23.884  -22.939  12.721 0.3333333433
61093  -24.498  -22.729  13.014 0.3333333433
62239  -26.916  -22.397  13.474 0.1111111119
64787  -22.194  -20.368  11.092 0.3333333433
63497  -23.633  -21.609  11.059 0.3333333433
63498  -24.545  -21.597  11.428 0.3333333433
63484  -25.064  -21.706  11.925 0.3333333433
64771  -25.822  -20.876  11.772 0.3333333433
67132  -23.021  -18.462  9.353 0.3333333433
67095  -27.200  -19.078  10.741 0.3333333433
60015  -25.781  -24.561  14.942 0.1111111119
62236  -21.476  -23.063  12.799 0.3333333433
61075  -22.145  -23.565  12.741 0.3333333433
61076  -22.735  -23.849  12.790 0.3333333433
60042  -23.125  -23.974  12.945 0.3333333433
61077  -24.108  -23.312  13.382 0.3333333433
60035  -24.434  -23.610  13.988 0.3333333433
59995  -27.490  -24.837  15.214 0.1111111119
61053  -27.414  -23.652  14.341 0.1111111119
61081  -27.728  -23.181  14.056 0.1111111119
64785  -20.926  -19.970  11.664 0.2222222239
62240  -28.016  -22.561  13.757 0.1111111119
63487  -27.559  -21.175  12.742 0.1111111119
64774  -28.321  -20.594  12.418 0.1111111119
67109  -21.417  -18.362  10.910 0.2222222239
64792  -28.152  -19.982  11.876 0.1111111119
65991  -27.905  -19.336  11.360 0.1111111119
67097  -28.592  -18.697  10.941 0.1111111119
69300  -21.411  -16.498  10.477 0.1111111119
82808  -32.688  -4.213  4.542 0.2222222239
87838  -32.482  -0.664  3.822 0.2222222239
86837  -32.480  -1.187  3.735 0.2222222239
69337  -21.768  -16.146  9.366 0.2222222239
72824  -22.482  -12.933  7.021 0.5555555820
70489  -21.918  -15.446  9.101 0.3333333433
83824  -32.421  -3.253  4.185 0.2222222239
62254  -23.691  -22.537  12.084 0.3333333433
60043  -23.535  -23.601  13.015 0.3333333433
63495  -22.030  -20.867  11.480 0.3333333433
64770  -21.167  -20.970  12.031 0.2222222239
62251  -21.278  -21.999  12.400 0.2222222239
63485  -25.689  -21.518  12.365 0.2222222239
62260  -23.185  -21.863  11.369 0.3333333433
63496  -22.700  -21.332  11.144 0.3333333433
63470  -27.721  -21.783  13.233 0.1111111119
63486  -26.675  -21.167  12.611 0.1111111119
66029  -22.744  -18.946  9.820 0.3333333433
63513  -23.586  -21.085  10.546 0.3333333433
63514  -24.187  -21.251  10.748 0.3333333433
63499  -25.313  -21.320  11.720 0.3333333433
65989  -26.396  -19.709  10.823 0.3333333433
64825  -24.390  -20.197  9.509 0.3333333433
65990  -26.975  -19.340  11.061 0.3333333433
67096  -27.603  -18.904  10.817 0.1111111119
58884  -24.828  -25.060  14.971 0.1111111119
61074  -21.321  -23.524  13.266 0.2222222239
60033  -22.638  -24.350  13.200 0.3333333433
60034  -23.588  -24.275  13.772 0.3333333433
63481  -20.949  -21.489  12.407 0.2222222239
63467  -20.333  -21.429  12.942 0.2222222239
81767  -32.972  -4.932  4.746 0.1111111119
81754  -33.121  -5.422  5.261 0.1111111119
82795  -33.588  -4.396  5.521 0.1111111119
82809  -33.192  -4.542  4.983 0.1111111119
83812  -33.281  -3.636  5.095 0.1111111119
84806  -33.513  -2.789  5.489 0.1111111119
85816  -33.448  -1.979  5.277 0.1111111119
84818  -32.721  -2.512  4.387 0.1111111119
85831  -33.112  -1.815  4.609 0.1111111119
85830  -32.581  -1.748  4.050 0.1111111119
88961  -32.125  1.603  2.095 0.1111111119
88949  -32.408  1.114  3.135 0.1111111119
90047  -32.449  2.645  2.060 0.1111111119
90053  -31.905  3.145  1.444 0.1111111119
90033  -25.462  2.728  3.632 0.4444444478
90034  -26.143  2.576  3.243 0.4444444478
91159  -32.006  3.868  1.338 0.1111111119
91169  -30.433  3.583  -1.646 0.3333333433
91170  -30.929  3.641  -1.408 0.2222222239
92149  -31.442  4.389  -0.116 0.1111111119
93149  -31.399  5.274  0.452 0.1111111119
92139  -28.013  4.390  2.405 0.4444444478
93133  -28.012  5.238  2.107 0.4444444478
92147  -28.658  4.330  1.530 0.4444444478
92153  -28.777  4.540  0.601 0.4444444478
92160  -29.143  3.962  -0.974 0.4444444478
92168  -29.323  4.519  -1.735 0.4444444478
91174  -29.743  3.951  -2.179 0.2222222239
92169  -29.930  4.522  -2.071 0.2222222239
92161  -30.308  4.630  -1.920 0.2222222239
93165  -30.365  5.188  -1.679 0.2222222239
93158  -30.916  5.210  -0.666 0.2222222239
97152  -28.789  9.133  -4.205 0.1111111119
96263  -29.788  8.577  -3.416 0.1111111119
95296  -31.133  7.062  -0.942 0.1111111119
92097  -25.606  4.182  4.615 0.4444444478
92098  -25.997  4.570  4.229 0.4444444478
92117  -26.093  4.047  3.901 0.4444444478
92119  -26.914  4.698  3.247 0.3333333433
92138  -27.314  4.494  2.859 0.4444444478
93147  -28.548  5.425  1.293 0.4444444478
93163  -28.556  5.494  -0.436 0.4444444478
92159  -28.727  4.573  -0.302 0.4444444478
92167  -28.787  4.756  -1.069 0.4444444478
94202  -28.222  6.377  -0.527 0.3333333433
93172  -28.939  5.630  -2.212 0.3333333433
94211  -29.294  6.205  -2.465 0.1111111119
95304  -29.662  6.638  -2.382 0.1111111119
94212  -29.935  6.135  -2.022 0.1111111119
95313  -29.899  7.587  -2.733 0.1111111119
93132  -27.317  5.133  2.611 0.3333333433
94166  -26.976  5.546  2.725 0.3333333433
93156  -28.531  5.767  0.206 0.3333333433
93171  -28.618  5.707  -1.465 0.4444444478
94210  -27.412  6.582  -1.731 0.2222222239
93178  -28.106  6.060  -2.187 0.2222222239
93179  -28.203  6.072  -2.581 0.2222222239
94220  -28.384  6.363  -3.096 0.1111111119
94218  -26.357  6.769  -2.193 0.1111111119
94226  -26.796  6.829  -2.760 0.1111111119
94227  -27.446  6.754  -3.245 0.1111111119
96262  -29.135  8.208  -3.757 0.1111111119
95311  -26.278  7.283  -2.439 0.1111111119
95319  -27.666  7.472  -3.472 0.1111111119
95320  -28.459  7.347  -3.497 0.1111111119
93111  -26.642  5.243  3.420 0.3333333433
94141  -26.375  5.955  3.802 0.3333333433
95258  -27.322  6.603  2.553 0.3333333433
94168  -27.777  6.107  1.898 0.3333333433
94187  -28.477  6.128  0.577 0.3333333433
94196  -28.175  6.520  0.481 0.2222222239
94209  -26.164  6.894  -1.813 0.2222222239
95302  -26.098  7.300  -1.761 0.1111111119
97150  -26.827  9.065  -3.023 0.1111111119
96261  -28.204  8.268  -3.782 0.1111111119
98016  -29.035  10.875  -3.566 0.1111111119
94115  -25.770  6.562  6.232 0.1111111119
94142  -26.733  6.743  4.170 0.1111111119
95247  -27.352  7.253  3.269 0.2222222239
95259  -27.590  7.119  2.222 0.2222222239
95275  -27.708  7.065  1.208 0.3333333433
96210  -27.441  7.808  1.000 0.2222222239
96227  -27.393  7.815  0.013 0.1111111119
96226  -27.338  8.432  -0.196 0.1111111119
96236  -27.384  8.230  -1.227 0.1111111119
96244  -25.883  7.569  -2.062 0.1111111119
97143  -26.765  8.954  -2.263 0.1111111119
97144  -27.422  9.590  -2.701 0.1111111119
97151  -28.030  9.307  -3.634 0.1111111119
98031  -29.021  10.167  -4.557 0.1111111119
97159  -29.562  10.376  -4.607 0.1111111119
94131  -26.887  6.953  5.395 0.1111111119
95217  -27.546  7.308  5.010 0.1111111119
95234  -27.352  7.422  4.364 0.1111111119
96163  -27.711  7.988  4.170 0.1111111119
97083  -27.774  9.008  2.529 0.1111111119
96196  -27.587  7.901  2.004 0.2222222239
97082  -27.207  9.278  1.973 0.1111111119
96195  -27.220  8.585  1.676 0.1111111119
97962  -27.417  9.806  1.516 0.1111111119
97112  -27.489  9.636  -0.025 0.1111111119
97135  -27.330  8.764  -1.463 0.1111111119
96164  -28.521  8.428  4.595 0.1111111119
97067  -28.414  9.291  3.519 0.1111111119
97954  -28.212  10.358  2.529 0.1111111119
97963  -27.946  10.606  1.172 0.1111111119
97053  -29.257  9.458  4.302 0.1111111119
96165  -29.747  8.647  4.787 0.1111111119
97068  -28.792  9.816  3.940 0.1111111119
83801  -33.723  -3.512  5.762 0.1111111119
87839  -32.766  -0.113  4.452 0.1111111119
86838  -32.844  -1.082  4.265 0.1111111119
87850  -32.710  0.734  3.922 0.1111111119
91135  -25.809  3.445  3.819 0.4444444478
91168  -29.895  3.526  -1.520 0.4444444478
91175  -30.149  3.808  -2.138 0.3333333433
93166  -30.757  4.719  -1.352 0.2222222239
92155  -31.090  4.288  -1.070 0.1111111119
92150  -31.798  4.485  0.884 0.1111111119
94204  -30.447  6.227  -1.375 0.2222222239
95312  -29.392  7.089  -3.031 0.1111111119
96255  -30.322  8.264  -2.570 0.1111111119
93148  -28.597  5.821  0.766 0.3333333433
96209  -27.141  8.511  0.745 0.1111111119
97953  -27.535  9.657  2.233 0.1111111119
97974  -27.547  9.975  0.630 0.1111111119
97938  -28.741  9.979  3.392 0.1111111119
83787  -34.309  -3.539  6.769 0.1111111119
83786  -33.982  -3.349  6.301 0.1111111119
86846  -32.200  -0.871  3.274 0.2222222239
93155  -28.565  5.240  0.352 0.4444444478
95218  -27.728  7.514  5.572 0.1111111119
96149  -28.488  8.090  5.792 0.1111111119
96150  -29.282  8.302  5.504 0.1111111119
82784  -34.092  -4.081  6.153 0.1111111119
80663  -32.582  -6.168  5.086 0.1111111119
80664  -32.985  -6.126  5.539 0.1111111119
81742  -33.823  -5.095  6.104 0.1111111119
84772  -34.468  -2.831  7.215 0.1111111119
83769  -34.683  -3.618  7.430 0.1111111119
85799  -34.139  -1.917  6.462 0.1111111119
86798  -33.772  -1.537  5.760 0.1111111119
86799  -34.143  -0.740  6.129 0.1111111119
86819  -33.490  -0.935  5.109 0.1111111119
87820  -33.357  0.104  5.331 0.1111111119
90036  -33.304  2.674  3.705 0.1111111119
91138  -32.811  3.207  2.883 0.1111111119
91152  -32.392  3.626  2.045 0.1111111119
93150  -31.942  5.367  1.335 0.1111111119
91116  -25.219  3.434  4.581 0.4444444478
96239  -31.633  8.209  -0.308 0.1111111119
96238  -31.213  7.875  -0.821 0.1111111119
93096  -25.175  4.896  5.327 0.2222222239
93101  -25.743  4.831  4.742 0.3333333433
93097  -25.706  5.295  5.106 0.2222222239
97146  -31.071  9.259  -2.610 0.1111111119
94114  -25.183  6.010  6.262 0.1111111119
94150  -26.780  6.453  3.116 0.2222222239
97153  -29.623  9.469  -4.091 0.1111111119
98033  -29.743  10.853  -4.882 0.1111111119
94116  -26.405  6.905  6.441 0.1111111119
95204  -28.039  7.462  6.507 0.1111111119
98025  -29.338  11.258  -4.427 0.1111111119
95205  -28.817  7.851  6.611 0.1111111119
97975  -27.912  10.444  0.017 0.1111111119
97995  -28.462  9.731  -0.940 0.1111111119
98007  -29.099  10.532  -2.456 0.1111111119
98892  -29.687  11.283  -2.886 0.1111111119
98853  -28.130  11.618  1.633 0.1111111119
97939  -29.359  10.538  3.596 0.1111111119
87849  -32.079  0.039  3.516 0.1111111119
83811  -32.827  -3.255  4.662 0.1111111119
91137  -27.016  4.142  3.175 0.4444444478
84819  -33.159  -2.661  4.912 0.1111111119
85798  -33.705  -2.185  5.827 0.1111111119
90035  -32.726  2.138  2.924 0.1111111119
92140  -32.318  4.532  1.739 0.1111111119
94188  -31.546  6.195  0.914 0.1111111119
93173  -29.639  5.512  -2.016 0.2222222239
94198  -30.818  6.160  -0.669 0.1111111119
97157  -28.805  9.760  -4.311 0.1111111119
96254  -29.719  7.919  -3.158 0.1111111119
97145  -30.239  9.085  -3.244 0.1111111119
95297  -31.342  7.611  -0.400 0.1111111119
95289  -31.115  6.648  -0.270 0.1111111119
96247  -30.715  7.962  -1.452 0.2222222239
94203  -28.515  5.989  -0.292 0.3333333433
95305  -30.088  7.156  -1.992 0.2222222239
94167  -27.197  5.859  2.493 0.3333333433
94219  -27.430  6.324  -2.634 0.2222222239
94228  -27.967  6.882  -3.494 0.1111111119
96260  -27.268  8.311  -3.259 0.1111111119
93102  -26.139  5.212  4.300 0.3333333433
94149  -26.666  5.765  2.989 0.3333333433
95288  -27.723  7.113  0.240 0.2222222239
95295  -27.615  7.177  -0.802 0.1111111119
96246  -26.766  7.685  -1.519 0.1111111119
96245  -26.314  8.019  -1.820 0.1111111119
98015  -28.413  10.040  -3.152 0.1111111119
98024  -28.811  10.287  -4.170 0.1111111119
95248  -27.635  7.513  2.857 0.1111111119
97111  -27.207  9.244  0.506 0.1111111119
97127  -27.502  8.915  -0.478 0.1111111119
98006  -28.405  9.828  -2.055 0.1111111119
97136  -27.623  9.398  -1.706 0.1111111119
95235  -27.861  7.647  4.728 0.1111111119
94132  -26.881  7.483  5.973 0.1111111119
96181  -27.537  7.741  3.765 0.1111111119
96182  -27.885  8.041  3.216 0.1111111119
97093  -27.058  9.124  1.328 0.1111111119
97128  -27.841  9.337  -0.709 0.1111111119
97052  -28.699  9.310  4.181 0.1111111119
84790  -34.129  -2.790  6.658 0.1111111119
94199  -31.104  6.122  0.085 0.1111111119
96256  -30.963  8.641  -1.809 0.1111111119
97955  -28.945  11.028  2.761 0.1111111119
85781  -34.337  -2.353  6.943 0.1111111119
96137  -28.542  8.014  6.283 0.1111111119
88950  -33.066  1.623  3.818 0.1111111119
95290  -31.496  7.219  0.355 0.1111111119
97137  -31.581  9.159  -1.449 0.1111111119
98017  -30.503  9.821  -3.488 0.1111111119
94130  -26.108  5.986  5.199 0.1111111119
94096  -24.326  6.384  6.757 0.1111111119
97976  -28.782  10.545  -0.394 0.1111111119
98863  -28.119  11.552  0.855 0.1111111119
58896  -22.300  -24.791  13.582 0.2222222239
73993  -22.502  -11.887  6.596 0.2222222239
75094  -21.995  -10.980  7.109 0.2222222239
88934  -24.855  2.014  3.593 0.2222222239
91099  -24.016  3.524  5.397 0.1111111119
92088  -24.050  4.163  5.356 0.1111111119
91100  -24.633  3.677  5.220 0.2222222239
84824  -21.607  -2.612  4.033 0.1111111119
84811  -20.893  -2.355  4.766 0.1111111119
87845  -22.851  0.014  3.920 0.1111111119
87831  -23.742  0.116  3.821 0.1111111119
88933  -25.001  1.723  3.960 0.1111111119
90017  -24.415  2.850  5.415 0.1111111119
91098  -23.416  3.166  5.584 0.1111111119
93094  -23.589  4.830  5.443 0.1111111119
87832  -23.994  1.033  3.534 0.1111111119
72803  -21.391  -13.139  8.152 0.2222222239
78283  -21.725  -8.544  6.506 0.1111111119
79495  -21.589  -7.737  6.240 0.3333333433
90019  -24.996  2.754  4.037 0.3333333433
91115  -24.828  3.173  5.007 0.1111111119
73975  -22.130  -12.234  7.337 0.2222222239
91114  -24.371  3.104  5.301 0.1111111119
90018  -24.980  2.656  4.677 0.1111111119
88911  -25.212  1.334  4.596 0.1111111119
89995  -24.980  2.383  5.102 0.1111111119
88932  -24.776  0.840  3.680 0.1111111119
58897  -22.790  -24.996  13.740 0.1111111119
58898  -23.267  -24.979  14.130 0.1111111119
58879  -20.328  -24.885  14.517 0.1111111119
60031  -21.130  -24.096  13.738 0.1111111119
61050  -20.657  -23.476  13.751 0.1111111119
62235  -20.732  -22.520  13.027 0.1111111119
62234  -20.131  -21.958  13.357 0.1111111119
71602  -21.407  -14.824  9.884 0.1111111119
80669  -21.521  -5.617  5.024 0.2222222239
81759  -21.640  -5.332  4.771 0.2222222239
81758  -21.348  -5.145  5.229 0.2222222239
81747  -21.209  -5.119  5.687 0.2222222239
60011  -20.585  -24.347  14.199 0.1111111119
76110  -22.295  -10.259  6.314 0.1111111119
58881  -21.972  -25.369  13.942 0.1111111119
58882  -22.884  -25.535  14.487 0.1111111119
60013  -23.914  -24.495  14.323 0.1111111119
60010  -19.922  -24.377  14.646 0.1111111119
61049  -19.917  -23.432  14.363 0.1111111119
62210  -19.887  -22.368  14.000 0.1111111119
64754  -20.104  -20.582  13.254 0.1111111119
64769  -20.681  -20.512  12.286 0.1111111119
65986  -20.779  -19.470  11.991 0.1111111119
70450  -21.454  -15.478  10.498 0.1111111119
72762  -21.271  -13.905  9.664 0.1111111119
73954  -21.483  -12.483  8.085 0.1111111119
80644  -21.139  -5.602  5.949 0.2222222239
82789  -20.885  -4.242  5.691 0.2222222239
83795  -20.421  -2.877  6.138 0.1111111119
60014  -24.486  -24.336  14.462 0.1111111119
57645  -22.284  -25.878  14.622 0.1111111119
83805  -20.787  -3.314  5.279 0.1111111119
72778  -21.430  -13.747  8.634 0.1111111119
80657  -21.314  -6.235  5.765 0.2222222239
71618  -21.601  -14.648  9.320 0.1111111119
67093  -20.786  -18.786  12.485 0.1111111119
70467  -21.515  -15.640  9.777 0.1111111119
62211  -20.292  -22.949  13.799 0.1111111119
60032  -21.825  -24.369  13.480 0.1111111119
75070  -21.263  -12.066  8.720 0.1111111119
60012  -21.268  -24.751  13.912 0.1111111119
58880  -20.893  -25.413  14.351 0.1111111119
71582  -21.433  -14.594  10.207 0.1111111119
63445  -19.559  -21.542  14.414 0.1111111119
82778  -20.780  -3.471  6.371 0.1111111119
86844  -22.034  -0.419  4.114 0.1111111119
79481  -21.363  -6.876  6.402 0.1111111119
85821  -20.681  -1.071  5.175 0.1111111119
58883  -23.789  -24.956  14.640 0.1111111119
58885  -25.462  -25.166  15.172 0.1111111119
61032  -19.551  -23.848  14.819 0.1111111119
63469  -26.810  -21.680  13.062 0.1111111119
64812  -25.921  -20.118  10.796 0.3333333433
66011  -26.244  -19.644  10.149 0.3333333433
68255  -27.942  -17.046  8.590 0.4444444478
70492  -29.558  -15.252  8.421 0.1111111119
70534  -27.853  -15.308  6.532 0.4444444478
70562  -27.142  -15.206  5.014 0.8888888955
71607  -30.731  -14.919  8.811 0.1111111119
71620  -28.865  -14.872  7.789 0.3333333433
71662  -27.796  -14.987  6.100 0.3333333433
72785  -31.394  -13.341  8.288 0.1111111119
72860  -28.179  -13.537  4.735 0.8888888955
73977  -28.836  -13.201  6.018 0.4444444478
74049  -30.342  -12.071  1.865 1.0000000000
74062  -29.318  -12.280  1.685 1.0000000000
74063  -30.051  -12.119  1.366 1.0000000000
74064  -30.497  -11.677  1.525 0.8888888955
75149  -29.184  -11.901  2.724 0.8888888955
75165  -30.000  -11.839  2.407 0.8888888955
75166  -30.620  -11.488  2.048 0.8888888955
75179  -30.254  -11.259  0.933 0.8888888955
75184  -30.318  -10.762  0.926 0.8888888955
75185  -30.538  -10.785  1.171 0.8888888955
76172  -29.606  -10.712  1.041 0.7777777910
76173  -30.481  -10.278  1.542 0.7777777910
76180  -30.048  -10.497  0.754 0.7777777910
76181  -30.432  -10.417  1.041 0.7777777910
77202  -30.145  -9.656  1.418 0.8888888955
77213  -30.181  -9.988  1.054 0.7777777910
79510  -21.869  -6.601  4.854 0.4444444478
79525  -22.109  -6.351  4.654 0.4444444478
80656  -21.391  -5.676  5.407 0.2222222239
80671  -22.112  -5.822  4.516 0.3333333433
80733  -26.697  -6.289  0.249 1.0000000000
81753  -32.735  -5.669  4.953 0.1111111119
81814  -27.991  -5.587  -0.140 0.8888888955
82815  -22.223  -4.554  4.011 0.5555555820
83781  -20.583  -2.135  6.932 0.1111111119
83839  -25.116  -3.577  1.084 0.7777777910
83856  -28.836  -3.754  0.570 0.7777777910
84789  -33.799  -2.758  6.112 0.1111111119
84844  -24.916  -2.489  0.687 0.7777777910
85836  -21.345  -1.380  4.371 0.2222222239
86861  -25.626  -0.434  1.441 0.6666666865
87872  -25.057  -0.365  1.370 0.6666666865
90045  -27.469  2.501  2.478 0.5555555820
90066  -31.115  3.255  -0.900 0.3333333433
91176  -30.479  3.849  -1.896 0.3333333433
92089  -24.912  4.155  5.292 0.1111111119
92118  -26.478  4.500  3.640 0.3333333433
92162  -30.541  4.315  -1.784 0.2222222239
92170  -30.307  4.063  -2.127 0.3333333433
93095  -24.316  4.842  5.421 0.1111111119
93112  -27.030  5.010  3.029 0.3333333433
93131  -26.888  5.359  2.929 0.3333333433
93157  -30.628  5.686  -1.103 0.2222222239
93164  -28.504  5.820  -0.113 0.3333333433
94186  -28.258  6.346  1.237 0.3333333433
94197  -28.436  6.105  0.057 0.3333333433
94208  -25.792  7.134  -1.767 0.1111111119
94217  -25.788  6.956  -1.917 0.1111111119
95219  -29.175  8.224  6.109 0.1111111119
95301  -25.777  7.290  -1.943 0.1111111119
95303  -26.891  7.226  -1.504 0.1111111119
95310  -25.821  7.161  -2.141 0.1111111119
95318  -26.869  7.431  -3.039 0.1111111119
96138  -28.855  8.222  6.090 0.1111111119
96237  -27.584  7.792  -1.042 0.1111111119
96248  -31.302  8.433  -1.104 0.1111111119
96252  -25.997  7.504  -2.257 0.1111111119
96253  -26.379  8.068  -2.532 0.1111111119
97158  -29.123  9.950  -4.550 0.1111111119
