#!ascii label  , from subject A00073600 vox2ras=TkReg
1538
48282  11.319  -38.128  82.377 0.0000000000
69693  43.747  -19.669  55.602 0.0000000000
59098  28.820  -28.942  72.557 0.0000000000
61421  38.217  -26.110  76.954 0.0000000000
53091  23.214  -34.101  73.345 0.0000000000
54158  18.536  -33.311  84.055 0.0000000000
79013  51.345  -12.017  49.028 0.0000000000
73202  52.754  -16.772  57.276 0.0000000000
66031  37.836  -22.182  65.041 0.0000000000
80272  53.492  -10.247  40.373 0.0000000000
55311  29.118  -31.289  79.360 0.0000000000
51852  13.928  -34.860  82.225 0.0000000000
75543  52.823  -15.067  53.003 0.0000000000
72143  48.188  -17.064  51.596 0.0000000000
70878  44.172  -18.736  60.699 0.0000000000
69580  48.488  -20.500  60.425 0.0000000000
69589  39.786  -19.961  60.622 0.0000000000
57843  35.505  -29.071  69.681 0.0000000000
59048  32.840  -28.215  74.109 0.0000000000
51887  25.989  -34.843  79.661 0.0000000000
52867  23.533  -34.195  85.504 0.0000000000
52982  20.923  -34.103  78.590 0.0000000000
51936  16.054  -34.469  76.406 0.0000000000
53113  27.547  -33.314  72.650 0.0000000000
80192  56.273  -10.104  50.029 0.0000000000
77736  56.333  -11.861  54.098 0.0000000000
70910  49.079  -19.042  56.489 0.0000000000
71985  39.579  -17.664  65.837 0.0000000000
62564  39.802  -26.143  70.943 0.0000000000
76712  53.335  -13.433  44.885 0.0000000000
80244  57.891  -10.594  44.334 0.0000000000
82536  59.753  -8.398  41.384 0.0000000000
56449  28.455  -31.909  82.627 0.0000000000
49581  12.710  -36.204  82.388 0.0000000000
51803  13.085  -34.877  86.130 0.0000000000
49526  11.663  -36.506  86.665 0.0000000000
74480  47.533  -15.565  50.315 0.0000000000
72041  44.342  -17.846  62.790 0.0000000000
70843  46.189  -18.224  62.458 0.0000000000
43495  7.930  -42.177  84.942 0.0000000000
68450  39.604  -20.487  58.249 0.0000000000
60368  29.027  -28.269  70.177 0.0000000000
57807  31.312  -29.411  71.291 0.0000000000
60330  30.289  -28.653  73.317 0.0000000000
51935  24.666  -34.223  77.053 0.0000000000
51889  23.731  -34.789  79.343 0.0000000000
53016  22.348  -33.995  76.301 0.0000000000
53089  25.199  -33.916  73.372 0.0000000000
51916  27.136  -34.647  77.351 0.0000000000
52871  20.785  -33.422  84.815 0.0000000000
79010  53.262  -11.321  49.300 0.0000000000
78986  55.522  -10.789  51.703 0.0000000000
78988  53.942  -11.910  51.004 0.0000000000
74413  53.171  -15.699  55.378 0.0000000000
75513  54.712  -14.289  56.016 0.0000000000
70958  44.180  -18.923  53.594 0.0000000000
70956  46.204  -18.805  53.670 0.0000000000
69690  46.554  -19.876  56.065 0.0000000000
69539  35.838  -19.954  63.354 0.0000000000
70835  37.096  -18.639  63.366 0.0000000000
69511  38.164  -19.548  65.800 0.0000000000
60329  37.364  -28.383  72.823 0.0000000000
60355  38.087  -27.736  70.200 0.0000000000
60290  40.008  -27.401  73.924 0.0000000000
77824  49.589  -12.816  47.456 0.0000000000
76715  50.522  -12.825  44.805 0.0000000000
77837  52.317  -13.035  47.173 0.0000000000
77818  55.299  -12.162  47.369 0.0000000000
82565  57.976  -8.375  38.812 0.0000000000
80288  57.584  -10.166  39.681 0.0000000000
81379  58.526  -8.926  42.822 0.0000000000
77924  56.419  -12.064  41.731 0.0000000000
56498  29.622  -30.375  76.344 0.0000000000
59015  30.513  -28.385  76.857 0.0000000000
58933  30.079  -29.028  79.762 0.0000000000
52930  16.519  -33.613  82.567 0.0000000000
54123  17.901  -32.708  87.164 0.0000000000
52856  14.982  -33.620  86.654 0.0000000000
76669  49.128  -12.981  48.826 0.0000000000
75572  51.931  -13.855  50.629 0.0000000000
74478  49.832  -15.263  50.490 0.0000000000
73292  50.720  -16.446  51.691 0.0000000000
72104  51.239  -17.541  54.465 0.0000000000
69639  43.343  -19.546  58.242 0.0000000000
69636  46.324  -20.080  58.416 0.0000000000
69582  46.627  -19.654  60.150 0.0000000000
63766  36.899  -24.327  64.373 0.0000000000
62510  40.683  -25.692  77.630 0.0000000000
45735  10.282  -39.372  81.950 0.0000000000
46894  10.361  -38.376  86.101 0.0000000000
44604  9.285  -40.570  85.224 0.0000000000
68508  41.767  -19.836  55.712 0.0000000000
68448  41.643  -20.066  58.439 0.0000000000
69587  41.563  -19.606  60.492 0.0000000000
70847  42.201  -18.620  62.480 0.0000000000
57866  32.565  -29.399  68.441 0.0000000000
59092  34.413  -28.661  72.432 0.0000000000
61460  35.831  -26.581  75.839 0.0000000000
61444  31.776  -26.857  77.105 0.0000000000
62514  34.643  -25.984  78.383 0.0000000000
52922  26.811  -33.947  83.025 0.0000000000
52865  25.643  -34.525  85.150 0.0000000000
51847  24.860  -34.647  82.608 0.0000000000
51850  22.157  -34.421  82.076 0.0000000000
52954  19.634  -33.877  80.560 0.0000000000
53042  19.603  -33.871  75.590 0.0000000000
53001  19.072  -33.801  77.617 0.0000000000
52970  17.321  -33.510  79.686 0.0000000000
52988  15.577  -34.357  79.306 0.0000000000
50810  13.647  -36.195  79.014 0.0000000000
49623  11.908  -37.532  79.442 0.0000000000
59140  27.550  -29.006  70.002 0.0000000000
55396  27.157  -31.100  70.107 0.0000000000
55377  28.212  -31.441  72.830 0.0000000000
54204  29.097  -33.034  76.111 0.0000000000
52965  28.117  -33.366  79.851 0.0000000000
76598  57.624  -12.619  53.601 0.0000000000
76601  54.140  -13.508  53.380 0.0000000000
72146  45.384  -17.290  51.788 0.0000000000
70953  49.022  -18.377  54.092 0.0000000000
70901  50.925  -18.186  56.977 0.0000000000
68444  48.865  -20.479  58.483 0.0000000000
69631  51.638  -19.635  58.666 0.0000000000
69570  37.197  -19.488  61.255 0.0000000000
70832  39.656  -18.312  63.425 0.0000000000
73134  41.818  -16.984  65.632 0.0000000000
61539  37.123  -26.056  67.576 0.0000000000
64818  39.270  -23.741  68.347 0.0000000000
62542  41.879  -25.238  74.718 0.0000000000
64778  41.039  -23.480  71.034 0.0000000000
67168  39.944  -21.364  68.236 0.0000000000
70782  40.213  -18.588  68.853 0.0000000000
73091  42.174  -16.476  68.340 0.0000000000
77928  53.074  -12.347  42.029 0.0000000000
77857  56.073  -12.811  45.031 0.0000000000
80222  57.058  -10.323  47.056 0.0000000000
52902  28.650  -33.476  83.456 0.0000000000
48281  11.831  -37.435  82.574 0.0000000000
49570  12.078  -36.770  83.782 0.0000000000
48256  11.668  -37.321  84.202 0.0000000000
72023  44.679  -17.630  63.601 0.0000000000
72022  45.589  -17.611  63.646 0.0000000000
41395  7.302  -43.692  82.828 0.0000000000
60345  28.820  -28.552  71.451 0.0000000000
60344  29.568  -28.743  71.945 0.0000000000
60317  29.577  -28.803  73.349 0.0000000000
53038  23.566  -33.982  75.266 0.0000000000
52996  23.681  -34.126  76.731 0.0000000000
53039  22.581  -33.955  75.305 0.0000000000
53142  24.044  -33.633  71.434 0.0000000000
53090  24.214  -33.961  73.348 0.0000000000
53036  25.378  -34.193  75.066 0.0000000000
52891  19.574  -33.339  84.012 0.0000000000
54135  18.937  -33.049  85.750 0.0000000000
79029  51.907  -11.849  48.937 0.0000000000
79001  53.520  -11.525  50.246 0.0000000000
77786  52.332  -12.134  49.990 0.0000000000
73217  53.294  -16.041  56.391 0.0000000000
74390  53.971  -15.596  56.928 0.0000000000
69714  43.559  -19.599  54.754 0.0000000000
69735  45.023  -19.317  54.369 0.0000000000
69692  44.733  -19.721  55.726 0.0000000000
67248  36.923  -21.472  63.860 0.0000000000
68351  36.885  -20.564  64.286 0.0000000000
69528  36.995  -19.809  64.549 0.0000000000
68339  38.292  -20.562  65.854 0.0000000000
60293  37.415  -27.352  74.320 0.0000000000
60310  38.743  -27.926  73.358 0.0000000000
61456  39.403  -26.638  75.291 0.0000000000
77823  50.635  -12.722  47.766 0.0000000000
77838  51.337  -13.137  47.061 0.0000000000
77822  51.677  -12.582  47.933 0.0000000000
77801  53.043  -11.989  48.575 0.0000000000
80290  55.440  -9.761  39.662 0.0000000000
80270  55.665  -10.697  39.962 0.0000000000
79141  56.844  -11.537  40.768 0.0000000000
79143  54.914  -11.281  40.437 0.0000000000
55323  29.425  -31.372  77.544 0.0000000000
57672  29.689  -29.696  77.995 0.0000000000
57639  29.650  -29.770  80.151 0.0000000000
52932  14.941  -34.126  82.529 0.0000000000
52894  15.987  -33.577  84.615 0.0000000000
52896  14.516  -34.242  84.618 0.0000000000
51777  12.504  -34.668  88.037 0.0000000000
52845  13.095  -34.345  87.689 0.0000000000
76654  47.923  -13.689  49.116 0.0000000000
75595  49.073  -13.809  49.577 0.0000000000
75596  48.483  -14.119  49.553 0.0000000000
74459  47.779  -16.111  50.812 0.0000000000
74457  49.318  -15.992  50.937 0.0000000000
73283  49.410  -17.104  51.922 0.0000000000
73274  51.267  -16.846  53.139 0.0000000000
72124  49.711  -17.388  52.610 0.0000000000
69611  43.898  -19.364  59.243 0.0000000000
69610  44.997  -19.338  59.216 0.0000000000
70876  45.476  -18.794  60.738 0.0000000000
77806  47.970  -12.893  47.801 0.0000000000
44609  9.464  -40.493  84.426 0.0000000000
44620  9.009  -41.180  83.914 0.0000000000
68510  40.241  -20.233  55.482 0.0000000000
68466  41.323  -20.155  57.409 0.0000000000
68467  40.245  -20.399  57.323 0.0000000000
68405  39.398  -20.354  59.947 0.0000000000
68429  39.986  -20.340  59.197 0.0000000000
69588  40.738  -19.833  60.392 0.0000000000
70865  41.654  -19.039  61.860 0.0000000000
70866  40.692  -19.087  61.967 0.0000000000
57893  30.621  -29.112  67.985 0.0000000000
59094  32.498  -29.004  72.718 0.0000000000
59117  32.782  -29.184  71.884 0.0000000000
59093  33.471  -28.850  72.612 0.0000000000
60314  34.990  -27.882  73.736 0.0000000000
60280  34.232  -27.246  75.318 0.0000000000
60263  30.836  -27.667  77.986 0.0000000000
61445  31.196  -27.076  77.161 0.0000000000
61414  31.813  -26.994  79.137 0.0000000000
60241  33.735  -27.348  78.992 0.0000000000
61396  35.859  -26.944  78.601 0.0000000000
51858  26.649  -34.365  81.849 0.0000000000
51846  25.917  -34.379  82.771 0.0000000000
51859  25.617  -34.767  81.703 0.0000000000
51905  22.042  -34.302  78.671 0.0000000000
51876  23.175  -34.794  80.459 0.0000000000
51878  21.409  -34.358  80.565 0.0000000000
52939  20.940  -34.138  81.477 0.0000000000
52967  20.198  -34.009  79.595 0.0000000000
53068  19.825  -33.894  74.573 0.0000000000
53045  16.791  -34.183  75.881 0.0000000000
53044  17.736  -33.816  75.784 0.0000000000
53021  17.480  -33.765  76.806 0.0000000000
52985  17.754  -33.557  78.704 0.0000000000
52986  16.876  -33.627  78.832 0.0000000000
52987  16.163  -33.934  79.031 0.0000000000
53005  15.749  -34.292  78.377 0.0000000000
49622  12.683  -36.852  79.595 0.0000000000
60371  27.138  -28.088  68.764 0.0000000000
59157  26.760  -28.614  68.745 0.0000000000
53154  26.563  -33.006  70.734 0.0000000000
54272  27.162  -32.452  70.939 0.0000000000
55395  27.470  -30.809  70.673 0.0000000000
53112  28.005  -32.817  72.773 0.0000000000
54225  28.876  -32.249  74.489 0.0000000000
53060  27.956  -33.905  74.543 0.0000000000
51900  26.756  -34.724  78.640 0.0000000000
51899  27.858  -34.391  78.307 0.0000000000
51886  27.023  -34.675  79.892 0.0000000000
52937  27.271  -33.564  82.035 0.0000000000
52866  24.559  -34.460  85.431 0.0000000000
46889  9.359  -38.495  87.358 0.0000000000
48226  9.648  -37.653  87.658 0.0000000000
81308  56.770  -9.881  50.521 0.0000000000
78950  56.204  -11.435  53.497 0.0000000000
80139  57.257  -10.981  52.986 0.0000000000
78940  57.087  -11.688  54.204 0.0000000000
76582  57.095  -13.050  55.106 0.0000000000
75559  52.298  -14.409  51.263 0.0000000000
75558  52.800  -13.845  51.490 0.0000000000
75542  53.578  -14.336  53.481 0.0000000000
76563  55.807  -13.828  56.531 0.0000000000
70942  47.309  -19.186  55.070 0.0000000000
70955  47.368  -18.716  54.018 0.0000000000
70924  49.243  -18.594  55.309 0.0000000000
70923  49.995  -18.323  55.421 0.0000000000
70902  50.029  -18.913  57.235 0.0000000000
69607  47.590  -20.466  59.377 0.0000000000
68446  47.409  -20.393  58.398 0.0000000000
68423  49.057  -20.735  59.357 0.0000000000
69572  35.681  -19.155  61.109 0.0000000000
72007  38.552  -18.366  64.659 0.0000000000
70833  38.694  -18.437  63.364 0.0000000000
72028  39.128  -18.211  64.101 0.0000000000
72027  40.135  -17.904  64.230 0.0000000000
72005  40.704  -17.294  65.285 0.0000000000
57864  34.419  -28.936  67.884 0.0000000000
59152  35.239  -28.832  68.323 0.0000000000
61502  38.943  -27.138  70.701 0.0000000000
61521  37.698  -26.728  69.034 0.0000000000
62587  38.635  -25.550  69.309 0.0000000000
62608  37.972  -24.962  67.677 0.0000000000
63697  39.474  -24.631  69.635 0.0000000000
62525  41.296  -25.225  76.605 0.0000000000
67149  41.703  -21.437  70.689 0.0000000000
65963  40.503  -22.421  69.372 0.0000000000
68266  41.047  -20.387  69.518 0.0000000000
69476  40.019  -19.507  68.626 0.0000000000
69455  41.194  -19.490  69.820 0.0000000000
76714  51.320  -13.028  44.746 0.0000000000
77879  53.829  -13.044  43.447 0.0000000000
77903  54.411  -12.741  42.713 0.0000000000
76729  54.606  -13.262  44.675 0.0000000000
79024  55.830  -11.078  48.331 0.0000000000
79038  56.198  -11.401  47.522 0.0000000000
80216  56.705  -10.433  47.884 0.0000000000
81334  57.486  -9.450  48.712 0.0000000000
82564  59.001  -8.347  39.657 0.0000000000
80249  58.314  -9.796  43.209 0.0000000000
82503  58.824  -8.350  44.551 0.0000000000
81364  58.085  -9.421  45.483 0.0000000000
56463  28.568  -31.061  81.553 0.0000000000
57633  29.010  -30.375  81.506 0.0000000000
56447  29.049  -30.908  82.755 0.0000000000
50775  13.179  -35.733  81.916 0.0000000000
51825  13.354  -35.174  84.366 0.0000000000
50751  12.759  -35.843  84.208 0.0000000000
50720  12.154  -35.950  86.161 0.0000000000
50687  11.655  -35.506  88.149 0.0000000000
74481  46.326  -15.438  50.195 0.0000000000
73315  46.658  -16.138  50.708 0.0000000000
70863  43.491  -18.643  61.278 0.0000000000
70861  45.617  -18.582  61.312 0.0000000000
70844  44.993  -18.111  62.110 0.0000000000
72021  46.465  -17.656  63.636 0.0000000000
43504  8.614  -41.832  83.574 0.0000000000
42395  8.162  -42.571  82.614 0.0000000000
41385  7.382  -43.580  84.805 0.0000000000
68468  39.188  -20.679  57.287 0.0000000000
68406  38.442  -20.457  59.918 0.0000000000
59184  30.162  -29.015  68.823 0.0000000000
59154  29.587  -28.685  70.187 0.0000000000
59119  30.778  -29.145  71.861 0.0000000000
59049  31.974  -28.344  74.176 0.0000000000
51901  25.542  -34.747  78.568 0.0000000000
51888  24.886  -34.843  79.518 0.0000000000
51902  24.488  -34.669  78.465 0.0000000000
51920  23.104  -34.279  77.856 0.0000000000
52998  22.156  -34.170  77.486 0.0000000000
51937  15.436  -34.844  76.815 0.0000000000
50854  14.630  -35.445  74.909 0.0000000000
53141  25.094  -33.551  71.483 0.0000000000
53088  26.210  -33.980  73.412 0.0000000000
51968  27.548  -34.278  74.978 0.0000000000
53035  26.179  -34.306  75.177 0.0000000000
51917  26.014  -34.591  77.530 0.0000000000
52869  22.113  -33.730  85.047 0.0000000000
80194  54.558  -10.920  49.577 0.0000000000
80181  55.868  -10.079  50.706 0.0000000000
80182  54.944  -10.769  50.449 0.0000000000
78987  54.763  -11.386  51.337 0.0000000000
77753  55.052  -12.103  52.902 0.0000000000
74438  52.777  -15.419  53.654 0.0000000000
75528  53.923  -14.602  54.867 0.0000000000
74426  53.488  -15.178  55.123 0.0000000000
75501  55.088  -14.847  56.961 0.0000000000
70973  44.943  -18.498  53.042 0.0000000000
70957  45.146  -18.964  53.726 0.0000000000
70943  46.434  -19.215  54.501 0.0000000000
69688  48.005  -19.501  56.353 0.0000000000
68384  50.484  -20.628  61.231 0.0000000000
70854  35.362  -19.381  62.364 0.0000000000
70853  36.421  -18.926  62.536 0.0000000000
70836  36.306  -19.267  63.425 0.0000000000
70817  37.375  -19.003  64.405 0.0000000000
70801  38.573  -18.761  66.388 0.0000000000
59114  35.656  -28.952  71.260 0.0000000000
59136  36.202  -28.862  70.250 0.0000000000
59089  37.550  -28.596  72.094 0.0000000000
60327  39.070  -28.010  72.296 0.0000000000
60340  40.392  -27.058  72.016 0.0000000000
77841  48.262  -12.191  46.165 0.0000000000
77850  48.992  -12.385  45.333 0.0000000000
77839  50.337  -13.105  46.585 0.0000000000
76692  51.232  -13.281  46.200 0.0000000000
76698  52.634  -13.506  45.572 0.0000000000
76696  54.201  -13.451  46.034 0.0000000000
77836  53.333  -12.986  47.174 0.0000000000
79041  53.986  -11.627  48.388 0.0000000000
81417  56.120  -8.921  39.356 0.0000000000
81416  57.231  -9.137  39.154 0.0000000000
81400  58.921  -9.036  40.683 0.0000000000
82537  59.296  -8.572  41.617 0.0000000000
80267  58.554  -9.991  41.172 0.0000000000
79111  58.165  -10.928  42.157 0.0000000000
79090  57.758  -11.482  42.562 0.0000000000
57759  29.122  -29.652  74.141 0.0000000000
59053  29.632  -29.027  74.573 0.0000000000
57717  29.805  -29.588  76.095 0.0000000000
58980  30.298  -28.480  78.513 0.0000000000
60229  30.862  -28.350  80.469 0.0000000000
52929  17.505  -33.502  82.617 0.0000000000
54149  18.075  -32.993  85.085 0.0000000000
52893  17.128  -33.137  84.829 0.0000000000
54138  16.505  -33.104  86.929 0.0000000000
52857  14.230  -34.072  86.123 0.0000000000
52830  14.596  -33.074  88.715 0.0000000000
77789  50.490  -12.460  49.175 0.0000000000
76650  51.276  -12.610  49.761 0.0000000000
76638  50.595  -13.686  50.075 0.0000000000
75573  51.354  -14.404  50.523 0.0000000000
74476  51.400  -15.099  50.788 0.0000000000
74479  48.766  -15.374  50.389 0.0000000000
74456  50.357  -15.881  51.070 0.0000000000
74446  51.730  -16.045  52.126 0.0000000000
73273  51.872  -16.536  53.473 0.0000000000
73263  51.911  -16.845  54.350 0.0000000000
72087  52.130  -17.079  56.261 0.0000000000
69673  44.006  -19.611  56.493 0.0000000000
69672  44.942  -19.743  56.615 0.0000000000
69637  45.490  -19.748  58.391 0.0000000000
69609  45.971  -19.725  59.260 0.0000000000
69581  47.733  -20.311  60.137 0.0000000000
70860  46.674  -18.836  61.687 0.0000000000
69551  47.501  -19.187  61.929 0.0000000000
69549  49.439  -19.358  62.448 0.0000000000
64866  37.630  -22.952  64.842 0.0000000000
62511  39.884  -25.865  77.545 0.0000000000
77842  47.440  -11.909  46.200 0.0000000000
77825  48.561  -12.658  47.150 0.0000000000
77805  48.936  -12.862  48.078 0.0000000000
83637  52.896  -7.945  40.742 0.0000000000
81390  52.640  -9.411  40.960 0.0000000000
46942  10.767  -38.744  82.155 0.0000000000
46914  10.717  -38.717  84.107 0.0000000000
45708  10.510  -39.035  83.499 0.0000000000
45693  9.620  -39.471  86.020 0.0000000000
45688  7.902  -39.810  87.446 0.0000000000
43486  8.618  -41.376  85.160 0.0000000000
69715  42.676  -19.594  54.618 0.0000000000
68528  41.114  -19.620  54.740 0.0000000000
69694  42.682  -19.744  55.493 0.0000000000
68486  42.011  -19.888  56.476 0.0000000000
68465  42.428  -19.784  57.551 0.0000000000
69612  42.677  -19.535  59.333 0.0000000000
68449  40.633  -20.269  58.355 0.0000000000
69613  41.805  -19.711  59.808 0.0000000000
69586  42.370  -19.399  60.322 0.0000000000
70864  42.546  -18.854  61.638 0.0000000000
72042  43.554  -17.977  62.678 0.0000000000
72024  43.574  -17.713  63.548 0.0000000000
57845  33.464  -29.476  69.247 0.0000000000
57847  31.565  -29.563  69.701 0.0000000000
57824  33.239  -29.554  70.199 0.0000000000
57803  34.739  -29.238  70.818 0.0000000000
59091  35.365  -28.598  72.249 0.0000000000
60294  36.378  -27.446  74.274 0.0000000000
61459  36.723  -26.610  75.654 0.0000000000
60284  30.679  -28.265  75.613 0.0000000000
60283  31.424  -27.799  75.626 0.0000000000
60282  32.351  -27.328  75.720 0.0000000000
61399  32.629  -27.100  79.433 0.0000000000
61412  33.425  -26.077  78.569 0.0000000000
61462  33.986  -26.780  76.111 0.0000000000
61441  34.645  -26.374  76.929 0.0000000000
61423  36.498  -26.168  77.599 0.0000000000
61408  37.499  -26.288  78.180 0.0000000000
54157  27.145  -33.778  83.629 0.0000000000
52903  26.541  -34.039  83.833 0.0000000000
52905  25.116  -34.188  84.054 0.0000000000
51834  24.070  -34.394  83.477 0.0000000000
51875  24.206  -34.925  80.487 0.0000000000
51849  22.883  -34.460  82.388 0.0000000000
52907  22.539  -34.149  83.463 0.0000000000
52908  21.670  -33.866  83.371 0.0000000000
52926  20.440  -33.825  82.406 0.0000000000
52941  19.094  -33.655  81.540 0.0000000000
53067  20.828  -34.071  74.469 0.0000000000
53041  20.589  -33.966  75.495 0.0000000000
53018  20.348  -33.987  76.513 0.0000000000
53070  17.958  -33.740  74.811 0.0000000000
53019  19.368  -33.835  76.601 0.0000000000
52983  19.716  -33.886  78.590 0.0000000000
52968  19.211  -33.786  79.591 0.0000000000
52955  18.685  -33.649  80.579 0.0000000000
52942  18.122  -33.529  81.582 0.0000000000
52957  16.815  -33.538  80.643 0.0000000000
52959  15.489  -34.183  80.641 0.0000000000
51879  15.025  -34.585  80.605 0.0000000000
51938  14.832  -35.271  77.254 0.0000000000
51908  14.610  -35.218  79.185 0.0000000000
51881  13.911  -35.357  80.993 0.0000000000
49609  12.979  -36.395  80.566 0.0000000000
49610  12.191  -37.152  80.562 0.0000000000
48306  11.545  -37.859  80.520 0.0000000000
48307  10.902  -38.451  80.441 0.0000000000
46964  10.195  -39.123  80.243 0.0000000000
60381  28.357  -27.912  68.556 0.0000000000
60358  27.997  -28.444  70.057 0.0000000000
59122  28.268  -29.100  71.523 0.0000000000
57849  27.086  -29.554  69.572 0.0000000000
56559  27.717  -30.174  71.339 0.0000000000
57776  28.130  -29.847  73.017 0.0000000000
55352  28.955  -31.300  74.247 0.0000000000
54211  29.328  -31.821  76.117 0.0000000000
54197  29.254  -32.287  77.762 0.0000000000
51931  28.271  -34.061  76.172 0.0000000000
52995  28.678  -33.535  78.071 0.0000000000
54192  28.756  -32.652  79.038 0.0000000000
55301  28.213  -32.082  81.869 0.0000000000
54164  27.685  -33.054  82.895 0.0000000000
48243  10.937  -37.827  85.633 0.0000000000
49516  10.792  -36.537  87.769 0.0000000000
80166  56.893  -10.225  51.954 0.0000000000
76635  52.903  -12.779  50.915 0.0000000000
77754  54.431  -12.474  52.421 0.0000000000
77737  55.490  -12.325  53.934 0.0000000000
75527  54.512  -13.952  54.735 0.0000000000
76584  55.284  -13.168  54.704 0.0000000000
76583  56.346  -13.052  55.232 0.0000000000
73297  46.021  -16.707  51.171 0.0000000000
72144  47.554  -17.200  51.707 0.0000000000
72127  45.933  -18.007  52.595 0.0000000000
72126  47.215  -17.726  52.452 0.0000000000
72125  48.514  -17.477  52.264 0.0000000000
72105  50.203  -18.025  54.297 0.0000000000
72075  51.007  -17.957  56.009 0.0000000000
72073  52.169  -17.059  57.039 0.0000000000
69670  46.847  -20.108  56.947 0.0000000000
68484  47.437  -20.097  57.327 0.0000000000
69652  48.540  -19.827  57.476 0.0000000000
68422  49.959  -20.756  59.560 0.0000000000
69633  49.556  -19.943  58.071 0.0000000000
69650  49.948  -19.431  57.753 0.0000000000
70895  51.147  -18.606  57.918 0.0000000000
72061  52.142  -17.890  57.983 0.0000000000
69615  36.295  -20.483  59.649 0.0000000000
69591  37.809  -19.996  60.566 0.0000000000
70870  36.732  -18.986  61.870 0.0000000000
70868  38.698  -18.969  61.976 0.0000000000
70867  39.700  -19.061  62.004 0.0000000000
70831  40.692  -18.222  63.412 0.0000000000
72025  42.410  -17.753  63.903 0.0000000000
73133  42.745  -16.951  65.418 0.0000000000
59166  36.527  -28.119  68.776 0.0000000000
62618  37.226  -25.260  66.201 0.0000000000
64841  37.887  -23.828  66.178 0.0000000000
65991  38.811  -22.953  66.907 0.0000000000
62536  40.530  -25.920  75.956 0.0000000000
61470  41.533  -26.189  73.968 0.0000000000
61491  41.043  -25.719  72.478 0.0000000000
63654  41.626  -24.400  72.705 0.0000000000
63682  40.261  -24.573  70.769 0.0000000000
64808  39.792  -23.644  69.238 0.0000000000
65977  39.804  -22.582  68.388 0.0000000000
67205  39.262  -21.605  66.990 0.0000000000
68303  38.824  -20.386  66.864 0.0000000000
70795  39.050  -18.736  67.322 0.0000000000
71966  39.701  -18.005  67.641 0.0000000000
70761  41.316  -18.634  70.184 0.0000000000
71955  40.954  -17.517  68.734 0.0000000000
73093  40.765  -17.198  67.279 0.0000000000
73118  41.728  -16.773  66.230 0.0000000000
80258  52.597  -10.388  41.198 0.0000000000
79116  54.102  -11.762  41.078 0.0000000000
77926  54.830  -12.320  41.859 0.0000000000
77877  56.489  -12.488  43.663 0.0000000000
79077  57.217  -11.741  43.897 0.0000000000
77846  56.070  -12.452  46.160 0.0000000000
79059  56.753  -12.013  45.752 0.0000000000
80230  57.401  -10.302  46.099 0.0000000000
81348  57.980  -9.069  46.914 0.0000000000
54145  27.751  -33.465  83.469 0.0000000000
52881  28.191  -34.050  83.731 0.0000000000
48292  11.734  -37.603  81.523 0.0000000000
48269  11.853  -37.265  83.399 0.0000000000
48270  11.380  -37.947  83.499 0.0000000000
72002  44.153  -17.357  64.374 0.0000000000
72001  45.118  -17.304  64.278 0.0000000000
59121  28.752  -28.776  71.982 0.0000000000
60332  29.250  -28.728  72.363 0.0000000000
53064  23.862  -33.974  74.292 0.0000000000
53065  22.871  -34.009  74.326 0.0000000000
52911  18.990  -33.432  83.534 0.0000000000
54147  19.705  -33.319  84.515 0.0000000000
54148  18.996  -33.278  84.579 0.0000000000
79030  51.541  -11.983  48.920 0.0000000000
79011  52.472  -11.786  49.458 0.0000000000
79012  51.671  -11.979  49.171 0.0000000000
73218  52.707  -16.592  56.685 0.0000000000
73201  53.519  -16.323  57.591 0.0000000000
69713  44.487  -19.584  54.891 0.0000000000
66053  37.400  -22.269  64.346 0.0000000000
67247  37.435  -21.321  64.614 0.0000000000
68350  37.435  -20.463  64.951 0.0000000000
67228  37.932  -21.235  65.264 0.0000000000
61458  37.630  -26.743  75.353 0.0000000000
61474  38.183  -27.114  74.812 0.0000000000
61437  38.278  -26.228  76.062 0.0000000000
77803  51.175  -12.146  48.693 0.0000000000
77802  52.158  -12.097  48.592 0.0000000000
80271  54.584  -10.360  40.003 0.0000000000
79144  53.993  -11.089  40.337 0.0000000000
55316  29.265  -31.421  78.557 0.0000000000
56484  29.453  -30.480  78.298 0.0000000000
56477  29.325  -30.527  79.353 0.0000000000
51851  14.431  -34.525  82.474 0.0000000000
52915  15.029  -33.949  83.332 0.0000000000
51836  14.505  -34.384  83.312 0.0000000000
76655  46.958  -13.846  49.080 0.0000000000
73295  47.863  -16.610  51.186 0.0000000000
73294  48.787  -16.746  51.412 0.0000000000
69584  44.498  -18.994  60.025 0.0000000000
44630  9.462  -40.639  82.211 0.0000000000
68511  39.278  -20.599  55.514 0.0000000000
68488  39.787  -20.551  56.363 0.0000000000
68404  40.249  -20.074  59.934 0.0000000000
69567  40.230  -19.575  61.304 0.0000000000
59069  33.152  -28.602  73.424 0.0000000000
59047  33.644  -28.164  74.019 0.0000000000
60297  33.526  -27.806  74.727 0.0000000000
60243  31.387  -27.497  79.603 0.0000000000
60262  31.361  -27.176  78.531 0.0000000000
61400  31.888  -27.057  79.992 0.0000000000
51873  26.334  -34.820  80.775 0.0000000000
51874  25.280  -34.903  80.612 0.0000000000
51891  21.841  -34.385  79.698 0.0000000000
51906  21.484  -34.268  79.161 0.0000000000
51892  21.084  -34.201  79.696 0.0000000000
53022  16.641  -34.019  77.054 0.0000000000
53003  17.202  -33.660  77.839 0.0000000000
53004  16.389  -33.864  78.062 0.0000000000
51922  15.918  -34.324  77.399 0.0000000000
53139  27.196  -33.159  71.624 0.0000000000
53138  27.721  -32.752  72.204 0.0000000000
53086  28.199  -33.128  73.558 0.0000000000
51872  27.190  -34.329  80.903 0.0000000000
46884  8.180  -38.337  88.380 0.0000000000
48227  8.854  -37.957  87.953 0.0000000000
80180  56.290  -9.993  50.471 0.0000000000
78949  56.836  -11.230  53.584 0.0000000000
77735  56.910  -11.775  54.358 0.0000000000
77719  57.160  -12.152  54.483 0.0000000000
77720  56.757  -12.326  54.771 0.0000000000
75551  52.719  -14.793  52.353 0.0000000000
70925  48.151  -19.161  55.748 0.0000000000
70941  48.234  -18.731  54.777 0.0000000000
68424  48.166  -20.638  59.239 0.0000000000
68402  48.480  -20.678  59.917 0.0000000000
70880  35.184  -19.074  61.074 0.0000000000
71986  38.863  -18.214  65.566 0.0000000000
72006  39.446  -17.810  64.930 0.0000000000
71984  40.224  -17.305  66.293 0.0000000000
57844  34.707  -29.221  69.096 0.0000000000
61511  39.243  -26.375  70.456 0.0000000000
62576  38.801  -26.123  69.848 0.0000000000
62575  39.397  -25.698  70.277 0.0000000000
62586  39.099  -25.163  69.642 0.0000000000
62574  39.898  -25.092  70.658 0.0000000000
67139  42.242  -21.427  71.658 0.0000000000
67159  41.286  -21.324  69.902 0.0000000000
68258  41.493  -20.428  70.224 0.0000000000
69447  41.593  -19.508  70.567 0.0000000000
76713  52.312  -13.283  44.620 0.0000000000
77860  51.682  -12.909  43.961 0.0000000000
76732  52.403  -13.044  43.793 0.0000000000
76731  53.134  -13.261  44.018 0.0000000000
76730  54.052  -13.257  44.343 0.0000000000
80208  55.230  -10.806  49.015 0.0000000000
80207  56.167  -10.304  48.995 0.0000000000
81323  56.884  -9.780  49.420 0.0000000000
82549  59.411  -8.574  40.786 0.0000000000
82548  59.728  -8.492  40.489 0.0000000000
82535  60.230  -8.653  41.064 0.0000000000
80243  58.261  -10.027  44.155 0.0000000000
81372  58.508  -9.010  43.842 0.0000000000
81363  58.387  -9.214  44.919 0.0000000000
80236  58.159  -9.763  44.707 0.0000000000
56457  28.451  -31.660  82.281 0.0000000000
57615  28.826  -30.934  82.335 0.0000000000
55285  28.708  -31.824  82.950 0.0000000000
49594  12.928  -36.128  81.457 0.0000000000
50764  13.161  -35.603  82.955 0.0000000000
49569  12.540  -36.266  83.397 0.0000000000
49556  11.955  -36.652  84.652 0.0000000000
50737  12.331  -36.168  85.118 0.0000000000
50702  11.929  -35.639  87.473 0.0000000000
74482  45.327  -15.430  50.264 0.0000000000
73316  45.686  -16.009  50.692 0.0000000000
70845  43.979  -18.054  61.981 0.0000000000
72040  45.301  -17.884  62.960 0.0000000000
41390  7.474  -43.658  83.792 0.0000000000
40497  6.749  -44.101  85.209 0.0000000000
59155  29.164  -28.323  69.610 0.0000000000
59170  29.614  -28.682  69.213 0.0000000000
59097  29.954  -28.768  72.520 0.0000000000
59120  30.088  -28.900  72.124 0.0000000000
59096  30.492  -28.836  72.886 0.0000000000
59071  31.301  -28.772  73.561 0.0000000000
59050  31.159  -28.584  74.163 0.0000000000
51918  25.012  -34.490  77.629 0.0000000000
52997  23.114  -34.026  77.012 0.0000000000
53116  24.626  -33.821  72.413 0.0000000000
53115  25.643  -33.778  72.452 0.0000000000
53062  25.754  -34.193  74.277 0.0000000000
53013  25.280  -34.017  75.881 0.0000000000
51934  25.277  -34.191  76.790 0.0000000000
52870  21.465  -33.551  84.904 0.0000000000
54133  21.029  -33.410  85.535 0.0000000000
79009  53.928  -11.140  49.103 0.0000000000
80195  53.836  -11.093  49.638 0.0000000000
78968  55.099  -11.647  52.239 0.0000000000
77764  54.691  -12.015  52.094 0.0000000000
74427  52.914  -15.638  54.683 0.0000000000
74389  54.649  -15.342  57.222 0.0000000000
70974  43.962  -18.329  53.064 0.0000000000
69712  45.507  -19.540  54.957 0.0000000000
70944  45.681  -19.210  54.202 0.0000000000
69711  46.426  -19.573  55.319 0.0000000000
69710  47.046  -19.574  55.612 0.0000000000
69689  47.409  -19.676  56.132 0.0000000000
69552  34.962  -19.672  62.467 0.0000000000
70837  35.660  -19.592  62.989 0.0000000000
69522  37.656  -19.670  65.199 0.0000000000
70808  37.762  -19.195  65.041 0.0000000000
69521  37.905  -19.314  65.326 0.0000000000
70807  38.138  -18.877  65.238 0.0000000000
59090  36.503  -28.577  72.305 0.0000000000
59113  36.862  -28.712  71.308 0.0000000000
60291  39.261  -27.528  74.039 0.0000000000
60309  39.624  -27.693  73.253 0.0000000000
60341  39.749  -27.373  71.642 0.0000000000
60308  40.422  -27.314  73.296 0.0000000000
77840  49.213  -12.748  46.369 0.0000000000
76691  52.011  -13.406  46.335 0.0000000000
76690  52.931  -13.427  46.430 0.0000000000
79027  53.524  -11.543  48.702 0.0000000000
77800  53.466  -11.847  48.507 0.0000000000
79026  54.182  -11.329  48.584 0.0000000000
80289  56.460  -9.995  39.548 0.0000000000
81415  58.349  -9.244  39.533 0.0000000000
80287  58.377  -9.953  40.250 0.0000000000
80268  57.777  -10.910  40.668 0.0000000000
79113  56.937  -11.836  41.540 0.0000000000
79140  57.324  -11.473  41.124 0.0000000000
79091  57.301  -11.844  42.102 0.0000000000
56507  29.450  -30.173  75.305 0.0000000000
57739  29.477  -29.537  74.844 0.0000000000
57653  29.671  -29.586  79.020 0.0000000000
59000  29.964  -29.071  77.762 0.0000000000
58958  30.045  -28.886  79.063 0.0000000000
58957  30.402  -28.410  79.480 0.0000000000
58932  30.506  -28.617  80.198 0.0000000000
52913  16.799  -33.448  83.635 0.0000000000
52874  15.105  -33.771  85.455 0.0000000000
52873  16.204  -33.363  85.965 0.0000000000
52855  15.791  -33.281  87.160 0.0000000000
54125  16.277  -32.882  87.646 0.0000000000
52842  15.702  -32.977  87.748 0.0000000000
51813  13.429  -34.907  85.184 0.0000000000
51812  13.798  -34.511  85.596 0.0000000000
51802  13.505  -34.510  86.640 0.0000000000
76651  50.779  -12.878  49.682 0.0000000000
76652  49.744  -13.279  49.518 0.0000000000
75575  49.295  -14.385  49.994 0.0000000000
76639  49.971  -13.946  50.021 0.0000000000
75574  50.321  -14.504  50.263 0.0000000000
74477  50.855  -15.227  50.607 0.0000000000
74498  47.238  -15.003  49.838 0.0000000000
75576  48.227  -14.836  49.930 0.0000000000
73293  49.812  -16.590  51.461 0.0000000000
73291  51.331  -16.309  52.037 0.0000000000
73279  52.046  -16.202  52.991 0.0000000000
73280  51.639  -16.377  52.673 0.0000000000
72113  51.411  -17.093  53.727 0.0000000000
73244  51.848  -17.102  54.942 0.0000000000
72088  51.581  -17.435  55.565 0.0000000000
69658  43.387  -19.582  57.221 0.0000000000
69657  44.221  -19.569  57.397 0.0000000000
69638  44.515  -19.519  58.330 0.0000000000
69583  45.579  -19.083  60.193 0.0000000000
69550  48.152  -19.301  62.046 0.0000000000
64881  36.781  -23.490  63.582 0.0000000000
64867  37.227  -23.237  64.277 0.0000000000
63765  37.498  -23.790  64.982 0.0000000000
77826  47.491  -12.301  47.000 0.0000000000
76670  48.372  -13.199  48.577 0.0000000000
77804  49.933  -12.623  48.516 0.0000000000
82551  52.916  -8.788  40.631 0.0000000000
45720  10.442  -39.233  82.881 0.0000000000
45699  9.679  -39.866  85.308 0.0000000000
45700  9.222  -40.340  85.707 0.0000000000
45694  8.982  -39.940  86.483 0.0000000000
42378  8.365  -42.193  83.953 0.0000000000
43494  8.464  -41.778  84.523 0.0000000000
43487  8.150  -41.723  85.509 0.0000000000
69738  42.513  -19.286  53.957 0.0000000000
69716  41.756  -19.517  54.551 0.0000000000
68509  41.183  -19.780  55.247 0.0000000000
68529  40.551  -19.828  54.801 0.0000000000
69695  42.027  -19.733  55.105 0.0000000000
69674  43.028  -19.708  56.454 0.0000000000
68447  42.394  -19.755  58.627 0.0000000000
68426  42.347  -19.737  59.040 0.0000000000
69614  41.264  -19.773  60.043 0.0000000000
68428  40.992  -20.004  59.478 0.0000000000
69564  42.736  -18.989  60.890 0.0000000000
69565  42.028  -19.301  61.099 0.0000000000
70829  42.781  -18.121  63.016 0.0000000000
57891  32.660  -29.285  67.398 0.0000000000
57865  33.557  -29.211  68.210 0.0000000000
57848  30.825  -29.440  70.046 0.0000000000
57868  30.787  -29.383  69.131 0.0000000000
57826  31.487  -29.564  70.567 0.0000000000
59116  33.707  -29.040  71.740 0.0000000000
57805  33.021  -29.421  71.067 0.0000000000
57804  33.934  -29.333  70.927 0.0000000000
59115  34.636  -28.974  71.572 0.0000000000
60295  35.471  -27.507  74.365 0.0000000000
60313  35.754  -27.869  73.618 0.0000000000
60278  36.058  -26.979  75.000 0.0000000000
60277  36.834  -26.957  74.884 0.0000000000
59032  30.072  -28.841  75.669 0.0000000000
60301  29.987  -28.561  74.496 0.0000000000
59031  30.563  -28.329  76.233 0.0000000000
60270  31.274  -27.423  76.446 0.0000000000
60269  31.833  -27.137  76.319 0.0000000000
61443  32.669  -26.762  76.853 0.0000000000
62499  34.230  -25.964  78.815 0.0000000000
61398  33.875  -26.555  78.942 0.0000000000
62515  33.982  -25.870  78.333 0.0000000000
61442  33.699  -26.516  76.946 0.0000000000
61425  34.288  -25.997  77.725 0.0000000000
61409  36.526  -26.491  78.323 0.0000000000
54165  27.268  -33.618  83.434 0.0000000000
51832  25.674  -34.191  83.372 0.0000000000
51833  25.091  -34.301  83.565 0.0000000000
51822  24.490  -34.277  84.088 0.0000000000
51862  22.629  -34.646  81.392 0.0000000000
51835  23.313  -34.381  83.127 0.0000000000
52924  22.139  -34.154  82.731 0.0000000000
52953  20.558  -34.088  80.565 0.0000000000
52940  20.035  -33.866  81.501 0.0000000000
52927  19.500  -33.648  82.476 0.0000000000
53096  18.102  -33.760  73.814 0.0000000000
53020  18.410  -33.685  76.687 0.0000000000
52984  18.698  -33.709  78.628 0.0000000000
52969  18.249  -33.593  79.624 0.0000000000
52956  17.733  -33.497  80.610 0.0000000000
52943  17.149  -33.498  81.593 0.0000000000
52972  15.812  -33.939  79.891 0.0000000000
52973  15.419  -34.392  80.041 0.0000000000
51864  15.134  -34.348  81.074 0.0000000000
51893  15.007  -34.857  79.774 0.0000000000
50825  14.954  -35.347  76.273 0.0000000000
50818  13.679  -36.183  78.233 0.0000000000
50817  14.218  -35.706  77.739 0.0000000000
50809  14.112  -35.710  78.809 0.0000000000
50801  14.126  -35.520  79.690 0.0000000000
50802  13.731  -35.942  79.619 0.0000000000
50794  13.675  -35.701  80.524 0.0000000000
49608  13.458  -36.137  80.087 0.0000000000
49634  12.549  -37.105  78.566 0.0000000000
48322  11.292  -38.115  79.759 0.0000000000
48323  10.717  -38.558  79.514 0.0000000000
46953  10.589  -38.918  81.210 0.0000000000
46974  10.136  -39.041  79.245 0.0000000000
60359  27.497  -28.440  69.436 0.0000000000
60370  27.802  -27.948  69.173 0.0000000000
59139  27.968  -28.889  70.623 0.0000000000
59123  27.833  -29.291  70.714 0.0000000000
56606  26.639  -30.488  68.943 0.0000000000
57870  26.612  -29.466  68.720 0.0000000000
56592  26.952  -30.435  69.602 0.0000000000
55378  27.986  -31.149  72.271 0.0000000000
56574  27.529  -30.349  70.925 0.0000000000
56547  27.931  -30.373  71.997 0.0000000000
57790  28.059  -29.954  72.461 0.0000000000
56539  28.061  -30.383  72.679 0.0000000000
56538  28.284  -30.368  73.272 0.0000000000
55369  28.485  -31.182  73.412 0.0000000000
54212  29.093  -32.419  75.503 0.0000000000
54203  29.307  -32.332  76.698 0.0000000000
53010  29.231  -32.813  77.213 0.0000000000
51952  27.053  -34.448  75.434 0.0000000000
51951  27.935  -34.212  75.535 0.0000000000
51932  27.501  -34.442  76.305 0.0000000000
52979  28.225  -33.608  79.276 0.0000000000
54185  28.222  -32.752  80.079 0.0000000000
54178  28.101  -32.420  80.887 0.0000000000
54186  27.982  -33.046  80.761 0.0000000000
52921  27.448  -33.352  82.557 0.0000000000
54150  17.461  -33.008  85.616 0.0000000000
54136  18.042  -32.928  86.144 0.0000000000
46901  10.638  -38.564  85.191 0.0000000000
48257  11.166  -37.961  84.646 0.0000000000
48219  9.294  -37.241  88.412 0.0000000000
49517  9.964  -36.844  87.974 0.0000000000
49507  9.719  -36.445  88.764 0.0000000000
50689  10.263  -36.026  88.711 0.0000000000
50678  10.077  -35.710  89.277 0.0000000000
80167  56.087  -10.294  51.670 0.0000000000
80150  56.525  -10.537  52.430 0.0000000000
78948  57.364  -11.431  53.165 0.0000000000
76637  51.494  -13.173  50.231 0.0000000000
77778  52.108  -12.602  50.279 0.0000000000
76636  52.422  -13.274  50.781 0.0000000000
76613  53.966  -13.210  52.582 0.0000000000
76612  54.492  -12.664  52.862 0.0000000000
76600  54.626  -12.888  53.514 0.0000000000
76572  55.704  -13.618  55.925 0.0000000000
76571  56.461  -13.683  55.915 0.0000000000
73298  44.874  -16.505  51.157 0.0000000000
72145  46.520  -17.278  51.811 0.0000000000
70972  45.679  -18.540  53.219 0.0000000000
72118  46.161  -18.398  53.157 0.0000000000
70954  48.460  -18.428  54.000 0.0000000000
72116  47.934  -18.084  53.232 0.0000000000
72115  49.244  -17.994  53.499 0.0000000000
72106  49.428  -18.329  54.436 0.0000000000
70909  50.236  -18.401  56.147 0.0000000000
72089  50.609  -18.021  55.267 0.0000000000
70908  50.955  -18.078  56.436 0.0000000000
72074  51.469  -17.594  56.568 0.0000000000
72068  51.731  -17.709  57.404 0.0000000000
69655  46.039  -20.058  57.623 0.0000000000
69671  45.858  -19.973  56.754 0.0000000000
68445  48.046  -20.495  58.454 0.0000000000
68463  47.870  -20.237  57.786 0.0000000000
68462  48.454  -20.265  57.988 0.0000000000
69653  47.984  -19.931  57.221 0.0000000000
69634  48.952  -20.029  57.880 0.0000000000
69606  51.831  -20.221  59.109 0.0000000000
68442  50.692  -20.337  58.944 0.0000000000
69632  50.438  -19.624  58.269 0.0000000000
70896  50.404  -19.140  57.786 0.0000000000
69592  36.614  -20.077  60.331 0.0000000000
70852  37.289  -18.573  62.590 0.0000000000
70851  38.207  -18.571  62.633 0.0000000000
70850  39.169  -18.688  62.723 0.0000000000
70849  40.182  -18.666  62.715 0.0000000000
72026  41.273  -17.785  64.173 0.0000000000
72004  41.979  -17.337  64.840 0.0000000000
59135  37.217  -28.413  70.531 0.0000000000
59150  36.885  -28.217  69.601 0.0000000000
60367  37.051  -27.705  68.959 0.0000000000
61528  37.382  -26.411  68.305 0.0000000000
61529  36.902  -26.702  67.731 0.0000000000
61540  36.855  -26.524  67.090 0.0000000000
61550  36.801  -26.218  66.295 0.0000000000
61549  37.026  -25.836  66.928 0.0000000000
63726  38.409  -24.527  67.767 0.0000000000
63727  37.987  -24.660  67.332 0.0000000000
63739  38.263  -24.121  67.168 0.0000000000
64840  38.335  -23.414  66.558 0.0000000000
64829  38.826  -23.576  67.478 0.0000000000
62527  39.711  -25.939  76.644 0.0000000000
62526  40.869  -25.458  76.969 0.0000000000
61454  41.136  -26.092  75.040 0.0000000000
61481  41.308  -25.958  72.986 0.0000000000
62549  41.669  -25.269  73.469 0.0000000000
64763  41.614  -23.408  72.092 0.0000000000
64748  42.082  -23.483  73.110 0.0000000000
63667  41.148  -24.094  71.920 0.0000000000
64779  40.591  -24.054  70.847 0.0000000000
64793  40.411  -23.634  70.088 0.0000000000
64792  40.889  -23.130  70.324 0.0000000000
65976  40.224  -21.936  68.660 0.0000000000
65990  39.234  -22.454  67.258 0.0000000000
67185  39.534  -21.439  67.550 0.0000000000
67186  39.206  -21.003  67.020 0.0000000000
68282  39.465  -20.499  67.832 0.0000000000
69477  39.406  -19.598  68.022 0.0000000000
70783  39.683  -18.734  68.158 0.0000000000
71957  40.036  -18.131  68.252 0.0000000000
70749  41.668  -18.662  70.931 0.0000000000
71915  41.609  -17.762  70.668 0.0000000000
73080  41.503  -16.984  68.987 0.0000000000
73092  41.270  -17.035  67.917 0.0000000000
71965  40.448  -17.607  67.854 0.0000000000
73103  41.301  -16.898  66.866 0.0000000000
81380  52.283  -9.548  41.668 0.0000000000
77849  49.882  -12.883  45.447 0.0000000000
77863  48.849  -11.769  44.665 0.0000000000
77862  49.851  -12.124  44.346 0.0000000000
79117  52.839  -11.666  41.594 0.0000000000
77927  53.749  -12.380  41.884 0.0000000000
77878  55.062  -13.127  43.921 0.0000000000
77902  55.580  -12.606  42.702 0.0000000000
79067  56.951  -11.947  44.692 0.0000000000
77835  54.463  -13.024  46.745 0.0000000000
77847  55.345  -12.941  45.937 0.0000000000
77834  55.550  -12.336  46.890 0.0000000000
80223  56.759  -11.093  47.148 0.0000000000
79050  56.306  -11.835  46.692 0.0000000000
79049  57.035  -11.170  46.386 0.0000000000
79058  57.260  -11.105  45.394 0.0000000000
81357  57.799  -9.534  46.022 0.0000000000
81349  57.456  -9.725  46.743 0.0000000000
81340  58.043  -9.139  48.014 0.0000000000
82566  56.764  -7.842  38.796 0.0000000000
82585  57.635  -7.697  38.559 0.0000000000
81389  58.868  -9.098  41.856 0.0000000000
54144  28.513  -33.028  83.342 0.0000000000
49595  12.366  -36.806  81.711 0.0000000000
49582  12.258  -36.814  82.887 0.0000000000
48242  11.496  -37.275  85.166 0.0000000000
60357  28.621  -28.361  70.513 0.0000000000
60356  29.248  -28.467  70.922 0.0000000000
60331  29.950  -28.669  72.985 0.0000000000
53014  24.295  -34.074  76.319 0.0000000000
53015  23.267  -34.076  76.154 0.0000000000
53063  24.818  -33.975  74.266 0.0000000000
53037  24.529  -34.065  75.183 0.0000000000
52890  20.275  -33.432  84.193 0.0000000000
54134  20.015  -33.250  85.285 0.0000000000
54121  19.755  -32.981  86.531 0.0000000000
79028  52.659  -11.618  48.907 0.0000000000
79002  52.744  -11.895  50.010 0.0000000000
77777  52.746  -12.335  50.450 0.0000000000
73242  53.208  -15.905  55.766 0.0000000000
74370  54.250  -15.718  57.547 0.0000000000
69737  43.425  -19.370  54.055 0.0000000000
69736  44.303  -19.338  54.189 0.0000000000
69691  45.672  -19.833  55.876 0.0000000000
68357  36.350  -20.665  63.528 0.0000000000
69529  36.427  -19.906  63.949 0.0000000000
68340  38.025  -20.371  65.584 0.0000000000
68324  38.127  -20.018  65.773 0.0000000000
60311  37.807  -27.988  73.504 0.0000000000
60292  38.388  -27.515  74.140 0.0000000000
61473  38.936  -27.140  74.751 0.0000000000
61472  39.787  -27.087  74.617 0.0000000000
77821  52.696  -12.502  47.961 0.0000000000
80269  56.742  -10.958  40.005 0.0000000000
79142  55.937  -11.488  40.494 0.0000000000
79115  55.299  -11.897  41.115 0.0000000000
55330  29.497  -31.261  76.614 0.0000000000
56491  29.575  -30.452  77.315 0.0000000000
52931  15.642  -33.847  82.508 0.0000000000
52914  15.805  -33.719  83.496 0.0000000000
52895  14.915  -33.943  84.348 0.0000000000
51792  12.729  -34.771  87.390 0.0000000000
51791  13.321  -34.470  87.139 0.0000000000
76653  48.779  -13.471  49.214 0.0000000000
74458  48.343  -16.066  50.843 0.0000000000
73282  50.174  -17.008  52.079 0.0000000000
73281  50.868  -16.813  52.500 0.0000000000
72123  50.334  -17.168  52.626 0.0000000000
72114  50.564  -17.413  53.332 0.0000000000
70842  47.429  -18.680  62.388 0.0000000000
45736  9.785  -39.968  81.670 0.0000000000
45721  9.963  -39.912  82.656 0.0000000000
44619  9.536  -40.561  83.318 0.0000000000
44610  8.943  -41.044  84.832 0.0000000000
68487  40.921  -20.104  56.288 0.0000000000
68430  39.016  -20.580  59.119 0.0000000000
69566  41.166  -19.481  61.219 0.0000000000
70848  41.197  -18.636  62.628 0.0000000000
57892  31.687  -29.338  67.670 0.0000000000
59118  31.832  -29.252  71.969 0.0000000000
57806  32.126  -29.484  71.207 0.0000000000
59068  34.194  -28.340  73.395 0.0000000000
60296  34.477  -27.773  74.412 0.0000000000
60279  35.163  -27.120  75.154 0.0000000000
60271  30.897  -27.729  76.825 0.0000000000
61429  31.068  -27.237  77.485 0.0000000000
61428  31.560  -26.847  78.035 0.0000000000
58954  34.727  -27.854  78.668 0.0000000000
62497  35.178  -26.378  78.527 0.0000000000
52938  26.853  -34.039  82.366 0.0000000000
52923  26.020  -34.143  83.285 0.0000000000
51890  22.682  -34.576  79.559 0.0000000000
51877  22.247  -34.619  80.518 0.0000000000
51863  21.780  -34.473  81.417 0.0000000000
53069  18.858  -33.736  74.689 0.0000000000
53071  17.131  -33.975  74.882 0.0000000000
53002  18.114  -33.584  77.696 0.0000000000
52971  16.487  -33.663  79.779 0.0000000000
49633  13.210  -36.614  78.810 0.0000000000
59156  27.075  -28.740  69.280 0.0000000000
54290  26.864  -32.152  70.117 0.0000000000
54289  27.407  -31.613  70.757 0.0000000000
54271  27.717  -32.068  71.595 0.0000000000
54254  28.063  -32.101  72.528 0.0000000000
54253  28.376  -31.877  73.079 0.0000000000
54243  28.286  -32.459  73.098 0.0000000000
53059  28.684  -33.109  74.561 0.0000000000
53033  28.569  -33.657  75.542 0.0000000000
52980  27.577  -34.338  79.257 0.0000000000
52966  27.804  -33.768  80.151 0.0000000000
52952  27.605  -33.575  81.157 0.0000000000
51857  27.238  -33.993  81.522 0.0000000000
46895  9.659  -38.956  86.540 0.0000000000
48235  10.010  -38.063  86.911 0.0000000000
78967  55.812  -11.078  52.656 0.0000000000
78966  56.603  -10.775  52.921 0.0000000000
78939  57.279  -11.773  53.987 0.0000000000
77734  57.540  -12.099  53.787 0.0000000000
76581  57.405  -12.548  54.262 0.0000000000
76599  57.360  -13.275  54.118 0.0000000000
76623  52.672  -13.705  51.227 0.0000000000
75550  53.109  -13.999  52.071 0.0000000000
75500  55.705  -14.190  56.931 0.0000000000
75512  55.516  -13.918  56.418 0.0000000000
70940  48.883  -18.524  54.518 0.0000000000
69608  46.963  -20.275  59.146 0.0000000000
69635  46.906  -20.262  58.309 0.0000000000
68425  47.602  -20.531  58.920 0.0000000000
69593  35.460  -19.400  60.594 0.0000000000
69571  36.206  -19.312  61.151 0.0000000000
72030  37.694  -18.545  63.851 0.0000000000
70834  37.853  -18.467  63.289 0.0000000000
72029  38.281  -18.349  63.921 0.0000000000
73135  41.348  -17.086  65.821 0.0000000000
60354  38.603  -27.425  70.490 0.0000000000
60366  37.696  -27.463  69.488 0.0000000000
60365  38.370  -27.219  69.949 0.0000000000
61527  37.965  -26.110  68.913 0.0000000000
62599  37.471  -25.767  67.886 0.0000000000
62609  37.571  -25.300  67.316 0.0000000000
62598  37.993  -25.392  68.239 0.0000000000
63714  38.786  -24.652  68.560 0.0000000000
63713  39.272  -24.308  69.005 0.0000000000
63623  41.449  -24.961  77.233 0.0000000000
63622  41.600  -24.817  76.659 0.0000000000
63632  41.919  -24.464  75.670 0.0000000000
65933  41.727  -22.478  71.327 0.0000000000
65948  40.788  -22.920  69.985 0.0000000000
65947  41.205  -22.423  70.239 0.0000000000
67160  40.825  -21.293  69.334 0.0000000000
67167  40.370  -21.306  68.803 0.0000000000
68281  39.970  -20.416  68.384 0.0000000000
68267  40.475  -20.381  68.972 0.0000000000
69456  40.559  -19.475  69.261 0.0000000000
77861  50.860  -12.607  44.110 0.0000000000
77880  52.869  -12.870  43.216 0.0000000000
77904  53.387  -12.678  42.574 0.0000000000
79039  55.405  -11.794  47.696 0.0000000000
79051  55.875  -11.854  47.184 0.0000000000
81341  57.265  -9.719  47.699 0.0000000000
81335  56.924  -9.908  48.471 0.0000000000
82584  58.281  -7.729  38.577 0.0000000000
82563  59.610  -8.458  39.554 0.0000000000
82490  59.126  -8.015  45.277 0.0000000000
56471  28.842  -30.869  80.703 0.0000000000
57624  28.836  -30.710  82.097 0.0000000000
57614  28.920  -30.778  82.436 0.0000000000
55277  28.759  -32.280  83.194 0.0000000000
50774  13.541  -35.296  82.090 0.0000000000
51837  13.774  -34.927  83.260 0.0000000000
50763  13.620  -35.192  82.639 0.0000000000
51838  13.271  -35.404  83.706 0.0000000000
50736  12.825  -35.494  85.414 0.0000000000
49555  12.362  -36.392  84.129 0.0000000000
50719  12.566  -35.382  86.651 0.0000000000
50701  12.434  -35.294  87.192 0.0000000000
51793  12.181  -35.130  87.757 0.0000000000
51779  11.277  -35.352  88.698 0.0000000000
74499  46.900  -15.185  49.976 0.0000000000
73314  47.371  -16.241  50.836 0.0000000000
73296  47.002  -16.737  51.193 0.0000000000
70862  44.539  -18.419  61.319 0.0000000000
72039  46.000  -17.855  63.148 0.0000000000
70828  46.427  -17.926  63.069 0.0000000000
44631  8.925  -41.365  82.781 0.0000000000
43513  8.523  -42.070  82.853 0.0000000000
42385  8.310  -42.431  83.417 0.0000000000
42379  8.006  -42.748  84.302 0.0000000000
42386  7.929  -43.090  83.213 0.0000000000
42370  7.390  -42.705  85.576 0.0000000000
41378  7.007  -43.479  85.434 0.0000000000
59169  30.177  -29.091  69.641 0.0000000000
59153  30.276  -29.148  70.501 0.0000000000
59138  29.930  -28.936  71.247 0.0000000000
59137  30.507  -29.202  71.136 0.0000000000
57808  30.847  -29.310  71.273 0.0000000000
59095  31.497  -29.032  72.785 0.0000000000
59070  32.208  -28.690  73.499 0.0000000000
60298  32.608  -27.847  74.857 0.0000000000
51903  23.677  -34.515  78.350 0.0000000000
51919  24.016  -34.310  77.429 0.0000000000
51904  22.988  -34.443  78.663 0.0000000000
51921  22.585  -34.309  78.168 0.0000000000
52981  21.561  -34.184  78.042 0.0000000000
51969  16.313  -34.351  74.775 0.0000000000
51953  15.999  -34.560  75.509 0.0000000000
51954  15.509  -34.951  75.834 0.0000000000
50839  14.992  -35.292  75.381 0.0000000000
53140  26.142  -33.502  71.540 0.0000000000
53114  26.669  -33.685  72.499 0.0000000000
53087  27.256  -33.810  73.482 0.0000000000
53061  26.855  -34.292  74.431 0.0000000000
51933  26.280  -34.351  76.258 0.0000000000
80193  55.503  -10.487  49.817 0.0000000000
80168  55.374  -10.536  51.202 0.0000000000
79000  54.369  -11.195  50.467 0.0000000000
77752  55.757  -11.707  53.468 0.0000000000
74437  53.291  -15.009  54.370 0.0000000000
75514  53.990  -14.858  55.484 0.0000000000
74412  53.849  -15.389  55.931 0.0000000000
74411  54.480  -15.100  56.613 0.0000000000
70926  47.484  -19.394  55.624 0.0000000000
70911  48.406  -19.302  56.343 0.0000000000
69559  49.955  -20.180  61.737 0.0000000000
68385  49.658  -20.598  61.040 0.0000000000
70872  34.899  -19.156  61.487 0.0000000000
70871  35.725  -19.072  61.580 0.0000000000
70818  36.760  -19.469  64.096 0.0000000000
70816  38.012  -18.704  64.628 0.0000000000
71973  39.031  -18.116  66.288 0.0000000000
57822  35.195  -29.242  70.213 0.0000000000
59112  37.937  -28.306  71.292 0.0000000000
60328  38.169  -28.341  72.706 0.0000000000
59111  38.570  -28.191  71.703 0.0000000000
60343  38.270  -27.882  70.755 0.0000000000
60342  38.864  -27.700  71.190 0.0000000000
61501  39.397  -26.726  70.850 0.0000000000
61500  40.145  -26.575  71.420 0.0000000000
76700  50.833  -13.100  45.536 0.0000000000
76699  51.715  -13.328  45.493 0.0000000000
76697  53.542  -13.535  45.740 0.0000000000
76689  53.779  -13.352  46.430 0.0000000000
77819  54.864  -12.266  47.528 0.0000000000
77820  53.791  -12.225  48.063 0.0000000000
79025  54.934  -11.296  48.467 0.0000000000
82567  55.632  -7.915  39.444 0.0000000000
80256  58.209  -10.705  41.547 0.0000000000
80255  58.496  -10.037  42.232 0.0000000000
79089  58.186  -10.657  42.868 0.0000000000
79075  58.182  -10.400  43.452 0.0000000000
79076  57.860  -11.065  43.613 0.0000000000
59073  29.027  -29.253  73.467 0.0000000000
59033  29.679  -29.142  75.128 0.0000000000
59016  30.134  -29.064  76.843 0.0000000000
57694  29.777  -29.692  77.068 0.0000000000
58999  30.336  -28.531  77.601 0.0000000000
60254  30.809  -27.855  79.107 0.0000000000
57640  29.320  -30.220  80.814 0.0000000000
57632  29.748  -29.840  81.122 0.0000000000
58915  30.049  -29.111  80.464 0.0000000000
57631  30.264  -29.660  81.153 0.0000000000
58914  30.473  -28.994  80.695 0.0000000000
53092  22.183  -33.991  73.376 0.0000000000
52912  17.938  -33.366  83.763 0.0000000000
54159  18.261  -33.248  84.392 0.0000000000
52892  17.835  -33.192  84.508 0.0000000000
52872  16.980  -33.139  85.695 0.0000000000
54124  17.052  -32.757  87.432 0.0000000000
51824  14.136  -34.485  84.403 0.0000000000
52875  14.464  -34.207  85.094 0.0000000000
52844  13.730  -34.082  87.372 0.0000000000
52843  14.954  -33.217  87.895 0.0000000000
77788  51.177  -12.243  49.311 0.0000000000
75560  51.693  -14.929  50.929 0.0000000000
74454  52.245  -15.169  51.848 0.0000000000
75597  47.577  -14.479  49.536 0.0000000000
74455  51.560  -15.616  51.393 0.0000000000
74445  52.257  -15.690  52.558 0.0000000000
73272  52.320  -16.056  53.341 0.0000000000
73262  52.438  -16.206  54.134 0.0000000000
73243  52.504  -16.437  55.417 0.0000000000
69656  45.176  -19.734  57.510 0.0000000000
69560  48.709  -20.091  61.210 0.0000000000
70877  44.985  -18.689  60.679 0.0000000000
69563  45.734  -18.865  60.777 0.0000000000
69562  46.276  -19.037  60.875 0.0000000000
70859  47.200  -19.089  61.853 0.0000000000
69561  47.370  -19.391  61.213 0.0000000000
66054  36.933  -22.495  63.634 0.0000000000
61407  38.323  -26.033  77.863 0.0000000000
62528  38.837  -25.999  76.595 0.0000000000
62495  39.944  -26.223  78.033 0.0000000000
81403  52.937  -9.285  40.587 0.0000000000
80273  52.953  -9.723  40.621 0.0000000000
48293  11.144  -38.275  81.375 0.0000000000
46928  10.829  -38.608  83.094 0.0000000000
46915  10.240  -39.172  84.841 0.0000000000
45709  10.034  -39.592  83.881 0.0000000000
46902  9.995  -39.038  85.655 0.0000000000
46896  9.086  -39.183  87.086 0.0000000000
46890  8.559  -38.892  87.643 0.0000000000
44605  8.730  -40.865  85.711 0.0000000000
44598  8.409  -40.708  86.514 0.0000000000
45695  8.288  -40.382  86.912 0.0000000000
45680  7.176  -39.359  88.280 0.0000000000
70959  43.225  -18.862  53.543 0.0000000000
69585  43.387  -19.058  60.243 0.0000000000
68427  41.983  -19.856  59.133 0.0000000000
70846  43.105  -18.387  62.181 0.0000000000
57890  33.605  -29.129  67.131 0.0000000000
57867  31.604  -29.417  68.715 0.0000000000
57825  32.314  -29.608  70.367 0.0000000000
57846  32.455  -29.536  69.442 0.0000000000
57823  34.234  -29.485  70.095 0.0000000000
59067  35.093  -28.187  73.021 0.0000000000
59066  35.883  -28.179  72.886 0.0000000000
60312  36.728  -28.008  73.410 0.0000000000
61438  37.462  -26.318  76.328 0.0000000000
60302  29.599  -28.892  73.952 0.0000000000
60316  30.093  -28.587  73.809 0.0000000000
60300  30.749  -28.517  74.566 0.0000000000
59051  30.651  -28.629  74.006 0.0000000000
60299  31.707  -28.133  74.908 0.0000000000
61413  32.625  -26.533  78.803 0.0000000000
61427  32.558  -26.468  77.904 0.0000000000
61463  33.183  -26.858  76.178 0.0000000000
60281  33.305  -27.281  75.475 0.0000000000
61461  34.899  -26.628  75.978 0.0000000000
61424  35.374  -26.111  77.909 0.0000000000
61440  35.631  -26.276  76.811 0.0000000000
61439  36.584  -26.305  76.604 0.0000000000
61422  37.419  -26.159  77.319 0.0000000000
52882  27.199  -34.334  84.216 0.0000000000
52883  26.521  -34.286  84.295 0.0000000000
52884  25.635  -34.312  84.553 0.0000000000
52904  25.700  -34.125  83.817 0.0000000000
52885  24.717  -34.295  84.562 0.0000000000
52886  23.631  -34.234  84.544 0.0000000000
51860  24.569  -34.859  81.558 0.0000000000
51861  23.556  -34.759  81.456 0.0000000000
51848  23.871  -34.613  82.441 0.0000000000
52906  23.233  -34.288  83.845 0.0000000000
52887  22.667  -34.061  84.469 0.0000000000
52888  21.929  -33.821  84.250 0.0000000000
52889  21.144  -33.645  84.146 0.0000000000
52925  21.420  -34.072  82.392 0.0000000000
52909  20.816  -33.684  83.293 0.0000000000
52910  19.922  -33.577  83.318 0.0000000000
52928  18.523  -33.540  82.583 0.0000000000
53066  21.856  -34.024  74.384 0.0000000000
53040  21.590  -33.978  75.398 0.0000000000
53017  21.356  -33.997  76.437 0.0000000000
52999  21.078  -34.117  77.430 0.0000000000
53043  18.652  -33.744  75.688 0.0000000000
53000  20.093  -33.965  77.551 0.0000000000
52944  16.240  -33.675  81.582 0.0000000000
52958  16.016  -33.778  80.670 0.0000000000
52945  15.360  -34.071  81.561 0.0000000000
51865  14.630  -34.599  81.501 0.0000000000
51923  15.311  -34.774  77.796 0.0000000000
51907  15.168  -34.773  78.768 0.0000000000
51924  14.709  -35.226  78.246 0.0000000000
51894  14.475  -35.232  79.883 0.0000000000
51880  14.375  -35.114  80.614 0.0000000000
51866  13.969  -35.087  81.457 0.0000000000
50784  13.596  -35.497  81.372 0.0000000000
50785  13.298  -35.793  81.239 0.0000000000
49621  13.322  -36.392  79.620 0.0000000000
45748  10.048  -39.455  81.095 0.0000000000
45761  9.871  -39.552  80.596 0.0000000000
45749  9.646  -39.933  80.865 0.0000000000
60369  28.558  -28.145  69.580 0.0000000000
60346  28.322  -28.690  70.816 0.0000000000
57850  26.819  -29.019  69.113 0.0000000000
56575  27.298  -30.233  70.335 0.0000000000
56560  27.541  -30.034  70.843 0.0000000000
57828  27.519  -29.677  70.415 0.0000000000
57810  27.808  -29.713  71.104 0.0000000000
57809  28.048  -29.827  71.829 0.0000000000
59099  28.361  -29.481  72.590 0.0000000000
57775  28.571  -29.813  73.504 0.0000000000
56524  28.777  -30.379  73.958 0.0000000000
55351  29.296  -30.975  74.924 0.0000000000
55339  29.162  -31.648  74.956 0.0000000000
55338  29.408  -31.237  75.674 0.0000000000
55317  29.083  -31.863  79.104 0.0000000000
51950  28.268  -33.997  75.741 0.0000000000
53011  28.936  -33.448  76.810 0.0000000000
51915  28.192  -34.292  77.160 0.0000000000
54198  29.016  -32.763  78.202 0.0000000000
54191  29.138  -32.214  78.536 0.0000000000
55312  28.733  -31.708  79.868 0.0000000000
55306  28.320  -31.732  80.831 0.0000000000
55300  28.318  -31.639  81.468 0.0000000000
54179  27.903  -32.776  81.467 0.0000000000
54171  27.807  -32.836  82.233 0.0000000000
55293  28.192  -32.296  82.516 0.0000000000
54156  27.724  -33.163  83.273 0.0000000000
54122  18.798  -32.918  86.872 0.0000000000
49540  11.325  -37.175  86.130 0.0000000000
48234  10.732  -37.660  86.551 0.0000000000
49527  11.005  -36.891  86.944 0.0000000000
50703  11.260  -36.054  87.755 0.0000000000
50688  10.990  -35.708  88.435 0.0000000000
81309  56.303  -9.960  51.086 0.0000000000
81296  56.656  -10.056  51.318 0.0000000000
77787  51.758  -12.303  49.746 0.0000000000
77776  53.370  -12.338  50.947 0.0000000000
76622  53.186  -13.223  51.424 0.0000000000
77765  54.067  -12.389  51.658 0.0000000000
75541  54.433  -13.580  53.958 0.0000000000
76573  55.013  -13.670  55.403 0.0000000000
77721  56.077  -12.494  54.630 0.0000000000
72117  46.806  -18.260  53.187 0.0000000000
72090  49.894  -18.249  54.956 0.0000000000
68485  47.051  -20.180  57.453 0.0000000000
69669  47.683  -19.841  56.777 0.0000000000
69668  48.359  -19.518  56.830 0.0000000000
69667  48.887  -19.347  57.119 0.0000000000
68401  49.173  -20.777  60.327 0.0000000000
68443  49.784  -20.433  58.703 0.0000000000
68421  50.859  -20.633  59.739 0.0000000000
69651  49.298  -19.493  57.520 0.0000000000
70903  49.296  -19.157  57.120 0.0000000000
72067  52.669  -17.189  57.703 0.0000000000
72066  53.358  -16.991  58.204 0.0000000000
68407  37.563  -20.448  59.865 0.0000000000
69590  38.820  -20.006  60.642 0.0000000000
70869  37.703  -18.902  61.930 0.0000000000
69569  38.238  -19.453  61.287 0.0000000000
69568  39.244  -19.544  61.340 0.0000000000
70830  41.762  -18.211  63.289 0.0000000000
72003  43.099  -17.375  64.560 0.0000000000
59151  35.883  -28.729  69.110 0.0000000000
59167  35.937  -28.264  68.069 0.0000000000
60378  37.304  -27.150  68.801 0.0000000000
60379  36.731  -27.412  68.204 0.0000000000
63752  37.244  -24.534  65.172 0.0000000000
63740  37.820  -24.414  66.658 0.0000000000
63751  37.571  -24.287  65.775 0.0000000000
64853  37.916  -23.186  65.656 0.0000000000
66030  38.227  -22.145  65.695 0.0000000000
61436  39.080  -26.217  75.952 0.0000000000
62537  39.792  -26.214  75.801 0.0000000000
61455  40.248  -26.498  75.173 0.0000000000
61471  40.655  -26.818  74.200 0.0000000000
61482  41.010  -26.694  73.210 0.0000000000
61492  40.775  -26.285  72.219 0.0000000000
62563  40.229  -25.536  71.228 0.0000000000
63638  42.196  -24.209  74.752 0.0000000000
63646  42.061  -24.369  73.804 0.0000000000
63655  41.088  -24.723  72.164 0.0000000000
62557  40.849  -25.349  72.033 0.0000000000
63683  39.872  -24.622  70.218 0.0000000000
64794  39.896  -24.141  69.790 0.0000000000
64807  40.172  -23.154  69.472 0.0000000000
65964  40.022  -22.932  69.155 0.0000000000
64828  39.301  -23.102  67.861 0.0000000000
66008  38.744  -22.278  66.388 0.0000000000
67227  38.402  -21.139  65.880 0.0000000000
68323  38.385  -20.330  66.147 0.0000000000
69497  38.526  -19.637  66.651 0.0000000000
69496  38.878  -19.790  67.383 0.0000000000
70796  38.698  -19.207  66.980 0.0000000000
70800  38.937  -18.307  66.735 0.0000000000
71972  39.441  -17.855  66.775 0.0000000000
70762  40.802  -18.650  69.493 0.0000000000
71934  41.228  -17.807  69.569 0.0000000000
71956  40.459  -17.865  68.540 0.0000000000
71971  40.186  -17.480  67.093 0.0000000000
73119  41.018  -17.109  66.178 0.0000000000
73117  42.458  -16.478  66.058 0.0000000000
80257  53.316  -11.116  40.800 0.0000000000
77925  55.845  -12.221  41.817 0.0000000000
77901  56.696  -12.227  42.380 0.0000000000
77876  57.340  -11.994  43.107 0.0000000000
79066  57.492  -11.098  44.486 0.0000000000
77859  54.652  -13.302  45.291 0.0000000000
77858  54.943  -13.212  45.067 0.0000000000
77833  56.000  -12.233  46.580 0.0000000000
80237  57.849  -10.101  45.058 0.0000000000
45687  8.669  -39.485  87.206 0.0000000000
48225  10.412  -37.330  87.352 0.0000000000
49506  10.376  -36.356  88.379 0.0000000000
49515  11.422  -36.425  87.399 0.0000000000
49539  11.787  -36.602  85.649 0.0000000000
50752  12.368  -36.287  84.539 0.0000000000
50793  14.158  -35.378  80.170 0.0000000000
50795  13.187  -35.971  80.937 0.0000000000
51821  24.871  -34.221  84.101 0.0000000000
51823  14.656  -34.209  83.852 0.0000000000
51845  26.540  -34.179  82.511 0.0000000000
51967  27.907  -34.162  75.035 0.0000000000
52946  14.829  -34.300  82.013 0.0000000000
52994  29.090  -33.014  77.613 0.0000000000
53012  25.781  -34.182  75.602 0.0000000000
53034  28.131  -34.048  75.147 0.0000000000
53085  28.568  -32.685  74.071 0.0000000000
54137  17.148  -32.968  86.408 0.0000000000
54143  29.011  -32.543  83.224 0.0000000000
54146  27.126  -33.986  83.828 0.0000000000
54155  28.913  -33.078  83.350 0.0000000000
54242  28.603  -32.156  73.675 0.0000000000
55286  28.206  -32.364  82.880 0.0000000000
55307  28.147  -32.089  81.272 0.0000000000
55370  28.180  -30.883  72.900 0.0000000000
55386  27.745  -30.903  71.341 0.0000000000
56448  28.715  -31.393  82.555 0.0000000000
56456  28.619  -31.134  82.141 0.0000000000
56464  28.430  -31.457  81.872 0.0000000000
56470  29.292  -30.460  80.232 0.0000000000
56478  29.147  -30.996  79.931 0.0000000000
56508  29.205  -30.032  74.555 0.0000000000
56523  29.184  -30.542  74.557 0.0000000000
57738  29.666  -29.409  75.408 0.0000000000
57827  30.850  -29.405  70.799 0.0000000000
57869  26.823  -29.964  69.210 0.0000000000
58981  29.885  -29.110  78.476 0.0000000000
59052  29.901  -28.670  74.973 0.0000000000
59072  30.633  -28.679  73.609 0.0000000000
59074  28.480  -29.589  73.150 0.0000000000
59088  38.291  -28.407  72.026 0.0000000000
59134  37.822  -28.107  70.576 0.0000000000
59149  37.566  -28.040  70.067 0.0000000000
60219  31.011  -28.499  80.624 0.0000000000
60244  30.870  -28.005  79.936 0.0000000000
60253  31.265  -27.424  78.897 0.0000000000
60285  30.129  -28.563  75.162 0.0000000000
60315  30.341  -28.652  73.700 0.0000000000
60325  40.646  -27.065  72.615 0.0000000000
60326  40.031  -27.485  72.507 0.0000000000
61385  31.973  -27.354  80.130 0.0000000000
61410  35.574  -26.551  78.431 0.0000000000
61411  35.315  -26.614  78.528 0.0000000000
61426  33.425  -26.212  77.770 0.0000000000
61457  38.576  -26.668  75.380 0.0000000000
61512  38.908  -26.679  70.244 0.0000000000
61520  38.312  -26.569  69.524 0.0000000000
62479  39.630  -26.456  78.266 0.0000000000
62482  34.503  -26.264  78.780 0.0000000000
62498  34.909  -26.297  78.548 0.0000000000
62512  39.009  -25.885  77.355 0.0000000000
62513  35.113  -26.196  78.424 0.0000000000
62535  41.334  -25.338  75.983 0.0000000000
62556  41.242  -25.242  72.649 0.0000000000
62631  37.231  -24.859  65.590 0.0000000000
63668  40.713  -24.539  71.447 0.0000000000
63698  39.011  -24.836  69.258 0.0000000000
64819  38.862  -24.155  68.016 0.0000000000
64852  38.294  -22.770  66.085 0.0000000000
65962  41.010  -21.887  69.674 0.0000000000
66007  39.131  -21.901  66.723 0.0000000000
67206  38.892  -21.212  66.529 0.0000000000
68302  39.201  -20.573  67.336 0.0000000000
68403  40.647  -19.949  59.934 0.0000000000
68464  47.222  -20.247  57.831 0.0000000000
69512  37.979  -19.869  65.602 0.0000000000
69654  46.716  -20.192  57.756 0.0000000000
70879  35.460  -19.104  61.102 0.0000000000
71935  40.675  -18.063  69.069 0.0000000000
71964  40.769  -17.496  68.266 0.0000000000
72008  37.977  -18.556  64.273 0.0000000000
73104  40.691  -17.174  66.721 0.0000000000
75577  47.651  -14.980  49.903 0.0000000000
76688  54.168  -13.310  46.400 0.0000000000
76710  54.628  -13.291  44.953 0.0000000000
76711  54.303  -13.367  45.166 0.0000000000
77718  57.375  -12.155  54.171 0.0000000000
77848  54.683  -13.284  45.698 0.0000000000
77900  57.306  -11.957  42.519 0.0000000000
79040  54.512  -11.721  48.131 0.0000000000
79112  57.688  -11.389  41.640 0.0000000000
79114  56.213  -11.911  41.208 0.0000000000
80183  54.184  -11.012  50.068 0.0000000000
80209  54.522  -11.058  48.933 0.0000000000
80215  56.988  -10.121  47.535 0.0000000000
80250  52.306  -10.100  41.535 0.0000000000
81342  56.976  -9.973  48.021 0.0000000000
81356  58.289  -8.951  45.914 0.0000000000
82538  52.550  -8.686  41.229 0.0000000000
