#!ascii label  , from subject A00073600 vox2ras=TkReg
256
17754  44.183  -65.877  24.171 0.0000000000
18921  47.687  -65.376  17.598 0.0000000000
13136  43.186  -71.670  21.689 0.0000000000
17798  48.259  -67.429  23.079 0.0000000000
12278  45.590  -72.210  18.679 0.0000000000
11321  46.130  -72.988  22.032 0.0000000000
9712  44.080  -75.095  19.837 0.0000000000
18855  46.699  -66.026  21.126 0.0000000000
20967  48.218  -63.746  23.820 0.0000000000
16845  43.614  -67.949  22.369 0.0000000000
14981  46.780  -69.784  22.864 0.0000000000
15018  47.389  -69.834  21.235 0.0000000000
15045  45.779  -69.375  18.172 0.0000000000
13234  45.859  -71.771  15.360 0.0000000000
18784  41.125  -65.236  25.721 0.0000000000
16824  41.016  -67.858  23.703 0.0000000000
14023  41.016  -70.776  23.663 0.0000000000
18776  49.508  -65.042  25.783 0.0000000000
9672  44.037  -76.005  21.545 0.0000000000
18888  46.833  -65.734  19.075 0.0000000000
18872  47.354  -65.092  20.539 0.0000000000
15939  43.369  -69.568  21.570 0.0000000000
14037  45.530  -70.630  22.264 0.0000000000
12232  46.236  -72.763  20.933 0.0000000000
13152  47.279  -71.249  21.841 0.0000000000
13171  46.354  -71.521  20.235 0.0000000000
15965  46.122  -68.693  20.122 0.0000000000
14113  45.750  -70.443  18.724 0.0000000000
14162  46.534  -70.431  15.125 0.0000000000
14941  40.976  -69.474  25.532 0.0000000000
15906  40.875  -68.822  23.823 0.0000000000
14009  41.371  -70.571  25.000 0.0000000000
16798  48.048  -67.475  24.151 0.0000000000
18818  48.746  -65.894  24.360 0.0000000000
22975  48.651  -61.952  23.674 0.0000000000
21991  49.658  -62.953  25.233 0.0000000000
11310  43.461  -73.991  22.451 0.0000000000
12205  45.018  -72.305  22.065 0.0000000000
10469  44.474  -74.827  22.059 0.0000000000
10484  45.160  -74.326  21.219 0.0000000000
10519  45.067  -74.525  19.415 0.0000000000
17800  47.290  -67.084  22.109 0.0000000000
18819  48.190  -65.831  23.600 0.0000000000
19877  47.439  -64.543  22.218 0.0000000000
22029  47.870  -62.972  21.872 0.0000000000
18936  48.439  -65.383  15.990 0.0000000000
17778  43.828  -66.301  23.603 0.0000000000
15904  47.016  -68.343  23.367 0.0000000000
15902  47.845  -68.434  23.244 0.0000000000
13110  46.715  -71.385  22.462 0.0000000000
14997  47.600  -69.729  22.375 0.0000000000
16857  47.793  -68.119  22.191 0.0000000000
16869  46.488  -67.915  20.772 0.0000000000
17828  45.978  -67.096  19.786 0.0000000000
16906  46.168  -67.261  17.832 0.0000000000
12302  45.484  -72.310  17.483 0.0000000000
14127  45.998  -70.324  17.412 0.0000000000
16001  46.539  -68.402  16.862 0.0000000000
16937  47.082  -67.442  16.242 0.0000000000
19837  42.702  -64.299  25.552 0.0000000000
18799  42.227  -65.660  24.497 0.0000000000
17757  40.532  -66.686  24.950 0.0000000000
17779  42.541  -66.516  23.461 0.0000000000
16823  41.636  -67.710  23.024 0.0000000000
14985  41.544  -69.813  22.599 0.0000000000
13114  41.814  -71.830  22.465 0.0000000000
12194  40.836  -72.845  23.830 0.0000000000
12208  41.935  -73.175  22.783 0.0000000000
20948  49.028  -63.908  24.784 0.0000000000
18781  44.195  -65.067  25.009 0.0000000000
18797  44.558  -65.660  24.602 0.0000000000
18903  47.287  -65.539  18.255 0.0000000000
18887  47.816  -65.042  19.210 0.0000000000
14062  43.567  -70.796  21.558 0.0000000000
14999  44.358  -69.808  21.767 0.0000000000
13135  44.070  -71.443  21.734 0.0000000000
12255  45.842  -72.551  19.872 0.0000000000
12254  46.322  -72.135  20.577 0.0000000000
13172  45.865  -71.434  19.257 0.0000000000
14100  46.133  -70.594  19.856 0.0000000000
14183  46.067  -71.273  13.669 0.0000000000
14955  41.311  -70.135  25.009 0.0000000000
16797  48.286  -67.383  23.797 0.0000000000
17749  48.466  -66.680  24.440 0.0000000000
17774  48.406  -66.943  23.518 0.0000000000
23977  49.867  -60.723  23.817 0.0000000000
10470  43.916  -74.963  22.388 0.0000000000
9692  43.737  -75.466  20.593 0.0000000000
9691  44.530  -75.286  21.008 0.0000000000
9710  44.943  -75.023  20.295 0.0000000000
10499  45.204  -74.494  20.517 0.0000000000
18839  47.145  -66.427  22.037 0.0000000000
18838  47.515  -65.799  22.765 0.0000000000
18854  47.176  -65.348  21.674 0.0000000000
20975  47.687  -63.649  21.650 0.0000000000
22048  48.085  -63.208  21.377 0.0000000000
22028  48.211  -62.446  22.253 0.0000000000
16821  44.265  -67.179  22.984 0.0000000000
16844  44.723  -67.986  22.619 0.0000000000
15903  47.589  -68.427  23.310 0.0000000000
15919  47.199  -69.004  23.097 0.0000000000
11308  45.658  -73.016  22.101 0.0000000000
12204  46.048  -72.239  22.290 0.0000000000
12203  46.394  -72.261  22.124 0.0000000000
14085  47.331  -70.743  21.452 0.0000000000
14084  47.486  -70.764  21.949 0.0000000000
14998  47.707  -69.514  21.875 0.0000000000
15935  47.824  -68.849  22.328 0.0000000000
15936  47.610  -68.909  21.680 0.0000000000
16858  47.216  -68.123  21.566 0.0000000000
15949  46.865  -68.905  21.043 0.0000000000
15966  45.681  -68.624  19.015 0.0000000000
17867  45.940  -67.067  18.469 0.0000000000
15985  45.822  -68.316  18.046 0.0000000000
12367  42.896  -72.652  14.204 0.0000000000
12342  45.294  -72.124  14.757 0.0000000000
12343  44.591  -72.488  15.098 0.0000000000
12326  45.221  -72.552  16.175 0.0000000000
13217  45.801  -71.552  16.400 0.0000000000
13204  45.730  -71.256  17.219 0.0000000000
13216  46.163  -70.937  16.276 0.0000000000
15097  46.837  -69.467  15.254 0.0000000000
15056  46.561  -69.241  16.553 0.0000000000
16020  46.974  -68.448  16.123 0.0000000000
16955  47.336  -67.773  15.624 0.0000000000
19838  41.805  -64.438  25.895 0.0000000000
18783  42.034  -65.081  25.309 0.0000000000
18782  43.067  -64.994  25.017 0.0000000000
16802  40.671  -67.674  24.359 0.0000000000
17756  41.274  -66.522  24.229 0.0000000000
16801  41.176  -67.278  23.745 0.0000000000
14968  41.118  -69.852  23.321 0.0000000000
15905  41.330  -68.989  22.978 0.0000000000
14039  41.789  -70.639  22.298 0.0000000000
14022  41.322  -70.769  22.900 0.0000000000
11286  40.689  -73.655  24.502 0.0000000000
12193  41.395  -72.689  23.152 0.0000000000
19866  47.919  -64.734  23.232 0.0000000000
19865  48.556  -64.877  24.196 0.0000000000
21976  50.697  -63.262  25.877 0.0000000000
18873  46.793  -65.773  19.997 0.0000000000
15923  43.012  -68.923  21.716 0.0000000000
15922  44.161  -68.669  22.049 0.0000000000
15937  44.541  -69.277  21.959 0.0000000000
14982  45.922  -69.756  22.526 0.0000000000
11334  46.070  -73.197  21.540 0.0000000000
12217  46.457  -72.476  21.721 0.0000000000
13153  46.731  -71.660  21.231 0.0000000000
14099  46.871  -70.700  20.697 0.0000000000
15033  46.504  -69.754  20.457 0.0000000000
15034  45.832  -69.615  19.442 0.0000000000
13233  46.222  -71.056  15.728 0.0000000000
13253  46.238  -71.175  14.905 0.0000000000
14182  46.441  -70.669  14.008 0.0000000000
15890  40.572  -68.756  24.907 0.0000000000
14956  41.030  -69.812  24.743 0.0000000000
14969  40.840  -69.993  23.967 0.0000000000
14010  41.098  -70.698  24.381 0.0000000000
18795  49.026  -65.688  25.172 0.0000000000
18794  49.427  -65.066  25.517 0.0000000000
22012  48.096  -62.689  23.215 0.0000000000
21992  48.746  -62.755  24.314 0.0000000000
22974  49.637  -61.557  24.516 0.0000000000
12220  43.471  -72.383  21.943 0.0000000000
12219  44.023  -72.122  21.868 0.0000000000
12206  43.925  -72.953  22.076 0.0000000000
11309  44.623  -73.855  22.062 0.0000000000
11322  45.387  -73.802  21.716 0.0000000000
10485  44.722  -74.874  21.687 0.0000000000
11335  45.726  -73.706  20.943 0.0000000000
11355  45.514  -73.699  19.981 0.0000000000
17799  47.829  -67.132  22.676 0.0000000000
17775  47.955  -66.479  23.212 0.0000000000
20968  47.714  -63.561  22.665 0.0000000000
19895  47.579  -64.349  21.138 0.0000000000
23008  48.720  -61.804  22.065 0.0000000000
17881  47.841  -65.648  16.503 0.0000000000
17753  44.803  -66.125  24.214 0.0000000000
17777  45.009  -66.683  23.680 0.0000000000
16817  47.975  -68.005  23.427 0.0000000000
16816  48.244  -67.581  23.384 0.0000000000
14036  46.403  -70.632  22.586 0.0000000000
13133  46.931  -71.759  22.055 0.0000000000
13109  47.137  -70.901  22.661 0.0000000000
14980  47.298  -69.751  22.796 0.0000000000
15918  47.726  -68.776  22.940 0.0000000000
16841  48.172  -67.980  22.908 0.0000000000
17812  47.408  -67.556  22.048 0.0000000000
17813  46.834  -67.154  21.528 0.0000000000
16870  46.132  -67.539  20.178 0.0000000000
17827  46.320  -66.818  20.469 0.0000000000
17848  46.286  -66.425  19.486 0.0000000000
17866  46.412  -66.391  18.461 0.0000000000
17882  47.145  -66.119  17.208 0.0000000000
11378  45.331  -73.427  18.648 0.0000000000
13189  45.612  -71.305  18.133 0.0000000000
14140  46.474  -70.180  16.242 0.0000000000
14126  46.340  -69.790  16.869 0.0000000000
16002  46.028  -68.732  17.490 0.0000000000
15984  46.236  -68.047  17.425 0.0000000000
16922  46.657  -67.346  16.998 0.0000000000
17894  47.705  -66.276  16.020 0.0000000000
20932  43.299  -63.418  25.615 0.0000000000
19836  43.736  -64.285  25.385 0.0000000000
18798  43.485  -65.617  24.306 0.0000000000
17738  40.114  -66.699  25.791 0.0000000000
18800  41.187  -65.742  24.927 0.0000000000
18821  42.660  -65.910  23.941 0.0000000000
18820  43.120  -65.980  23.753 0.0000000000
16822  43.037  -67.146  22.794 0.0000000000
16846  42.595  -68.044  22.348 0.0000000000
15924  41.980  -68.852  22.372 0.0000000000
14984  42.177  -69.853  21.933 0.0000000000
14038  42.399  -70.975  21.794 0.0000000000
13113  42.495  -71.816  21.962 0.0000000000
13095  41.141  -71.753  23.330 0.0000000000
12207  42.804  -72.752  22.189 0.0000000000
19848  49.305  -64.931  25.078 0.0000000000
19847  49.952  -64.614  25.760 0.0000000000
20947  50.032  -64.063  25.500 0.0000000000
9006  44.093  -76.231  22.138 0.0000000000
9007  43.801  -76.302  21.902 0.0000000000
9671  44.380  -75.752  21.913 0.0000000000
9690  44.901  -74.939  20.707 0.0000000000
9711  44.519  -75.150  20.028 0.0000000000
10500  44.901  -74.798  21.055 0.0000000000
11307  46.122  -72.663  22.180 0.0000000000
11323  44.809  -74.392  21.839 0.0000000000
12218  44.452  -71.861  21.899 0.0000000000
12233  45.844  -73.207  20.464 0.0000000000
13132  47.275  -71.044  22.336 0.0000000000
14034  47.298  -70.447  22.575 0.0000000000
14035  47.036  -70.565  22.827 0.0000000000
14060  47.483  -70.453  22.228 0.0000000000
14061  44.542  -70.668  21.804 0.0000000000
14063  42.970  -70.895  21.475 0.0000000000
14141  46.053  -70.861  16.714 0.0000000000
14940  41.402  -70.099  25.325 0.0000000000
15000  43.765  -70.029  21.582 0.0000000000
15001  42.968  -70.112  21.494 0.0000000000
15017  47.605  -70.189  21.843 0.0000000000
15057  46.166  -69.336  17.199 0.0000000000
15074  46.836  -69.181  15.927 0.0000000000
15938  43.858  -69.330  21.684 0.0000000000
16840  48.298  -67.532  23.260 0.0000000000
16885  46.150  -68.005  20.174 0.0000000000
16886  45.859  -67.823  19.592 0.0000000000
16907  45.743  -67.693  18.641 0.0000000000
17755  42.045  -66.241  23.934 0.0000000000
17780  41.685  -66.810  23.635 0.0000000000
17849  45.803  -67.008  19.077 0.0000000000
17895  47.087  -66.778  16.594 0.0000000000
18920  48.324  -65.099  16.939 0.0000000000
20995  48.249  -63.596  20.911 0.0000000000
22013  47.868  -62.865  22.499 0.0000000000
22987  48.446  -61.958  22.858 0.0000000000
