#!ascii label  , from subject A00073705 vox2ras=TkReg
1750
43161  -48.423  -23.665  67.734 0.0000000000
40065  -36.709  -27.103  76.525 0.0000000000
52731  -46.114  -15.444  51.912 0.0000000000
43336  -39.463  -23.287  56.545 0.0000000000
47467  -48.791  -19.880  58.567 0.0000000000
47205  -42.194  -19.723  76.003 0.0000000000
44235  -36.192  -22.602  65.970 0.0000000000
46406  -39.871  -20.374  61.933 0.0000000000
38090  -28.091  -29.428  77.255 0.0000000000
62227  -54.847  -6.864  53.706 0.0000000000
41190  -30.252  -26.641  62.623 0.0000000000
42159  -44.778  -24.956  61.584 0.0000000000
45392  -43.878  -22.034  58.190 0.0000000000
43265  -48.850  -23.968  62.189 0.0000000000
47262  -46.174  -20.473  72.455 0.0000000000
47346  -43.027  -19.459  68.522 0.0000000000
47410  -45.297  -20.830  63.494 0.0000000000
44320  -38.846  -22.643  59.099 0.0000000000
64270  -53.950  -3.960  51.476 0.0000000000
37166  -32.566  -29.784  76.207 0.0000000000
38199  -27.801  -28.884  69.129 0.0000000000
40128  -31.554  -27.361  69.920 0.0000000000
48527  -47.999  -17.993  54.058 0.0000000000
44086  -39.036  -22.688  76.993 0.0000000000
44128  -35.226  -23.638  72.602 0.0000000000
46282  -38.829  -21.622  70.472 0.0000000000
47391  -39.779  -21.217  65.051 0.0000000000
40034  -24.884  -27.655  78.547 0.0000000000
47492  -55.132  -19.434  57.942 0.0000000000
51623  -53.952  -16.294  53.915 0.0000000000
57145  -56.382  -11.779  55.019 0.0000000000
57196  -50.761  -12.158  51.298 0.0000000000
60277  -48.537  -8.346  50.925 0.0000000000
39087  -23.644  -28.237  71.349 0.0000000000
43190  -33.113  -23.937  66.138 0.0000000000
42123  -46.821  -24.365  64.208 0.0000000000
41208  -46.372  -24.941  62.056 0.0000000000
41161  -48.190  -24.448  65.036 0.0000000000
45176  -47.576  -21.863  70.441 0.0000000000
45226  -46.205  -21.491  68.663 0.0000000000
43192  -46.944  -23.612  65.580 0.0000000000
44271  -44.153  -23.562  62.663 0.0000000000
52746  -42.692  -15.861  49.532 0.0000000000
53830  -44.389  -14.037  50.205 0.0000000000
38101  -35.056  -29.002  76.432 0.0000000000
37221  -32.373  -29.394  72.791 0.0000000000
39057  -33.846  -27.511  74.266 0.0000000000
45430  -38.758  -22.547  54.268 0.0000000000
47464  -46.090  -20.635  58.388 0.0000000000
48496  -43.561  -19.478  56.498 0.0000000000
49480  -45.752  -18.510  56.852 0.0000000000
50537  -45.754  -17.633  54.083 0.0000000000
50512  -48.726  -17.834  56.985 0.0000000000
46160  -40.387  -20.590  76.538 0.0000000000
45142  -39.414  -22.053  73.758 0.0000000000
46225  -41.062  -20.574  73.571 0.0000000000
48407  -42.563  -18.948  64.382 0.0000000000
48363  -41.220  -18.808  66.354 0.0000000000
47409  -40.367  -20.291  63.333 0.0000000000
43315  -39.411  -23.409  58.242 0.0000000000
48535  -54.811  -18.396  55.733 0.0000000000
57170  -54.788  -11.807  53.018 0.0000000000
59266  -53.254  -9.725  53.137 0.0000000000
58199  -49.453  -10.625  51.631 0.0000000000
60271  -51.612  -8.373  52.242 0.0000000000
63271  -50.196  -4.591  49.317 0.0000000000
38088  -26.484  -28.634  77.786 0.0000000000
39035  -24.547  -28.355  75.282 0.0000000000
38141  -26.046  -29.144  73.393 0.0000000000
40181  -29.112  -27.509  65.286 0.0000000000
40165  -26.364  -27.515  66.157 0.0000000000
40221  -28.230  -27.497  62.460 0.0000000000
45224  -35.045  -22.328  68.868 0.0000000000
44198  -32.780  -23.655  68.997 0.0000000000
43169  -34.743  -23.510  66.682 0.0000000000
42215  -42.006  -23.833  58.734 0.0000000000
43339  -41.772  -23.341  57.117 0.0000000000
43300  -44.394  -24.005  59.847 0.0000000000
44343  -46.024  -23.271  60.310 0.0000000000
45359  -48.395  -21.927  60.002 0.0000000000
47243  -44.574  -20.370  74.259 0.0000000000
46245  -43.137  -21.000  72.507 0.0000000000
46267  -45.185  -21.526  70.749 0.0000000000
47376  -44.866  -19.909  66.218 0.0000000000
48430  -42.993  -19.464  62.525 0.0000000000
46419  -39.307  -20.684  59.900 0.0000000000
46422  -42.211  -21.444  60.752 0.0000000000
43260  -41.798  -23.734  60.426 0.0000000000
63248  -54.761  -5.571  52.663 0.0000000000
65426  -56.400  -3.122  53.196 0.0000000000
37164  -30.697  -29.970  76.409 0.0000000000
38143  -28.102  -29.444  73.288 0.0000000000
38163  -29.987  -29.773  72.500 0.0000000000
38229  -30.523  -28.777  68.510 0.0000000000
41143  -30.393  -26.563  67.019 0.0000000000
47504  -40.829  -20.984  55.446 0.0000000000
48560  -45.489  -18.852  52.145 0.0000000000
50580  -47.484  -17.474  52.731 0.0000000000
41039  -37.832  -25.435  76.659 0.0000000000
41985  -35.758  -25.471  75.015 0.0000000000
43077  -37.567  -23.663  74.230 0.0000000000
45168  -37.492  -22.504  71.698 0.0000000000
46336  -36.815  -21.080  67.737 0.0000000000
46308  -41.263  -20.684  70.160 0.0000000000
48332  -38.963  -20.076  67.546 0.0000000000
45265  -38.553  -21.877  65.597 0.0000000000
47364  -48.941  -20.847  67.812 0.0000000000
41922  -36.593  -25.222  78.135 0.0000000000
46127  -38.870  -20.709  77.724 0.0000000000
49267  -41.029  -18.508  77.576 0.0000000000
45278  -48.749  -22.305  64.675 0.0000000000
44290  -51.552  -22.474  62.711 0.0000000000
46425  -51.905  -21.547  60.617 0.0000000000
46428  -53.673  -19.958  60.534 0.0000000000
47470  -51.841  -19.562  58.944 0.0000000000
48500  -52.007  -18.242  55.789 0.0000000000
49531  -50.876  -17.439  53.858 0.0000000000
51632  -49.814  -16.067  52.956 0.0000000000
54937  -55.507  -13.608  53.645 0.0000000000
53810  -52.480  -13.709  52.458 0.0000000000
53824  -48.176  -13.754  51.159 0.0000000000
56132  -47.046  -12.366  49.625 0.0000000000
62261  -51.351  -6.508  51.162 0.0000000000
39033  -22.358  -27.760  75.659 0.0000000000
40136  -21.904  -27.658  67.901 0.0000000000
39103  -25.592  -28.363  70.096 0.0000000000
40150  -23.701  -27.174  67.136 0.0000000000
42025  -33.116  -25.260  72.010 0.0000000000
43166  -31.494  -24.390  67.880 0.0000000000
42117  -32.329  -24.825  64.378 0.0000000000
40184  -34.976  -27.365  65.755 0.0000000000
42091  -47.693  -24.250  65.948 0.0000000000
41158  -47.091  -24.710  64.862 0.0000000000
42073  -48.243  -23.946  66.324 0.0000000000
43145  -48.178  -23.420  68.567 0.0000000000
44206  -47.647  -23.178  68.400 0.0000000000
43175  -47.533  -23.645  66.775 0.0000000000
42107  -46.816  -24.199  65.155 0.0000000000
51650  -45.932  -16.816  51.560 0.0000000000
52742  -43.837  -15.958  50.551 0.0000000000
53819  -44.092  -14.886  50.480 0.0000000000
52744  -45.458  -14.961  51.406 0.0000000000
39028  -35.557  -28.338  76.526 0.0000000000
38129  -34.066  -28.409  74.702 0.0000000000
39047  -34.692  -27.350  75.291 0.0000000000
43356  -38.446  -23.199  54.979 0.0000000000
44400  -39.448  -22.905  55.503 0.0000000000
47489  -47.164  -20.023  58.081 0.0000000000
48482  -46.119  -19.268  57.401 0.0000000000
48483  -47.263  -19.371  57.800 0.0000000000
50510  -47.229  -17.755  56.944 0.0000000000
49456  -49.231  -18.644  57.927 0.0000000000
47204  -41.560  -20.143  75.538 0.0000000000
46192  -40.936  -20.646  75.019 0.0000000000
47220  -41.568  -20.288  74.689 0.0000000000
48428  -41.002  -19.437  62.944 0.0000000000
48414  -40.724  -19.392  63.831 0.0000000000
46397  -40.146  -21.043  62.667 0.0000000000
45300  -39.437  -21.987  62.493 0.0000000000
43325  -39.509  -23.415  57.423 0.0000000000
44376  -38.013  -23.157  56.997 0.0000000000
44387  -38.098  -23.250  56.076 0.0000000000
59268  -54.932  -10.038  53.673 0.0000000000
60259  -54.353  -8.868  53.406 0.0000000000
60256  -52.018  -9.023  52.614 0.0000000000
61258  -53.392  -7.656  52.931 0.0000000000
38089  -27.182  -29.062  77.517 0.0000000000
38107  -26.449  -29.139  75.464 0.0000000000
38108  -27.496  -29.437  75.318 0.0000000000
40196  -29.206  -27.101  64.401 0.0000000000
40195  -28.343  -27.364  64.243 0.0000000000
40222  -29.249  -27.161  62.599 0.0000000000
38267  -29.976  -29.457  62.505 0.0000000000
38290  -30.489  -28.259  62.497 0.0000000000
45236  -35.249  -21.959  67.273 0.0000000000
44217  -34.302  -22.702  67.451 0.0000000000
44218  -35.336  -22.726  66.543 0.0000000000
42178  -43.367  -24.317  60.455 0.0000000000
42216  -42.809  -23.806  59.104 0.0000000000
42199  -43.913  -24.270  60.093 0.0000000000
42162  -47.223  -24.648  62.321 0.0000000000
43281  -46.199  -24.347  60.820 0.0000000000
43283  -47.919  -23.773  61.586 0.0000000000
44345  -47.834  -22.494  60.377 0.0000000000
44326  -48.811  -23.226  61.196 0.0000000000
47244  -45.236  -20.169  73.840 0.0000000000
46229  -44.652  -21.237  73.335 0.0000000000
45154  -45.422  -21.739  72.250 0.0000000000
46368  -46.109  -21.373  65.677 0.0000000000
46338  -45.972  -20.854  67.558 0.0000000000
47392  -45.068  -20.055  65.130 0.0000000000
48409  -44.504  -19.639  64.248 0.0000000000
48431  -44.009  -20.001  62.509 0.0000000000
47430  -42.445  -20.226  61.180 0.0000000000
47432  -43.773  -21.108  61.962 0.0000000000
43249  -44.415  -24.327  62.521 0.0000000000
44286  -43.070  -23.681  61.890 0.0000000000
42157  -42.850  -24.246  60.597 0.0000000000
42176  -41.654  -23.860  59.560 0.0000000000
37165  -31.670  -29.997  76.286 0.0000000000
37197  -30.451  -29.904  74.080 0.0000000000
37198  -31.509  -29.891  74.329 0.0000000000
38191  -32.604  -28.728  71.464 0.0000000000
38189  -31.578  -29.367  70.736 0.0000000000
39138  -31.316  -28.349  69.386 0.0000000000
39155  -30.566  -28.234  68.001 0.0000000000
40140  -30.960  -26.961  68.461 0.0000000000
44390  -42.693  -22.921  57.244 0.0000000000
45411  -41.268  -22.226  56.231 0.0000000000
46476  -42.411  -21.427  56.608 0.0000000000
49490  -42.906  -18.542  55.465 0.0000000000
48526  -41.961  -19.129  55.195 0.0000000000
50533  -41.556  -17.960  54.415 0.0000000000
49509  -47.520  -17.770  54.294 0.0000000000
49526  -45.920  -18.291  53.318 0.0000000000
48544  -47.073  -18.078  53.117 0.0000000000
48575  -46.440  -18.153  52.386 0.0000000000
48563  -47.260  -17.879  52.963 0.0000000000
43025  -38.330  -24.053  76.592 0.0000000000
41988  -37.795  -24.755  75.598 0.0000000000
43056  -38.426  -23.559  75.189 0.0000000000
45151  -39.186  -22.199  72.679 0.0000000000
45150  -38.308  -22.532  72.342 0.0000000000
45189  -37.820  -22.078  70.567 0.0000000000
45209  -36.981  -21.946  69.834 0.0000000000
46304  -38.184  -21.648  69.773 0.0000000000
46287  -43.390  -20.544  70.338 0.0000000000
47310  -41.939  -20.499  70.328 0.0000000000
47327  -42.167  -20.117  69.425 0.0000000000
48404  -39.767  -19.480  65.056 0.0000000000
48361  -39.360  -19.521  66.705 0.0000000000
48387  -39.371  -19.503  65.731 0.0000000000
47388  -37.719  -19.946  66.038 0.0000000000
45334  -39.090  -21.910  59.381 0.0000000000
47167  -39.447  -19.905  77.594 0.0000000000
50341  -43.740  -17.397  74.955 0.0000000000
46353  -48.789  -21.454  66.249 0.0000000000
47414  -50.364  -20.531  63.170 0.0000000000
46389  -52.105  -21.067  63.168 0.0000000000
45320  -52.022  -22.376  61.839 0.0000000000
45322  -52.755  -21.168  62.158 0.0000000000
47453  -54.257  -19.829  59.169 0.0000000000
47451  -53.153  -20.063  59.508 0.0000000000
47472  -53.833  -19.694  58.496 0.0000000000
48486  -51.658  -18.471  57.386 0.0000000000
48502  -53.534  -18.987  56.561 0.0000000000
49534  -53.969  -17.297  54.747 0.0000000000
49514  -52.765  -17.648  55.030 0.0000000000
50553  -52.561  -16.971  54.265 0.0000000000
50570  -50.209  -16.628  53.219 0.0000000000
51634  -51.546  -15.806  53.610 0.0000000000
57160  -56.033  -12.354  54.282 0.0000000000
57185  -53.020  -12.159  52.245 0.0000000000
56116  -53.766  -12.943  52.326 0.0000000000
54950  -51.274  -13.062  51.664 0.0000000000
53808  -50.656  -13.699  52.039 0.0000000000
54966  -49.625  -13.070  50.592 0.0000000000
54978  -47.706  -12.965  50.329 0.0000000000
56125  -49.440  -12.368  50.522 0.0000000000
59271  -48.713  -9.558  51.353 0.0000000000
58204  -47.497  -10.395  50.452 0.0000000000
59277  -47.197  -9.545  50.428 0.0000000000
63254  -53.974  -5.042  51.834 0.0000000000
62256  -53.391  -5.999  52.295 0.0000000000
63260  -52.639  -4.943  51.235 0.0000000000
39071  -23.434  -28.188  72.237 0.0000000000
39070  -22.496  -27.912  72.451 0.0000000000
39086  -22.711  -27.924  71.407 0.0000000000
39099  -21.281  -27.841  70.006 0.0000000000
40125  -22.156  -27.626  69.210 0.0000000000
38174  -28.215  -29.285  71.387 0.0000000000
38173  -27.183  -29.024  71.223 0.0000000000
39120  -26.686  -28.441  69.072 0.0000000000
40163  -24.599  -27.063  66.130 0.0000000000
37321  -25.296  -30.460  62.843 0.0000000000
43098  -35.066  -24.082  73.157 0.0000000000
42019  -34.086  -25.293  73.034 0.0000000000
43117  -33.589  -24.341  71.983 0.0000000000
44233  -32.661  -23.447  66.889 0.0000000000
44215  -32.098  -23.702  67.883 0.0000000000
43189  -32.211  -23.807  66.233 0.0000000000
43205  -31.051  -24.366  65.541 0.0000000000
42102  -32.565  -24.406  65.177 0.0000000000
39184  -34.149  -28.179  64.777 0.0000000000
42145  -45.683  -24.736  62.443 0.0000000000
42160  -45.291  -25.056  61.557 0.0000000000
41181  -46.289  -24.570  62.769 0.0000000000
41197  -47.266  -24.574  63.006 0.0000000000
42147  -48.045  -24.303  63.217 0.0000000000
46250  -47.072  -21.186  71.425 0.0000000000
45174  -46.359  -22.111  71.182 0.0000000000
44166  -47.166  -22.796  69.891 0.0000000000
44225  -47.051  -22.686  66.866 0.0000000000
45277  -46.164  -22.369  64.505 0.0000000000
45287  -45.085  -22.516  63.092 0.0000000000
44259  -46.200  -23.224  64.178 0.0000000000
42133  -44.982  -24.375  62.820 0.0000000000
54982  -43.792  -12.993  48.886 0.0000000000
37167  -33.350  -29.603  76.064 0.0000000000
37199  -32.382  -29.647  74.444 0.0000000000
37201  -33.533  -29.326  74.462 0.0000000000
38165  -33.107  -28.306  73.030 0.0000000000
39090  -32.789  -27.834  72.434 0.0000000000
46469  -44.182  -21.064  58.023 0.0000000000
47485  -43.728  -20.589  57.365 0.0000000000
47486  -44.656  -20.141  57.577 0.0000000000
48498  -45.069  -19.094  56.836 0.0000000000
49492  -44.602  -17.817  55.972 0.0000000000
50536  -44.542  -17.412  54.341 0.0000000000
50517  -45.950  -17.616  56.135 0.0000000000
50528  -47.439  -17.540  55.124 0.0000000000
49494  -48.140  -17.750  54.981 0.0000000000
45118  -39.667  -21.963  76.185 0.0000000000
45127  -39.194  -22.551  75.229 0.0000000000
45128  -39.744  -21.973  75.370 0.0000000000
45143  -39.998  -21.503  73.491 0.0000000000
45171  -39.853  -21.473  71.848 0.0000000000
48337  -42.947  -18.940  66.849 0.0000000000
48319  -42.135  -19.240  67.910 0.0000000000
48389  -41.317  -18.718  65.417 0.0000000000
48405  -40.358  -19.160  64.634 0.0000000000
47401  -40.100  -20.679  64.420 0.0000000000
46383  -40.631  -22.365  64.441 0.0000000000
46382  -40.492  -21.590  63.791 0.0000000000
44340  -39.394  -23.155  58.938 0.0000000000
44360  -37.885  -23.161  57.948 0.0000000000
48491  -55.497  -18.981  57.677 0.0000000000
48517  -54.880  -18.915  56.127 0.0000000000
48519  -55.662  -18.317  56.525 0.0000000000
50540  -55.021  -17.352  54.865 0.0000000000
51625  -55.174  -16.037  54.026 0.0000000000
59235  -55.807  -10.209  54.825 0.0000000000
58189  -55.854  -11.693  53.892 0.0000000000
59269  -55.465  -10.887  53.768 0.0000000000
58186  -54.471  -10.912  53.185 0.0000000000
57167  -52.099  -11.212  52.374 0.0000000000
57182  -49.989  -11.234  51.534 0.0000000000
58201  -51.149  -10.562  52.296 0.0000000000
59273  -50.049  -9.504  52.094 0.0000000000
60269  -49.755  -8.401  51.465 0.0000000000
65448  -53.650  -3.187  50.646 0.0000000000
64276  -51.760  -4.385  50.403 0.0000000000
64281  -51.317  -3.910  49.866 0.0000000000
38995  -25.062  -27.951  77.981 0.0000000000
39025  -24.171  -28.019  76.282 0.0000000000
39026  -25.205  -28.479  76.287 0.0000000000
38122  -25.006  -28.654  74.701 0.0000000000
39072  -24.224  -28.409  71.996 0.0000000000
38225  -28.384  -28.723  67.692 0.0000000000
39150  -26.955  -28.204  67.335 0.0000000000
39180  -27.671  -27.979  65.669 0.0000000000
40194  -27.445  -27.500  64.208 0.0000000000
40219  -26.468  -27.940  62.246 0.0000000000
38285  -26.297  -29.615  61.914 0.0000000000
38287  -28.147  -29.139  61.789 0.0000000000
44165  -35.267  -22.720  70.328 0.0000000000
44183  -33.501  -23.538  70.027 0.0000000000
44200  -34.478  -22.590  68.501 0.0000000000
42066  -34.443  -23.994  66.509 0.0000000000
42223  -40.855  -23.601  57.501 0.0000000000
43338  -40.806  -23.237  56.698 0.0000000000
43328  -41.523  -23.520  57.438 0.0000000000
43329  -42.578  -23.540  57.908 0.0000000000
44361  -44.060  -23.339  58.703 0.0000000000
42201  -45.646  -24.760  60.806 0.0000000000
44342  -45.069  -23.510  59.785 0.0000000000
45376  -45.012  -22.190  59.172 0.0000000000
46437  -46.150  -21.812  59.432 0.0000000000
46439  -47.983  -21.381  59.457 0.0000000000
46440  -49.110  -21.161  59.521 0.0000000000
48244  -43.541  -19.511  75.200 0.0000000000
47241  -42.947  -20.420  74.055 0.0000000000
46228  -43.764  -21.104  73.279 0.0000000000
46265  -43.336  -21.035  71.477 0.0000000000
46309  -43.900  -20.231  69.610 0.0000000000
46289  -45.467  -21.424  70.175 0.0000000000
46328  -45.306  -20.463  68.362 0.0000000000
47347  -43.994  -19.562  68.157 0.0000000000
48366  -43.921  -19.294  66.091 0.0000000000
48416  -42.787  -19.178  63.455 0.0000000000
48437  -41.096  -19.446  61.995 0.0000000000
46405  -39.325  -20.564  61.249 0.0000000000
47439  -40.871  -20.053  60.314 0.0000000000
46420  -40.524  -21.080  59.810 0.0000000000
45335  -40.189  -22.092  59.731 0.0000000000
45318  -43.143  -22.408  61.787 0.0000000000
45316  -41.933  -22.741  60.857 0.0000000000
44321  -40.078  -23.113  59.324 0.0000000000
43278  -40.692  -23.608  59.325 0.0000000000
42195  -40.787  -23.786  58.457 0.0000000000
62244  -54.714  -6.530  53.336 0.0000000000
62246  -55.525  -4.632  53.482 0.0000000000
64267  -55.715  -3.975  52.973 0.0000000000
64272  -55.366  -3.978  52.367 0.0000000000
65436  -54.775  -3.318  51.445 0.0000000000
65449  -54.753  -2.808  50.803 0.0000000000
37179  -29.084  -29.522  76.087 0.0000000000
38125  -27.777  -29.459  74.271 0.0000000000
38110  -29.122  -29.547  74.688 0.0000000000
38144  -28.975  -29.572  73.273 0.0000000000
38186  -28.928  -29.378  70.524 0.0000000000
37219  -31.111  -29.880  72.380 0.0000000000
37232  -30.562  -29.622  70.898 0.0000000000
38214  -29.484  -29.165  68.802 0.0000000000
39153  -29.375  -28.571  67.303 0.0000000000
40182  -29.793  -27.260  65.629 0.0000000000
41165  -30.005  -26.331  64.440 0.0000000000
44401  -39.793  -22.740  55.538 0.0000000000
45421  -39.711  -22.133  54.979 0.0000000000
47506  -42.160  -20.051  55.890 0.0000000000
49581  -45.724  -17.963  51.499 0.0000000000
51637  -46.371  -16.511  51.911 0.0000000000
40066  -37.140  -26.352  76.545 0.0000000000
40077  -35.795  -26.493  75.701 0.0000000000
41070  -37.058  -25.406  75.606 0.0000000000
43054  -36.790  -24.536  74.686 0.0000000000
44129  -36.191  -23.510  72.887 0.0000000000
44108  -38.687  -22.989  74.655 0.0000000000
44130  -37.276  -23.036  72.615 0.0000000000
45166  -36.109  -22.752  71.493 0.0000000000
45208  -35.831  -22.114  69.563 0.0000000000
46322  -36.214  -21.491  68.475 0.0000000000
46347  -35.726  -21.386  66.890 0.0000000000
47279  -41.952  -20.440  73.052 0.0000000000
46263  -41.431  -20.723  71.760 0.0000000000
46306  -39.887  -21.058  69.850 0.0000000000
48317  -40.629  -19.735  68.262 0.0000000000
47343  -40.332  -20.213  68.764 0.0000000000
46326  -39.253  -21.111  69.457 0.0000000000
47357  -37.632  -20.947  67.821 0.0000000000
46349  -37.306  -20.443  66.215 0.0000000000
46404  -38.178  -20.743  61.029 0.0000000000
45213  -48.757  -22.145  68.923 0.0000000000
45228  -49.265  -22.261  67.952 0.0000000000
38979  -26.141  -28.160  79.279 0.0000000000
37150  -28.837  -29.683  78.033 0.0000000000
37151  -29.640  -29.955  77.772 0.0000000000
37143  -31.246  -30.240  78.391 0.0000000000
38093  -34.873  -29.121  77.439 0.0000000000
39014  -35.339  -28.596  77.291 0.0000000000
40052  -36.467  -27.254  77.313 0.0000000000
41013  -36.870  -25.915  77.702 0.0000000000
41923  -37.230  -25.042  77.605 0.0000000000
42994  -37.523  -24.044  77.478 0.0000000000
44076  -38.515  -22.710  77.323 0.0000000000
45086  -38.383  -21.659  77.966 0.0000000000
45097  -38.844  -21.788  77.454 0.0000000000
46143  -39.625  -20.826  77.110 0.0000000000
47178  -40.746  -19.951  77.031 0.0000000000
48223  -41.973  -19.500  76.717 0.0000000000
48225  -42.942  -18.621  76.146 0.0000000000
48234  -43.762  -18.535  75.326 0.0000000000
49295  -44.568  -18.492  74.331 0.0000000000
47313  -47.938  -20.569  69.890 0.0000000000
44242  -48.836  -23.200  66.148 0.0000000000
44250  -48.670  -23.160  65.058 0.0000000000
43241  -48.953  -23.476  63.439 0.0000000000
48419  -48.584  -19.420  63.972 0.0000000000
45289  -49.724  -22.391  63.377 0.0000000000
43267  -50.151  -23.293  62.609 0.0000000000
44328  -50.727  -22.872  61.403 0.0000000000
46423  -50.474  -21.895  60.356 0.0000000000
47448  -50.031  -20.399  59.296 0.0000000000
46427  -53.255  -20.511  60.792 0.0000000000
47450  -52.201  -20.245  59.535 0.0000000000
47469  -50.708  -19.519  58.968 0.0000000000
49458  -50.427  -18.309  57.962 0.0000000000
49483  -50.159  -18.087  56.429 0.0000000000
49511  -49.587  -18.245  54.742 0.0000000000
48515  -53.430  -18.527  55.800 0.0000000000
48531  -51.391  -18.090  54.978 0.0000000000
48547  -49.387  -17.818  53.822 0.0000000000
49551  -49.181  -17.134  53.445 0.0000000000
51630  -47.947  -16.531  52.645 0.0000000000
51638  -47.417  -16.029  52.364 0.0000000000
52717  -55.624  -15.046  54.441 0.0000000000
52728  -54.730  -14.926  53.232 0.0000000000
56105  -55.065  -12.626  52.992 0.0000000000
53798  -53.626  -14.009  52.730 0.0000000000
52726  -53.121  -14.861  53.235 0.0000000000
53795  -50.894  -14.239  52.731 0.0000000000
53793  -49.053  -14.377  52.356 0.0000000000
53804  -46.902  -14.412  51.681 0.0000000000
53822  -46.748  -13.775  51.100 0.0000000000
54976  -46.344  -12.912  49.861 0.0000000000
56130  -45.044  -12.509  49.283 0.0000000000
57193  -48.455  -11.559  50.466 0.0000000000
57199  -46.748  -11.589  49.503 0.0000000000
57204  -44.528  -11.416  48.457 0.0000000000
62242  -52.968  -6.815  52.727 0.0000000000
61271  -51.415  -7.418  51.724 0.0000000000
61277  -49.435  -7.403  50.734 0.0000000000
62268  -50.245  -5.756  50.072 0.0000000000
62267  -49.410  -6.325  50.043 0.0000000000
61283  -47.752  -7.200  50.095 0.0000000000
39034  -23.345  -27.957  75.472 0.0000000000
38142  -27.125  -29.275  73.323 0.0000000000
38171  -25.249  -28.596  71.329 0.0000000000
39102  -24.725  -28.236  70.284 0.0000000000
39134  -26.304  -28.170  68.210 0.0000000000
40139  -24.660  -27.494  68.229 0.0000000000
40127  -23.948  -27.669  68.997 0.0000000000
40149  -22.600  -27.330  66.908 0.0000000000
41075  -34.448  -26.221  74.056 0.0000000000
41082  -33.716  -26.665  72.904 0.0000000000
41088  -31.941  -26.463  71.034 0.0000000000
43140  -32.981  -24.062  70.166 0.0000000000
42034  -31.808  -25.133  69.774 0.0000000000
41123  -31.197  -26.450  69.113 0.0000000000
42086  -30.616  -25.454  66.750 0.0000000000
43220  -30.560  -25.039  65.161 0.0000000000
42128  -31.355  -25.260  63.484 0.0000000000
41124  -36.023  -25.079  66.917 0.0000000000
42088  -35.035  -25.141  66.097 0.0000000000
40168  -34.764  -26.484  65.707 0.0000000000
41167  -33.625  -26.447  64.766 0.0000000000
40198  -32.863  -27.286  63.893 0.0000000000
39200  -31.901  -28.111  63.183 0.0000000000
42071  -47.950  -24.067  66.685 0.0000000000
42072  -48.003  -24.078  66.518 0.0000000000
43178  -48.309  -23.727  67.007 0.0000000000
43146  -48.509  -23.459  68.338 0.0000000000
43160  -47.984  -23.646  68.081 0.0000000000
43176  -47.820  -23.725  67.202 0.0000000000
42090  -47.537  -23.972  66.193 0.0000000000
51649  -45.490  -16.378  51.447 0.0000000000
51648  -44.421  -16.639  50.778 0.0000000000
52743  -44.650  -15.524  51.006 0.0000000000
39029  -36.200  -27.796  76.550 0.0000000000
39037  -35.460  -27.819  75.949 0.0000000000
39038  -35.824  -27.151  75.955 0.0000000000
43346  -38.590  -23.284  55.715 0.0000000000
43357  -38.739  -23.090  54.892 0.0000000000
43347  -39.221  -23.080  55.620 0.0000000000
47466  -47.805  -20.045  58.352 0.0000000000
48462  -47.918  -19.481  58.039 0.0000000000
48484  -48.139  -19.004  57.866 0.0000000000
48485  -48.660  -18.972  57.955 0.0000000000
47221  -42.494  -20.056  75.055 0.0000000000
47421  -40.355  -19.932  62.368 0.0000000000
43335  -38.782  -23.333  56.720 0.0000000000
43345  -38.138  -23.311  55.348 0.0000000000
61247  -54.732  -7.684  53.881 0.0000000000
60260  -54.704  -8.795  53.734 0.0000000000
61260  -54.446  -7.926  53.540 0.0000000000
60258  -53.745  -8.746  53.067 0.0000000000
61259  -54.110  -7.721  53.132 0.0000000000
38098  -27.243  -29.302  76.398 0.0000000000
41164  -29.626  -26.510  63.653 0.0000000000
40209  -29.094  -27.030  63.512 0.0000000000
41189  -29.817  -26.869  62.637 0.0000000000
39214  -29.918  -27.798  62.348 0.0000000000
40224  -30.734  -27.212  62.567 0.0000000000
44234  -35.739  -22.151  66.080 0.0000000000
44219  -36.267  -23.504  66.433 0.0000000000
42179  -44.315  -24.704  60.843 0.0000000000
43264  -48.058  -24.177  62.093 0.0000000000
43263  -47.429  -24.357  61.809 0.0000000000
44325  -47.683  -23.216  60.901 0.0000000000
43284  -48.640  -23.769  61.762 0.0000000000
47261  -45.698  -20.336  73.035 0.0000000000
46248  -45.803  -21.369  72.570 0.0000000000
45155  -46.135  -21.859  72.008 0.0000000000
46376  -45.996  -21.545  64.801 0.0000000000
47403  -45.678  -20.761  64.997 0.0000000000
47411  -45.653  -20.978  64.281 0.0000000000
47402  -45.241  -20.290  64.229 0.0000000000
48432  -44.699  -20.524  62.889 0.0000000000
47422  -44.305  -20.931  62.422 0.0000000000
47423  -44.932  -21.116  62.892 0.0000000000
42143  -44.042  -24.730  61.746 0.0000000000
43262  -43.463  -24.340  61.472 0.0000000000
42158  -43.618  -24.597  61.102 0.0000000000
37181  -31.006  -29.991  75.289 0.0000000000
37182  -31.985  -29.810  75.313 0.0000000000
39105  -31.871  -28.050  70.582 0.0000000000
38190  -32.210  -28.770  70.802 0.0000000000
39122  -31.626  -28.199  69.970 0.0000000000
39137  -31.021  -27.887  68.628 0.0000000000
40141  -31.276  -27.588  69.232 0.0000000000
45391  -43.302  -22.470  57.670 0.0000000000
45403  -42.915  -22.008  57.039 0.0000000000
50524  -43.369  -17.832  55.353 0.0000000000
49506  -42.771  -17.888  55.025 0.0000000000
49528  -47.446  -17.848  53.605 0.0000000000
49527  -46.836  -18.060  53.429 0.0000000000
48545  -47.721  -17.725  53.480 0.0000000000
44092  -38.971  -23.407  76.474 0.0000000000
43038  -38.652  -24.051  75.804 0.0000000000
45170  -39.331  -21.737  71.596 0.0000000000
45169  -38.484  -22.203  71.613 0.0000000000
45190  -38.658  -21.869  70.925 0.0000000000
47328  -43.025  -20.017  69.342 0.0000000000
47312  -42.744  -20.245  69.814 0.0000000000
47345  -42.161  -19.655  68.719 0.0000000000
47400  -39.821  -19.868  64.663 0.0000000000
47390  -39.343  -20.379  65.057 0.0000000000
47389  -38.318  -19.972  65.376 0.0000000000
45333  -38.075  -21.934  59.265 0.0000000000
45304  -52.506  -21.628  62.473 0.0000000000
47475  -55.088  -19.376  58.492 0.0000000000
47454  -54.608  -19.437  59.045 0.0000000000
47474  -54.886  -19.528  58.579 0.0000000000
47473  -54.486  -19.747  58.549 0.0000000000
47490  -54.139  -19.546  57.857 0.0000000000
48488  -53.639  -19.295  57.654 0.0000000000
48489  -54.283  -19.464  57.554 0.0000000000
50554  -53.504  -16.905  54.317 0.0000000000
51622  -53.037  -16.386  53.915 0.0000000000
51621  -52.033  -16.478  53.905 0.0000000000
52712  -52.573  -15.673  53.664 0.0000000000
56089  -55.958  -12.953  54.646 0.0000000000
57146  -56.275  -12.242  54.632 0.0000000000
56113  -51.421  -12.294  51.610 0.0000000000
56114  -52.240  -12.577  51.898 0.0000000000
54968  -50.690  -13.021  51.270 0.0000000000
56126  -50.213  -12.530  50.858 0.0000000000
60268  -48.891  -8.916  51.311 0.0000000000
59278  -48.087  -9.552  51.008 0.0000000000
60276  -47.526  -8.492  50.467 0.0000000000
63261  -53.345  -4.762  51.475 0.0000000000
40051  -24.008  -27.536  77.514 0.0000000000
39100  -23.135  -28.010  70.678 0.0000000000
40093  -22.554  -27.782  70.712 0.0000000000
40107  -22.747  -27.761  70.042 0.0000000000
38185  -27.945  -29.098  70.298 0.0000000000
38184  -26.902  -28.676  70.015 0.0000000000
38198  -27.172  -28.612  69.279 0.0000000000
38265  -24.668  -29.738  62.829 0.0000000000
44127  -34.700  -23.883  72.674 0.0000000000
43097  -34.228  -24.369  72.796 0.0000000000
44145  -34.411  -23.628  72.027 0.0000000000
43207  -32.631  -24.148  65.645 0.0000000000
42103  -33.238  -24.901  65.518 0.0000000000
42134  -45.912  -24.412  63.232 0.0000000000
42135  -46.639  -24.367  63.473 0.0000000000
41160  -47.903  -24.717  64.899 0.0000000000
41183  -47.360  -24.489  63.685 0.0000000000
41184  -47.805  -24.508  63.907 0.0000000000
42136  -48.062  -24.398  63.609 0.0000000000
45157  -47.320  -21.712  71.130 0.0000000000
45175  -47.107  -22.223  70.911 0.0000000000
44226  -47.350  -23.178  67.291 0.0000000000
45241  -47.118  -22.670  67.685 0.0000000000
44240  -46.842  -22.861  65.943 0.0000000000
45268  -46.417  -22.214  65.390 0.0000000000
44249  -46.574  -23.075  65.065 0.0000000000
42122  -46.648  -24.231  64.379 0.0000000000
43227  -46.146  -23.919  63.774 0.0000000000
51653  -43.272  -16.342  49.982 0.0000000000
53829  -43.620  -14.273  49.912 0.0000000000
54974  -44.354  -13.302  49.571 0.0000000000
37168  -33.935  -29.452  75.920 0.0000000000
37184  -33.676  -29.405  75.242 0.0000000000
38112  -34.270  -29.144  75.514 0.0000000000
39046  -34.160  -27.815  74.921 0.0000000000
38148  -33.461  -28.174  73.722 0.0000000000
38166  -33.216  -28.029  73.306 0.0000000000
39073  -33.039  -27.932  72.892 0.0000000000
39074  -33.321  -27.694  73.143 0.0000000000
44423  -38.604  -22.674  54.151 0.0000000000
47463  -45.103  -20.731  58.336 0.0000000000
47487  -45.661  -20.076  57.792 0.0000000000
48499  -45.559  -19.125  57.099 0.0000000000
49479  -44.729  -18.498  56.427 0.0000000000
50516  -45.212  -17.846  56.257 0.0000000000
50526  -45.221  -17.451  55.343 0.0000000000
50511  -48.143  -17.766  57.038 0.0000000000
50519  -47.770  -17.558  56.210 0.0000000000
50529  -48.297  -17.699  55.674 0.0000000000
50530  -48.666  -17.807  55.862 0.0000000000
46159  -39.848  -21.337  76.553 0.0000000000
46173  -40.176  -21.343  75.993 0.0000000000
46224  -40.567  -20.911  73.743 0.0000000000
46206  -40.441  -21.089  74.381 0.0000000000
45152  -39.882  -21.514  72.407 0.0000000000
46242  -40.496  -20.967  72.984 0.0000000000
48365  -43.076  -18.915  66.062 0.0000000000
48364  -42.181  -18.789  66.177 0.0000000000
48390  -42.348  -18.768  65.289 0.0000000000
43296  -39.122  -23.213  58.678 0.0000000000
43295  -38.737  -23.034  58.670 0.0000000000
43314  -38.710  -23.163  58.376 0.0000000000
49476  -55.803  -18.267  57.199 0.0000000000
48505  -55.611  -18.606  56.840 0.0000000000
51613  -55.470  -16.595  55.436 0.0000000000
50531  -55.540  -17.497  55.982 0.0000000000
50542  -55.419  -16.842  55.253 0.0000000000
50556  -54.976  -16.847  54.623 0.0000000000
51616  -55.453  -16.242  54.876 0.0000000000
60211  -55.294  -8.765  54.739 0.0000000000
60199  -55.283  -8.552  56.181 0.0000000000
60212  -55.450  -8.933  55.142 0.0000000000
59246  -55.502  -10.293  54.099 0.0000000000
59267  -54.081  -9.866  53.343 0.0000000000
58185  -53.616  -10.741  52.953 0.0000000000
57168  -52.958  -11.417  52.502 0.0000000000
58184  -52.714  -10.607  52.788 0.0000000000
57166  -51.682  -11.105  52.315 0.0000000000
58183  -51.784  -10.529  52.505 0.0000000000
60272  -52.248  -8.238  52.443 0.0000000000
60270  -50.735  -8.448  51.992 0.0000000000
65447  -52.722  -3.380  50.191 0.0000000000
64282  -52.068  -3.765  50.203 0.0000000000
38996  -26.137  -28.359  78.399 0.0000000000
39013  -25.636  -28.408  77.255 0.0000000000
39027  -25.659  -28.557  76.700 0.0000000000
38123  -25.778  -28.994  74.527 0.0000000000
38106  -25.418  -28.679  75.538 0.0000000000
38140  -25.060  -28.836  73.637 0.0000000000
38158  -25.219  -28.763  72.222 0.0000000000
39167  -28.524  -28.332  66.613 0.0000000000
39166  -27.699  -28.237  66.527 0.0000000000
39181  -28.446  -28.046  65.811 0.0000000000
40208  -28.275  -27.282  63.357 0.0000000000
40207  -27.354  -27.476  63.257 0.0000000000
40220  -27.319  -27.769  62.395 0.0000000000
39211  -27.308  -28.454  61.847 0.0000000000
39212  -28.217  -28.222  61.901 0.0000000000
38266  -29.365  -29.769  62.387 0.0000000000
44185  -35.216  -22.526  69.686 0.0000000000
44184  -34.609  -22.797  69.524 0.0000000000
43168  -33.754  -23.429  66.666 0.0000000000
42214  -41.359  -23.821  58.307 0.0000000000
42224  -41.234  -23.684  57.719 0.0000000000
42225  -41.872  -23.752  58.083 0.0000000000
43299  -43.853  -24.023  59.605 0.0000000000
43317  -42.857  -23.682  58.633 0.0000000000
43318  -43.541  -23.761  58.978 0.0000000000
43330  -43.418  -23.421  58.300 0.0000000000
43319  -44.369  -23.640  59.261 0.0000000000
41222  -45.810  -25.110  61.548 0.0000000000
42180  -45.335  -25.031  61.259 0.0000000000
44323  -46.087  -23.896  60.572 0.0000000000
43301  -45.448  -24.104  60.423 0.0000000000
44362  -44.711  -23.024  59.228 0.0000000000
45356  -45.552  -22.592  59.673 0.0000000000
46436  -45.565  -21.989  59.355 0.0000000000
45357  -46.549  -22.337  59.928 0.0000000000
45338  -48.601  -22.535  60.578 0.0000000000
45358  -47.469  -22.051  59.978 0.0000000000
45360  -49.344  -21.938  60.162 0.0000000000
47223  -44.113  -19.896  74.728 0.0000000000
47242  -43.807  -20.450  74.330 0.0000000000
46210  -44.217  -20.932  73.941 0.0000000000
45172  -44.898  -21.728  71.975 0.0000000000
46246  -44.265  -21.456  72.405 0.0000000000
46266  -44.449  -21.345  71.227 0.0000000000
46288  -44.648  -20.881  70.113 0.0000000000
45212  -46.613  -22.223  69.283 0.0000000000
45192  -45.820  -21.991  70.607 0.0000000000
47362  -45.115  -20.211  67.319 0.0000000000
46327  -44.670  -20.008  68.388 0.0000000000
47361  -44.314  -19.510  67.118 0.0000000000
48417  -43.814  -19.457  63.358 0.0000000000
48408  -43.553  -19.242  64.302 0.0000000000
48429  -41.954  -19.258  62.670 0.0000000000
48438  -42.081  -19.561  61.685 0.0000000000
48445  -41.159  -19.605  61.190 0.0000000000
48446  -41.699  -19.885  60.912 0.0000000000
47441  -42.570  -20.891  60.959 0.0000000000
47440  -41.890  -20.567  60.638 0.0000000000
46421  -41.452  -21.227  60.264 0.0000000000
45336  -41.201  -22.292  60.321 0.0000000000
44272  -44.703  -23.307  62.939 0.0000000000
45303  -44.391  -22.457  62.665 0.0000000000
44288  -44.085  -23.028  62.592 0.0000000000
44302  -42.492  -23.392  61.340 0.0000000000
44301  -41.793  -23.326  60.720 0.0000000000
44322  -41.029  -23.165  60.107 0.0000000000
44341  -39.882  -23.310  59.003 0.0000000000
43279  -41.359  -23.734  59.838 0.0000000000
42197  -42.203  -23.892  59.413 0.0000000000
42196  -41.305  -23.866  58.993 0.0000000000
42213  -40.833  -23.705  57.878 0.0000000000
64255  -55.901  -3.781  53.544 0.0000000000
64268  -55.975  -3.685  53.108 0.0000000000
64274  -56.064  -3.560  52.851 0.0000000000
65438  -56.025  -3.252  52.041 0.0000000000
65451  -56.083  -2.639  51.244 0.0000000000
65450  -55.508  -2.722  50.991 0.0000000000
37163  -29.813  -29.675  76.710 0.0000000000
37180  -29.795  -29.631  75.320 0.0000000000
38145  -29.782  -29.724  73.229 0.0000000000
38162  -29.367  -29.656  72.454 0.0000000000
38175  -29.137  -29.543  71.544 0.0000000000
38176  -29.887  -29.710  71.781 0.0000000000
37212  -32.871  -29.368  73.672 0.0000000000
37211  -32.008  -29.660  73.532 0.0000000000
37228  -32.079  -29.435  72.239 0.0000000000
38203  -31.241  -29.145  69.839 0.0000000000
38188  -30.829  -29.497  70.474 0.0000000000
38202  -30.527  -29.335  69.735 0.0000000000
38201  -29.649  -29.351  69.694 0.0000000000
38215  -30.251  -29.117  68.952 0.0000000000
38227  -29.431  -29.001  67.976 0.0000000000
38228  -30.101  -28.895  68.239 0.0000000000
40167  -30.352  -27.517  67.207 0.0000000000
39169  -30.024  -28.022  66.662 0.0000000000
40166  -30.224  -26.934  66.344 0.0000000000
41152  -30.251  -26.210  65.448 0.0000000000
43349  -40.225  -22.966  56.226 0.0000000000
44402  -40.606  -22.790  56.209 0.0000000000
46481  -40.782  -21.620  55.692 0.0000000000
45410  -40.373  -22.189  55.640 0.0000000000
46489  -40.126  -21.307  55.150 0.0000000000
47499  -43.285  -20.179  56.769 0.0000000000
47498  -42.596  -20.544  56.462 0.0000000000
47507  -42.870  -19.740  56.211 0.0000000000
48525  -41.479  -19.139  54.893 0.0000000000
50551  -45.390  -18.040  53.514 0.0000000000
49548  -45.876  -18.679  52.663 0.0000000000
48573  -45.044  -19.032  51.498 0.0000000000
49565  -47.082  -17.717  52.642 0.0000000000
49564  -46.278  -17.865  51.917 0.0000000000
50578  -46.441  -17.288  51.882 0.0000000000
50579  -47.228  -17.118  52.391 0.0000000000
41038  -37.594  -25.885  76.722 0.0000000000
41055  -37.417  -25.903  76.066 0.0000000000
41056  -38.019  -25.404  76.183 0.0000000000
43055  -37.768  -24.183  75.031 0.0000000000
41987  -37.268  -24.878  75.308 0.0000000000
43076  -36.944  -23.990  74.183 0.0000000000
43075  -35.959  -24.343  73.869 0.0000000000
44116  -36.538  -23.825  73.628 0.0000000000
45134  -39.257  -22.287  74.533 0.0000000000
44119  -38.796  -22.636  73.582 0.0000000000
45149  -37.813  -22.730  72.384 0.0000000000
44148  -36.941  -22.741  71.947 0.0000000000
44147  -36.431  -22.951  71.998 0.0000000000
45167  -36.602  -22.582  71.453 0.0000000000
45187  -35.983  -22.538  70.861 0.0000000000
45188  -36.769  -22.275  70.659 0.0000000000
46323  -36.991  -21.385  68.575 0.0000000000
46302  -36.642  -21.671  69.154 0.0000000000
46335  -35.887  -21.315  67.519 0.0000000000
46227  -42.919  -20.701  73.401 0.0000000000
47259  -42.329  -20.491  73.453 0.0000000000
46244  -42.274  -20.565  72.724 0.0000000000
46285  -41.552  -20.687  70.670 0.0000000000
46307  -40.856  -20.848  70.093 0.0000000000
46284  -40.659  -21.065  70.838 0.0000000000
48335  -41.208  -19.117  67.251 0.0000000000
48318  -41.283  -19.472  68.099 0.0000000000
48333  -39.393  -19.767  67.483 0.0000000000
47360  -39.983  -19.794  68.046 0.0000000000
47359  -39.411  -20.135  68.092 0.0000000000
47342  -39.372  -20.716  68.938 0.0000000000
47358  -38.526  -20.431  67.706 0.0000000000
47341  -38.333  -21.012  68.391 0.0000000000
47375  -38.268  -20.258  67.147 0.0000000000
46364  -38.393  -20.992  65.288 0.0000000000
46363  -37.313  -20.677  65.597 0.0000000000
46362  -36.557  -21.074  65.626 0.0000000000
45264  -37.680  -21.634  65.503 0.0000000000
47428  -39.878  -20.152  60.520 0.0000000000
46403  -37.497  -21.118  60.463 0.0000000000
37133  -30.003  -30.088  79.507 0.0000000000
38092  -34.102  -29.504  77.503 0.0000000000
41025  -37.388  -25.865  77.210 0.0000000000
44075  -37.955  -23.219  77.375 0.0000000000
45095  -37.714  -22.857  77.836 0.0000000000
46104  -38.513  -20.360  78.059 0.0000000000
46103  -38.107  -20.554  78.350 0.0000000000
46126  -38.449  -20.986  78.087 0.0000000000
45087  -38.627  -21.286  77.812 0.0000000000
48215  -40.473  -19.392  77.519 0.0000000000
47177  -40.032  -19.955  77.095 0.0000000000
47191  -41.469  -19.955  76.474 0.0000000000
48216  -41.616  -19.252  77.109 0.0000000000
49277  -42.397  -18.490  76.786 0.0000000000
48233  -43.340  -18.833  75.722 0.0000000000
49287  -43.419  -18.079  75.691 0.0000000000
49294  -44.041  -18.234  74.994 0.0000000000
48255  -45.161  -19.195  73.534 0.0000000000
46312  -48.575  -21.702  69.188 0.0000000000
46340  -49.130  -21.739  67.576 0.0000000000
45242  -49.148  -22.501  67.302 0.0000000000
46369  -48.695  -21.792  65.178 0.0000000000
45256  -48.840  -22.284  65.981 0.0000000000
45269  -48.745  -22.480  65.172 0.0000000000
43228  -48.705  -23.337  64.197 0.0000000000
44260  -49.045  -23.006  63.820 0.0000000000
44276  -51.560  -22.262  62.983 0.0000000000
46387  -49.794  -21.589  63.381 0.0000000000
45290  -50.776  -22.073  63.166 0.0000000000
44275  -50.171  -22.745  63.062 0.0000000000
44289  -50.836  -22.948  62.667 0.0000000000
44305  -49.998  -23.475  61.830 0.0000000000
44306  -50.964  -23.098  62.121 0.0000000000
45342  -52.068  -21.997  61.269 0.0000000000
45341  -51.322  -22.245  60.983 0.0000000000
46424  -51.028  -21.770  60.420 0.0000000000
46441  -50.348  -21.341  59.929 0.0000000000
46442  -51.555  -21.073  59.966 0.0000000000
47434  -53.861  -19.612  60.795 0.0000000000
46410  -53.159  -20.545  61.461 0.0000000000
47471  -52.873  -19.632  58.918 0.0000000000
47449  -51.119  -20.330  59.502 0.0000000000
48465  -50.161  -18.862  58.473 0.0000000000
48466  -51.414  -18.686  58.174 0.0000000000
49485  -52.072  -18.394  56.423 0.0000000000
49474  -51.710  -18.370  56.889 0.0000000000
49484  -51.267  -18.183  56.214 0.0000000000
49496  -50.419  -18.209  55.407 0.0000000000
49497  -51.329  -18.176  55.464 0.0000000000
48516  -54.282  -18.868  55.999 0.0000000000
48534  -54.026  -18.254  55.533 0.0000000000
49532  -52.035  -17.465  54.573 0.0000000000
48532  -52.242  -17.849  55.028 0.0000000000
48549  -51.198  -17.778  54.368 0.0000000000
48530  -50.755  -18.109  54.435 0.0000000000
48548  -50.376  -17.964  53.958 0.0000000000
49529  -49.447  -17.592  53.708 0.0000000000
49530  -49.891  -17.608  53.689 0.0000000000
50569  -49.368  -16.752  53.199 0.0000000000
51631  -48.818  -16.213  52.927 0.0000000000
52721  -48.339  -15.413  52.609 0.0000000000
54939  -55.640  -13.916  54.433 0.0000000000
53780  -55.694  -14.476  54.777 0.0000000000
53788  -55.597  -14.379  54.156 0.0000000000
52716  -55.532  -15.113  53.997 0.0000000000
53786  -55.110  -14.573  53.274 0.0000000000
57171  -55.434  -12.002  53.427 0.0000000000
54952  -53.245  -13.402  52.323 0.0000000000
54941  -53.758  -13.458  52.486 0.0000000000
53811  -53.030  -13.840  52.491 0.0000000000
53797  -52.720  -14.196  52.849 0.0000000000
52725  -52.156  -14.885  53.364 0.0000000000
53796  -51.830  -14.164  52.898 0.0000000000
53807  -49.755  -13.725  51.829 0.0000000000
53806  -48.804  -13.781  51.441 0.0000000000
53792  -48.307  -14.515  52.131 0.0000000000
53805  -47.787  -14.321  51.698 0.0000000000
53823  -47.591  -13.745  51.122 0.0000000000
56133  -47.782  -12.540  50.148 0.0000000000
54977  -47.159  -12.918  50.105 0.0000000000
54975  -45.424  -12.993  49.738 0.0000000000
57181  -49.536  -11.162  51.386 0.0000000000
57194  -49.203  -11.440  50.948 0.0000000000
58206  -48.858  -10.859  51.218 0.0000000000
58211  -47.087  -10.978  49.996 0.0000000000
58210  -46.138  -10.786  49.524 0.0000000000
57198  -46.103  -11.511  49.305 0.0000000000
62243  -53.953  -6.545  52.786 0.0000000000
62255  -52.297  -6.681  51.999 0.0000000000
61278  -50.464  -7.187  51.006 0.0000000000
63265  -50.657  -4.914  49.842 0.0000000000
63266  -51.286  -4.834  50.276 0.0000000000
63264  -49.862  -5.332  49.558 0.0000000000
61284  -48.594  -6.968  50.219 0.0000000000
39044  -23.368  -28.162  74.392 0.0000000000
39054  -22.428  -27.903  73.588 0.0000000000
39085  -21.620  -27.719  71.376 0.0000000000
39115  -21.149  -27.915  68.757 0.0000000000
39131  -21.102  -28.153  67.594 0.0000000000
39147  -21.074  -28.527  66.509 0.0000000000
38183  -26.176  -28.525  70.230 0.0000000000
38172  -25.998  -28.691  71.031 0.0000000000
39089  -25.222  -28.467  70.804 0.0000000000
39165  -26.837  -27.820  66.300 0.0000000000
39149  -26.040  -27.708  67.233 0.0000000000
40151  -24.857  -27.338  67.413 0.0000000000
40138  -23.964  -27.419  68.300 0.0000000000
40137  -22.920  -27.535  68.101 0.0000000000
37323  -27.130  -30.362  62.174 0.0000000000
37302  -26.965  -31.194  62.900 0.0000000000
41068  -35.583  -26.039  75.334 0.0000000000
40076  -35.084  -26.519  75.301 0.0000000000
41076  -34.931  -25.880  74.740 0.0000000000
42018  -33.693  -25.703  72.648 0.0000000000
41078  -33.768  -26.080  72.723 0.0000000000
41081  -33.400  -26.265  72.549 0.0000000000
41089  -32.559  -26.110  71.695 0.0000000000
44182  -32.923  -23.903  69.785 0.0000000000
43167  -31.788  -24.105  68.190 0.0000000000
43151  -31.833  -24.368  68.839 0.0000000000
43150  -31.438  -24.842  68.599 0.0000000000
42048  -31.442  -25.380  69.166 0.0000000000
42047  -31.184  -25.374  68.461 0.0000000000
41122  -30.940  -26.066  68.284 0.0000000000
42065  -30.955  -25.269  67.617 0.0000000000
43222  -31.370  -24.236  64.754 0.0000000000
42116  -31.009  -24.621  64.140 0.0000000000
41125  -36.588  -25.688  67.333 0.0000000000
41137  -35.924  -25.525  66.639 0.0000000000
40169  -35.651  -26.937  65.925 0.0000000000
41153  -33.862  -26.066  65.393 0.0000000000
40183  -34.342  -27.119  65.116 0.0000000000
39192  -33.414  -28.197  64.188 0.0000000000
40199  -33.595  -27.243  64.445 0.0000000000
40211  -32.215  -27.268  63.271 0.0000000000
39191  -32.662  -28.186  63.661 0.0000000000
42108  -47.134  -24.357  65.252 0.0000000000
42109  -47.607  -24.595  65.293 0.0000000000
42110  -47.955  -24.843  65.092 0.0000000000
41148  -48.077  -24.527  65.380 0.0000000000
44168  -48.160  -22.784  69.363 0.0000000000
44167  -47.545  -22.777  69.575 0.0000000000
44187  -47.849  -23.231  68.915 0.0000000000
43159  -47.662  -23.387  67.657 0.0000000000
43193  -47.166  -23.732  66.050 0.0000000000
50594  -44.877  -17.427  50.903 0.0000000000
52747  -43.277  -15.329  50.081 0.0000000000
53820  -44.989  -14.296  50.714 0.0000000000
38113  -34.814  -28.309  75.630 0.0000000000
38130  -34.415  -27.987  75.153 0.0000000000
39058  -34.186  -27.035  74.633 0.0000000000
44412  -38.986  -22.860  54.699 0.0000000000
47465  -46.959  -20.488  58.395 0.0000000000
47488  -46.567  -20.027  57.921 0.0000000000
49469  -46.654  -18.558  57.251 0.0000000000
49481  -46.448  -17.878  56.738 0.0000000000
49470  -47.704  -18.436  57.479 0.0000000000
49471  -48.848  -18.349  57.637 0.0000000000
46174  -40.888  -20.735  75.855 0.0000000000
46207  -40.983  -20.611  74.255 0.0000000000
48415  -41.758  -19.031  63.596 0.0000000000
48406  -41.512  -18.834  64.493 0.0000000000
45301  -40.282  -22.091  63.112 0.0000000000
43324  -38.745  -23.314  57.649 0.0000000000
60223  -55.268  -8.888  54.503 0.0000000000
59245  -55.223  -9.912  53.916 0.0000000000
59265  -52.404  -9.712  52.854 0.0000000000
60257  -52.828  -8.635  52.870 0.0000000000
38097  -26.081  -28.826  76.575 0.0000000000
38124  -26.772  -29.255  74.387 0.0000000000
40180  -28.405  -27.626  65.054 0.0000000000
39213  -29.145  -27.972  62.059 0.0000000000
38289  -29.948  -28.599  62.317 0.0000000000
38268  -30.877  -29.127  62.760 0.0000000000
45225  -35.440  -21.836  68.281 0.0000000000
45235  -34.894  -22.296  68.048 0.0000000000
43170  -35.683  -23.937  66.665 0.0000000000
42198  -43.041  -24.060  59.802 0.0000000000
42217  -43.474  -23.951  59.537 0.0000000000
42161  -46.682  -24.897  61.880 0.0000000000
42181  -46.236  -24.945  61.426 0.0000000000
42182  -46.923  -24.709  61.727 0.0000000000
43282  -47.010  -24.198  61.267 0.0000000000
44324  -46.664  -23.647  60.720 0.0000000000
44344  -47.041  -22.839  60.378 0.0000000000
46211  -44.882  -20.764  73.791 0.0000000000
46230  -45.467  -20.984  73.303 0.0000000000
45173  -45.473  -21.841  71.469 0.0000000000
45240  -46.737  -21.844  67.479 0.0000000000
46352  -46.159  -21.172  66.617 0.0000000000
47393  -45.619  -20.594  65.899 0.0000000000
48392  -44.224  -19.495  65.201 0.0000000000
48418  -44.694  -20.005  63.391 0.0000000000
48439  -43.133  -19.996  61.791 0.0000000000
48440  -43.709  -20.531  61.986 0.0000000000
47431  -43.231  -20.810  61.430 0.0000000000
46407  -42.874  -21.597  61.275 0.0000000000
43238  -44.015  -23.975  62.554 0.0000000000
44287  -43.556  -23.330  62.259 0.0000000000
43248  -43.751  -24.252  62.096 0.0000000000
43261  -42.619  -24.069  60.980 0.0000000000
43280  -42.192  -24.052  60.403 0.0000000000
42177  -42.381  -24.070  60.057 0.0000000000
37209  -30.487  -29.938  72.930 0.0000000000
38178  -32.479  -29.168  71.838 0.0000000000
38177  -32.094  -29.298  71.207 0.0000000000
38204  -31.623  -28.767  69.996 0.0000000000
38216  -31.006  -28.803  68.959 0.0000000000
40153  -30.675  -27.262  67.829 0.0000000000
44389  -42.025  -22.999  56.883 0.0000000000
44388  -41.364  -22.958  56.645 0.0000000000
45402  -42.163  -22.328  56.647 0.0000000000
45412  -41.845  -21.661  56.293 0.0000000000
46482  -41.353  -21.314  55.886 0.0000000000
48510  -43.208  -19.051  56.047 0.0000000000
48509  -42.439  -19.182  55.557 0.0000000000
49489  -42.502  -18.770  55.333 0.0000000000
49505  -42.117  -18.531  54.991 0.0000000000
50538  -46.824  -17.582  54.488 0.0000000000
49507  -46.072  -17.922  53.677 0.0000000000
49508  -46.509  -17.849  53.810 0.0000000000
48543  -46.461  -18.440  52.909 0.0000000000
48561  -46.126  -18.510  52.429 0.0000000000
48574  -45.769  -18.525  51.841 0.0000000000
48562  -46.669  -18.184  52.740 0.0000000000
48576  -46.826  -17.976  52.690 0.0000000000
49549  -47.285  -17.671  52.836 0.0000000000
41951  -38.040  -24.798  76.548 0.0000000000
41967  -38.178  -24.972  75.943 0.0000000000
43024  -38.350  -24.528  75.929 0.0000000000
44107  -38.065  -23.493  74.595 0.0000000000
44132  -38.643  -22.594  72.862 0.0000000000
46303  -37.343  -21.632  69.299 0.0000000000
46337  -37.285  -21.184  68.184 0.0000000000
46264  -42.392  -20.694  71.657 0.0000000000
46286  -42.504  -20.625  70.767 0.0000000000
47326  -41.348  -20.471  69.746 0.0000000000
48388  -40.339  -18.996  65.597 0.0000000000
48362  -40.251  -19.096  66.526 0.0000000000
48386  -38.514  -19.714  66.170 0.0000000000
48385  -38.085  -19.944  66.511 0.0000000000
42992  -36.834  -24.400  78.065 0.0000000000
44062  -36.616  -23.606  78.453 0.0000000000
47158  -38.865  -19.775  78.037 0.0000000000
47166  -39.329  -19.476  77.942 0.0000000000
49374  -48.636  -19.191  67.952 0.0000000000
46339  -48.936  -21.167  67.109 0.0000000000
48367  -48.716  -19.676  66.912 0.0000000000
47378  -48.754  -20.493  66.527 0.0000000000
47394  -48.628  -20.761  65.541 0.0000000000
46388  -51.113  -21.283  63.213 0.0000000000
44277  -52.147  -21.986  62.999 0.0000000000
44307  -51.795  -22.524  62.353 0.0000000000
44308  -52.190  -22.089  62.477 0.0000000000
45321  -52.541  -21.838  61.904 0.0000000000
45343  -52.534  -21.764  61.531 0.0000000000
48448  -54.898  -18.897  59.243 0.0000000000
47442  -54.194  -19.511  59.935 0.0000000000
46446  -53.990  -19.879  59.715 0.0000000000
46445  -53.812  -20.014  59.995 0.0000000000
47452  -53.920  -19.954  59.344 0.0000000000
48467  -52.618  -19.182  58.233 0.0000000000
48487  -52.453  -18.727  57.182 0.0000000000
48501  -52.726  -18.531  56.161 0.0000000000
49516  -54.605  -17.678  55.142 0.0000000000
49515  -53.631  -17.722  55.141 0.0000000000
49533  -53.092  -17.328  54.713 0.0000000000
50552  -51.684  -16.825  53.917 0.0000000000
49553  -50.668  -17.199  53.615 0.0000000000
50571  -50.960  -16.785  53.595 0.0000000000
51633  -50.638  -15.951  53.282 0.0000000000
56081  -56.171  -12.937  54.988 0.0000000000
56102  -55.766  -13.053  54.289 0.0000000000
57169  -53.880  -11.710  52.659 0.0000000000
56104  -54.297  -12.463  52.603 0.0000000000
57186  -53.631  -12.432  52.375 0.0000000000
56115  -53.087  -12.800  52.069 0.0000000000
54951  -52.323  -13.182  52.120 0.0000000000
53809  -51.578  -13.618  52.311 0.0000000000
54949  -50.401  -13.323  51.419 0.0000000000
54947  -49.184  -13.416  50.816 0.0000000000
54965  -48.467  -13.195  50.532 0.0000000000
56124  -48.568  -12.140  50.298 0.0000000000
58198  -48.714  -10.204  51.334 0.0000000000
58205  -48.278  -10.866  50.696 0.0000000000
58203  -46.722  -10.192  50.159 0.0000000000
62257  -54.214  -5.631  52.333 0.0000000000
63253  -52.965  -5.532  51.725 0.0000000000
62262  -52.192  -5.770  51.396 0.0000000000
63270  -49.604  -4.773  48.858 0.0000000000
39024  -23.224  -27.603  76.562 0.0000000000
39045  -24.239  -28.500  74.039 0.0000000000
39055  -23.354  -28.183  73.274 0.0000000000
40092  -22.223  -27.685  70.989 0.0000000000
40106  -22.067  -27.615  70.399 0.0000000000
38160  -27.600  -29.277  72.313 0.0000000000
39104  -26.231  -28.441  69.720 0.0000000000
40177  -25.541  -27.134  65.116 0.0000000000
40164  -25.716  -27.363  66.394 0.0000000000
40162  -23.430  -27.027  65.861 0.0000000000
39190  -23.355  -28.850  63.774 0.0000000000
38264  -24.042  -29.696  63.445 0.0000000000
37300  -24.740  -30.551  63.524 0.0000000000
37301  -25.854  -31.262  63.442 0.0000000000
42005  -35.257  -25.058  74.371 0.0000000000
42004  -34.524  -25.469  73.791 0.0000000000
43073  -34.356  -24.927  73.362 0.0000000000
43096  -33.649  -24.978  72.561 0.0000000000
44216  -33.191  -23.236  67.738 0.0000000000
44231  -31.579  -24.059  67.240 0.0000000000
43188  -31.245  -24.290  66.629 0.0000000000
43206  -31.905  -24.015  65.378 0.0000000000
39185  -34.782  -28.186  65.498 0.0000000000
42144  -44.843  -24.739  62.336 0.0000000000
41194  -45.400  -25.004  62.018 0.0000000000
41195  -45.988  -24.878  62.220 0.0000000000
41196  -46.619  -24.697  62.566 0.0000000000
41170  -46.976  -24.645  63.838 0.0000000000
41182  -46.942  -24.538  63.197 0.0000000000
41209  -46.850  -24.757  62.502 0.0000000000
42146  -47.595  -24.469  62.866 0.0000000000
42163  -48.038  -24.254  62.656 0.0000000000
42164  -48.501  -24.075  62.825 0.0000000000
46249  -46.476  -21.103  72.115 0.0000000000
45156  -46.809  -21.775  71.552 0.0000000000
45193  -46.675  -22.407  70.172 0.0000000000
44186  -47.125  -22.937  69.185 0.0000000000
45227  -46.917  -22.373  68.453 0.0000000000
45255  -46.594  -22.029  66.331 0.0000000000
46385  -45.770  -21.631  63.973 0.0000000000
46384  -45.310  -21.708  63.263 0.0000000000
45288  -45.735  -22.475  63.698 0.0000000000
44273  -45.524  -23.301  63.454 0.0000000000
43210  -46.660  -23.896  64.764 0.0000000000
43240  -45.266  -23.992  63.186 0.0000000000
53828  -42.655  -14.692  49.416 0.0000000000
37183  -32.854  -29.668  75.294 0.0000000000
37200  -33.114  -29.496  74.523 0.0000000000
38146  -33.152  -29.160  73.433 0.0000000000
38128  -33.924  -29.159  74.766 0.0000000000
38147  -33.562  -29.040  73.757 0.0000000000
38164  -33.001  -29.054  72.896 0.0000000000
38179  -32.859  -28.591  72.093 0.0000000000
39106  -32.327  -28.196  71.417 0.0000000000
46454  -44.614  -21.623  58.667 0.0000000000
46468  -43.460  -21.536  57.580 0.0000000000
47500  -44.037  -19.826  56.959 0.0000000000
48480  -44.685  -19.553  57.017 0.0000000000
48497  -44.253  -19.070  56.586 0.0000000000
49478  -44.296  -18.660  56.379 0.0000000000
49491  -43.884  -18.395  56.058 0.0000000000
50525  -44.147  -17.529  55.320 0.0000000000
50535  -43.360  -17.417  54.494 0.0000000000
50527  -46.342  -17.357  55.201 0.0000000000
50518  -46.859  -17.470  56.084 0.0000000000
50539  -47.280  -17.619  54.607 0.0000000000
49493  -47.722  -17.680  54.765 0.0000000000
49510  -48.610  -17.996  54.591 0.0000000000
44093  -39.318  -22.630  76.353 0.0000000000
44100  -39.345  -22.431  75.788 0.0000000000
46191  -40.351  -21.254  75.210 0.0000000000
45135  -39.880  -21.701  74.471 0.0000000000
46283  -39.652  -21.440  70.864 0.0000000000
48320  -42.997  -19.094  67.681 0.0000000000
48336  -42.122  -19.003  67.037 0.0000000000
46374  -40.477  -21.910  64.630 0.0000000000
45285  -40.495  -22.829  63.973 0.0000000000
44319  -38.389  -22.492  59.046 0.0000000000
44339  -38.137  -22.754  58.787 0.0000000000
44359  -36.808  -22.753  58.256 0.0000000000
44375  -37.039  -23.069  57.251 0.0000000000
48469  -55.340  -19.076  58.370 0.0000000000
47502  -55.016  -19.313  57.360 0.0000000000
48504  -55.284  -18.994  56.784 0.0000000000
48518  -55.455  -18.353  56.325 0.0000000000
48536  -55.199  -18.433  55.965 0.0000000000
50522  -55.579  -17.718  56.301 0.0000000000
49517  -55.256  -17.946  55.685 0.0000000000
50555  -54.312  -16.824  54.385 0.0000000000
51624  -54.747  -16.160  53.996 0.0000000000
58155  -56.099  -11.320  54.487 0.0000000000
58167  -56.023  -11.796  54.083 0.0000000000
58166  -55.814  -11.264  53.961 0.0000000000
58188  -55.651  -11.534  53.719 0.0000000000
58187  -55.188  -11.197  53.456 0.0000000000
57184  -52.180  -11.864  52.042 0.0000000000
57195  -50.178  -11.843  51.063 0.0000000000
57183  -51.154  -11.408  51.965 0.0000000000
58200  -50.451  -10.558  52.136 0.0000000000
59264  -51.852  -9.720  52.624 0.0000000000
59274  -51.204  -9.591  52.363 0.0000000000
59272  -49.229  -9.534  51.608 0.0000000000
60278  -49.156  -8.243  51.133 0.0000000000
64278  -53.145  -4.165  51.226 0.0000000000
64277  -52.468  -4.117  50.758 0.0000000000
64280  -50.634  -4.132  49.435 0.0000000000
38994  -24.414  -27.699  77.542 0.0000000000
39012  -24.722  -28.093  77.078 0.0000000000
38096  -25.574  -28.669  76.134 0.0000000000
38105  -24.992  -28.562  75.175 0.0000000000
39056  -24.229  -28.535  72.904 0.0000000000
38212  -28.191  -28.822  68.180 0.0000000000
39136  -27.651  -28.651  68.391 0.0000000000
39151  -27.884  -28.552  67.523 0.0000000000
39179  -27.184  -27.740  65.584 0.0000000000
40179  -27.610  -27.646  65.006 0.0000000000
40178  -26.644  -27.477  65.361 0.0000000000
40193  -26.463  -27.343  64.138 0.0000000000
39210  -26.467  -28.657  61.800 0.0000000000
38286  -27.243  -29.400  61.782 0.0000000000
38288  -29.126  -28.985  62.016 0.0000000000
37304  -28.987  -30.439  62.601 0.0000000000
44146  -35.497  -23.092  71.626 0.0000000000
44164  -34.475  -23.201  70.806 0.0000000000
44199  -33.808  -23.094  68.687 0.0000000000
42087  -34.076  -24.572  66.407 0.0000000000
43326  -40.318  -23.457  57.292 0.0000000000
43337  -40.132  -23.174  56.600 0.0000000000
43327  -40.848  -23.478  57.188 0.0000000000
42226  -42.431  -23.725  58.499 0.0000000000
43340  -42.273  -23.273  57.269 0.0000000000
44377  -43.187  -23.155  57.804 0.0000000000
44378  -43.694  -22.894  58.215 0.0000000000
42200  -44.845  -24.549  60.556 0.0000000000
45375  -44.315  -22.555  58.706 0.0000000000
46455  -45.578  -21.401  58.957 0.0000000000
46456  -46.571  -21.153  58.895 0.0000000000
46438  -47.050  -21.613  59.414 0.0000000000
46457  -47.473  -20.910  58.885 0.0000000000
46458  -48.400  -20.639  58.955 0.0000000000
46459  -49.210  -20.367  59.011 0.0000000000
48243  -43.124  -19.823  75.254 0.0000000000
47222  -43.378  -20.075  74.826 0.0000000000
46209  -43.465  -20.745  73.832 0.0000000000
47329  -43.718  -19.872  68.955 0.0000000000
46311  -45.433  -20.999  69.406 0.0000000000
46310  -44.582  -20.198  69.057 0.0000000000
48321  -43.598  -19.183  67.324 0.0000000000
48338  -43.595  -19.118  66.701 0.0000000000
48391  -43.297  -19.074  65.221 0.0000000000
47429  -40.270  -19.837  61.324 0.0000000000
47438  -40.076  -20.330  59.970 0.0000000000
46399  -44.697  -21.733  62.751 0.0000000000
46408  -43.504  -21.672  61.788 0.0000000000
45317  -42.474  -22.399  61.199 0.0000000000
44303  -42.853  -23.061  61.796 0.0000000000
43297  -40.165  -23.584  58.904 0.0000000000
43298  -41.019  -23.795  59.360 0.0000000000
43316  -40.195  -23.536  58.068 0.0000000000
63237  -55.479  -5.314  53.961 0.0000000000
62245  -55.330  -5.315  53.389 0.0000000000
63249  -55.307  -4.942  52.986 0.0000000000
63250  -55.577  -4.361  53.262 0.0000000000
63256  -55.193  -4.723  52.619 0.0000000000
64271  -54.748  -4.103  51.870 0.0000000000
65439  -56.355  -3.053  52.499 0.0000000000
65437  -55.450  -3.311  51.733 0.0000000000
65435  -54.262  -3.291  51.163 0.0000000000
65461  -53.325  -2.832  49.635 0.0000000000
66436  -54.783  -2.538  49.943 0.0000000000
66435  -54.113  -2.596  49.665 0.0000000000
37162  -28.949  -29.658  77.011 0.0000000000
38099  -28.240  -29.496  76.207 0.0000000000
38109  -28.589  -29.546  75.151 0.0000000000
38126  -28.665  -29.496  74.137 0.0000000000
38127  -29.465  -29.604  74.123 0.0000000000
38161  -28.551  -29.472  72.380 0.0000000000
38200  -28.736  -29.214  69.494 0.0000000000
37210  -31.238  -30.019  73.312 0.0000000000
37218  -30.478  -29.824  72.096 0.0000000000
37227  -31.687  -29.529  71.730 0.0000000000
37226  -31.006  -29.748  71.637 0.0000000000
37225  -30.473  -29.698  71.364 0.0000000000
38187  -29.989  -29.571  70.740 0.0000000000
38226  -28.786  -28.883  67.796 0.0000000000
39152  -28.697  -28.594  67.253 0.0000000000
39168  -29.242  -28.250  66.662 0.0000000000
39170  -30.303  -28.081  67.339 0.0000000000
40197  -29.546  -27.037  64.916 0.0000000000
41176  -30.365  -25.913  63.140 0.0000000000
43348  -39.886  -22.972  56.121 0.0000000000
44413  -39.401  -22.557  54.880 0.0000000000
46488  -39.243  -21.403  54.645 0.0000000000
46477  -43.025  -21.042  57.007 0.0000000000
46483  -41.959  -20.902  56.123 0.0000000000
47505  -41.410  -20.418  55.499 0.0000000000
48508  -41.777  -19.612  55.337 0.0000000000
49525  -45.001  -18.297  53.125 0.0000000000
49563  -45.610  -18.274  51.529 0.0000000000
49580  -45.179  -18.194  51.120 0.0000000000
50595  -45.821  -17.375  51.468 0.0000000000
40073  -36.603  -26.556  76.010 0.0000000000
41069  -36.434  -25.876  75.665 0.0000000000
41966  -37.642  -25.240  75.794 0.0000000000
41986  -36.509  -25.120  75.075 0.0000000000
42006  -35.930  -24.901  74.636 0.0000000000
43099  -35.608  -23.887  73.128 0.0000000000
44099  -39.023  -23.138  75.648 0.0000000000
44131  -38.170  -22.850  72.894 0.0000000000
44118  -37.997  -23.241  73.707 0.0000000000
44117  -37.079  -23.519  73.553 0.0000000000
45248  -35.639  -21.697  66.421 0.0000000000
47240  -42.092  -20.326  74.149 0.0000000000
47258  -41.687  -20.438  73.554 0.0000000000
46243  -41.359  -20.544  72.831 0.0000000000
46262  -40.401  -21.168  71.878 0.0000000000
47344  -41.330  -19.971  68.816 0.0000000000
48334  -40.270  -19.401  67.506 0.0000000000
47324  -39.829  -20.798  69.432 0.0000000000
46305  -39.079  -21.371  69.918 0.0000000000
46325  -38.670  -21.221  69.172 0.0000000000
47340  -37.926  -21.150  68.253 0.0000000000
47356  -37.174  -20.947  67.591 0.0000000000
47374  -37.770  -20.365  66.855 0.0000000000
47373  -37.141  -20.798  67.299 0.0000000000
46348  -36.514  -20.889  66.542 0.0000000000
45249  -36.213  -21.634  65.714 0.0000000000
45250  -36.984  -22.261  65.564 0.0000000000
45355  -37.510  -22.073  59.185 0.0000000000
44189  -49.002  -22.942  68.490 0.0000000000
44207  -49.044  -23.253  67.966 0.0000000000
45214  -49.074  -22.136  68.472 0.0000000000
46329  -49.044  -21.472  68.216 0.0000000000
47349  -48.733  -20.484  68.463 0.0000000000
38978  -25.427  -27.913  78.840 0.0000000000
38997  -26.597  -28.349  78.993 0.0000000000
38080  -26.608  -28.538  78.293 0.0000000000
38082  -28.041  -29.355  78.356 0.0000000000
37140  -28.761  -29.704  79.002 0.0000000000
37152  -30.521  -30.078  77.534 0.0000000000
37153  -31.432  -30.125  77.322 0.0000000000
37154  -32.336  -30.024  77.161 0.0000000000
37145  -32.918  -30.001  77.958 0.0000000000
37155  -33.246  -29.772  77.072 0.0000000000
37156  -33.826  -29.600  76.626 0.0000000000
38100  -34.379  -29.369  76.568 0.0000000000
40040  -36.535  -26.590  77.725 0.0000000000
40053  -36.942  -26.588  77.204 0.0000000000
41026  -37.679  -25.499  77.045 0.0000000000
42993  -36.881  -24.202  78.038 0.0000000000
41924  -37.422  -24.511  77.523 0.0000000000
41939  -38.168  -24.307  77.022 0.0000000000
43011  -37.992  -24.035  77.061 0.0000000000
44085  -38.482  -23.359  77.004 0.0000000000
45096  -38.231  -22.411  77.710 0.0000000000
45108  -39.471  -21.925  76.856 0.0000000000
46144  -40.158  -20.259  76.858 0.0000000000
49268  -41.842  -18.317  77.048 0.0000000000
48217  -42.153  -18.801  76.927 0.0000000000
48224  -42.522  -19.075  76.488 0.0000000000
48232  -42.879  -19.469  75.636 0.0000000000
48245  -44.181  -19.053  74.863 0.0000000000
47224  -44.790  -19.757  74.392 0.0000000000
48247  -45.186  -19.698  73.846 0.0000000000
48256  -45.385  -19.607  73.361 0.0000000000
48265  -45.880  -19.867  72.453 0.0000000000
49311  -45.492  -19.135  72.658 0.0000000000
48266  -46.253  -20.156  72.133 0.0000000000
47281  -46.802  -20.555  71.587 0.0000000000
47296  -47.245  -20.580  71.055 0.0000000000
45177  -47.939  -21.734  69.834 0.0000000000
45196  -48.361  -22.089  69.418 0.0000000000
44169  -48.615  -22.650  69.061 0.0000000000
43163  -49.118  -23.026  67.222 0.0000000000
43179  -48.637  -23.492  66.658 0.0000000000
42094  -48.433  -23.792  65.577 0.0000000000
46354  -49.000  -22.024  66.847 0.0000000000
42112  -48.450  -23.704  64.865 0.0000000000
42125  -48.504  -23.780  64.068 0.0000000000
42138  -48.614  -23.830  63.459 0.0000000000
43250  -49.009  -23.860  62.733 0.0000000000
48393  -48.424  -19.252  65.329 0.0000000000
47405  -48.651  -20.984  64.416 0.0000000000
48420  -49.036  -19.523  63.462 0.0000000000
46386  -48.994  -21.324  63.703 0.0000000000
46378  -49.142  -21.784  63.655 0.0000000000
44261  -49.563  -23.072  63.581 0.0000000000
43252  -49.873  -23.130  63.009 0.0000000000
43266  -49.744  -23.562  62.436 0.0000000000
44304  -49.287  -23.545  61.646 0.0000000000
44327  -49.853  -23.109  61.185 0.0000000000
45339  -49.527  -22.555  60.690 0.0000000000
45319  -51.497  -22.591  61.535 0.0000000000
45340  -50.445  -22.383  60.754 0.0000000000
46400  -52.963  -20.587  62.077 0.0000000000
46409  -52.828  -21.164  61.409 0.0000000000
46426  -52.703  -21.211  60.889 0.0000000000
46444  -53.283  -20.412  60.163 0.0000000000
46443  -52.516  -20.809  60.116 0.0000000000
47468  -49.674  -19.666  58.788 0.0000000000
48464  -49.183  -19.045  58.188 0.0000000000
49457  -49.610  -18.485  58.004 0.0000000000
49472  -49.885  -18.099  57.382 0.0000000000
49473  -50.979  -18.153  57.246 0.0000000000
49482  -49.238  -17.918  56.748 0.0000000000
49495  -49.092  -17.951  55.620 0.0000000000
48503  -54.559  -19.242  57.000 0.0000000000
48514  -52.611  -18.150  55.559 0.0000000000
48533  -53.153  -17.992  55.444 0.0000000000
48513  -51.794  -18.062  55.226 0.0000000000
48512  -51.038  -18.160  54.943 0.0000000000
48529  -49.940  -18.264  54.204 0.0000000000
48528  -49.034  -18.178  54.101 0.0000000000
48546  -48.539  -17.750  53.792 0.0000000000
48564  -48.125  -17.502  53.412 0.0000000000
49550  -47.660  -17.483  52.943 0.0000000000
49552  -50.162  -17.167  53.480 0.0000000000
50568  -48.158  -17.030  52.855 0.0000000000
50567  -47.788  -16.942  52.605 0.0000000000
52732  -47.008  -15.269  52.121 0.0000000000
51626  -55.496  -15.707  54.478 0.0000000000
52714  -54.394  -15.537  53.564 0.0000000000
57172  -55.827  -12.218  53.902 0.0000000000
56107  -55.769  -12.706  54.005 0.0000000000
54944  -55.538  -13.312  53.655 0.0000000000
54942  -54.343  -13.311  52.603 0.0000000000
53800  -55.187  -14.136  53.238 0.0000000000
53799  -54.673  -14.211  52.969 0.0000000000
52727  -54.038  -14.870  53.182 0.0000000000
52713  -53.536  -15.608  53.594 0.0000000000
52724  -51.168  -14.979  53.275 0.0000000000
52723  -50.299  -15.150  52.955 0.0000000000
53794  -50.001  -14.356  52.495 0.0000000000
52722  -49.378  -15.254  52.807 0.0000000000
52733  -47.715  -15.055  52.294 0.0000000000
53803  -46.175  -14.420  51.545 0.0000000000
53821  -45.884  -13.927  51.015 0.0000000000
54962  -45.701  -13.464  50.334 0.0000000000
54964  -47.386  -13.308  50.571 0.0000000000
54963  -46.551  -13.360  50.465 0.0000000000
54961  -44.965  -13.566  50.157 0.0000000000
57200  -47.737  -11.650  50.052 0.0000000000
56131  -45.977  -12.196  49.342 0.0000000000
56138  -45.333  -12.047  49.094 0.0000000000
61257  -52.605  -7.516  52.556 0.0000000000
62241  -52.581  -6.985  52.462 0.0000000000
61272  -52.051  -7.650  52.154 0.0000000000
61270  -50.552  -7.688  51.463 0.0000000000
61269  -50.057  -7.657  51.162 0.0000000000
63259  -51.803  -5.196  50.795 0.0000000000
63258  -50.961  -5.653  50.404 0.0000000000
62260  -50.264  -6.540  50.493 0.0000000000
62259  -49.719  -6.759  50.413 0.0000000000
61276  -48.247  -7.678  50.485 0.0000000000
39011  -23.937  -27.710  77.038 0.0000000000
39043  -22.412  -27.903  74.668 0.0000000000
39114  -20.524  -28.528  69.497 0.0000000000
38159  -26.499  -29.133  72.243 0.0000000000
39088  -24.586  -28.444  71.221 0.0000000000
39101  -23.908  -28.216  70.518 0.0000000000
39135  -27.116  -28.444  68.236 0.0000000000
39119  -25.833  -28.250  69.122 0.0000000000
40152  -25.500  -27.468  67.155 0.0000000000
39133  -25.309  -27.796  68.248 0.0000000000
39118  -24.994  -28.057  69.371 0.0000000000
39117  -24.091  -27.976  69.596 0.0000000000
39116  -23.418  -27.945  70.012 0.0000000000
40126  -23.297  -27.710  69.185 0.0000000000
40161  -22.263  -27.663  65.595 0.0000000000
40148  -21.693  -27.798  66.765 0.0000000000
37322  -26.139  -30.501  62.529 0.0000000000
39048  -35.307  -26.861  75.631 0.0000000000
40080  -34.528  -26.625  74.697 0.0000000000
40079  -34.084  -26.758  74.031 0.0000000000
41079  -34.049  -26.210  73.150 0.0000000000
40083  -33.733  -26.986  73.360 0.0000000000
40094  -32.846  -26.970  72.389 0.0000000000
40109  -32.291  -27.197  71.665 0.0000000000
40108  -31.818  -27.320  70.798 0.0000000000
44163  -33.741  -23.746  71.295 0.0000000000
43133  -33.054  -24.420  70.918 0.0000000000
43132  -32.488  -24.828  70.744 0.0000000000
43139  -32.433  -24.412  70.009 0.0000000000
42028  -32.107  -25.450  70.689 0.0000000000
41105  -31.607  -26.232  70.075 0.0000000000
41136  -30.669  -26.266  67.681 0.0000000000
41142  -30.433  -25.985  66.162 0.0000000000
43187  -30.791  -24.816  66.082 0.0000000000
42085  -30.600  -25.307  65.991 0.0000000000
42101  -30.483  -25.440  65.494 0.0000000000
42115  -30.434  -25.311  64.756 0.0000000000
42127  -30.517  -25.339  63.891 0.0000000000
42068  -35.865  -24.512  66.796 0.0000000000
42050  -36.236  -24.919  67.072 0.0000000000
42067  -35.399  -24.566  66.564 0.0000000000
41145  -35.343  -25.964  66.097 0.0000000000
41144  -34.270  -25.610  66.087 0.0000000000
42118  -33.157  -25.711  64.880 0.0000000000
41166  -32.903  -26.242  64.196 0.0000000000
42129  -32.207  -25.734  63.593 0.0000000000
41178  -32.435  -26.531  63.513 0.0000000000
41177  -31.603  -26.289  63.093 0.0000000000
40210  -31.456  -27.235  62.834 0.0000000000
39199  -31.115  -28.067  62.713 0.0000000000
38269  -31.586  -28.778  63.100 0.0000000000
37185  -33.982  -29.362  75.548 0.0000000000
37213  -33.287  -29.343  74.089 0.0000000000
37220  -31.752  -29.683  72.655 0.0000000000
37233  -30.971  -29.654  71.043 0.0000000000
37234  -31.323  -29.609  71.271 0.0000000000
37303  -28.019  -30.865  62.717 0.0000000000
37305  -29.853  -30.219  62.805 0.0000000000
37306  -30.497  -29.942  62.980 0.0000000000
37325  -28.757  -29.678  62.156 0.0000000000
38111  -33.984  -29.272  75.160 0.0000000000
38213  -28.716  -29.084  68.548 0.0000000000
38217  -31.327  -28.745  69.527 0.0000000000
38263  -23.627  -29.263  63.630 0.0000000000
39036  -25.046  -28.538  75.708 0.0000000000
39091  -33.084  -27.395  72.713 0.0000000000
39121  -27.285  -28.582  68.835 0.0000000000
39132  -24.491  -27.692  68.819 0.0000000000
39148  -25.423  -27.549  67.532 0.0000000000
39154  -30.004  -28.486  67.568 0.0000000000
39164  -26.244  -27.562  66.537 0.0000000000
39182  -29.162  -27.958  65.991 0.0000000000
39183  -29.583  -27.886  66.216 0.0000000000
39196  -23.692  -28.858  63.379 0.0000000000
39197  -24.151  -28.927  62.928 0.0000000000
39215  -30.477  -27.701  62.512 0.0000000000
40074  -37.070  -26.309  76.111 0.0000000000
40095  -33.403  -27.023  72.808 0.0000000000
40189  -23.116  -28.449  64.022 0.0000000000
40223  -30.080  -27.208  62.508 0.0000000000
41054  -36.900  -26.185  75.971 0.0000000000
41149  -48.239  -24.301  65.398 0.0000000000
41159  -47.654  -24.725  64.815 0.0000000000
41171  -47.510  -24.597  64.299 0.0000000000
41172  -47.791  -24.642  64.436 0.0000000000
41173  -48.047  -24.564  64.500 0.0000000000
41175  -29.682  -26.585  62.959 0.0000000000
41185  -48.139  -24.525  64.018 0.0000000000
41191  -30.912  -26.563  62.689 0.0000000000
41198  -47.588  -24.465  63.508 0.0000000000
41206  -45.306  -25.050  61.803 0.0000000000
41207  -45.687  -25.067  61.759 0.0000000000
41223  -46.006  -25.106  61.704 0.0000000000
41937  -37.544  -25.324  77.275 0.0000000000
41938  -37.698  -24.775  77.190 0.0000000000
41952  -37.954  -24.369  76.941 0.0000000000
42029  -32.611  -25.190  71.240 0.0000000000
42049  -35.912  -24.815  66.842 0.0000000000
42070  -47.639  -23.790  66.726 0.0000000000
42074  -48.434  -23.812  66.088 0.0000000000
42092  -47.988  -24.445  65.822 0.0000000000
42093  -48.253  -24.141  65.749 0.0000000000
42111  -48.336  -24.061  65.263 0.0000000000
42124  -48.311  -24.167  64.624 0.0000000000
42137  -48.201  -24.289  63.826 0.0000000000
42148  -48.516  -24.024  63.087 0.0000000000
42149  -48.554  -23.939  63.305 0.0000000000
42995  -37.682  -23.706  77.387 0.0000000000
43010  -37.685  -24.234  77.255 0.0000000000
43037  -38.138  -24.492  75.747 0.0000000000
43053  -36.286  -24.706  74.591 0.0000000000
43074  -34.838  -24.648  73.640 0.0000000000
43118  -33.974  -24.002  72.212 0.0000000000
43147  -48.829  -23.429  68.040 0.0000000000
43162  -48.794  -23.414  67.501 0.0000000000
43177  -47.829  -23.965  67.226 0.0000000000
43194  -48.598  -23.538  65.849 0.0000000000
43204  -30.673  -24.893  65.526 0.0000000000
43211  -46.987  -24.090  65.281 0.0000000000
43212  -48.531  -23.501  65.175 0.0000000000
43221  -30.755  -24.638  64.942 0.0000000000
43229  -49.030  -23.195  63.688 0.0000000000
43239  -44.545  -23.998  62.826 0.0000000000
43242  -49.294  -23.155  63.437 0.0000000000
43247  -43.061  -24.011  61.580 0.0000000000
43251  -49.190  -23.678  62.913 0.0000000000
43355  -38.098  -23.285  55.109 0.0000000000
44144  -33.878  -23.878  71.895 0.0000000000
44188  -48.420  -23.140  68.835 0.0000000000
44190  -49.236  -22.607  68.202 0.0000000000
44205  -47.330  -22.983  68.151 0.0000000000
44208  -49.175  -22.961  67.724 0.0000000000
44214  -31.750  -23.934  67.493 0.0000000000
44227  -49.011  -23.058  66.958 0.0000000000
44232  -31.856  -23.729  67.030 0.0000000000
44241  -46.976  -23.206  66.338 0.0000000000
44274  -49.425  -22.727  63.518 0.0000000000
44291  -52.169  -22.022  62.743 0.0000000000
44399  -38.135  -23.305  55.582 0.0000000000
45153  -44.940  -21.680  72.394 0.0000000000
45191  -39.111  -21.666  70.957 0.0000000000
45194  -47.314  -22.445  70.171 0.0000000000
45195  -47.803  -22.301  69.802 0.0000000000
45207  -35.165  -22.436  69.397 0.0000000000
45210  -37.575  -21.862  69.843 0.0000000000
45211  -45.979  -21.857  69.730 0.0000000000
45257  -48.968  -22.712  66.522 0.0000000000
45262  -36.506  -21.363  65.533 0.0000000000
45263  -36.849  -21.424  65.457 0.0000000000
45270  -48.806  -22.826  65.583 0.0000000000
45279  -48.879  -22.651  64.263 0.0000000000
45291  -51.808  -21.771  63.138 0.0000000000
45292  -52.485  -21.511  62.831 0.0000000000
45302  -43.771  -22.431  62.249 0.0000000000
45337  -41.851  -22.041  60.639 0.0000000000
45361  -50.035  -22.032  60.368 0.0000000000
45401  -41.721  -22.680  56.594 0.0000000000
46105  -38.731  -20.267  77.893 0.0000000000
46208  -43.122  -20.623  73.774 0.0000000000
46226  -42.508  -20.593  73.198 0.0000000000
46231  -45.995  -20.879  72.761 0.0000000000
46247  -45.133  -21.552  72.810 0.0000000000
46261  -39.810  -21.466  71.538 0.0000000000
46269  -47.801  -21.208  70.148 0.0000000000
46281  -38.365  -21.808  70.424 0.0000000000
46290  -48.334  -21.242  69.527 0.0000000000
46324  -37.794  -21.327  68.653 0.0000000000
46377  -48.819  -21.935  64.058 0.0000000000
46398  -44.051  -21.707  62.326 0.0000000000
47159  -38.938  -20.167  77.787 0.0000000000
47192  -42.075  -19.583  76.488 0.0000000000
47225  -45.064  -19.730  74.060 0.0000000000
47239  -41.479  -20.439  74.053 0.0000000000
47260  -42.734  -20.554  73.652 0.0000000000
47278  -41.812  -20.444  73.252 0.0000000000
47280  -46.463  -20.424  72.004 0.0000000000
47311  -42.355  -20.397  70.080 0.0000000000
47325  -40.259  -20.661  69.483 0.0000000000
47348  -44.708  -19.916  67.885 0.0000000000
47363  -48.806  -20.303  67.338 0.0000000000
47377  -45.575  -20.521  66.732 0.0000000000
47404  -48.590  -20.095  64.191 0.0000000000
47412  -48.820  -19.895  63.752 0.0000000000
47413  -49.147  -20.499  63.485 0.0000000000
47491  -54.597  -19.527  57.757 0.0000000000
47493  -55.245  -19.307  58.243 0.0000000000
47501  -54.779  -19.386  57.377 0.0000000000
48246  -44.930  -19.284  73.990 0.0000000000
48339  -48.720  -19.740  67.468 0.0000000000
48359  -38.116  -20.085  66.726 0.0000000000
48360  -38.534  -19.990  66.958 0.0000000000
48410  -48.452  -19.427  64.839 0.0000000000
48411  -48.534  -20.180  64.959 0.0000000000
48453  -54.552  -19.156  59.392 0.0000000000
48463  -48.429  -19.428  58.145 0.0000000000
48468  -53.289  -19.442  58.344 0.0000000000
48481  -45.302  -19.551  57.278 0.0000000000
48490  -55.346  -19.058  57.316 0.0000000000
48506  -55.755  -18.250  56.616 0.0000000000
48511  -43.712  -18.997  56.344 0.0000000000
48550  -51.722  -17.727  54.706 0.0000000000
48565  -48.771  -17.555  53.692 0.0000000000
49278  -42.813  -18.182  76.350 0.0000000000
49286  -43.109  -18.423  75.981 0.0000000000
49401  -48.325  -18.739  65.325 0.0000000000
49437  -54.508  -18.909  59.592 0.0000000000
49468  -46.172  -18.794  57.179 0.0000000000
49486  -55.722  -18.557  57.224 0.0000000000
49498  -55.395  -18.190  56.035 0.0000000000
49499  -55.513  -18.096  56.199 0.0000000000
49512  -50.372  -18.282  54.690 0.0000000000
49513  -52.344  -17.640  54.915 0.0000000000
49518  -55.341  -17.538  55.540 0.0000000000
49535  -54.508  -17.192  54.734 0.0000000000
49566  -47.350  -17.636  52.801 0.0000000000
50520  -48.576  -17.752  56.310 0.0000000000
50541  -55.248  -16.960  54.920 0.0000000000
50550  -44.835  -17.847  53.589 0.0000000000
50557  -55.335  -16.349  54.630 0.0000000000
51636  -45.959  -16.183  51.829 0.0000000000
52715  -55.139  -15.261  53.601 0.0000000000
52718  -55.668  -14.960  54.721 0.0000000000
53787  -55.435  -14.250  53.628 0.0000000000
53789  -55.629  -14.550  54.520 0.0000000000
54938  -55.628  -13.495  53.967 0.0000000000
54943  -55.252  -13.514  53.254 0.0000000000
54948  -49.701  -13.414  51.101 0.0000000000
54953  -53.789  -13.229  52.408 0.0000000000
54967  -50.289  -13.042  50.961 0.0000000000
56101  -55.718  -12.961  54.038 0.0000000000
56106  -55.579  -12.807  53.672 0.0000000000
56127  -50.760  -12.679  51.262 0.0000000000
56137  -44.787  -12.052  48.814 0.0000000000
57205  -45.424  -11.402  49.012 0.0000000000
58156  -56.182  -11.935  54.304 0.0000000000
58212  -47.671  -10.998  50.255 0.0000000000
59276  -46.654  -9.584  50.174 0.0000000000
60238  -55.148  -9.282  54.033 0.0000000000
60283  -46.831  -8.378  50.136 0.0000000000
61248  -54.905  -7.440  54.135 0.0000000000
61275  -47.635  -7.771  50.288 0.0000000000
61279  -50.949  -7.192  51.325 0.0000000000
62254  -51.694  -6.862  51.596 0.0000000000
63238  -55.579  -4.535  53.764 0.0000000000
63251  -55.694  -4.142  53.433 0.0000000000
63255  -54.781  -4.883  52.241 0.0000000000
63263  -48.941  -5.538  49.238 0.0000000000
64266  -55.524  -4.218  52.777 0.0000000000
64273  -55.876  -3.636  52.653 0.0000000000
