#!ascii label  , from subject A00073705 vox2ras=TkReg
966
83861  -39.714  15.470  43.973 0.0000000000
82239  -49.232  13.249  32.349 0.0000000000
88665  -44.190  22.124  41.198 0.0000000000
83896  -47.516  15.981  41.145 0.0000000000
80327  -48.287  11.808  48.428 0.0000000000
85638  -42.250  17.647  34.594 0.0000000000
90335  -45.507  23.607  32.893 0.0000000000
91700  -42.541  25.615  40.161 0.0000000000
78359  -42.737  8.807  53.395 0.0000000000
83878  -43.417  15.224  42.947 0.0000000000
83939  -44.640  14.862  37.982 0.0000000000
84787  -40.824  16.734  38.789 0.0000000000
90258  -48.787  23.865  41.577 0.0000000000
89501  -47.367  23.024  36.507 0.0000000000
91760  -49.321  25.559  37.420 0.0000000000
91772  -44.383  25.268  36.219 0.0000000000
92366  -47.285  26.899  39.931 0.0000000000
82267  -46.629  13.984  29.264 0.0000000000
85542  -36.388  18.013  44.696 0.0000000000
87090  -39.866  19.515  41.745 0.0000000000
85563  -51.739  17.487  43.098 0.0000000000
82985  -48.093  14.624  44.149 0.0000000000
82099  -43.146  13.085  45.204 0.0000000000
79355  -43.646  10.140  48.654 0.0000000000
84021  -47.094  15.087  32.013 0.0000000000
84891  -44.406  17.331  29.996 0.0000000000
88702  -42.468  20.836  37.139 0.0000000000
87941  -44.168  20.661  32.511 0.0000000000
87964  -42.724  20.302  30.404 0.0000000000
89521  -41.709  22.409  33.387 0.0000000000
90310  -39.830  23.630  35.886 0.0000000000
83876  -41.151  14.852  42.556 0.0000000000
83892  -41.364  14.835  40.463 0.0000000000
84764  -39.765  16.334  40.534 0.0000000000
91004  -49.618  24.598  41.685 0.0000000000
90277  -50.221  24.215  39.097 0.0000000000
91723  -49.926  25.926  39.569 0.0000000000
91722  -48.153  25.846  38.721 0.0000000000
81414  -48.088  13.329  30.558 0.0000000000
86304  -35.395  18.730  46.337 0.0000000000
87077  -37.474  19.412  44.498 0.0000000000
81282  -48.284  13.156  45.427 0.0000000000
82973  -45.859  13.797  44.532 0.0000000000
80352  -46.099  11.408  46.298 0.0000000000
78385  -43.220  9.618  51.618 0.0000000000
79363  -38.897  10.798  47.669 0.0000000000
82084  -37.650  13.389  46.957 0.0000000000
80322  -36.576  11.332  47.987 0.0000000000
83958  -48.568  15.653  37.955 0.0000000000
83967  -43.286  15.889  36.286 0.0000000000
83979  -45.690  15.522  34.867 0.0000000000
84830  -44.187  16.014  34.485 0.0000000000
84019  -45.084  15.977  31.292 0.0000000000
85655  -43.189  17.509  32.416 0.0000000000
87860  -42.218  21.136  41.465 0.0000000000
87875  -41.429  20.213  39.423 0.0000000000
88683  -43.348  21.904  38.822 0.0000000000
88724  -47.569  22.250  34.180 0.0000000000
88731  -45.495  21.640  34.077 0.0000000000
88755  -45.658  22.009  32.096 0.0000000000
87955  -43.662  20.910  31.099 0.0000000000
89545  -44.186  22.167  31.042 0.0000000000
88750  -42.032  21.150  31.840 0.0000000000
90333  -43.706  23.665  32.907 0.0000000000
91736  -43.472  25.192  38.240 0.0000000000
91051  -41.351  24.556  35.839 0.0000000000
91752  -40.678  25.200  37.523 0.0000000000
91048  -38.912  24.420  36.929 0.0000000000
91714  -40.053  25.497  39.326 0.0000000000
83009  -45.351  15.210  41.666 0.0000000000
83037  -46.327  14.830  39.522 0.0000000000
83020  -43.894  14.436  40.451 0.0000000000
83937  -42.519  15.662  37.673 0.0000000000
84800  -41.660  16.716  37.176 0.0000000000
89466  -46.162  22.838  41.079 0.0000000000
88686  -45.943  22.501  39.247 0.0000000000
90274  -47.872  23.308  39.386 0.0000000000
90305  -48.633  23.678  36.215 0.0000000000
91068  -47.985  24.679  35.074 0.0000000000
91065  -45.300  24.711  34.875 0.0000000000
91774  -46.516  25.483  36.193 0.0000000000
91738  -45.735  25.316  38.006 0.0000000000
92376  -45.101  25.653  39.977 0.0000000000
83126  -44.264  14.517  30.205 0.0000000000
84721  -37.756  15.917  44.697 0.0000000000
85573  -38.682  17.615  41.485 0.0000000000
86315  -37.861  18.431  42.913 0.0000000000
87834  -40.526  20.405  42.926 0.0000000000
87836  -42.567  21.359  43.324 0.0000000000
87819  -43.155  21.530  45.085 0.0000000000
88646  -44.724  22.344  42.996 0.0000000000
84755  -49.638  16.534  41.710 0.0000000000
83871  -49.707  15.808  43.975 0.0000000000
83883  -47.792  15.902  42.700 0.0000000000
83867  -45.731  15.225  43.412 0.0000000000
83850  -43.719  15.139  44.235 0.0000000000
81228  -47.748  12.026  51.379 0.0000000000
79299  -45.244  10.773  53.293 0.0000000000
80297  -45.829  11.037  51.516 0.0000000000
80324  -45.971  10.831  48.674 0.0000000000
80338  -43.780  10.739  46.794 0.0000000000
83836  -39.352  15.221  45.516 0.0000000000
84025  -50.768  15.703  33.137 0.0000000000
83971  -47.554  15.713  36.690 0.0000000000
84008  -48.824  15.469  33.524 0.0000000000
84039  -48.690  14.957  31.263 0.0000000000
84052  -47.722  15.566  30.142 0.0000000000
84062  -45.562  15.537  28.996 0.0000000000
84906  -43.672  16.498  28.645 0.0000000000
86344  -40.077  18.200  39.771 0.0000000000
87129  -41.384  19.129  38.323 0.0000000000
87148  -41.413  18.747  35.751 0.0000000000
88705  -45.042  22.255  37.024 0.0000000000
87908  -43.448  20.838  35.346 0.0000000000
87927  -42.916  19.809  33.733 0.0000000000
86404  -43.556  19.018  31.617 0.0000000000
87199  -43.714  18.594  29.905 0.0000000000
85676  -42.266  17.342  29.609 0.0000000000
91076  -42.633  24.150  34.224 0.0000000000
90319  -41.030  23.264  34.641 0.0000000000
87140  -39.648  20.371  35.882 0.0000000000
88692  -39.157  21.967  37.336 0.0000000000
89491  -37.962  22.709  38.033 0.0000000000
83862  -40.823  15.215  43.745 0.0000000000
83890  -40.049  15.416  41.596 0.0000000000
83875  -39.859  15.400  42.823 0.0000000000
91684  -50.206  25.311  40.545 0.0000000000
92368  -49.170  26.648  40.205 0.0000000000
82252  -49.083  13.534  31.289 0.0000000000
81261  -48.911  12.474  47.193 0.0000000000
81272  -47.449  12.163  45.928 0.0000000000
80342  -47.753  11.642  47.405 0.0000000000
79350  -38.662  10.012  47.954 0.0000000000
79362  -38.109  10.759  47.715 0.0000000000
84777  -48.936  16.233  40.283 0.0000000000
83926  -47.883  15.486  39.688 0.0000000000
84815  -43.212  16.169  35.765 0.0000000000
84816  -44.103  15.925  35.422 0.0000000000
84829  -43.376  16.370  34.826 0.0000000000
84842  -43.486  16.502  33.739 0.0000000000
84841  -42.740  16.956  34.154 0.0000000000
87861  -42.879  21.424  41.674 0.0000000000
87868  -42.356  21.219  40.612 0.0000000000
88674  -44.229  22.164  40.191 0.0000000000
90337  -47.119  23.103  34.001 0.0000000000
89523  -46.453  22.318  33.494 0.0000000000
90347  -46.059  22.646  32.493 0.0000000000
89546  -45.068  22.317  31.318 0.0000000000
90345  -45.145  23.165  31.781 0.0000000000
89531  -43.766  22.696  31.500 0.0000000000
90334  -44.581  23.677  32.629 0.0000000000
91717  -43.006  25.137  39.304 0.0000000000
91753  -41.673  25.194  37.411 0.0000000000
91734  -41.333  25.309  38.378 0.0000000000
91733  -40.374  25.299  38.440 0.0000000000
91715  -40.979  25.424  39.314 0.0000000000
82996  -44.700  15.158  42.314 0.0000000000
83021  -44.968  14.593  40.579 0.0000000000
83007  -43.317  14.572  41.390 0.0000000000
83920  -41.066  15.712  39.427 0.0000000000
83032  -41.896  15.040  39.491 0.0000000000
83921  -41.826  15.550  38.803 0.0000000000
84789  -41.937  16.185  37.568 0.0000000000
84788  -41.365  16.482  38.109 0.0000000000
90256  -47.334  23.173  41.504 0.0000000000
89476  -47.304  23.016  39.829 0.0000000000
90266  -48.287  23.524  40.644 0.0000000000
91744  -50.803  24.820  38.031 0.0000000000
90286  -49.581  23.937  38.249 0.0000000000
91054  -49.433  24.677  36.497 0.0000000000
90314  -48.787  24.268  35.746 0.0000000000
91789  -48.578  25.128  35.645 0.0000000000
91788  -47.801  25.277  35.424 0.0000000000
91759  -48.336  25.597  36.980 0.0000000000
92379  -47.798  26.264  39.362 0.0000000000
91721  -47.369  25.638  38.785 0.0000000000
92378  -46.902  26.108  39.516 0.0000000000
91719  -45.390  25.189  39.085 0.0000000000
92365  -46.379  26.729  40.151 0.0000000000
83127  -44.990  14.331  29.892 0.0000000000
84720  -36.973  16.695  44.286 0.0000000000
85550  -37.368  17.604  43.213 0.0000000000
85543  -36.772  17.707  44.012 0.0000000000
87073  -39.129  20.048  44.350 0.0000000000
87079  -39.324  19.818  43.613 0.0000000000
87825  -40.073  20.317  44.032 0.0000000000
87835  -41.580  21.021  43.085 0.0000000000
87827  -41.890  21.090  44.120 0.0000000000
87812  -43.526  21.696  45.550 0.0000000000
87838  -43.837  22.304  43.966 0.0000000000
88624  -44.143  22.378  44.280 0.0000000000
88647  -45.102  22.552  43.268 0.0000000000
88625  -44.972  22.891  43.958 0.0000000000
85586  -51.150  17.277  41.554 0.0000000000
85575  -51.177  17.214  42.552 0.0000000000
83856  -49.834  15.501  44.511 0.0000000000
83855  -48.531  15.224  43.951 0.0000000000
84731  -48.932  15.992  43.036 0.0000000000
83854  -47.442  15.006  43.743 0.0000000000
83868  -46.757  15.344  43.269 0.0000000000
83853  -46.370  14.904  43.847 0.0000000000
82107  -44.817  13.355  44.759 0.0000000000
82981  -44.363  14.495  44.320 0.0000000000
82971  -44.152  14.047  44.474 0.0000000000
78361  -44.121  9.885  53.578 0.0000000000
79323  -44.445  10.495  51.556 0.0000000000
79331  -44.461  10.379  50.649 0.0000000000
80305  -45.859  10.911  50.635 0.0000000000
79356  -44.516  10.262  48.752 0.0000000000
79369  -44.583  10.439  47.796 0.0000000000
79368  -43.684  10.417  47.725 0.0000000000
83835  -38.830  15.199  45.754 0.0000000000
82955  -38.407  14.447  46.402 0.0000000000
84874  -51.796  15.850  33.133 0.0000000000
83940  -45.757  14.895  38.021 0.0000000000
83956  -46.602  15.334  37.368 0.0000000000
83955  -45.507  15.359  37.117 0.0000000000
83992  -46.764  15.180  34.357 0.0000000000
83993  -47.834  15.392  34.667 0.0000000000
83092  -47.739  14.904  33.003 0.0000000000
84023  -48.861  15.217  32.365 0.0000000000
84022  -48.114  15.043  31.923 0.0000000000
84053  -48.426  15.144  30.407 0.0000000000
84037  -46.896  15.532  30.815 0.0000000000
84883  -44.792  16.631  30.221 0.0000000000
84884  -45.296  16.390  29.773 0.0000000000
84892  -44.708  16.988  29.568 0.0000000000
84908  -44.760  16.121  28.501 0.0000000000
85685  -44.263  17.451  29.303 0.0000000000
86326  -39.266  18.798  41.533 0.0000000000
86337  -39.279  18.296  41.005 0.0000000000
87111  -39.694  18.660  40.603 0.0000000000
87884  -41.908  20.683  38.603 0.0000000000
87883  -41.524  19.858  38.537 0.0000000000
87891  -41.604  19.652  37.938 0.0000000000
87135  -41.529  19.352  37.262 0.0000000000
87136  -41.877  20.101  36.823 0.0000000000
89493  -46.563  22.894  38.130 0.0000000000
88696  -45.139  22.199  38.277 0.0000000000
88714  -45.930  22.276  36.361 0.0000000000
87930  -44.996  21.557  33.886 0.0000000000
88721  -44.736  21.470  34.708 0.0000000000
87929  -44.272  20.928  33.562 0.0000000000
87917  -42.758  20.032  34.325 0.0000000000
87928  -43.540  20.195  33.370 0.0000000000
87170  -43.164  19.262  32.607 0.0000000000
87171  -43.584  19.878  32.189 0.0000000000
87965  -43.397  20.293  30.416 0.0000000000
87190  -43.550  19.223  30.072 0.0000000000
87189  -43.042  19.375  29.657 0.0000000000
86427  -42.932  18.049  29.129 0.0000000000
86416  -42.463  18.391  29.651 0.0000000000
86410  -41.797  18.465  30.494 0.0000000000
87963  -42.150  19.886  30.685 0.0000000000
89529  -42.158  22.151  32.549 0.0000000000
87939  -41.630  20.843  32.055 0.0000000000
91785  -44.885  25.127  35.486 0.0000000000
91077  -43.780  24.335  34.087 0.0000000000
91783  -43.441  24.767  35.397 0.0000000000
91050  -40.438  24.639  36.045 0.0000000000
90312  -41.115  23.815  34.798 0.0000000000
90311  -40.522  23.568  35.229 0.0000000000
88711  -40.452  21.868  35.170 0.0000000000
88710  -40.008  21.873  35.963 0.0000000000
87897  -39.589  20.927  36.488 0.0000000000
89505  -39.711  22.813  36.302 0.0000000000
91040  -38.186  24.452  37.246 0.0000000000
90293  -38.043  23.570  37.383 0.0000000000
91039  -37.546  24.357  37.726 0.0000000000
89490  -37.251  22.938  38.332 0.0000000000
83877  -42.421  15.008  42.910 0.0000000000
83006  -42.075  14.561  41.244 0.0000000000
83005  -41.528  14.715  41.829 0.0000000000
83906  -40.289  15.536  40.738 0.0000000000
84775  -40.400  16.345  39.578 0.0000000000
90267  -49.199  23.939  40.441 0.0000000000
91013  -50.023  24.784  40.994 0.0000000000
91019  -50.486  24.792  39.860 0.0000000000
91742  -49.754  25.758  38.525 0.0000000000
91741  -48.801  25.855  38.187 0.0000000000
92381  -49.447  26.187  39.141 0.0000000000
92380  -48.718  26.348  39.132 0.0000000000
82268  -47.486  13.902  29.430 0.0000000000
86307  -35.734  18.453  45.673 0.0000000000
86311  -36.758  18.707  44.420 0.0000000000
87070  -36.462  19.634  45.567 0.0000000000
82110  -47.602  13.524  44.747 0.0000000000
82115  -46.975  14.016  44.426 0.0000000000
81281  -47.320  12.820  45.326 0.0000000000
81280  -46.352  12.751  45.084 0.0000000000
81271  -44.904  12.162  45.324 0.0000000000
78373  -43.417  9.586  52.663 0.0000000000
78403  -42.468  9.449  49.706 0.0000000000
81257  -39.204  12.360  46.915 0.0000000000
82093  -38.262  13.837  46.608 0.0000000000
81256  -38.312  12.417  47.108 0.0000000000
81255  -37.374  12.474  47.335 0.0000000000
83954  -44.330  15.388  36.947 0.0000000000
83969  -45.208  15.772  35.971 0.0000000000
84817  -44.826  15.776  35.059 0.0000000000
83990  -45.281  15.575  33.217 0.0000000000
84020  -45.988  15.572  31.593 0.0000000000
84004  -45.137  15.674  32.342 0.0000000000
84857  -44.344  16.247  31.909 0.0000000000
84870  -43.840  17.061  31.249 0.0000000000
87092  -41.147  20.594  41.392 0.0000000000
87113  -40.882  19.889  40.148 0.0000000000
87867  -41.526  20.594  40.319 0.0000000000
87876  -41.965  21.031  39.586 0.0000000000
88682  -42.472  21.477  38.693 0.0000000000
89508  -47.346  22.814  35.447 0.0000000000
88723  -45.957  22.081  35.137 0.0000000000
89515  -46.665  22.304  34.648 0.0000000000
87943  -45.433  21.687  33.432 0.0000000000
88741  -45.167  21.561  32.336 0.0000000000
87956  -44.128  20.989  31.731 0.0000000000
88754  -45.194  21.654  31.810 0.0000000000
88753  -44.377  21.587  31.242 0.0000000000
88752  -43.565  21.277  30.819 0.0000000000
87954  -42.578  20.801  30.833 0.0000000000
89544  -43.382  22.108  31.095 0.0000000000
89530  -42.803  22.469  31.947 0.0000000000
89522  -42.333  22.693  32.833 0.0000000000
91755  -43.893  25.294  37.147 0.0000000000
91771  -43.190  25.002  36.062 0.0000000000
91754  -42.753  25.228  37.254 0.0000000000
91769  -41.000  24.922  36.657 0.0000000000
91768  -40.089  24.930  36.808 0.0000000000
90304  -39.205  23.658  36.622 0.0000000000
91767  -39.380  24.834  37.002 0.0000000000
91750  -38.833  24.961  37.605 0.0000000000
91731  -38.528  25.119  38.560 0.0000000000
83909  -46.424  15.498  41.253 0.0000000000
83023  -46.630  15.066  40.072 0.0000000000
83022  -46.041  15.022  40.621 0.0000000000
83036  -45.490  14.594  39.601 0.0000000000
83924  -44.391  14.693  38.607 0.0000000000
83019  -42.833  14.506  40.337 0.0000000000
83034  -43.390  14.613  39.427 0.0000000000
83938  -43.544  15.124  37.705 0.0000000000
83952  -42.669  15.816  37.118 0.0000000000
84802  -42.864  16.063  36.345 0.0000000000
85626  -41.779  17.448  35.928 0.0000000000
89465  -45.445  22.567  41.259 0.0000000000
88675  -44.959  22.382  40.674 0.0000000000
89475  -46.507  22.704  40.159 0.0000000000
89485  -46.492  22.780  39.213 0.0000000000
89494  -47.450  23.259  37.678 0.0000000000
90276  -49.516  23.862  39.348 0.0000000000
90295  -48.259  23.579  37.814 0.0000000000
89502  -47.978  23.363  36.295 0.0000000000
89509  -47.830  23.275  35.342 0.0000000000
91090  -47.554  23.653  34.452 0.0000000000
91080  -46.510  24.039  34.451 0.0000000000
91088  -45.245  24.024  33.628 0.0000000000
91066  -46.233  24.706  34.900 0.0000000000
91786  -45.874  25.184  35.496 0.0000000000
91773  -45.457  25.369  36.242 0.0000000000
91740  -47.814  25.603  37.930 0.0000000000
91757  -46.119  25.491  37.055 0.0000000000
91756  -45.027  25.293  37.105 0.0000000000
91737  -44.616  25.188  38.139 0.0000000000
91718  -44.216  25.119  39.449 0.0000000000
91701  -43.457  25.551  40.150 0.0000000000
84729  -38.676  15.654  44.248 0.0000000000
84737  -38.838  15.930  43.146 0.0000000000
85551  -37.833  17.196  42.785 0.0000000000
86324  -38.218  18.236  42.448 0.0000000000
86317  -39.192  19.074  42.111 0.0000000000
87078  -38.382  19.501  43.943 0.0000000000
87081  -38.840  19.351  43.255 0.0000000000
87083  -40.313  19.963  42.276 0.0000000000
87849  -41.287  20.837  41.986 0.0000000000
87850  -42.291  21.238  42.327 0.0000000000
87851  -43.104  21.622  42.539 0.0000000000
87818  -42.280  21.040  45.077 0.0000000000
87828  -42.833  21.495  44.307 0.0000000000
88632  -43.956  22.145  43.079 0.0000000000
88655  -44.287  22.196  42.067 0.0000000000
89456  -45.691  22.517  41.984 0.0000000000
89457  -46.608  22.847  41.881 0.0000000000
89447  -47.234  23.451  42.782 0.0000000000
84767  -49.623  16.596  40.798 0.0000000000
84754  -48.655  16.382  41.365 0.0000000000
84724  -50.682  16.352  44.758 0.0000000000
84733  -50.636  16.536  43.912 0.0000000000
84741  -49.729  16.345  42.602 0.0000000000
84730  -48.270  15.982  42.725 0.0000000000
84738  -47.374  16.191  41.914 0.0000000000
83881  -46.056  15.549  42.783 0.0000000000
83880  -45.169  15.395  42.862 0.0000000000
83879  -44.309  15.265  42.949 0.0000000000
82983  -46.009  14.285  44.319 0.0000000000
83851  -44.439  14.806  44.024 0.0000000000
83864  -43.050  15.345  43.639 0.0000000000
83849  -42.729  15.261  44.347 0.0000000000
80276  -45.810  11.234  53.229 0.0000000000
79314  -44.434  10.428  52.483 0.0000000000
79315  -45.135  10.857  52.410 0.0000000000
80290  -46.505  11.523  52.339 0.0000000000
80298  -46.459  11.298  51.439 0.0000000000
80307  -47.310  11.546  50.486 0.0000000000
80326  -47.512  11.435  48.451 0.0000000000
80340  -45.823  11.015  47.379 0.0000000000
80351  -45.013  11.347  45.929 0.0000000000
81269  -43.100  12.272  45.596 0.0000000000
83846  -39.565  15.448  44.903 0.0000000000
84722  -38.705  15.506  45.151 0.0000000000
84715  -38.060  15.530  45.619 0.0000000000
84714  -36.742  16.415  45.349 0.0000000000
84713  -36.080  16.901  45.793 0.0000000000
83084  -51.157  15.010  34.311 0.0000000000
83104  -50.414  14.744  32.852 0.0000000000
83118  -49.659  14.578  31.932 0.0000000000
83942  -47.729  15.376  38.681 0.0000000000
83972  -48.457  15.868  37.024 0.0000000000
83970  -46.523  15.593  36.377 0.0000000000
83981  -47.677  15.783  35.683 0.0000000000
83994  -49.061  16.124  34.872 0.0000000000
84024  -49.755  15.550  32.735 0.0000000000
84040  -49.462  15.064  31.823 0.0000000000
82253  -49.476  14.098  31.489 0.0000000000
83129  -48.926  14.070  30.476 0.0000000000
83138  -47.948  14.543  29.424 0.0000000000
83137  -47.112  14.588  29.161 0.0000000000
84063  -46.550  15.283  29.284 0.0000000000
83136  -46.237  14.672  29.077 0.0000000000
84061  -44.781  15.321  28.985 0.0000000000
84060  -43.765  15.531  29.172 0.0000000000
84059  -42.804  15.759  29.311 0.0000000000
84751  -39.060  16.400  41.816 0.0000000000
85584  -39.625  17.357  39.912 0.0000000000
85585  -40.157  17.646  39.505 0.0000000000
87121  -40.478  18.657  39.636 0.0000000000
86351  -40.559  18.239  39.230 0.0000000000
85606  -40.900  17.369  38.296 0.0000000000
85607  -41.223  17.421  37.490 0.0000000000
86374  -41.372  18.182  36.174 0.0000000000
86380  -41.554  18.321  35.464 0.0000000000
88684  -44.285  22.129  39.083 0.0000000000
88695  -44.162  22.111  37.888 0.0000000000
88703  -42.951  21.321  36.856 0.0000000000
88713  -45.075  22.108  35.724 0.0000000000
87900  -44.033  21.377  35.797 0.0000000000
87898  -42.593  20.598  36.394 0.0000000000
87907  -42.663  20.274  35.292 0.0000000000
87149  -41.885  19.365  35.221 0.0000000000
86387  -42.391  18.621  33.837 0.0000000000
86394  -42.793  18.722  32.939 0.0000000000
85671  -43.834  17.969  30.635 0.0000000000
87181  -43.529  19.985  31.127 0.0000000000
86418  -43.776  18.571  30.111 0.0000000000
86419  -43.861  18.253  29.980 0.0000000000
86428  -43.476  18.200  29.398 0.0000000000
85683  -43.007  17.294  28.858 0.0000000000
87953  -41.837  20.397  31.339 0.0000000000
91086  -44.187  23.943  33.238 0.0000000000
90322  -43.032  23.855  33.550 0.0000000000
90331  -42.177  23.102  33.407 0.0000000000
91062  -41.815  24.217  34.876 0.0000000000
90320  -41.673  23.410  34.155 0.0000000000
89514  -41.226  22.618  34.217 0.0000000000
88719  -40.812  21.750  34.293 0.0000000000
87915  -39.929  20.220  34.823 0.0000000000
87147  -39.606  19.973  35.335 0.0000000000
90294  -38.732  23.351  37.101 0.0000000000
88691  -38.681  21.867  37.946 0.0000000000
92362  -43.122  26.425  40.582 0.0000000000
92361  -42.098  26.498  40.581 0.0000000000
91698  -40.616  25.841  40.095 0.0000000000
91697  -39.706  25.853  40.118 0.0000000000
91712  -38.218  25.263  39.490 0.0000000000
81250  -48.877  12.366  48.285 0.0000000000
81251  -49.487  12.889  48.041 0.0000000000
80343  -48.459  11.975  47.671 0.0000000000
78410  -39.459  9.221  48.633 0.0000000000
83911  -47.992  15.807  40.523 0.0000000000
83927  -48.774  15.930  39.847 0.0000000000
84828  -42.643  16.785  35.154 0.0000000000
88654  -43.567  21.866  41.826 0.0000000000
88664  -43.320  21.626  40.862 0.0000000000
90336  -46.450  22.970  33.037 0.0000000000
90346  -45.763  22.738  32.211 0.0000000000
91735  -42.359  25.175  38.308 0.0000000000
91716  -41.945  25.182  39.330 0.0000000000
82995  -43.850  14.860  42.301 0.0000000000
84776  -41.113  16.191  38.966 0.0000000000
90257  -47.938  23.458  41.569 0.0000000000
90265  -47.657  23.300  40.985 0.0000000000
91761  -50.008  25.315  37.668 0.0000000000
91042  -49.938  24.670  37.381 0.0000000000
91778  -49.645  25.165  37.008 0.0000000000
91053  -49.105  24.999  35.893 0.0000000000
91777  -49.083  25.366  36.397 0.0000000000
91776  -48.319  25.462  36.053 0.0000000000
92377  -45.986  25.857  39.761 0.0000000000
82260  -46.948  13.439  29.852 0.0000000000
82259  -45.827  13.745  29.838 0.0000000000
85535  -36.505  17.256  44.716 0.0000000000
87816  -39.538  20.483  45.186 0.0000000000
87826  -40.989  20.791  43.830 0.0000000000
87817  -41.015  20.649  44.924 0.0000000000
88635  -44.760  22.717  43.777 0.0000000000
82984  -47.083  14.510  44.139 0.0000000000
82106  -43.909  13.250  44.875 0.0000000000
82970  -42.944  13.999  45.029 0.0000000000
78360  -43.351  9.288  53.770 0.0000000000
79341  -44.476  10.261  49.712 0.0000000000
82956  -39.236  14.410  46.175 0.0000000000
82094  -38.962  13.777  46.465 0.0000000000
83995  -50.002  16.395  34.539 0.0000000000
84006  -46.909  14.984  33.224 0.0000000000
83101  -47.727  14.976  32.444 0.0000000000
84038  -47.869  15.265  31.033 0.0000000000
84882  -44.213  17.244  30.459 0.0000000000
85678  -44.157  17.689  29.744 0.0000000000
87101  -39.680  19.106  40.942 0.0000000000
88693  -42.435  21.103  37.755 0.0000000000
87892  -41.921  20.306  37.551 0.0000000000
89500  -46.620  22.794  36.962 0.0000000000
88706  -45.876  22.462  37.553 0.0000000000
87942  -44.886  21.443  32.891 0.0000000000
87940  -43.780  20.146  32.685 0.0000000000
88761  -43.251  20.748  30.463 0.0000000000
87188  -42.320  19.343  30.244 0.0000000000
88739  -41.618  21.429  32.598 0.0000000000
88738  -40.963  21.060  33.075 0.0000000000
88730  -41.185  21.650  33.475 0.0000000000
91784  -43.970  24.951  35.397 0.0000000000
91060  -40.171  24.191  35.698 0.0000000000
89506  -40.213  22.774  35.563 0.0000000000
91749  -38.058  24.865  37.868 0.0000000000
82993  -42.006  14.694  42.203 0.0000000000
84765  -40.242  15.869  40.233 0.0000000000
90259  -49.634  24.204  41.217 0.0000000000
91703  -50.320  25.470  39.937 0.0000000000
91724  -50.389  25.306  39.159 0.0000000000
92387  -49.536  26.042  38.785 0.0000000000
92367  -48.221  26.948  39.873 0.0000000000
81415  -48.282  13.233  30.818 0.0000000000
82261  -47.763  13.468  30.152 0.0000000000
86305  -35.842  19.139  45.778 0.0000000000
82100  -49.041  13.534  45.627 0.0000000000
80353  -47.024  11.706  46.339 0.0000000000
80360  -46.878  12.270  45.603 0.0000000000
80359  -46.240  12.012  45.549 0.0000000000
81279  -45.440  12.607  45.085 0.0000000000
80358  -45.535  11.849  45.551 0.0000000000
79364  -39.823  10.773  47.609 0.0000000000
80334  -39.934  11.504  47.106 0.0000000000
80333  -39.042  11.600  47.359 0.0000000000
80331  -37.173  11.774  47.573 0.0000000000
83968  -43.894  15.788  36.218 0.0000000000
84831  -44.983  15.668  34.264 0.0000000000
84844  -45.103  15.618  33.700 0.0000000000
84843  -44.477  15.990  33.301 0.0000000000
84856  -43.554  16.835  32.446 0.0000000000
87103  -41.021  20.362  40.909 0.0000000000
87859  -41.627  20.769  41.118 0.0000000000
88663  -42.927  21.617  40.294 0.0000000000
88672  -42.692  21.606  39.679 0.0000000000
89516  -47.216  22.666  34.386 0.0000000000
89534  -45.925  22.338  32.387 0.0000000000
88742  -45.645  21.790  32.738 0.0000000000
90343  -43.442  23.108  32.190 0.0000000000
90332  -42.822  23.245  32.920 0.0000000000
91751  -39.780  25.026  37.637 0.0000000000
91732  -39.446  25.192  38.498 0.0000000000
83010  -45.984  15.357  41.407 0.0000000000
83035  -44.467  14.537  39.312 0.0000000000
83018  -41.955  14.678  40.075 0.0000000000
83033  -42.442  14.834  39.419 0.0000000000
83922  -42.894  14.998  38.551 0.0000000000
84801  -42.366  16.166  36.888 0.0000000000
84813  -41.892  16.835  36.509 0.0000000000
84814  -42.415  16.651  36.014 0.0000000000
89474  -45.754  22.532  40.380 0.0000000000
89486  -47.273  23.214  38.824 0.0000000000
90284  -48.068  23.522  38.635 0.0000000000
90268  -50.028  24.179  40.209 0.0000000000
90297  -49.441  24.116  37.144 0.0000000000
90296  -48.746  23.624  37.312 0.0000000000
89495  -48.001  23.376  37.086 0.0000000000
91082  -47.998  24.052  34.848 0.0000000000
91081  -47.305  24.262  34.597 0.0000000000
91067  -47.163  24.793  34.816 0.0000000000
91775  -47.538  25.540  36.128 0.0000000000
91787  -46.870  25.311  35.410 0.0000000000
91720  -46.425  25.411  38.901 0.0000000000
91739  -46.787  25.524  37.928 0.0000000000
92363  -44.278  26.215  40.499 0.0000000000
82258  -44.832  14.027  30.484 0.0000000000
83133  -43.922  15.005  29.927 0.0000000000
84728  -37.740  16.459  43.507 0.0000000000
85560  -37.860  17.809  42.683 0.0000000000
86316  -38.632  18.903  42.646 0.0000000000
87833  -39.916  19.995  43.347 0.0000000000
87082  -39.610  19.588  42.757 0.0000000000
87848  -40.679  20.359  42.208 0.0000000000
88633  -44.099  22.276  43.354 0.0000000000
88645  -44.339  22.228  42.762 0.0000000000
88656  -44.944  22.383  42.298 0.0000000000
88657  -45.294  22.455  42.682 0.0000000000
89433  -45.561  22.852  43.377 0.0000000000
89445  -45.834  22.630  42.690 0.0000000000
89446  -46.542  22.977  42.735 0.0000000000
89458  -47.323  23.236  42.162 0.0000000000
85587  -51.752  17.492  40.953 0.0000000000
84756  -50.495  16.799  42.078 0.0000000000
84768  -50.449  16.906  41.114 0.0000000000
84723  -50.162  16.012  44.128 0.0000000000
84742  -50.569  16.641  43.016 0.0000000000
84732  -49.847  16.080  43.479 0.0000000000
83869  -47.959  15.624  43.237 0.0000000000
84739  -47.944  16.165  42.194 0.0000000000
83882  -47.079  15.885  42.518 0.0000000000
83866  -44.816  15.083  43.461 0.0000000000
83841  -44.079  14.625  44.411 0.0000000000
83865  -43.989  15.236  43.591 0.0000000000
81236  -47.943  11.987  50.702 0.0000000000
79284  -44.819  10.236  54.311 0.0000000000
79285  -45.374  10.672  54.181 0.0000000000
80256  -45.888  11.167  54.097 0.0000000000
79313  -43.809  9.963  52.232 0.0000000000
79322  -43.805  10.091  51.551 0.0000000000
79324  -45.122  10.827  51.529 0.0000000000
80289  -45.811  11.171  52.374 0.0000000000
80314  -45.918  10.850  49.702 0.0000000000
80306  -46.548  11.184  50.576 0.0000000000
80315  -46.622  11.155  49.599 0.0000000000
80316  -47.334  11.442  49.442 0.0000000000
80325  -46.686  11.161  48.520 0.0000000000
80339  -44.752  10.818  46.914 0.0000000000
80350  -43.901  11.330  45.932 0.0000000000
83831  -39.904  14.950  45.683 0.0000000000
82967  -40.309  14.853  45.657 0.0000000000
83837  -40.272  15.126  45.383 0.0000000000
84708  -37.901  15.353  46.070 0.0000000000
82954  -37.655  14.329  46.696 0.0000000000
84706  -35.843  16.290  46.422 0.0000000000
85527  -35.704  17.263  45.995 0.0000000000
83085  -51.696  15.462  34.169 0.0000000000
83105  -50.994  15.533  33.431 0.0000000000
84041  -50.102  15.162  32.392 0.0000000000
83925  -47.069  15.145  39.505 0.0000000000
83941  -46.722  15.031  38.482 0.0000000000
83957  -47.596  15.480  37.669 0.0000000000
83980  -46.618  15.495  35.371 0.0000000000
84009  -50.157  16.109  33.783 0.0000000000
83117  -49.141  14.385  31.007 0.0000000000
83116  -48.757  14.768  30.634 0.0000000000
84065  -48.179  15.113  29.759 0.0000000000
84064  -47.454  15.192  29.501 0.0000000000
84036  -45.738  16.001  30.462 0.0000000000
84050  -45.855  15.840  29.594 0.0000000000
83135  -45.414  14.604  29.290 0.0000000000
84907  -44.400  16.558  28.610 0.0000000000
84070  -44.458  15.845  28.626 0.0000000000
84069  -44.054  16.056  28.574 0.0000000000
84899  -43.163  16.155  28.793 0.0000000000
84750  -38.432  17.012  41.921 0.0000000000
86343  -39.604  18.177  40.320 0.0000000000
85574  -39.176  17.339  40.759 0.0000000000
87122  -40.951  19.191  39.289 0.0000000000
86352  -41.002  18.571  38.709 0.0000000000
86359  -40.778  17.986  38.629 0.0000000000
86360  -41.173  18.311  37.961 0.0000000000
87141  -41.402  19.027  36.255 0.0000000000
86367  -41.288  18.302  36.970 0.0000000000
88685  -45.310  22.302  39.509 0.0000000000
88694  -43.126  21.830  37.705 0.0000000000
88704  -44.046  21.747  36.503 0.0000000000
88722  -45.223  21.674  34.593 0.0000000000
87919  -44.316  21.186  34.606 0.0000000000
88712  -44.514  21.495  35.308 0.0000000000
87909  -43.986  21.204  35.409 0.0000000000
87899  -43.541  21.146  36.048 0.0000000000
87156  -42.429  19.353  34.157 0.0000000000
86381  -41.997  18.528  34.752 0.0000000000
85646  -42.567  17.844  33.508 0.0000000000
86403  -43.245  18.906  32.272 0.0000000000
86411  -43.717  18.845  30.770 0.0000000000
87182  -43.842  20.415  31.731 0.0000000000
86429  -43.927  17.866  29.640 0.0000000000
86426  -42.593  17.824  29.323 0.0000000000
85682  -42.635  17.296  29.171 0.0000000000
84898  -42.726  16.545  29.017 0.0000000000
88751  -42.666  21.418  31.208 0.0000000000
87938  -41.020  20.443  32.436 0.0000000000
87952  -41.026  20.023  31.838 0.0000000000
91078  -44.837  24.387  34.150 0.0000000000
91087  -44.692  24.073  33.383 0.0000000000
91064  -43.610  24.673  34.966 0.0000000000
90321  -42.382  23.642  33.742 0.0000000000
91052  -42.255  24.573  35.677 0.0000000000
89513  -40.710  22.676  34.848 0.0000000000
87905  -40.087  20.859  35.372 0.0000000000
87890  -39.360  21.450  37.024 0.0000000000
87889  -39.014  20.941  37.425 0.0000000000
90303  -38.542  23.918  36.967 0.0000000000
89492  -38.650  22.721  37.491 0.0000000000
88681  -38.120  21.770  38.498 0.0000000000
92942  -41.591  27.429  40.653 0.0000000000
92360  -41.135  26.583  40.438 0.0000000000
92359  -40.210  26.583  40.494 0.0000000000
91713  -39.143  25.359  39.413 0.0000000000
91012  -49.679  25.082  41.752 0.0000000000
91683  -49.765  25.682  41.287 0.0000000000
91702  -49.934  25.964  40.470 0.0000000000
92346  -49.468  26.588  41.109 0.0000000000
92930  -49.172  27.325  41.069 0.0000000000
82251  -48.591  13.322  30.935 0.0000000000
87065  -35.464  19.283  47.115 0.0000000000
87066  -36.037  19.737  46.509 0.0000000000
81273  -48.195  12.424  46.146 0.0000000000
80354  -47.747  11.920  46.537 0.0000000000
80341  -46.823  11.328  47.409 0.0000000000
84778  -49.447  16.368  40.043 0.0000000000
83928  -49.345  16.172  39.538 0.0000000000
83943  -48.589  15.601  38.919 0.0000000000
84855  -42.937  17.205  33.095 0.0000000000
87869  -42.742  21.265  41.163 0.0000000000
88673  -43.432  21.942  39.847 0.0000000000
89535  -47.310  22.877  33.947 0.0000000000
89524  -46.941  22.661  33.828 0.0000000000
89547  -45.577  22.223  31.846 0.0000000000
90358  -45.599  22.476  31.871 0.0000000000
90357  -45.464  22.569  31.716 0.0000000000
89532  -44.517  22.774  31.372 0.0000000000
90344  -44.201  23.223  31.986 0.0000000000
83008  -44.368  14.726  41.511 0.0000000000
83908  -41.433  15.163  39.713 0.0000000000
83936  -41.908  15.987  38.048 0.0000000000
89467  -47.073  22.966  40.835 0.0000000000
89468  -47.688  23.172  40.431 0.0000000000
89477  -48.009  23.195  39.966 0.0000000000
90287  -50.293  24.284  38.091 0.0000000000
90298  -49.919  24.360  37.609 0.0000000000
90306  -49.035  24.149  36.085 0.0000000000
91070  -49.059  24.419  35.926 0.0000000000
91069  -48.688  24.531  35.604 0.0000000000
92364  -45.421  26.535  40.395 0.0000000000
84727  -37.045  17.021  43.654 0.0000000000
86312  -37.449  18.699  43.679 0.0000000000
87072  -38.360  19.970  44.978 0.0000000000
87820  -43.725  21.979  45.008 0.0000000000
87829  -43.499  21.961  44.467 0.0000000000
87830  -43.910  22.256  44.632 0.0000000000
87839  -43.918  22.329  44.167 0.0000000000
88634  -44.345  22.565  43.898 0.0000000000
85576  -51.748  17.587  42.049 0.0000000000
83870  -49.089  15.728  43.737 0.0000000000
82972  -45.215  13.908  44.499 0.0000000000
83840  -43.406  14.713  44.689 0.0000000000
78393  -43.186  9.685  50.716 0.0000000000
79330  -43.796  10.105  50.692 0.0000000000
79332  -45.170  10.652  50.656 0.0000000000
79342  -45.231  10.521  49.744 0.0000000000
79357  -45.316  10.451  48.787 0.0000000000
79370  -45.346  10.575  47.896 0.0000000000
82096  -40.805  13.461  45.842 0.0000000000
82957  -40.201  14.427  45.846 0.0000000000
83830  -39.352  14.914  45.849 0.0000000000
83829  -38.526  15.037  46.072 0.0000000000
84011  -51.928  15.823  33.855 0.0000000000
84872  -51.258  16.184  33.413 0.0000000000
83048  -45.895  14.722  38.840 0.0000000000
84007  -47.781  14.948  33.745 0.0000000000
83093  -48.286  15.064  33.179 0.0000000000
83102  -48.254  15.050  32.630 0.0000000000
84035  -45.023  16.264  30.694 0.0000000000
84893  -45.279  16.383  29.198 0.0000000000
84901  -45.079  16.282  28.655 0.0000000000
84900  -44.825  16.985  28.901 0.0000000000
85693  -44.274  17.250  28.889 0.0000000000
86336  -38.929  18.305  41.457 0.0000000000
87112  -40.229  18.969  40.199 0.0000000000
87142  -41.890  19.875  36.174 0.0000000000
88697  -45.888  22.515  38.641 0.0000000000
87918  -43.514  20.598  34.394 0.0000000000
87162  -43.011  19.511  33.172 0.0000000000
87163  -43.554  19.918  32.838 0.0000000000
87198  -43.291  18.796  29.517 0.0000000000
87197  -42.956  18.851  29.342 0.0000000000
86417  -42.979  18.684  29.321 0.0000000000
85670  -41.878  17.482  30.213 0.0000000000
88740  -42.267  21.731  32.007 0.0000000000
91794  -44.435  24.714  34.823 0.0000000000
91063  -42.948  24.531  35.047 0.0000000000
91061  -40.834  24.248  35.353 0.0000000000
88701  -39.585  21.974  36.725 0.0000000000
89499  -39.203  22.766  36.959 0.0000000000
89483  -37.610  22.392  38.610 0.0000000000
90292  -37.286  23.549  37.877 0.0000000000
82994  -42.857  14.816  42.211 0.0000000000
83891  -40.944  14.903  41.222 0.0000000000
83907  -40.708  15.369  40.137 0.0000000000
91026  -50.631  24.675  38.793 0.0000000000
91743  -50.531  25.124  38.283 0.0000000000
92386  -49.288  26.103  38.722 0.0000000000
85534  -35.997  17.603  45.345 0.0000000000
86308  -36.140  18.764  45.098 0.0000000000
87076  -36.743  19.392  44.879 0.0000000000
87071  -37.339  19.859  45.289 0.0000000000
82111  -48.742  13.861  44.987 0.0000000000
82116  -47.789  14.078  44.335 0.0000000000
82109  -46.534  13.516  44.676 0.0000000000
82108  -45.698  13.345  44.722 0.0000000000
81278  -44.601  12.754  45.029 0.0000000000
81270  -44.048  12.310  45.349 0.0000000000
78372  -42.734  8.951  52.761 0.0000000000
78384  -42.630  9.117  51.825 0.0000000000
78392  -42.373  9.223  50.752 0.0000000000
78404  -43.255  9.730  50.007 0.0000000000
82086  -39.310  13.037  46.519 0.0000000000
82085  -38.604  13.133  46.705 0.0000000000
80332  -38.050  11.571  47.471 0.0000000000
83991  -45.809  15.406  33.815 0.0000000000
84005  -46.023  15.367  32.722 0.0000000000
84871  -44.502  16.526  30.926 0.0000000000
87091  -40.648  20.233  41.638 0.0000000000
87102  -40.312  19.787  40.886 0.0000000000
89507  -46.703  22.481  35.816 0.0000000000
88732  -45.973  21.625  33.946 0.0000000000
87957  -44.772  21.279  32.191 0.0000000000
88760  -42.960  20.995  30.600 0.0000000000
91770  -42.024  24.843  36.499 0.0000000000
91049  -39.607  24.442  36.317 0.0000000000
83910  -47.053  15.487  40.565 0.0000000000
83047  -45.147  14.640  38.701 0.0000000000
83046  -44.649  14.662  38.630 0.0000000000
83923  -43.876  14.776  38.577 0.0000000000
83953  -43.168  15.675  36.864 0.0000000000
85627  -42.169  17.234  35.415 0.0000000000
88666  -44.846  22.386  41.567 0.0000000000
89484  -46.035  22.488  39.686 0.0000000000
90275  -48.595  23.553  39.558 0.0000000000
90285  -48.858  23.691  38.485 0.0000000000
89517  -47.606  23.003  34.651 0.0000000000
90313  -48.273  23.846  35.372 0.0000000000
90326  -47.685  23.461  34.611 0.0000000000
89525  -47.451  22.966  34.225 0.0000000000
90325  -46.674  23.458  33.985 0.0000000000
90324  -46.045  23.607  33.709 0.0000000000
90323  -45.589  23.818  33.605 0.0000000000
91079  -45.629  24.090  34.264 0.0000000000
91758  -47.205  25.531  37.009 0.0000000000
84736  -38.306  16.718  42.541 0.0000000000
85561  -38.234  17.564  42.221 0.0000000000
86325  -38.674  18.396  41.941 0.0000000000
86313  -38.194  19.023  43.259 0.0000000000
87837  -43.472  21.924  43.478 0.0000000000
88644  -43.796  22.035  42.640 0.0000000000
89455  -45.249  22.473  41.807 0.0000000000
89459  -48.038  23.582  42.330 0.0000000000
85597  -51.162  17.178  40.638 0.0000000000
84779  -50.562  16.752  39.946 0.0000000000
84766  -49.021  16.391  40.620 0.0000000000
83912  -48.553  16.174  40.614 0.0000000000
83897  -48.070  16.162  41.036 0.0000000000
84740  -48.834  16.284  42.307 0.0000000000
84753  -47.798  16.203  41.552 0.0000000000
84752  -47.378  16.123  41.560 0.0000000000
83895  -46.942  15.926  41.569 0.0000000000
83894  -46.167  15.624  41.967 0.0000000000
83893  -45.572  15.450  42.366 0.0000000000
82997  -45.188  15.342  42.344 0.0000000000
83852  -45.344  14.772  43.874 0.0000000000
82982  -44.870  14.385  44.213 0.0000000000
83863  -41.982  15.082  43.655 0.0000000000
80317  -48.044  11.786  49.342 0.0000000000
81169  -47.002  11.826  54.550 0.0000000000
80257  -46.462  11.581  54.035 0.0000000000
80277  -46.427  11.600  53.190 0.0000000000
78374  -44.100  10.055  52.874 0.0000000000
79298  -44.668  10.377  53.452 0.0000000000
81207  -47.022  11.948  53.182 0.0000000000
81218  -47.078  11.923  52.580 0.0000000000
80291  -46.908  11.709  52.011 0.0000000000
80299  -47.078  11.619  51.386 0.0000000000
80308  -47.818  11.785  50.069 0.0000000000
79367  -42.751  10.392  47.626 0.0000000000
80337  -42.848  10.801  46.788 0.0000000000
80348  -42.133  11.637  46.330 0.0000000000
80349  -42.979  11.494  46.152 0.0000000000
84716  -38.750  15.340  45.555 0.0000000000
84707  -37.190  15.676  46.077 0.0000000000
85533  -35.542  17.935  45.943 0.0000000000
84705  -34.968  16.898  46.887 0.0000000000
85526  -35.156  17.599  46.520 0.0000000000
86302  -35.017  18.539  47.254 0.0000000000
83094  -50.520  14.461  33.750 0.0000000000
83096  -51.528  15.448  33.869 0.0000000000
83095  -50.988  15.159  33.746 0.0000000000
82229  -49.713  13.601  33.186 0.0000000000
82240  -49.618  13.971  32.125 0.0000000000
82263  -49.045  13.864  30.696 0.0000000000
82262  -48.553  13.644  30.452 0.0000000000
83128  -48.570  14.465  30.165 0.0000000000
82269  -48.161  13.935  29.767 0.0000000000
84051  -46.768  15.653  29.904 0.0000000000
82266  -46.034  14.177  29.261 0.0000000000
83134  -44.525  14.869  29.591 0.0000000000
84071  -44.969  15.789  28.642 0.0000000000
84049  -43.523  15.126  29.881 0.0000000000
84774  -39.863  16.740  39.834 0.0000000000
85595  -40.034  17.075  39.520 0.0000000000
85596  -40.476  17.340  39.051 0.0000000000
85616  -41.492  17.461  36.689 0.0000000000
85637  -41.881  17.802  35.241 0.0000000000
85677  -44.011  17.892  30.089 0.0000000000
87172  -44.000  20.480  31.993 0.0000000000
85684  -43.851  17.687  29.150 0.0000000000
85692  -43.860  17.211  28.775 0.0000000000
86436  -43.210  17.625  28.913 0.0000000000
85691  -43.392  17.223  28.769 0.0000000000
87180  -41.653  19.392  30.866 0.0000000000
87179  -41.052  19.456  31.572 0.0000000000
91075  -42.094  23.894  34.237 0.0000000000
88720  -41.273  22.103  33.860 0.0000000000
87916  -40.309  20.648  34.293 0.0000000000
87906  -40.436  21.274  34.786 0.0000000000
87896  -39.140  20.358  36.890 0.0000000000
92947  -46.782  27.450  40.588 0.0000000000
92943  -42.593  27.436  40.692 0.0000000000
91699  -41.546  25.711  40.155 0.0000000000
81260  -48.259  11.987  46.969 0.0000000000
81283  -48.766  13.409  45.531 0.0000000000
83091  -47.365  14.943  32.679 0.0000000000
83103  -48.586  15.224  32.913 0.0000000000
83106  -51.400  15.748  33.478 0.0000000000
84010  -50.873  16.214  33.444 0.0000000000
84026  -51.271  15.962  33.244 0.0000000000
84027  -51.658  15.879  33.496 0.0000000000
84858  -50.534  16.588  34.415 0.0000000000
84861  -51.825  16.048  33.571 0.0000000000
84873  -51.458  16.046  33.270 0.0000000000
84905  -43.167  16.760  28.736 0.0000000000
85663  -43.344  18.494  32.000 0.0000000000
86437  -43.455  17.724  29.008 0.0000000000
87191  -43.726  18.728  29.955 0.0000000000
87920  -44.822  21.508  34.437 0.0000000000
87931  -45.529  21.662  33.834 0.0000000000
88725  -47.674  22.712  34.251 0.0000000000
88733  -47.428  22.403  34.264 0.0000000000
88734  -47.488  22.620  34.152 0.0000000000
88743  -47.240  22.604  34.060 0.0000000000
88744  -47.483  22.819  33.968 0.0000000000
89533  -45.727  22.397  32.045 0.0000000000
89536  -47.387  23.093  34.012 0.0000000000
89548  -45.710  22.203  32.070 0.0000000000
90288  -50.372  24.375  37.809 0.0000000000
90299  -50.171  24.459  37.686 0.0000000000
90338  -47.403  23.207  34.161 0.0000000000
90348  -47.529  22.917  33.797 0.0000000000
90349  -47.556  23.122  33.896 0.0000000000
91033  -50.713  24.634  38.236 0.0000000000
91034  -50.672  24.507  37.949 0.0000000000
91041  -49.685  24.429  37.152 0.0000000000
91043  -50.449  24.587  37.705 0.0000000000
91055  -49.748  24.888  37.036 0.0000000000
91089  -47.189  23.584  34.303 0.0000000000
91762  -50.421  24.938  37.700 0.0000000000
91763  -50.689  24.771  37.809 0.0000000000
91779  -49.969  25.014  37.331 0.0000000000
91793  -43.938  24.693  34.834 0.0000000000
