#!ascii label  , from subject A00073705 vox2ras=TkReg
338
68005  -26.275  -1.645  2.252 0.0000000000
63754  -23.450  -5.506  4.226 0.0000000000
63769  -27.084  -4.334  4.397 0.0000000000
60843  -25.572  -8.279  5.440 0.0000000000
78898  -26.051  9.505  0.054 0.0000000000
76939  -27.129  7.144  1.212 0.0000000000
71146  -23.320  1.972  1.567 0.0000000000
57693  -24.022  -11.314  7.444 0.0000000000
61866  -24.215  -7.047  4.509 0.0000000000
60826  -22.846  -8.242  6.133 0.0000000000
77886  -26.383  8.822  1.387 0.0000000000
75950  -24.076  6.426  0.579 0.0000000000
67043  -23.229  -2.067  2.932 0.0000000000
69032  -21.719  -0.358  3.520 0.0000000000
69064  -24.686  0.146  1.962 0.0000000000
72097  -25.539  2.909  2.177 0.0000000000
71106  -26.747  1.445  2.829 0.0000000000
69035  -27.618  -0.526  3.781 0.0000000000
66021  -21.714  -3.238  4.693 0.0000000000
66056  -24.009  -3.712  2.018 0.0000000000
66060  -27.313  -3.468  2.160 0.0000000000
62827  -25.815  -5.915  2.710 0.0000000000
62793  -26.690  -6.618  5.062 0.0000000000
61844  -27.622  -7.788  6.057 0.0000000000
73082  -21.446  3.608  2.212 0.0000000000
74112  -24.795  4.721  1.010 0.0000000000
75019  -27.267  5.496  2.430 0.0000000000
59796  -22.086  -9.347  7.277 0.0000000000
58804  -24.448  -10.116  6.564 0.0000000000
61843  -22.214  -7.358  6.215 0.0000000000
60825  -21.971  -7.933  6.647 0.0000000000
75934  -23.267  7.046  0.753 0.0000000000
75932  -21.184  6.030  1.891 0.0000000000
68003  -24.574  -1.394  2.415 0.0000000000
69050  -24.219  -0.336  2.415 0.0000000000
69051  -25.136  -0.474  2.113 0.0000000000
70116  -25.958  0.867  1.714 0.0000000000
69033  -26.513  -0.277  2.889 0.0000000000
70077  -27.144  0.486  3.463 0.0000000000
69053  -26.622  -1.262  2.729 0.0000000000
64783  -22.442  -3.986  4.304 0.0000000000
64792  -22.711  -4.197  3.100 0.0000000000
63775  -23.285  -4.971  2.896 0.0000000000
63789  -25.080  -5.086  1.983 0.0000000000
63766  -24.238  -5.863  3.023 0.0000000000
61855  -24.367  -7.706  4.854 0.0000000000
62806  -25.874  -6.584  4.367 0.0000000000
61857  -26.099  -7.395  5.068 0.0000000000
61858  -27.094  -7.468  5.656 0.0000000000
60844  -26.474  -8.233  5.691 0.0000000000
77928  -23.255  8.903  0.805 0.0000000000
78896  -22.904  9.939  0.884 0.0000000000
78911  -25.053  10.233  0.369 0.0000000000
81696  -25.107  11.674  0.669 0.0000000000
79838  -26.255  10.193  1.191 0.0000000000
76923  -26.987  7.905  1.439 0.0000000000
70094  -22.034  1.207  2.877 0.0000000000
71123  -21.841  1.963  2.544 0.0000000000
72114  -22.421  2.790  1.651 0.0000000000
73116  -23.075  3.980  0.440 0.0000000000
73100  -23.478  3.403  0.755 0.0000000000
72099  -26.939  3.111  2.638 0.0000000000
74101  -26.983  4.590  2.296 0.0000000000
74088  -28.077  4.335  3.265 0.0000000000
64804  -26.832  -3.825  3.756 0.0000000000
66033  -27.485  -3.061  4.128 0.0000000000
57692  -22.902  -11.262  7.510 0.0000000000
58786  -23.724  -10.606  6.980 0.0000000000
58803  -23.604  -9.834  6.562 0.0000000000
58787  -24.648  -10.815  6.980 0.0000000000
62802  -22.590  -5.999  5.176 0.0000000000
62814  -23.834  -5.956  4.111 0.0000000000
62791  -22.825  -6.664  5.269 0.0000000000
60840  -23.179  -7.778  5.550 0.0000000000
59822  -24.267  -8.720  5.699 0.0000000000
77910  -24.595  8.469  0.654 0.0000000000
78869  -26.465  9.000  1.004 0.0000000000
76921  -25.013  7.963  0.729 0.0000000000
76937  -25.465  7.502  0.685 0.0000000000
76952  -25.832  7.011  0.786 0.0000000000
67029  -21.861  -1.708  3.764 0.0000000000
67987  -22.143  -1.185  3.517 0.0000000000
70096  -23.644  0.423  2.359 0.0000000000
71126  -23.887  0.943  2.156 0.0000000000
72117  -24.833  2.561  1.717 0.0000000000
71148  -25.089  1.499  2.017 0.0000000000
72081  -26.803  2.163  2.781 0.0000000000
72083  -28.144  2.374  3.699 0.0000000000
71108  -28.099  1.556  3.891 0.0000000000
56593  -24.931  -12.635  8.162 0.0000000000
56610  -25.115  -11.892  7.726 0.0000000000
67017  -22.123  -2.662  3.832 0.0000000000
66043  -24.188  -2.992  2.050 0.0000000000
67058  -25.422  -2.694  1.721 0.0000000000
68018  -26.517  -2.226  1.828 0.0000000000
66058  -25.757  -3.584  1.590 0.0000000000
63791  -26.941  -5.049  1.860 0.0000000000
63768  -26.495  -4.955  3.905 0.0000000000
62816  -25.171  -6.262  3.563 0.0000000000
63767  -26.275  -5.843  3.845 0.0000000000
63756  -26.810  -5.788  4.660 0.0000000000
63745  -27.297  -6.172  5.204 0.0000000000
62780  -28.293  -6.844  6.096 0.0000000000
79822  -26.250  9.651  1.577 0.0000000000
75029  -22.338  4.990  1.019 0.0000000000
75030  -24.652  5.615  0.705 0.0000000000
75936  -25.865  6.074  1.242 0.0000000000
73102  -25.294  3.814  1.637 0.0000000000
75018  -26.729  5.425  1.821 0.0000000000
75938  -27.140  6.359  1.788 0.0000000000
67031  -27.333  -2.350  3.726 0.0000000000
67032  -27.811  -1.955  4.344 0.0000000000
60810  -21.523  -8.435  7.356 0.0000000000
59807  -22.785  -9.148  6.751 0.0000000000
59809  -24.213  -9.363  6.039 0.0000000000
59810  -25.194  -9.613  6.281 0.0000000000
58788  -25.461  -10.943  7.002 0.0000000000
59811  -26.294  -9.971  6.550 0.0000000000
60829  -25.898  -8.969  6.027 0.0000000000
75005  -20.923  5.666  2.449 0.0000000000
68004  -25.463  -1.627  2.160 0.0000000000
69052  -26.084  -0.520  2.643 0.0000000000
69034  -26.825  -0.497  3.088 0.0000000000
63753  -22.751  -5.217  4.686 0.0000000000
64772  -22.119  -4.595  5.033 0.0000000000
63764  -23.105  -4.880  3.801 0.0000000000
63776  -23.991  -5.315  2.744 0.0000000000
63765  -23.712  -5.572  3.478 0.0000000000
60842  -24.685  -8.309  5.309 0.0000000000
61856  -25.242  -7.778  4.862 0.0000000000
77929  -24.972  8.906  0.515 0.0000000000
77940  -24.825  9.366  0.523 0.0000000000
77941  -25.483  9.621  0.220 0.0000000000
79860  -25.760  10.594  0.383 0.0000000000
79848  -26.068  10.475  0.639 0.0000000000
78887  -26.258  9.880  0.401 0.0000000000
76924  -27.421  7.297  2.333 0.0000000000
71124  -22.543  1.770  2.063 0.0000000000
72096  -21.957  2.427  2.126 0.0000000000
71145  -22.850  2.320  1.606 0.0000000000
72115  -23.130  2.788  1.284 0.0000000000
73069  -27.921  3.290  3.262 0.0000000000
73085  -27.372  3.743  2.750 0.0000000000
64793  -26.666  -4.186  3.713 0.0000000000
66046  -27.099  -3.551  3.864 0.0000000000
64795  -27.950  -4.020  4.662 0.0000000000
56609  -24.402  -11.962  7.794 0.0000000000
56608  -23.526  -11.896  7.907 0.0000000000
62790  -22.063  -6.428  5.918 0.0000000000
61853  -22.731  -7.318  5.640 0.0000000000
60841  -23.734  -8.206  5.509 0.0000000000
60827  -23.434  -8.596  5.933 0.0000000000
76920  -23.273  7.829  0.885 0.0000000000
75935  -23.955  6.999  0.590 0.0000000000
76936  -24.199  7.385  0.638 0.0000000000
76950  -24.280  6.983  0.589 0.0000000000
76951  -24.868  6.976  0.656 0.0000000000
67030  -22.321  -2.204  3.352 0.0000000000
68001  -22.918  -1.255  3.222 0.0000000000
69049  -23.307  -0.379  2.783 0.0000000000
70097  -24.264  0.586  2.157 0.0000000000
71147  -24.195  1.494  1.819 0.0000000000
70114  -24.823  0.803  2.000 0.0000000000
70099  -26.258  0.619  2.298 0.0000000000
71128  -26.213  1.501  2.046 0.0000000000
71107  -27.544  1.525  3.506 0.0000000000
70078  -28.064  0.712  3.929 0.0000000000
69014  -28.446  -0.159  4.214 0.0000000000
66022  -22.136  -3.025  4.171 0.0000000000
66055  -23.579  -3.923  2.268 0.0000000000
66042  -23.147  -3.207  2.490 0.0000000000
66044  -24.618  -2.962  1.853 0.0000000000
66057  -24.845  -3.456  1.728 0.0000000000
64816  -25.407  -4.327  1.658 0.0000000000
63778  -25.569  -5.653  2.327 0.0000000000
63790  -25.987  -5.221  1.701 0.0000000000
63779  -26.348  -5.579  2.710 0.0000000000
63780  -26.726  -4.706  2.830 0.0000000000
62804  -24.015  -6.491  4.250 0.0000000000
62815  -24.343  -6.161  3.656 0.0000000000
62805  -24.789  -6.587  4.194 0.0000000000
63755  -26.398  -6.140  4.321 0.0000000000
61859  -27.715  -7.339  5.924 0.0000000000
61845  -28.234  -7.378  6.325 0.0000000000
77911  -26.147  8.476  0.639 0.0000000000
78853  -26.331  9.026  1.580 0.0000000000
73081  -20.800  3.596  2.757 0.0000000000
74098  -21.082  4.328  2.448 0.0000000000
75028  -21.868  5.023  1.553 0.0000000000
74099  -21.674  4.363  1.911 0.0000000000
73118  -24.233  4.461  0.573 0.0000000000
74123  -23.803  4.840  0.452 0.0000000000
74124  -24.324  5.035  0.531 0.0000000000
75031  -25.316  5.558  1.213 0.0000000000
73083  -25.960  3.520  2.239 0.0000000000
74100  -26.196  4.472  1.865 0.0000000000
75922  -27.680  6.275  2.668 0.0000000000
67060  -26.928  -2.734  1.866 0.0000000000
67047  -27.092  -2.546  2.690 0.0000000000
67018  -27.783  -2.628  4.348 0.0000000000
58784  -21.924  -10.251  7.684 0.0000000000
60811  -22.257  -8.619  6.844 0.0000000000
57695  -25.611  -11.391  7.480 0.0000000000
62779  -21.846  -6.932  6.365 0.0000000000
61842  -21.748  -7.284  6.580 0.0000000000
75921  -23.111  7.467  0.826 0.0000000000
75933  -22.055  6.713  1.410 0.0000000000
75949  -22.953  6.250  0.835 0.0000000000
67044  -23.968  -2.251  2.532 0.0000000000
68002  -23.756  -1.288  2.842 0.0000000000
69065  -25.155  0.293  1.845 0.0000000000
70098  -25.676  0.270  2.050 0.0000000000
70076  -26.574  0.212  2.901 0.0000000000
64782  -21.836  -3.917  5.068 0.0000000000
66032  -22.254  -3.259  3.422 0.0000000000
64802  -23.372  -4.261  2.526 0.0000000000
64814  -23.881  -4.377  2.144 0.0000000000
64815  -24.594  -4.353  1.879 0.0000000000
63788  -24.303  -4.955  2.227 0.0000000000
63777  -24.757  -5.569  2.593 0.0000000000
62826  -25.334  -6.001  2.865 0.0000000000
61867  -25.014  -7.185  4.549 0.0000000000
61868  -25.562  -7.246  4.709 0.0000000000
62792  -26.214  -6.856  4.853 0.0000000000
60845  -27.219  -8.229  5.927 0.0000000000
78909  -23.971  10.052  0.736 0.0000000000
79859  -25.307  10.632  0.402 0.0000000000
80783  -26.182  11.393  1.844 0.0000000000
76922  -26.257  8.019  0.763 0.0000000000
77887  -26.332  8.841  1.750 0.0000000000
77912  -26.570  8.558  1.511 0.0000000000
71104  -20.831  1.646  3.824 0.0000000000
72080  -20.956  2.370  3.387 0.0000000000
72095  -21.335  2.707  2.639 0.0000000000
73098  -22.025  3.624  1.648 0.0000000000
74110  -22.217  4.349  1.304 0.0000000000
73099  -22.675  3.603  1.036 0.0000000000
73101  -24.388  3.618  0.891 0.0000000000
73084  -26.655  3.663  2.376 0.0000000000
74102  -27.477  4.731  2.801 0.0000000000
64803  -26.947  -3.969  2.907 0.0000000000
66045  -27.118  -3.172  3.221 0.0000000000
66034  -27.828  -3.512  4.400 0.0000000000
57691  -22.385  -10.724  7.594 0.0000000000
58785  -22.790  -10.119  7.076 0.0000000000
58802  -23.154  -9.547  6.677 0.0000000000
63744  -22.025  -5.393  5.365 0.0000000000
62803  -23.341  -6.236  4.675 0.0000000000
61865  -23.736  -6.780  4.578 0.0000000000
61854  -23.464  -7.267  4.998 0.0000000000
77909  -22.411  8.435  1.400 0.0000000000
78886  -26.221  9.276  0.443 0.0000000000
78885  -25.726  8.805  0.437 0.0000000000
78868  -25.902  8.266  0.873 0.0000000000
76935  -23.455  7.466  0.742 0.0000000000
76938  -26.463  7.469  0.819 0.0000000000
76953  -26.548  6.992  0.891 0.0000000000
69048  -22.491  -0.378  3.147 0.0000000000
70095  -22.767  0.575  2.593 0.0000000000
71125  -23.383  1.166  2.036 0.0000000000
71127  -25.581  2.023  2.187 0.0000000000
71149  -25.670  1.362  1.832 0.0000000000
72098  -26.381  2.538  2.545 0.0000000000
72082  -27.272  2.512  2.949 0.0000000000
64773  -28.203  -4.904  5.207 0.0000000000
57694  -24.884  -11.433  7.341 0.0000000000
67045  -24.782  -2.369  2.043 0.0000000000
68016  -25.547  -2.187  1.892 0.0000000000
67059  -26.257  -2.843  1.656 0.0000000000
66059  -26.661  -3.534  1.674 0.0000000000
64817  -26.377  -4.339  1.667 0.0000000000
64819  -27.617  -4.225  2.014 0.0000000000
63792  -27.304  -4.671  2.231 0.0000000000
62825  -24.743  -6.105  3.061 0.0000000000
62817  -25.843  -6.087  3.288 0.0000000000
63757  -27.340  -4.917  4.803 0.0000000000
63746  -27.838  -5.712  5.267 0.0000000000
62794  -27.857  -6.702  5.667 0.0000000000
79837  -26.437  9.507  0.959 0.0000000000
78870  -26.228  9.134  2.152 0.0000000000
75016  -21.247  5.155  2.231 0.0000000000
75948  -22.151  5.701  1.230 0.0000000000
75959  -22.863  5.590  0.787 0.0000000000
74111  -22.650  4.425  0.715 0.0000000000
75038  -23.351  5.247  0.573 0.0000000000
75960  -23.446  5.825  0.664 0.0000000000
75951  -25.272  6.350  0.861 0.0000000000
75952  -26.176  6.575  1.022 0.0000000000
75953  -26.783  6.656  1.159 0.0000000000
72116  -23.921  2.535  1.110 0.0000000000
74113  -25.513  4.829  1.476 0.0000000000
75017  -26.039  5.443  1.499 0.0000000000
75937  -26.475  6.147  1.428 0.0000000000
68006  -26.909  -1.922  2.271 0.0000000000
67988  -27.125  -1.525  3.162 0.0000000000
67989  -27.592  -1.489  3.917 0.0000000000
67972  -28.420  -1.195  4.249 0.0000000000
59808  -23.382  -9.102  6.244 0.0000000000
59821  -23.787  -8.821  5.849 0.0000000000
60828  -24.965  -8.848  5.845 0.0000000000
58805  -25.330  -10.364  6.661 0.0000000000
58806  -25.878  -10.567  6.770 0.0000000000
60830  -26.856  -8.947  6.146 0.0000000000
62807  -26.482  -6.293  4.571 0.0000000000
63787  -23.763  -4.781  2.488 0.0000000000
63799  -27.238  -4.751  1.890 0.0000000000
63800  -27.440  -4.583  1.920 0.0000000000
64794  -27.445  -3.935  4.305 0.0000000000
64818  -27.120  -4.260  1.766 0.0000000000
64826  -27.235  -4.507  1.821 0.0000000000
64827  -27.399  -4.365  1.906 0.0000000000
66023  -27.780  -2.947  4.333 0.0000000000
67046  -25.316  -2.210  1.940 0.0000000000
67057  -24.918  -2.860  1.692 0.0000000000
68017  -25.934  -2.157  1.780 0.0000000000
70115  -25.402  0.838  1.818 0.0000000000
71105  -21.400  1.769  3.140 0.0000000000
72113  -21.730  2.992  1.917 0.0000000000
73117  -23.715  4.141  0.494 0.0000000000
74122  -23.229  4.619  0.496 0.0000000000
75037  -22.801  5.048  0.682 0.0000000000
75039  -23.946  5.520  0.502 0.0000000000
75920  -22.582  7.366  1.185 0.0000000000
75947  -21.546  5.483  1.652 0.0000000000
75958  -22.525  5.347  0.903 0.0000000000
77930  -25.837  9.116  -0.066 0.0000000000
77942  -25.571  9.928  0.057 0.0000000000
77950  -24.203  9.607  0.647 0.0000000000
77951  -24.761  9.731  0.487 0.0000000000
77952  -25.191  9.902  0.294 0.0000000000
77953  -25.226  10.117  0.153 0.0000000000
78854  -26.164  8.991  1.843 0.0000000000
78897  -23.635  9.762  0.691 0.0000000000
78899  -25.994  10.066  -0.050 0.0000000000
78908  -23.424  10.042  0.772 0.0000000000
78910  -24.662  10.115  0.524 0.0000000000
78912  -25.564  10.227  0.128 0.0000000000
80798  -25.008  11.165  0.524 0.0000000000
