#!ascii label  , from subject A00073705 vox2ras=TkReg
648
66081  16.549  -6.597  7.683 0.2500000000
65101  16.730  -7.504  7.662 0.2500000000
65100  17.416  -7.873  7.126 0.7500000000
67983  16.469  -4.626  7.284 0.2500000000
67984  15.950  -4.974  7.824 0.1250000000
67032  16.629  -5.674  7.519 0.2500000000
67022  16.200  -6.169  7.976 0.2500000000
66080  17.091  -6.703  7.098 0.7500000000
64092  18.793  -8.803  6.742 0.8750000000
67047  17.032  -5.112  6.919 0.3750000000
67031  17.195  -5.806  6.868 0.3750000000
66090  17.532  -6.273  6.456 0.8750000000
65112  18.520  -7.457  6.387 1.0000000000
65113  17.783  -7.165  6.654 0.8750000000
64093  18.107  -8.037  6.816 1.0000000000
64091  19.888  -8.724  6.350 1.0000000000
67046  17.383  -5.346  6.248 0.8750000000
66113  17.749  -5.977  5.900 0.8750000000
65136  19.010  -7.047  5.717 1.0000000000
65137  18.489  -6.812  5.969 1.0000000000
66112  18.322  -6.207  5.577 1.0000000000
64117  20.541  -8.070  5.961 1.0000000000
64118  19.712  -7.761  5.936 1.0000000000
65111  19.219  -7.908  6.322 1.0000000000
68913  15.934  -4.223  7.721 0.1250000000
68000  16.927  -4.319  6.411 0.6250000000
67068  17.838  -5.256  5.510 1.0000000000
65135  19.884  -7.178  5.202 1.0000000000
66111  18.869  -6.341  5.348 1.0000000000
64115  22.884  -8.699  5.635 1.0000000000
70908  16.439  -1.383  6.077 0.2500000000
68912  16.164  -3.590  7.154 0.2500000000
68019  17.610  -4.229  5.425 1.0000000000
68020  17.222  -4.246  5.813 0.6250000000
67999  17.374  -4.695  5.840 1.0000000000
67084  18.612  -5.310  4.941 1.0000000000
67085  18.225  -5.198  5.216 1.0000000000
66110  20.486  -6.911  4.872 1.0000000000
67083  19.369  -5.278  4.587 1.0000000000
66109  21.143  -6.462  4.832 1.0000000000
65133  22.023  -7.567  5.479 1.0000000000
66108  22.327  -6.524  5.313 1.0000000000
70921  17.048  -1.561  4.994 0.5000000000
69911  16.911  -2.558  5.676 0.3750000000
68929  16.631  -3.290  6.377 0.5000000000
68961  18.199  -3.719  4.954 0.8750000000
68040  18.854  -4.428  4.760 1.0000000000
67081  20.936  -5.323  4.545 1.0000000000
67082  20.173  -5.259  4.460 1.0000000000
67066  21.737  -5.488  4.931 1.0000000000
65132  23.152  -7.630  5.478 0.8750000000
69927  17.321  -2.301  5.081 0.6250000000
69926  17.925  -2.435  4.531 0.6250000000
68942  17.512  -3.220  5.233 0.7500000000
68960  19.006  -3.332  4.399 1.0000000000
68037  21.477  -4.304  4.398 1.0000000000
68055  20.677  -3.989  3.774 1.0000000000
68038  20.521  -4.561  4.189 1.0000000000
68039  19.681  -4.275  4.243 1.0000000000
68018  22.080  -4.927  4.921 0.8750000000
67065  22.594  -5.556  5.249 0.8750000000
69947  19.350  -2.567  3.743 1.0000000000
68977  21.308  -3.302  3.971 1.0000000000
69946  20.302  -2.506  3.562 1.0000000000
68959  19.504  -3.607  4.072 1.0000000000
69944  21.600  -2.571  4.143 1.0000000000
68017  22.555  -4.434  5.075 1.0000000000
68036  21.990  -3.870  4.713 1.0000000000
68957  22.299  -3.422  4.805 1.0000000000
70920  17.667  -1.212  4.323 0.8750000000
70938  18.342  -1.279  3.865 1.0000000000
71905  19.568  -0.684  2.883 1.0000000000
70937  19.087  -1.423  3.458 1.0000000000
71903  21.256  -0.725  3.674 1.0000000000
71891  22.409  -0.839  4.497 1.0000000000
71892  21.964  -0.842  3.907 1.0000000000
70934  21.500  -1.687  3.802 1.0000000000
69923  22.528  -2.635  4.857 1.0000000000
70919  22.029  -1.842  4.439 1.0000000000
68941  23.021  -3.500  5.145 0.8750000000
74927  17.131  2.477  3.971 1.0000000000
74914  16.559  2.323  4.715 0.3750000000
73965  18.207  2.234  2.929 0.8750000000
71922  18.787  0.422  2.577 1.0000000000
72891  21.654  -0.202  3.918 1.0000000000
71904  20.442  -0.494  3.219 1.0000000000
75911  16.997  3.425  3.563 0.8750000000
74948  17.823  2.906  3.204 1.0000000000
74947  18.519  2.805  2.581 1.0000000000
72928  19.109  0.902  2.366 1.0000000000
72908  21.220  0.452  3.692 1.0000000000
73945  20.801  1.502  3.338 1.0000000000
75912  16.507  3.846  4.137 0.7500000000
74946  19.352  2.631  2.258 1.0000000000
74925  21.301  2.472  3.297 1.0000000000
74926  20.652  2.207  2.970 1.0000000000
75931  18.261  3.773  2.733 1.0000000000
75930  19.091  3.678  2.428 1.0000000000
74945  20.268  2.508  2.479 1.0000000000
111850  16.955  8.121  6.946 0.1250000000
111851  17.787  9.012  7.060 0.1250000000
80620  17.072  8.499  5.683 0.2500000000
80632  17.638  8.631  4.691 0.3750000000
81503  17.466  9.693  5.191 0.2500000000
80631  18.092  9.055  4.253 0.2500000000
80641  18.309  9.024  4.064 0.3750000000
81492  17.270  9.394  6.265 0.2500000000
81502  17.919  9.364  4.445 0.2500000000
82394  17.940  10.688  4.847 0.2500000000
81510  18.317  9.429  4.046 0.2500000000
81520  18.534  10.016  3.893 0.2500000000
81519  18.971  9.528  3.648 0.3750000000
81511  18.057  10.018  4.359 0.2500000000
81518  20.062  9.415  3.233 0.3750000000
82409  18.937  10.228  3.751 0.2500000000
67023  15.863  -6.012  8.548 0.1250000000
64089  21.396  -9.178  6.112 1.0000000000
69948  18.613  -2.114  3.833 0.8750000000
70935  20.766  -1.582  3.502 1.0000000000
66073  15.920  -6.690  8.900 0.1250000000
64075  18.062  -8.841  7.249 0.6250000000
63005  18.589  -9.657  7.221 0.7500000000
68902  15.752  -4.433  8.404 0.1250000000
63022  19.594  -9.668  6.847 1.0000000000
64090  20.954  -9.012  6.257 1.0000000000
63041  22.088  -9.588  5.988 1.0000000000
69895  15.950  -2.396  6.755 0.2500000000
67064  23.547  -5.537  5.382 0.8750000000
66107  23.388  -6.587  5.402 0.8750000000
68016  23.719  -4.479  5.417 0.8750000000
73919  15.927  1.783  5.478 0.1250000000
71894  16.628  -0.270  5.332 0.3750000000
71907  17.851  -0.214  3.774 0.6250000000
74928  16.678  3.083  4.246 0.8750000000
73930  17.120  1.784  4.382 0.3750000000
73947  17.836  1.597  3.442 0.8750000000
72890  22.280  0.322  4.171 1.0000000000
72907  21.844  0.939  3.828 1.0000000000
75932  17.554  3.943  3.096 1.0000000000
73944  21.546  1.547  3.707 1.0000000000
76862  16.936  4.485  3.502 0.8750000000
76875  18.671  4.722  2.531 1.0000000000
75929  20.089  3.573  2.374 1.0000000000
74944  20.933  2.786  2.746 1.0000000000
79741  17.584  8.427  8.855 0.1250000000
77723  16.421  6.624  7.453 0.1250000000
79776  17.046  6.966  4.991 0.6250000000
80621  17.009  7.901  5.182 0.6250000000
80652  19.329  8.242  3.919 0.5000000000
81493  17.193  10.344  6.366 0.2500000000
81504  17.213  10.172  5.880 0.2500000000
82401  18.808  10.655  4.276 0.2500000000
82408  19.592  10.600  3.503 0.2500000000
82407  20.732  10.530  2.516 0.2500000000
66072  16.215  -6.941  8.287 0.1250000000
67033  15.983  -5.615  8.009 0.1250000000
64074  18.496  -9.099  7.093 1.0000000000
66089  18.072  -6.632  6.155 1.0000000000
67067  18.307  -5.560  5.287 1.0000000000
65134  20.956  -7.474  5.380 1.0000000000
65150  19.285  -6.616  5.241 1.0000000000
66129  19.165  -6.029  4.976 1.0000000000
64116  21.682  -8.762  5.889 1.0000000000
68943  17.093  -3.663  5.774 0.5000000000
68041  18.209  -4.691  5.133 1.0000000000
66128  19.991  -6.259  4.603 1.0000000000
66127  20.560  -5.847  4.540 1.0000000000
69910  17.412  -2.635  5.127 0.6250000000
69925  18.683  -2.653  4.081 1.0000000000
68980  19.431  -3.272  3.959 1.0000000000
68958  21.776  -3.369  4.419 1.0000000000
68056  20.173  -4.160  3.838 1.0000000000
68978  20.746  -3.274  3.656 1.0000000000
70936  19.919  -1.552  3.361 1.0000000000
69945  21.088  -2.505  3.644 1.0000000000
68979  19.932  -3.506  3.693 1.0000000000
69924  22.012  -2.759  4.568 1.0000000000
71893  17.253  -0.534  4.544 0.6250000000
71906  18.701  -0.383  3.033 1.0000000000
71921  19.295  0.097  2.405 1.0000000000
71920  19.961  0.017  2.615 1.0000000000
74913  16.945  2.205  4.363 0.7500000000
72927  19.783  0.793  2.500 1.0000000000
72910  18.356  0.742  3.074 1.0000000000
72929  18.727  0.912  2.615 1.0000000000
72909  20.412  0.628  2.973 1.0000000000
73964  18.622  1.629  2.628 1.0000000000
73962  20.254  1.542  2.740 1.0000000000
73963  19.575  1.655  2.422 1.0000000000
75928  20.740  3.259  2.566 1.0000000000
76876  17.876  4.539  2.755 1.0000000000
77712  17.177  8.703  8.105 0.1250000000
77722  16.823  7.648  7.971 0.1250000000
79768  16.783  7.252  5.843 0.3750000000
80642  18.367  8.792  4.039 0.5000000000
80643  18.163  8.029  4.125 0.7500000000
65091  16.394  -8.025  8.330 0.2500000000
66056  15.896  -6.867  9.459 0.1250000000
65092  15.979  -7.629  8.951 0.1250000000
64076  17.031  -8.816  7.746 0.6250000000
63023  19.005  -9.546  6.951 1.0000000000
73931  16.696  1.352  5.129 0.5000000000
72892  17.284  0.633  4.474 0.7500000000
72911  17.805  0.682  3.647 1.0000000000
73946  18.283  1.317  3.016 1.0000000000
76874  19.658  4.524  2.564 1.0000000000
75910  20.813  3.895  2.634 1.0000000000
80644  17.956  7.352  4.029 0.7500000000
80633  17.447  7.598  4.707 0.7500000000
80622  16.953  7.612  5.055 0.5000000000
82406  21.334  9.984  2.201 0.2500000000
81527  21.888  9.805  2.315 0.3750000000
60160  19.143  -12.867  8.415 0.7500000000
59206  20.822  -13.572  8.109 0.7500000000
60161  18.571  -12.544  8.669 0.7500000000
60186  18.729  -11.822  8.221 0.7500000000
59205  21.800  -13.597  7.621 0.7500000000
59207  20.072  -12.956  8.057 0.7500000000
60185  19.402  -12.376  8.075 0.7500000000
60183  21.414  -12.748  7.551 0.7500000000
60184  20.387  -12.507  7.800 0.7500000000
63006  17.791  -9.706  7.680 0.7500000000
61127  19.788  -11.585  7.482 0.7500000000
62050  19.160  -10.626  7.374 0.8750000000
60182  21.982  -13.131  7.321 0.7500000000
61126  20.749  -11.890  7.419 0.7500000000
62049  19.805  -10.870  7.239 0.8750000000
63004  19.165  -9.969  7.110 0.8750000000
61143  21.880  -11.543  6.848 0.7500000000
61144  20.970  -11.356  6.991 0.7500000000
62063  21.208  -10.676  6.587 0.8750000000
62062  22.196  -10.808  6.495 0.7500000000
63021  20.569  -9.734  6.561 0.8750000000
62061  23.056  -10.904  6.326 0.8750000000
63019  22.472  -10.154  6.201 0.8750000000
63018  23.175  -10.254  6.144 0.8750000000
63040  22.680  -9.564  5.922 0.8750000000
63038  24.814  -9.779  5.780 0.3750000000
63039  23.728  -9.812  5.899 0.7500000000
63037  25.787  -9.730  5.608 0.5000000000
64113  25.045  -8.755  5.692 0.5000000000
64112  26.032  -8.761  5.625 0.1250000000
65130  25.245  -7.737  5.655 0.3750000000
65131  24.224  -7.687  5.521 0.6250000000
64111  26.949  -8.706  5.435 0.1250000000
65129  26.240  -7.787  5.679 0.1250000000
66105  25.425  -6.714  5.716 0.1250000000
67063  24.596  -5.572  5.569 0.6250000000
66104  26.459  -6.783  5.886 0.1250000000
67061  26.688  -5.694  6.338 0.1250000000
67062  25.613  -5.685  5.939 0.1250000000
68015  24.816  -4.381  5.791 0.5000000000
66103  27.551  -6.836  5.940 0.1250000000
67998  24.921  -3.717  6.032 0.5000000000
68940  23.889  -3.448  5.433 0.6250000000
76863  16.489  4.513  4.202 0.6250000000
77772  16.520  5.515  4.721 0.5000000000
77794  16.636  5.007  4.112 0.7500000000
69908  23.981  -2.462  5.556 0.6250000000
70907  23.381  -1.595  5.398 0.6250000000
70918  22.637  -1.702  5.007 0.8750000000
70906  24.201  -1.488  5.726 0.5000000000
71877  23.659  -0.558  5.511 0.6250000000
71878  22.874  -0.735  5.074 0.7500000000
77793  17.254  5.423  3.857 0.7500000000
73943  22.228  1.442  3.947 0.8750000000
74924  22.042  2.362  3.765 0.8750000000
72875  22.707  -0.231  4.599 0.7500000000
72889  22.854  0.845  4.429 0.8750000000
73929  22.689  1.254  4.241 0.8750000000
74912  22.852  2.211  4.179 0.8750000000
70905  25.026  -1.448  6.096 0.3750000000
72874  23.185  0.383  4.876 0.6250000000
71862  25.398  -0.514  6.416 0.2500000000
71876  24.589  -0.481  5.881 0.3750000000
72873  24.147  0.504  5.571 0.5000000000
78859  17.756  6.212  3.822 0.7500000000
76861  17.494  5.024  3.059 0.8750000000
77792  17.724  5.794  3.034 0.7500000000
76860  17.987  5.213  2.627 0.8750000000
75909  21.436  3.557  2.952 0.7500000000
75908  21.847  3.105  3.494 0.8750000000
73928  23.215  1.419  4.550 0.7500000000
74911  23.743  2.350  4.632 0.7500000000
78844  17.200  6.139  4.586 0.6250000000
77791  18.492  5.778  2.620 0.8750000000
77812  19.359  5.447  2.697 0.8750000000
76859  20.450  4.459  2.702 0.8750000000
78877  19.790  5.785  3.191 0.7500000000
75895  22.436  3.325  4.056 0.7500000000
73899  25.347  1.673  6.166 0.2500000000
73914  24.705  1.518  5.639 0.5000000000
72857  25.817  0.286  6.755 0.2500000000
79784  17.665  6.830  4.384 0.5000000000
79793  18.557  6.774  3.753 0.7500000000
78856  19.940  6.307  3.664 0.7500000000
78855  20.807  6.221  3.600 0.7500000000
77771  21.310  5.518  3.882 0.7500000000
77789  20.710  5.325  3.381 0.7500000000
76844  22.180  4.328  4.238 0.7500000000
77770  21.970  5.405  4.404 0.7500000000
75881  24.036  3.333  5.119 0.5000000000
76832  23.651  4.246  5.047 0.3750000000
76843  22.931  4.260  4.572 0.6250000000
74896  25.057  2.479  5.956 0.2500000000
75880  24.635  3.372  5.831 0.3750000000
80653  18.593  7.422  3.931 0.6250000000
79791  20.301  7.249  3.960 0.7500000000
78843  21.500  6.498  3.860 0.7500000000
78842  21.858  6.413  4.171 0.7500000000
77756  22.396  5.717  5.045 0.6250000000
77754  23.939  4.972  5.462 0.3750000000
77755  23.111  5.248  5.394 0.3750000000
74877  25.713  2.429  6.582 0.1250000000
76816  25.572  4.378  7.225 0.1250000000
76817  24.843  4.361  6.416 0.2500000000
79790  21.449  7.420  3.779 0.6250000000
78835  22.278  6.539  4.683 0.3750000000
77741  24.493  5.338  6.032 0.2500000000
77769  22.511  4.969  4.733 0.6250000000
76815  26.673  4.276  7.539 0.1250000000
75863  26.063  3.304  7.185 0.1250000000
79782  22.285  7.471  4.051 0.3750000000
79767  23.945  6.871  5.820 0.2500000000
78834  22.935  6.473  5.206 0.3750000000
77730  25.749  5.894  7.126 0.1250000000
77742  23.871  5.638  5.690 0.3750000000
76814  27.724  3.977  7.202 0.1250000000
77740  25.304  5.462  6.814 0.1250000000
80651  20.761  8.456  3.768 0.3750000000
79789  22.072  7.999  3.606 0.3750000000
80629  23.330  8.205  4.852 0.3750000000
79774  23.645  7.433  5.413 0.3750000000
79775  22.879  7.435  4.755 0.3750000000
78823  27.104  6.313  7.154 0.1250000000
78825  24.960  6.327  6.377 0.1250000000
79765  25.504  7.165  6.782 0.2500000000
77738  27.365  5.146  7.077 0.1250000000
80649  22.598  8.663  3.504 0.2500000000
80639  23.460  9.019  4.469 0.2500000000
80650  21.767  8.539  3.374 0.3750000000
80627  24.573  8.640  6.051 0.1250000000
80640  22.961  8.343  4.230 0.3750000000
79773  24.169  8.036  5.676 0.1250000000
79763  27.586  7.290  6.731 0.1250000000
79766  24.472  7.371  6.126 0.1250000000
81517  21.289  9.463  2.950 0.3750000000
80648  23.271  9.120  3.743 0.2500000000
80628  23.817  8.707  5.337 0.1250000000
81499  24.370  9.648  5.585 0.1250000000
81491  25.761  9.045  6.252 0.1250000000
82393  24.137  10.544  5.156 0.1250000000
81490  26.354  9.472  6.219 0.1250000000
81498  25.343  9.591  6.000 0.1250000000
80616  28.034  8.379  6.418 0.1250000000
68939  24.554  -3.265  5.789 0.6250000000
73915  23.947  1.423  5.024 0.5000000000
72858  25.129  0.616  6.154 0.3750000000
78858  18.209  6.439  3.199 0.8750000000
78857  19.081  6.182  3.333 0.7500000000
77811  20.214  5.228  2.954 0.8750000000
77790  20.613  4.867  3.055 0.7500000000
76845  21.586  4.469  3.760 0.7500000000
75896  21.872  3.734  3.688 0.7500000000
74897  24.412  2.420  5.297 0.5000000000
75894  23.363  3.309  4.472 0.7500000000
79764  26.526  7.306  7.078 0.1250000000
80617  27.037  8.407  6.668 0.1250000000
66106  24.416  -6.639  5.502 0.5000000000
68928  25.086  -3.170  6.213 0.3750000000
69907  24.687  -2.370  5.950 0.3750000000
70890  25.772  -1.478  6.636 0.2500000000
80619  25.117  8.095  6.491 0.1250000000
58135  19.869  -14.114  8.779 0.7500000000
58136  19.164  -13.742  8.725 0.7500000000
60162  18.017  -12.025  8.907 0.7500000000
58133  21.302  -14.784  8.263 0.7500000000
59186  19.706  -13.348  8.378 0.7500000000
57126  22.171  -14.969  7.812 0.7500000000
62052  17.830  -10.336  8.097 0.6250000000
61128  18.961  -11.375  7.794 0.7500000000
59204  22.327  -13.468  7.216 0.6250000000
60205  22.303  -12.659  6.967 0.7500000000
60204  23.298  -12.817  6.376 0.6250000000
61142  22.874  -11.803  6.421 0.6250000000
62077  23.739  -10.837  5.990 0.5000000000
62076  24.543  -10.770  5.741 0.3750000000
63036  26.663  -9.617  5.309 0.1250000000
64110  27.862  -8.607  5.468 0.1250000000
65127  28.228  -7.727  5.525 0.1250000000
77773  16.326  4.906  4.665 0.3750000000
67045  26.688  -5.020  6.469 0.1250000000
68014  25.861  -4.861  6.246 0.1250000000
68927  25.913  -3.249  6.424 0.1250000000
69894  25.428  -2.355  6.343 0.2500000000
78836  16.414  6.138  5.340 0.5000000000
72841  26.343  0.210  7.111 0.1250000000
71861  26.184  -0.584  7.004 0.2500000000
73897  26.796  1.523  7.241 0.1250000000
74876  26.466  2.340  7.072 0.1250000000
75862  27.037  3.145  7.535 0.1250000000
79777  16.907  7.348  5.242 0.3750000000
77737  28.161  4.610  6.445 0.1250000000
76813  28.379  3.500  6.489 0.1250000000
78822  27.923  5.987  6.336 0.1250000000
78833  28.448  6.204  5.324 0.1250000000
81484  17.204  10.121  6.805 0.1250000000
81515  23.317  9.786  2.890 0.2500000000
81508  23.677  9.838  3.854 0.1250000000
82399  23.800  10.589  4.256 0.1250000000
81497  25.891  10.031  5.973 0.1250000000
82392  24.767  10.582  5.888 0.1250000000
81489  27.486  9.439  6.266 0.1250000000
79772  28.608  7.351  5.050 0.1250000000
81488  28.272  9.353  5.970 0.1250000000
69909  23.233  -2.566  5.209 0.7500000000
75897  16.153  3.315  4.880 0.3750000000
63020  21.559  -9.756  6.230 0.8750000000
64114  23.996  -8.745  5.615 0.7500000000
82416  21.865  10.696  2.129 0.1250000000
81526  22.598  10.128  2.403 0.2500000000
59187  18.975  -13.194  8.622 0.7500000000
58156  21.065  -14.214  8.199 0.7500000000
58155  21.544  -14.408  8.056 0.7500000000
61108  18.289  -11.627  8.527 0.7500000000
61129  18.502  -11.232  8.141 0.7500000000
62051  18.398  -10.555  7.777 0.7500000000
63007  17.240  -9.610  7.860 0.6250000000
61145  20.298  -11.265  7.190 0.8750000000
60206  21.499  -12.026  7.201 0.7500000000
62064  20.276  -10.560  6.952 0.8750000000
61158  23.533  -11.504  6.055 0.6250000000
62075  25.464  -10.693  5.454 0.2500000000
65128  27.238  -7.809  5.718 0.1250000000
79794  17.997  6.854  3.723 0.6250000000
76858  21.011  4.554  3.186 0.7500000000
73898  25.937  1.306  6.805 0.1250000000
73879  26.106  0.661  6.995 0.1250000000
79792  19.296  6.971  3.969 0.7500000000
76831  24.285  4.276  5.619 0.3750000000
79783  21.821  6.947  3.952 0.3750000000
75864  25.298  3.386  6.542 0.1250000000
78827  23.573  6.333  5.646 0.3750000000
77739  26.221  5.571  7.308 0.1250000000
78826  24.203  6.312  5.973 0.2500000000
78824  26.362  6.455  7.272 0.1250000000
78816  25.534  6.289  6.882 0.1250000000
79757  25.963  6.798  7.220 0.1250000000
81516  22.287  9.320  2.790 0.2500000000
80618  25.950  8.352  6.603 0.1250000000
81500  23.825  9.750  4.793 0.1250000000
79762  28.320  7.262  6.022 0.1250000000
58114  20.092  -14.780  9.118 0.7500000000
59185  20.319  -13.895  8.482 0.7500000000
58134  20.781  -14.631  8.514 0.7500000000
60139  18.316  -12.889  9.011 0.7500000000
59166  18.410  -13.445  9.037 0.7500000000
62031  18.077  -10.899  8.371 0.6250000000
61157  24.157  -11.594  5.663 0.5000000000
67996  26.491  -4.318  6.446 0.1250000000
67044  27.278  -5.031  6.540 0.1250000000
67997  25.466  -3.968  6.234 0.1250000000
61109  17.758  -11.369  8.792 0.5000000000
57092  20.461  -15.514  9.007 0.6250000000
57112  20.946  -15.346  8.542 0.6250000000
57110  22.260  -15.693  7.877 0.3750000000
57111  21.508  -15.278  8.272 0.6250000000
57125  22.650  -15.201  7.225 0.2500000000
77757  16.223  5.628  5.189 0.3750000000
111866  16.038  6.339  6.231 0.2500000000
58176  22.950  -14.246  6.963 0.5000000000
59227  22.967  -13.641  6.838 0.5000000000
55153  22.166  -16.848  8.380 0.5000000000
60220  23.701  -12.213  5.918 0.5000000000
56059  19.741  -16.466  9.660 0.6250000000
61090  17.442  -11.973  9.191 0.3750000000
60141  17.000  -12.741  9.791 0.3750000000
57093  19.513  -15.349  9.451 0.6250000000
58115  19.050  -14.471  9.116 0.6250000000
55139  21.895  -17.475  8.838 0.3750000000
56057  21.342  -17.089  8.805 0.5000000000
56058  20.794  -16.676  9.006 0.6250000000
62015  17.237  -11.248  9.087 0.2500000000
55152  22.591  -16.974  8.477 0.3750000000
57124  23.285  -15.637  7.006 0.2500000000
56084  22.981  -16.203  7.463 0.2500000000
57138  22.893  -14.643  6.951 0.2500000000
59226  23.840  -13.581  6.253 0.3750000000
60219  24.454  -12.437  5.573 0.2500000000
69896  15.635  -2.299  7.335 0.1250000000
61155  26.086  -11.540  5.346 0.2500000000
72893  16.701  0.616  5.250 0.3750000000
70896  15.597  -1.922  7.321 0.1250000000
69881  15.875  -2.712  7.555 0.2500000000
60140  17.917  -12.718  9.201 0.5000000000
58154  22.449  -14.277  7.345 0.5000000000
61156  25.022  -11.639  5.407 0.2500000000
62032  17.324  -10.583  8.543 0.3750000000
59241  23.996  -12.905  5.969 0.2500000000
56074  21.044  -15.887  8.553 0.6250000000
56085  22.687  -15.890  7.398 0.2500000000
56072  22.523  -16.347  8.017 0.2500000000
57109  23.312  -16.050  7.479 0.2500000000
56073  21.693  -16.436  8.435 0.5000000000
58175  23.436  -14.412  6.718 0.2500000000
59240  24.566  -13.396  5.826 0.2500000000
57077  18.388  -15.627  10.153 0.5000000000
55140  21.054  -17.614  9.192 0.2500000000
55141  20.270  -17.556  9.617 0.3750000000
56060  18.986  -15.838  9.771 0.5000000000
56044  17.928  -16.256  10.701 0.3750000000
58096  17.483  -14.501  10.171 0.5000000000
57094  18.651  -15.137  9.661 0.5000000000
57095  18.189  -15.044  10.003 0.5000000000
58116  17.978  -14.435  9.664 0.3750000000
57066  16.373  -15.469  11.759 0.1250000000
56045  17.333  -15.653  10.840 0.3750000000
59168  17.141  -13.427  9.909 0.2500000000
55107  16.974  -17.387  11.682 0.1250000000
56030  17.238  -16.418  11.182 0.2500000000
55127  18.464  -16.968  10.677 0.3750000000
54183  20.652  -18.334  9.562 0.2500000000
55126  19.078  -17.459  10.443 0.3750000000
56042  19.336  -16.938  10.096 0.5000000000
56031  16.361  -16.437  11.897 0.1250000000
56029  17.678  -16.617  11.010 0.3750000000
58083  16.607  -14.625  11.043 0.1250000000
59152  16.455  -13.434  10.678 0.1250000000
59167  17.583  -13.476  9.559 0.3750000000
54182  21.377  -18.433  9.404 0.2500000000
56043  18.833  -16.511  10.205 0.5000000000
57078  17.690  -15.121  10.392 0.5000000000
55125  19.635  -17.325  9.986 0.3750000000
57079  17.197  -15.139  10.782 0.2500000000
58097  17.003  -14.522  10.594 0.1250000000
59150  17.283  -13.990  9.998 0.1250000000
57065  16.796  -15.343  11.223 0.1250000000
59151  16.783  -13.472  10.326 0.1250000000
55108  16.443  -17.275  12.046 0.1250000000
55106  17.929  -17.189  11.156 0.3750000000
54171  19.741  -18.148  10.126 0.2500000000
59135  16.466  -14.055  10.832 0.1250000000
54150  19.439  -18.566  10.625 0.2500000000
62033  16.783  -10.190  8.743 0.2500000000
54184  20.219  -18.225  9.775 0.2500000000
54172  19.300  -18.083  10.597 0.2500000000
55105  18.558  -17.455  10.832 0.2500000000
54151  18.805  -18.176  11.091 0.1250000000
62977  16.352  -9.669  9.028 0.1250000000
76846  16.209  4.288  4.834 0.1250000000
76834  15.287  4.479  6.074 0.1250000000
77759  15.384  4.931  6.082 0.1250000000
78837  15.901  5.870  5.819 0.1250000000
77758  15.803  5.172  5.575 0.1250000000
77731  14.803  5.324  7.051 0.1250000000
78828  15.528  5.683  6.260 0.1250000000
76833  15.615  3.977  5.437 0.1250000000
78829  15.203  5.662  6.696 0.1250000000
78817  15.447  6.121  6.854 0.1250000000
111838  15.343  6.336  8.819 0.1250000000
74901  15.825  2.556  5.250 0.1250000000
75882  15.468  3.111  5.430 0.1250000000
71882  16.239  -0.303  6.410 0.1250000000
61091  16.821  -11.714  9.513 0.1250000000
62017  16.177  -10.269  9.667 0.1250000000
72879  16.032  0.750  5.818 0.1250000000
74902  15.169  2.307  5.892 0.1250000000
75883  15.157  3.432  6.209 0.1250000000
76820  14.823  4.189  6.661 0.1250000000
76821  14.517  4.656  7.065 0.1250000000
78812  14.504  5.746  8.281 0.1250000000
64065  16.132  -8.345  8.775 0.1250000000
62991  16.868  -9.730  8.291 0.1250000000
77743  15.466  5.331  6.153 0.1250000000
62016  16.719  -10.704  9.259 0.1250000000
64064  16.392  -8.933  8.613 0.1250000000
64050  16.197  -9.134  8.959 0.1250000000
64035  15.956  -8.577  9.999 0.1250000000
62978  16.092  -9.562  9.508 0.1250000000
78819  14.689  5.720  7.604 0.1250000000
77732  14.519  5.184  7.451 0.1250000000
78811  15.090  6.191  7.644 0.1250000000
76806  14.322  4.326  7.811 0.1250000000
111830  15.728  6.434  9.719 0.1250000000
55151  23.099  -17.059  8.683 0.1250000000
56071  23.179  -16.409  8.093 0.1250000000
57123  23.640  -15.449  7.178 0.1250000000
58153  23.439  -15.037  6.824 0.1250000000
58152  23.949  -14.995  6.945 0.1250000000
58174  24.331  -14.053  6.274 0.1250000000
58151  24.861  -14.137  6.935 0.1250000000
58173  24.989  -13.987  6.042 0.1250000000
58191  24.690  -13.825  5.901 0.1250000000
60181  25.746  -12.940  6.508 0.1250000000
60218  25.340  -12.609  5.489 0.1250000000
60202  26.161  -12.515  6.197 0.1250000000
60217  26.050  -12.389  5.648 0.1250000000
53162  20.229  -18.768  9.852 0.1250000000
53161  20.799  -19.257  9.662 0.1250000000
53160  21.590  -19.356  9.649 0.1250000000
54181  22.281  -18.468  9.475 0.1250000000
55138  22.721  -17.628  8.965 0.1250000000
54180  22.933  -18.049  9.383 0.1250000000
56056  23.529  -16.716  8.727 0.1250000000
56070  23.765  -16.167  8.434 0.1250000000
58132  24.501  -14.896  7.796 0.1250000000
58131  25.289  -14.004  8.115 0.1250000000
60180  26.147  -12.433  7.069 0.1250000000
61140  26.814  -11.185  5.771 0.1250000000
61125  26.410  -12.088  6.442 0.1250000000
62074  26.339  -10.507  5.365 0.1250000000
59239  25.230  -13.462  5.749 0.1250000000
53149  19.812  -19.042  10.265 0.1250000000
57108  23.742  -15.677  7.652 0.1250000000
59224  25.381  -13.519  6.348 0.1250000000
59203  25.552  -13.356  7.202 0.1250000000
60203  25.724  -12.981  5.912 0.1250000000
61141  26.451  -11.902  5.947 0.1250000000
52180  20.579  -20.001  9.843 0.1250000000
52193  21.029  -19.755  9.649 0.1250000000
61124  26.883  -11.482  6.715 0.1250000000
53148  20.241  -19.419  9.928 0.1250000000
57137  23.103  -15.022  6.832 0.2500000000
58113  20.482  -14.971  8.915 0.6250000000
58190  24.884  -13.725  5.757 0.1250000000
59225  24.250  -13.706  6.062 0.2500000000
62065  19.585  -10.330  7.140 0.8750000000
62990  17.393  -10.042  8.023 0.1250000000
65149  19.554  -6.532  4.974 1.0000000000
66130  18.633  -5.879  5.219 1.0000000000
68013  26.401  -4.985  6.401 0.1250000000
68054  21.084  -3.742  3.846 1.0000000000
76877  17.479  4.509  3.082 1.0000000000
77729  25.962  5.900  7.254 0.1250000000
77810  20.501  5.503  3.227 0.7500000000
78815  25.907  6.228  7.217 0.1250000000
78818  14.941  5.630  7.125 0.1250000000
78875  20.606  5.690  3.378 0.7500000000
78876  20.326  5.781  3.324 0.7500000000
79750  17.938  8.891  8.794 0.1250000000
79758  25.702  6.629  7.058 0.1250000000
79769  16.858  7.566  5.349 0.5000000000
80626  25.351  8.752  6.271 0.1250000000
80630  18.260  9.176  4.082 0.3750000000
80634  17.041  7.392  4.974 0.5000000000
80654  18.271  7.127  3.804 0.7500000000
81501  18.132  9.305  4.207 0.3750000000
81509  18.395  9.221  3.943 0.3750000000
