#!ascii label  , from subject A00073705 vox2ras=TkReg
491
52139  17.657  -20.512  12.364 0.1428571492
51308  17.358  -21.014  12.606 0.1428571492
53104  18.140  -19.865  12.006 0.1428571492
50411  18.765  -22.301  11.904 0.1428571492
52138  18.440  -20.818  12.038 0.2857142985
51330  19.138  -21.225  11.507 0.1428571492
53129  18.510  -19.180  11.606 0.5714285970
52163  19.560  -20.435  10.856 0.1428571492
51341  20.685  -20.831  10.205 0.2857142985
51342  20.081  -20.543  10.285 0.2857142985
52179  21.445  -20.151  9.992 0.1428571492
52180  20.579  -20.001  9.843 0.2857142985
54181  22.281  -18.468  9.475 0.2857142985
54182  21.377  -18.433  9.404 0.2857142985
56056  23.529  -16.716  8.727 0.2857142985
55138  22.721  -17.628  8.965 0.2857142985
56070  23.765  -16.167  8.434 0.2857142985
56071  23.179  -16.409  8.093 0.2857142985
58132  24.501  -14.896  7.796 0.2857142985
60203  25.724  -12.981  5.912 0.8571428657
58173  24.989  -13.987  6.042 0.4285714328
61155  26.086  -11.540  5.346 0.7142857313
61141  26.451  -11.902  5.947 0.7142857313
60217  26.050  -12.389  5.648 0.7142857313
59239  25.230  -13.462  5.749 0.7142857313
62073  27.221  -10.365  5.423 0.8571428657
61154  26.617  -10.903  5.462 0.5714285970
62074  26.339  -10.507  5.365 0.8571428657
60218  25.340  -12.609  5.489 0.7142857313
64111  26.949  -8.706  5.435 0.4285714328
63036  26.663  -9.617  5.309 0.7142857313
65127  28.228  -7.727  5.525 0.2857142985
66103  27.551  -6.836  5.940 0.5714285970
67060  27.952  -5.892  6.224 0.1428571492
66102  28.648  -6.761  5.661 0.1428571492
65128  27.238  -7.809  5.718 0.5714285970
65129  26.240  -7.787  5.679 0.8571428657
67995  27.597  -4.126  6.660 0.1428571492
67044  27.278  -5.031  6.540 0.1428571492
67061  26.688  -5.694  6.338 0.4285714328
68925  27.933  -3.129  6.698 0.1428571492
68926  26.887  -3.262  6.635 0.1428571492
67996  26.491  -4.318  6.446 0.4285714328
67062  25.613  -5.685  5.939 0.7142857313
66105  25.425  -6.714  5.716 0.8571428657
69892  27.233  -2.325  6.759 0.1428571492
68927  25.913  -3.249  6.424 0.5714285970
70888  27.583  -1.426  6.903 0.1428571492
70889  26.648  -1.522  6.962 0.2857142985
69893  26.278  -2.379  6.670 0.1428571492
69894  25.428  -2.355  6.343 0.8571428657
67997  25.466  -3.968  6.234 0.8571428657
68014  25.861  -4.861  6.246 0.7142857313
67998  24.921  -3.717  6.032 0.8571428657
72841  26.343  0.210  7.111 0.1428571492
73878  26.493  0.816  7.216 0.1428571492
70890  25.772  -1.478  6.636 0.4285714328
70905  25.026  -1.448  6.096 0.8571428657
68928  25.086  -3.170  6.213 0.8571428657
71861  26.184  -0.584  7.004 0.4285714328
70906  24.201  -1.488  5.726 0.8571428657
69907  24.687  -2.370  5.950 0.8571428657
69908  23.981  -2.462  5.556 0.8571428657
73879  26.106  0.661  6.995 0.1428571492
73898  25.937  1.306  6.805 0.2857142985
72857  25.817  0.286  6.755 0.5714285970
72858  25.129  0.616  6.154 0.8571428657
71862  25.398  -0.514  6.416 0.8571428657
71876  24.589  -0.481  5.881 0.8571428657
71877  23.659  -0.558  5.511 0.8571428657
74877  25.713  2.429  6.582 0.2857142985
73899  25.347  1.673  6.166 0.7142857313
73914  24.705  1.518  5.639 0.8571428657
72873  24.147  0.504  5.571 0.8571428657
72874  23.185  0.383  4.876 0.8571428657
73915  23.947  1.423  5.024 0.8571428657
73928  23.215  1.419  4.550 0.7142857313
72889  22.854  0.845  4.429 0.7142857313
74897  24.412  2.420  5.297 0.8571428657
74911  23.743  2.350  4.632 0.8571428657
75894  23.363  3.309  4.472 0.8571428657
74912  22.852  2.211  4.179 0.7142857313
76831  24.285  4.276  5.619 0.7142857313
75881  24.036  3.333  5.119 0.8571428657
76832  23.651  4.246  5.047 0.8571428657
76843  22.931  4.260  4.572 0.8571428657
77769  22.511  4.969  4.733 0.7142857313
79765  25.504  7.165  6.782 0.1428571492
77754  23.939  4.972  5.462 0.8571428657
77755  23.111  5.248  5.394 0.7142857313
80619  25.117  8.095  6.491 0.1428571492
78827  23.573  6.333  5.646 0.5714285970
78834  22.935  6.473  5.206 0.5714285970
79775  22.879  7.435  4.755 0.5714285970
79774  23.645  7.433  5.413 0.1428571492
81491  25.761  9.045  6.252 0.1428571492
79782  22.285  7.471  4.051 0.5714285970
81499  24.370  9.648  5.585 0.1428571492
81498  25.343  9.591  6.000 0.1428571492
80628  23.817  8.707  5.337 0.1428571492
82392  24.767  10.582  5.888 0.1428571492
80629  23.330  8.205  4.852 0.5714285970
81500  23.825  9.750  4.793 0.1428571492
82399  23.800  10.589  4.256 0.1428571492
51284  17.565  -21.822  12.755 0.1428571492
51285  17.114  -21.511  12.986 0.1428571492
52164  18.935  -20.150  11.565 0.2857142985
51329  19.949  -21.318  10.750 0.2857142985
54170  22.509  -19.103  9.765 0.2857142985
53159  22.100  -19.159  9.674 0.2857142985
53160  21.590  -19.356  9.649 0.1428571492
58152  23.949  -14.995  6.945 0.2857142985
57123  23.640  -15.449  7.178 0.2857142985
59224  25.381  -13.519  6.348 0.4285714328
58174  24.331  -14.053  6.274 0.5714285970
64110  27.862  -8.607  5.468 0.1428571492
64112  26.032  -8.761  5.625 0.8571428657
66104  26.459  -6.783  5.886 0.7142857313
68015  24.816  -4.381  5.791 0.8571428657
68939  24.554  -3.265  5.789 0.8571428657
74896  25.057  2.479  5.956 0.8571428657
75880  24.635  3.372  5.831 0.8571428657
77742  23.871  5.638  5.690 0.7142857313
79767  23.945  6.871  5.820 0.2857142985
79773  24.169  8.036  5.676 0.1428571492
80627  24.573  8.640  6.051 0.1428571492
83284  25.953  10.895  6.157 0.1428571492
52181  19.899  -19.839  10.283 0.4285714328
53128  19.377  -19.343  10.967 0.2857142985
52193  21.029  -19.755  9.649 0.1428571492
54180  22.933  -18.049  9.383 0.2857142985
55137  23.509  -17.464  9.298 0.2857142985
55139  21.895  -17.475  8.838 0.2857142985
55151  23.099  -17.059  8.683 0.2857142985
58191  24.690  -13.825  5.901 0.7142857313
67994  28.688  -3.955  6.468 0.1428571492
69891  28.172  -2.171  6.502 0.1428571492
71860  27.047  -0.780  7.305 0.1428571492
71845  27.279  -0.200  7.435 0.1428571492
67063  24.596  -5.572  5.569 1.0000000000
73897  26.796  1.523  7.241 0.1428571492
74876  26.466  2.340  7.072 0.1428571492
76817  24.843  4.361  6.416 0.5714285970
78826  24.203  6.312  5.973 0.4285714328
77740  25.304  5.462  6.814 0.2857142985
78825  24.960  6.327  6.377 0.2857142985
79766  24.472  7.371  6.126 0.1428571492
80639  23.460  9.019  4.469 0.2857142985
81508  23.677  9.838  3.854 0.1428571492
82393  24.137  10.544  5.156 0.1428571492
83286  24.174  11.362  5.644 0.1428571492
75864  25.298  3.386  6.542 0.4285714328
76816  25.572  4.378  7.225 0.4285714328
77741  24.493  5.338  6.032 0.5714285970
51306  18.578  -21.506  11.972 0.1428571492
51307  17.920  -21.592  12.429 0.1428571492
53105  17.225  -19.377  12.171 0.2857142985
52194  20.779  -19.707  9.689 0.1428571492
61156  25.022  -11.639  5.407 0.7142857313
63037  25.787  -9.730  5.608 0.8571428657
67043  28.334  -4.947  6.408 0.1428571492
67045  26.688  -5.020  6.469 0.1428571492
81490  26.354  9.472  6.219 0.1428571492
82391  25.566  10.589  6.087 0.1428571492
81497  25.891  10.031  5.973 0.1428571492
53145  22.860  -19.556  10.093 0.1428571492
53149  19.812  -19.042  10.265 0.4285714328
55152  22.591  -16.974  8.477 0.5714285970
80648  23.271  9.120  3.743 0.1428571492
56073  21.693  -16.436  8.435 0.5714285970
56074  21.044  -15.887  8.553 0.5714285970
57093  19.513  -15.349  9.451 0.2857142985
57110  22.260  -15.693  7.877 0.5714285970
57112  20.946  -15.346  8.542 0.5714285970
56059  19.741  -16.466  9.660 0.4285714328
57111  21.508  -15.278  8.272 0.5714285970
58114  20.092  -14.780  9.118 0.4285714328
57124  23.285  -15.637  7.006 0.4285714328
57125  22.650  -15.201  7.225 0.5714285970
58155  21.544  -14.408  8.056 0.5714285970
58156  21.065  -14.214  8.199 0.4285714328
57138  22.893  -14.643  6.951 0.5714285970
58176  22.950  -14.246  6.963 0.5714285970
57126  22.171  -14.969  7.812 0.4285714328
59227  22.967  -13.641  6.838 0.7142857313
59226  23.840  -13.581  6.253 0.4285714328
58134  20.781  -14.631  8.514 0.4285714328
58115  19.050  -14.471  9.116 0.2857142985
59206  20.822  -13.572  8.109 0.4285714328
58175  23.436  -14.412  6.718 0.7142857313
59241  23.996  -12.905  5.969 0.7142857313
61142  22.874  -11.803  6.421 0.4285714328
61158  23.533  -11.504  6.055 0.7142857313
62061  23.056  -10.904  6.326 0.5714285970
63019  22.472  -10.154  6.201 0.2857142985
59240  24.566  -13.396  5.826 0.5714285970
60219  24.454  -12.437  5.573 0.5714285970
60220  23.701  -12.213  5.918 0.7142857313
62076  24.543  -10.770  5.741 0.7142857313
63039  23.728  -9.812  5.899 0.7142857313
64115  22.884  -8.699  5.635 0.7142857313
63040  22.680  -9.564  5.922 0.4285714328
61157  24.157  -11.594  5.663 0.5714285970
62075  25.464  -10.693  5.454 0.5714285970
63038  24.814  -9.779  5.780 0.5714285970
64114  23.996  -8.745  5.615 0.7142857313
65132  23.152  -7.630  5.478 0.7142857313
66107  23.388  -6.587  5.402 0.7142857313
67065  22.594  -5.556  5.249 0.5714285970
64113  25.045  -8.755  5.692 0.5714285970
65130  25.245  -7.737  5.655 0.7142857313
66106  24.416  -6.639  5.502 0.8571428657
65133  22.023  -7.567  5.479 0.4285714328
67064  23.547  -5.537  5.382 0.7142857313
68017  22.555  -4.434  5.075 0.7142857313
65131  24.224  -7.687  5.521 0.7142857313
68016  23.719  -4.479  5.417 0.7142857313
69924  22.012  -2.759  4.568 0.2857142985
70919  22.029  -1.842  4.439 0.7142857313
68941  23.021  -3.500  5.145 0.8571428657
70907  23.381  -1.595  5.398 0.8571428657
69923  22.528  -2.635  4.857 0.5714285970
70918  22.637  -1.702  5.007 0.8571428657
71891  22.409  -0.839  4.497 0.7142857313
68940  23.889  -3.448  5.433 0.8571428657
69909  23.233  -2.566  5.209 0.8571428657
71878  22.874  -0.735  5.074 0.8571428657
72875  22.707  -0.231  4.599 0.8571428657
74924  22.042  2.362  3.765 0.7142857313
75895  22.436  3.325  4.056 0.5714285970
74925  21.301  2.472  3.297 0.7142857313
75908  21.847  3.105  3.494 0.7142857313
76844  22.180  4.328  4.238 0.8571428657
76845  21.586  4.469  3.760 0.7142857313
75909  21.436  3.557  2.952 0.7142857313
77790  20.613  4.867  3.055 0.7142857313
77789  20.710  5.325  3.381 0.7142857313
77811  20.214  5.228  2.954 0.5714285970
77770  21.970  5.405  4.404 0.7142857313
77771  21.310  5.518  3.882 0.7142857313
78877  19.790  5.785  3.191 0.5714285970
78843  21.500  6.498  3.860 0.4285714328
78855  20.807  6.221  3.600 0.5714285970
77791  18.492  5.778  2.620 0.5714285970
78856  19.940  6.307  3.664 0.5714285970
78857  19.081  6.182  3.333 0.4285714328
78858  18.209  6.439  3.199 0.5714285970
79793  18.557  6.774  3.753 0.5714285970
79790  21.449  7.420  3.779 0.5714285970
78844  17.200  6.139  4.586 0.4285714328
77794  16.636  5.007  4.112 0.4285714328
79784  17.665  6.830  4.384 0.5714285970
79794  17.997  6.854  3.723 0.5714285970
80622  16.953  7.612  5.055 0.4285714328
60181  25.746  -12.940  6.508 0.2857142985
80633  17.447  7.598  4.707 0.2857142985
79776  17.046  6.966  4.991 0.4285714328
79777  16.907  7.348  5.242 0.2857142985
56058  20.794  -16.676  9.006 0.5714285970
56084  22.981  -16.203  7.463 0.2857142985
56072  22.523  -16.347  8.017 0.4285714328
57109  23.312  -16.050  7.479 0.2857142985
59185  20.319  -13.895  8.482 0.4285714328
59205  21.800  -13.597  7.621 0.4285714328
59204  22.327  -13.468  7.216 0.5714285970
58136  19.164  -13.742  8.725 0.2857142985
59186  19.706  -13.348  8.378 0.2857142985
60204  23.298  -12.817  6.376 0.5714285970
61125  26.410  -12.088  6.442 0.2857142985
62063  21.208  -10.676  6.587 0.2857142985
63018  23.175  -10.254  6.144 0.7142857313
73929  22.689  1.254  4.241 0.7142857313
73943  22.228  1.442  3.947 0.7142857313
76858  21.011  4.554  3.186 0.7142857313
77812  19.359  5.447  2.697 0.5714285970
78859  17.756  6.212  3.822 0.2857142985
77756  22.396  5.717  5.045 0.5714285970
78842  21.858  6.413  4.171 0.5714285970
78835  22.278  6.539  4.683 0.5714285970
79792  19.296  6.971  3.969 0.5714285970
80653  18.593  7.422  3.931 0.2857142985
60183  21.414  -12.748  7.551 0.4285714328
72890  22.280  0.322  4.171 0.7142857313
55153  22.166  -16.848  8.380 0.5714285970
56057  21.342  -17.089  8.805 0.4285714328
57092  20.461  -15.514  9.007 0.5714285970
56085  22.687  -15.890  7.398 0.5714285970
58133  21.302  -14.784  8.263 0.4285714328
55125  19.635  -17.325  9.986 0.5714285970
58135  19.869  -14.114  8.779 0.4285714328
58154  22.449  -14.277  7.345 0.5714285970
60205  22.303  -12.659  6.967 0.4285714328
62062  22.196  -10.808  6.495 0.4285714328
61143  21.880  -11.543  6.848 0.4285714328
62077  23.739  -10.837  5.990 0.7142857313
67066  21.737  -5.488  4.931 0.2857142985
68957  22.299  -3.422  4.805 0.5714285970
68958  21.776  -3.369  4.419 0.2857142985
75896  21.872  3.734  3.688 0.7142857313
79791  20.301  7.249  3.960 0.7142857313
59207  20.072  -12.956  8.057 0.1428571492
60184  20.387  -12.507  7.800 0.4285714328
53130  17.862  -19.228  11.827 0.4285714328
56055  24.215  -16.478  9.130 0.1428571492
58151  24.861  -14.137  6.935 0.1428571492
57091  24.345  -15.617  8.520 0.1428571492
59184  25.671  -13.444  7.824 0.1428571492
58112  24.871  -14.878  8.662 0.1428571492
59203  25.552  -13.356  7.202 0.1428571492
61124  26.883  -11.482  6.715 0.2857142985
84167  23.110  11.887  4.592 0.1428571492
72891  21.654  -0.202  3.918 0.4285714328
84175  22.774  11.736  3.812 0.1428571492
73944  21.546  1.547  3.707 0.4285714328
74944  20.933  2.786  2.746 0.4285714328
81518  20.062  9.415  3.233 0.2857142985
80651  20.761  8.456  3.768 0.2857142985
80650  21.767  8.539  3.374 0.2857142985
73964  18.622  1.629  2.628 0.1428571492
75928  20.740  3.259  2.566 0.5714285970
75910  20.813  3.895  2.634 0.5714285970
80652  19.329  8.242  3.919 0.2857142985
79783  21.821  6.947  3.952 0.4285714328
75930  19.091  3.678  2.428 0.4285714328
76874  19.658  4.524  2.564 0.5714285970
75931  18.261  3.773  2.733 0.4285714328
76876  17.876  4.539  2.755 0.2857142985
80643  18.163  8.029  4.125 0.1428571492
75932  17.554  3.943  3.096 0.1428571492
76861  17.494  5.024  3.059 0.4285714328
80621  17.009  7.901  5.182 0.1428571492
80632  17.638  8.631  4.691 0.1428571492
80641  18.309  9.024  4.064 0.1428571492
76862  16.936  4.485  3.502 0.2857142985
77723  16.421  6.624  7.453 0.1428571492
80631  18.092  9.055  4.253 0.1428571492
80620  17.072  8.499  5.683 0.1428571492
81492  17.270  9.394  6.265 0.1428571492
55106  17.929  -17.189  11.156 0.2857142985
60180  26.147  -12.433  7.069 0.1428571492
72907  21.844  0.939  3.828 0.2857142985
79789  22.072  7.999  3.606 0.2857142985
81519  18.971  9.528  3.648 0.2857142985
81510  18.317  9.429  4.046 0.2857142985
53146  22.048  -19.605  9.912 0.1428571492
55124  23.990  -17.882  9.995 0.1428571492
61140  26.814  -11.185  5.771 0.1428571492
60202  26.161  -12.515  6.197 0.1428571492
72908  21.220  0.452  3.692 0.4285714328
74947  18.519  2.805  2.581 0.2857142985
81517  21.289  9.463  2.950 0.2857142985
81527  21.888  9.805  2.315 0.2857142985
82416  21.865  10.696  2.129 0.1428571492
82417  21.315  11.104  2.281 0.1428571492
82405  23.938  10.712  3.240 0.1428571492
81502  17.919  9.364  4.445 0.2857142985
82414  23.465  10.803  2.522 0.1428571492
83301  23.220  11.603  2.948 0.1428571492
81515  23.317  9.786  2.890 0.1428571492
62072  27.787  -9.801  5.512 0.2857142985
80640  22.961  8.343  4.230 0.4285714328
82407  20.732  10.530  2.516 0.2857142985
80649  22.598  8.663  3.504 0.2857142985
81516  22.287  9.320  2.790 0.1428571492
54151  18.805  -18.176  11.091 0.4285714328
76859  20.450  4.459  2.702 0.5714285970
80644  17.956  7.352  4.029 0.4285714328
79768  16.783  7.252  5.843 0.2857142985
76875  18.671  4.722  2.531 0.5714285970
58131  25.289  -14.004  8.115 0.1428571492
57090  25.142  -15.631  9.394 0.1428571492
59202  25.881  -13.001  7.732 0.1428571492
73945  20.801  1.502  3.338 0.2857142985
74946  19.352  2.631  2.258 0.2857142985
80642  18.367  8.792  4.039 0.1428571492
75929  20.089  3.573  2.374 0.5714285970
55107  16.974  -17.387  11.682 0.2857142985
60159  26.505  -12.684  8.148 0.1428571492
81526  22.598  10.128  2.403 0.2857142985
83308  23.085  11.243  2.484 0.1428571492
66108  22.327  -6.524  5.313 0.4285714328
68036  21.990  -3.870  4.713 0.2857142985
82401  18.808  10.655  4.276 0.1428571492
82409  18.937  10.228  3.751 0.1428571492
82400  19.411  11.087  4.103 0.1428571492
81493  17.193  10.344  6.366 0.1428571492
83297  18.564  11.208  4.911 0.1428571492
82408  19.592  10.600  3.503 0.1428571492
81504  17.213  10.172  5.880 0.1428571492
82385  17.151  10.764  6.020 0.1428571492
82394  17.940  10.688  4.847 0.1428571492
83290  17.325  11.147  5.766 0.1428571492
83296  19.270  11.573  4.639 0.1428571492
81511  18.057  10.018  4.359 0.1428571492
83276  17.367  11.579  6.134 0.1428571492
83288  18.799  11.706  5.256 0.1428571492
68018  22.080  -4.927  4.921 0.2857142985
82384  17.080  10.999  6.191 0.1428571492
84159  18.644  12.033  5.557 0.1428571492
83304  19.680  11.679  3.788 0.1428571492
81520  18.534  10.016  3.893 0.1428571492
83303  20.260  11.624  2.952 0.1428571492
83289  18.012  11.472  5.459 0.1428571492
58153  23.439  -15.037  6.824 0.4285714328
55141  20.270  -17.556  9.617 0.4285714328
54183  20.652  -18.334  9.562 0.2857142985
55140  21.054  -17.614  9.192 0.2857142985
54171  19.741  -18.148  10.126 0.2857142985
76860  17.987  5.213  2.627 0.4285714328
53161  20.799  -19.257  9.662 0.1428571492
74945  20.268  2.508  2.479 0.2857142985
54184  20.219  -18.225  9.775 0.2857142985
54172  19.300  -18.083  10.597 0.2857142985
55105  18.558  -17.455  10.832 0.2857142985
55126  19.078  -17.459  10.443 0.2857142985
56042  19.336  -16.938  10.096 0.2857142985
60182  21.982  -13.131  7.321 0.2857142985
60206  21.499  -12.026  7.201 0.2857142985
61144  20.970  -11.356  6.991 0.2857142985
63041  22.088  -9.588  5.988 0.1428571492
64116  21.682  -8.762  5.889 0.1428571492
68037  21.477  -4.304  4.398 0.1428571492
69944  21.600  -2.571  4.143 0.1428571492
71892  21.964  -0.842  3.907 0.1428571492
71903  21.256  -0.725  3.674 0.1428571492
72927  19.783  0.793  2.500 0.1428571492
74926  20.652  2.207  2.970 0.1428571492
73963  19.575  1.655  2.422 0.1428571492
73962  20.254  1.542  2.740 0.1428571492
77792  17.724  5.794  3.034 0.1428571492
77772  16.520  5.515  4.721 0.1428571492
77773  16.326  4.906  4.665 0.1428571492
78836  16.414  6.138  5.340 0.1428571492
54152  17.659  -18.412  11.693 0.2857142985
54153  16.970  -18.119  12.013 0.2857142985
61126  20.749  -11.890  7.419 0.2857142985
66109  21.143  -6.462  4.832 0.1428571492
68055  20.677  -3.989  3.774 0.1428571492
68977  21.308  -3.302  3.971 0.1428571492
69945  21.088  -2.505  3.644 0.1428571492
72928  19.109  0.902  2.366 0.1428571492
77793  17.254  5.423  3.857 0.1428571492
54150  19.439  -18.566  10.625 0.2857142985
76863  16.489  4.513  4.202 0.1428571492
55127  18.464  -16.968  10.677 0.2857142985
70934  21.500  -1.687  3.802 0.1428571492
68978  20.746  -3.274  3.656 0.1428571492
55085  16.575  -17.751  12.140 0.1428571492
55108  16.443  -17.275  12.046 0.1428571492
56043  18.833  -16.511  10.205 0.1428571492
63035  27.515  -9.429  5.326 0.1428571492
76815  26.673  4.276  7.539 0.1428571492
56030  17.238  -16.418  11.182 0.1428571492
56044  17.928  -16.256  10.701 0.1428571492
56029  17.678  -16.617  11.010 0.1428571492
57094  18.651  -15.137  9.661 0.1428571492
75863  26.063  3.304  7.185 0.1428571492
58116  17.978  -14.435  9.664 0.1428571492
54129  17.080  -18.603  12.048 0.1428571492
56060  18.986  -15.838  9.771 0.1428571492
54130  16.527  -18.486  12.358 0.1428571492
57077  18.388  -15.627  10.153 0.1428571492
53147  21.682  -19.732  9.824 0.1428571492
54169  23.268  -18.588  9.843 0.2857142985
57108  23.742  -15.677  7.652 0.2857142985
57137  23.103  -15.022  6.832 0.4285714328
58113  20.482  -14.971  8.915 0.4285714328
58190  24.884  -13.725  5.757 0.7142857313
59225  24.250  -13.706  6.062 0.5714285970
68013  26.401  -4.985  6.401 0.7142857313
68054  21.084  -3.742  3.846 0.1428571492
71846  26.710  -0.220  7.306 0.1428571492
72839  27.497  0.176  7.422 0.1428571492
72840  26.878  0.277  7.411 0.1428571492
73877  27.198  0.837  7.360 0.1428571492
76877  17.479  4.509  3.082 0.4285714328
77810  20.501  5.503  3.227 0.7142857313
78875  20.606  5.690  3.378 0.7142857313
78876  20.326  5.781  3.324 0.5714285970
79769  16.858  7.566  5.349 0.4285714328
80626  25.351  8.752  6.271 0.1428571492
80630  18.260  9.176  4.082 0.1428571492
80634  17.041  7.392  4.974 0.4285714328
80654  18.271  7.127  3.804 0.5714285970
81501  18.132  9.305  4.207 0.1428571492
81509  18.395  9.221  3.943 0.1428571492
81525  23.113  10.412  2.493 0.1428571492
82395  17.435  10.671  5.495 0.1428571492
82406  21.334  9.984  2.201 0.2857142985
82415  22.825  10.837  2.344 0.1428571492
83277  17.148  11.131  6.005 0.1428571492
