#!ascii label  , from subject A00008326 vox2ras=TkReg
2070
28283  -10.942  -52.076  77.276 0.4444440007
27353  -11.458  -52.631  76.897 0.4444440007
29324  -11.384  -51.702  77.309 0.5555559993
28284  -11.320  -52.131  77.334 0.4444440007
27363  -12.204  -52.667  76.339 0.4444440007
27354  -12.280  -52.098  77.064 0.5555559993
26460  -11.871  -53.709  75.661 0.4444440007
26453  -12.106  -53.243  75.766 0.4444440007
27364  -12.814  -51.894  76.644 0.4444440007
26461  -12.174  -53.526  75.063 0.4444440007
27373  -12.474  -52.687  75.424 0.4444440007
24813  -12.806  -55.042  74.169 0.3333329856
25611  -12.401  -54.386  74.578 0.4444440007
26471  -12.516  -53.581  74.103 0.4444440007
25619  -12.828  -54.429  73.525 0.4444440007
24820  -13.310  -55.199  73.586 0.3333329856
24819  -12.863  -54.949  73.691 0.3333329856
24843  -15.140  -55.692  72.224 0.3333329856
24831  -14.100  -55.349  72.810 0.3333329856
29330  -11.137  -51.702  76.962 0.5555559993
28303  -11.154  -51.536  76.234 0.4444440007
29331  -11.713  -51.167  77.205 0.4444440007
28291  -12.384  -51.431  77.112 0.5555559993
28292  -13.073  -51.245  76.746 0.5555559993
28293  -13.927  -51.042  76.598 0.4444440007
27384  -13.156  -52.131  74.955 0.4444440007
28316  -13.646  -51.549  75.565 0.5555559993
28305  -14.199  -51.227  76.098 0.4444440007
27383  -12.676  -52.810  74.487 0.4444440007
28317  -14.462  -51.231  75.362 0.5555559993
27392  -13.491  -52.320  73.642 0.5555559993
28331  -13.865  -51.548  74.640 0.5555559993
28332  -14.727  -51.272  74.502 0.6666669846
25620  -13.174  -54.775  73.115 0.3333329856
25630  -13.017  -53.950  73.017 0.4444440007
26481  -13.364  -53.040  72.902 0.5555559993
28346  -14.188  -51.552  73.915 0.5555559993
25632  -13.896  -54.795  72.095 0.3333329856
26490  -13.506  -53.367  72.283 0.4444440007
27400  -13.788  -52.642  72.470 0.5555559993
27393  -14.234  -51.756  73.414 0.4444440007
24842  -14.363  -55.083  71.719 0.3333329856
25641  -14.007  -54.237  71.497 0.3333329856
28406  -14.897  -52.045  70.895 0.3333329856
29332  -12.664  -50.686  76.709 0.4444440007
30349  -12.950  -50.155  76.184 0.3333329856
30350  -13.596  -50.110  76.401 0.3333329856
29333  -13.689  -50.608  76.730 0.4444440007
28294  -14.563  -50.952  76.476 0.4444440007
28306  -15.073  -51.078  76.031 0.4444440007
28318  -15.356  -51.132  75.206 0.6666669846
28347  -14.937  -51.387  73.513 0.6666669846
28333  -15.670  -51.192  74.341 0.6666669846
30437  -31.001  -49.517  71.457 0.7777780294
27401  -14.451  -51.940  72.645 0.4444440007
30438  -31.806  -49.669  71.283 0.8888890147
27408  -14.315  -52.506  71.498 0.4444440007
28384  -15.083  -51.754  71.546 0.3333329856
30351  -14.390  -50.085  76.659 0.3333329856
30352  -14.825  -50.298  76.665 0.4444440007
29345  -15.708  -50.561  76.065 0.4444440007
28319  -16.314  -51.021  75.029 0.6666669846
28307  -15.854  -51.008  75.702 0.6666669846
29397  -27.635  -50.398  72.194 0.6666669846
28397  -27.503  -50.836  71.790 0.7777780294
28421  -29.436  -50.820  71.352 0.7777780294
29409  -29.710  -50.215  71.721 0.7777780294
29400  -29.787  -49.746  71.874 0.7777780294
28348  -16.056  -51.261  73.409 0.6666669846
30426  -30.350  -49.130  71.807 0.7777780294
30427  -31.369  -48.748  71.684 0.7777780294
31454  -32.941  -47.825  71.764 0.8888890147
31455  -33.874  -48.009  71.422 0.8888890147
28364  -15.500  -51.461  72.499 0.3333329856
28385  -16.087  -51.396  71.467 0.4444440007
30439  -32.831  -49.453  71.185 0.7777780294
31385  -15.488  -49.581  75.644 0.3333329856
31386  -15.946  -49.680  75.888 0.4444440007
30360  -14.471  -49.655  75.854 0.3333329856
30361  -15.352  -49.936  76.397 0.3333329856
29346  -16.414  -50.558  75.406 0.5555559993
29355  -16.813  -50.641  74.929 0.6666669846
28320  -16.888  -50.913  74.541 0.6666669846
28419  -27.263  -51.323  71.130 0.7777780294
28349  -17.001  -50.844  73.312 0.6666669846
28334  -16.596  -50.950  74.177 0.6666669846
28420  -28.313  -51.257  71.167 0.6666669846
28399  -28.814  -50.485  71.976 0.7777780294
28365  -16.532  -51.166  72.443 0.5555559993
28441  -28.003  -51.546  70.161 0.3333329856
29399  -29.145  -50.069  72.094 0.7777780294
28386  -17.119  -51.086  71.489 0.4444440007
28465  -28.685  -51.696  69.097 0.3333329856
30425  -29.353  -49.289  72.077 0.6666669846
31451  -29.737  -48.773  71.453 0.6666669846
31453  -32.025  -47.829  71.862 0.8888890147
32426  -33.653  -47.012  71.705 0.8888890147
28408  -16.792  -51.246  70.459 0.2222220004
31468  -30.060  -48.246  70.675 0.6666669846
31452  -30.880  -47.973  71.635 0.6666669846
30429  -33.138  -48.618  71.467 0.7777780294
30440  -33.698  -49.041  70.844 0.7777780294
28453  -17.182  -51.195  68.266 0.2222220004
28430  -17.762  -51.012  69.479 0.2222220004
31469  -30.815  -47.724  70.757 0.6666669846
30451  -34.034  -49.611  70.021 0.5555559993
31470  -34.311  -48.453  70.828 0.6666669846
31471  -35.064  -48.347  70.363 0.6666669846
28477  -17.799  -51.089  66.989 0.1111110002
30363  -16.875  -50.163  75.092 0.5555559993
29348  -17.752  -50.151  75.015 0.6666669846
28321  -17.960  -50.753  74.243 0.6666669846
29396  -27.006  -50.456  72.224 0.6666669846
29387  -27.088  -50.146  72.457 0.6666669846
29356  -17.381  -50.470  74.601 0.6666669846
28350  -17.980  -50.874  73.302 0.5555559993
28398  -28.339  -50.710  71.847 0.7777780294
28366  -17.538  -50.996  72.450 0.4444440007
28440  -26.928  -51.562  70.127 0.3333329856
29398  -28.250  -50.165  72.167 0.7777780294
28387  -18.116  -51.041  71.574 0.3333329856
28463  -26.479  -51.821  69.092 0.3333329856
28464  -27.561  -51.763  69.092 0.3333329856
30424  -28.386  -49.652  71.981 0.6666669846
33316  -34.383  -46.230  71.360 0.8888890147
32427  -34.660  -47.107  71.390 0.8888890147
28409  -17.830  -50.995  70.568 0.3333329856
28410  -18.658  -50.972  70.815 0.3333329856
28485  -27.037  -51.790  68.038 0.3333329856
28486  -28.143  -51.738  68.039 0.3333329856
31450  -28.739  -49.136  71.508 0.6666669846
32423  -31.455  -47.371  71.129 0.7777780294
32425  -32.760  -47.015  71.793 0.8888890147
32445  -35.159  -47.550  70.931 0.8888890147
32428  -35.434  -46.952  71.039 0.8888890147
29418  -18.329  -50.864  69.743 0.2222220004
28507  -27.580  -51.559  67.041 0.3333329856
31467  -28.996  -48.603  70.688 0.6666669846
32446  -35.957  -47.390  70.366 0.7777780294
28454  -18.580  -50.939  68.092 0.2222220004
31472  -35.767  -48.222  69.887 0.6666669846
30374  -18.223  -50.066  74.681 0.6666669846
29365  -19.573  -50.387  74.099 0.6666669846
31395  -17.381  -49.784  74.732 0.4444440007
28395  -25.482  -51.086  71.833 0.6666669846
28376  -25.930  -50.399  72.433 0.5555559993
28337  -19.167  -50.650  73.956 0.5555559993
28396  -26.408  -50.793  71.988 0.7777780294
29386  -26.346  -50.237  72.472 0.5555559993
28351  -18.909  -50.946  73.341 0.5555559993
28418  -26.251  -51.432  71.120 0.6666669846
28388  -19.081  -51.018  71.600 0.4444440007
28367  -18.521  -51.046  72.495 0.4444440007
28439  -25.914  -51.684  70.113 0.4444440007
30412  -27.787  -49.881  72.178 0.5555559993
28462  -25.444  -51.775  69.144 0.3333329856
33317  -35.401  -46.167  71.137 0.8888890147
28431  -18.792  -50.837  69.202 0.2222220004
29419  -18.957  -50.784  69.924 0.2222220004
28484  -25.918  -51.779  68.068 0.3333329856
28506  -26.486  -51.550  67.021 0.3333329856
31482  -28.113  -48.345  69.892 0.4444440007
33315  -33.481  -46.335  71.454 0.7777780294
33326  -35.916  -46.537  70.833 0.8888890147
31483  -29.255  -47.873  69.565 0.5555559993
31484  -30.347  -47.800  69.948 0.5555559993
31485  -30.874  -47.635  70.190 0.6666669846
32447  -36.564  -47.010  70.061 0.6666669846
29431  -19.178  -50.825  67.480 0.2222220004
28529  -25.965  -51.282  66.014 0.3333329856
28530  -27.046  -51.316  66.102 0.3333329856
29458  -18.442  -50.951  66.014 0.1111110002
29445  -18.862  -50.892  66.967 0.1111110002
29479  -26.573  -50.936  65.272 0.3333329856
30375  -19.101  -50.158  74.422 0.6666669846
28358  -24.793  -50.409  72.856 0.6666669846
28375  -25.308  -50.568  72.499 0.6666669846
28338  -20.131  -50.658  73.746 0.6666669846
28374  -24.793  -50.833  72.201 0.6666669846
28352  -19.847  -50.858  73.312 0.4444440007
28369  -20.466  -51.002  72.524 0.5555559993
28394  -24.667  -51.086  71.683 0.5555559993
28368  -19.498  -50.999  72.523 0.4444440007
28416  -24.404  -51.359  70.887 0.4444440007
28417  -25.308  -51.365  70.986 0.4444440007
28412  -20.748  -51.223  70.678 0.4444440007
28461  -24.619  -51.732  69.318 0.4444440007
28438  -24.973  -51.629  70.074 0.4444440007
28411  -19.600  -50.930  70.525 0.2222220004
28433  -20.534  -51.067  69.690 0.2222220004
34204  -34.233  -45.842  71.098 0.8888890147
34205  -35.260  -45.473  70.862 1.0000000000
28432  -19.649  -50.851  69.442 0.2222220004
28504  -24.139  -51.425  67.052 0.3333329856
28483  -24.700  -51.629  68.253 0.3333329856
34203  -33.890  -45.985  71.237 0.8888890147
33318  -36.147  -45.935  70.896 0.8888890147
28456  -20.414  -50.842  68.717 0.2222220004
28505  -25.324  -51.440  67.016 0.3333329856
33324  -32.985  -46.436  71.082 0.7777780294
34216  -36.580  -45.519  70.685 0.8888890147
28455  -19.527  -50.768  68.570 0.2222220004
28478  -20.559  -50.755  68.105 0.2222220004
28528  -24.664  -51.100  65.753 0.3333329856
29432  -19.602  -50.744  67.808 0.2222220004
29446  -19.690  -50.735  67.061 0.2222220004
33337  -37.582  -46.521  69.630 0.6666669846
33327  -36.677  -46.309  70.360 0.7777780294
29460  -20.490  -50.722  66.464 0.2222220004
30384  -19.832  -50.073  74.189 0.6666669846
28339  -20.843  -50.684  73.606 0.6666669846
28354  -21.563  -50.770  73.134 0.4444440007
28355  -22.505  -50.686  72.847 0.6666669846
28370  -21.351  -51.064  72.488 0.4444440007
28371  -22.250  -51.008  72.379 0.4444440007
28372  -23.164  -50.916  72.252 0.4444440007
28373  -24.052  -50.801  72.182 0.5555559993
28390  -21.063  -51.256  71.644 0.4444440007
28391  -21.977  -51.273  71.651 0.4444440007
28392  -22.899  -51.246  71.642 0.4444440007
28393  -23.798  -51.124  71.626 0.4444440007
28413  -21.688  -51.375  70.757 0.4444440007
28437  -24.108  -51.717  70.036 0.4444440007
28434  -21.451  -51.252  69.821 0.3333329856
28482  -23.559  -51.592  68.092 0.3333329856
28460  -23.865  -51.698  69.099 0.3333329856
34213  -34.079  -45.730  70.973 0.8888890147
34214  -34.793  -45.508  70.629 1.0000000000
28457  -21.266  -51.071  68.908 0.2222220004
34206  -36.140  -45.261  70.867 0.8888890147
29448  -21.129  -50.819  67.458 0.2222220004
28479  -21.078  -50.879  68.039 0.2222220004
28527  -23.486  -51.235  66.161 0.3333329856
34217  -37.297  -45.271  70.426 0.8888890147
29461  -21.217  -50.816  66.890 0.2222220004
33328  -37.312  -45.918  70.102 0.8888890147
32470  -38.634  -47.261  68.513 0.2222220004
33338  -38.576  -46.705  68.909 0.6666669846
30385  -20.823  -49.816  74.041 0.6666669846
29367  -21.325  -50.393  73.603 0.6666669846
29374  -22.006  -50.502  73.312 0.6666669846
28435  -22.356  -51.371  69.873 0.4444440007
28414  -22.613  -51.434  70.801 0.4444440007
28415  -23.517  -51.440  70.838 0.4444440007
28436  -23.248  -51.586  69.932 0.4444440007
28458  -22.104  -51.303  68.964 0.3333329856
28459  -22.953  -51.603  68.991 0.3333329856
34215  -35.346  -45.234  70.522 0.8888890147
28481  -22.636  -51.423  68.091 0.3333329856
35074  -35.813  -44.864  70.430 0.8888890147
28501  -21.594  -50.960  67.419 0.2222220004
28502  -22.270  -51.172  67.300 0.2222220004
28503  -23.108  -51.323  67.162 0.3333329856
34207  -36.794  -45.014  70.669 0.8888890147
28526  -22.519  -51.107  66.324 0.2222220004
28525  -21.854  -50.986  66.739 0.2222220004
29477  -22.391  -50.987  65.602 0.2222220004
34218  -38.073  -45.075  70.085 0.7777780294
29476  -21.578  -50.867  65.817 0.2222220004
34233  -39.057  -46.196  68.726 0.5555559993
35075  -36.196  -44.682  70.524 0.8888890147
36034  -36.425  -44.242  70.128 1.0000000000
35076  -36.712  -44.498  70.560 0.8888890147
35092  -37.255  -44.387  70.511 0.8888890147
34227  -39.396  -45.159  69.030 0.7777780294
34234  -39.673  -45.675  68.534 0.5555559993
35134  -40.981  -44.694  67.494 0.3333329856
36033  -35.987  -44.627  70.197 0.7777780294
36035  -36.763  -43.953  70.275 1.0000000000
36048  -37.182  -43.820  70.367 0.8888890147
35093  -37.913  -44.400  70.369 0.8888890147
36050  -38.615  -43.085  70.356 0.8888890147
36068  -39.158  -43.547  70.036 0.8888890147
35111  -40.094  -44.285  68.989 0.7777780294
35135  -41.419  -44.041  67.203 0.2222220004
35144  -41.273  -44.339  66.749 0.2222220004
36129  -41.777  -43.595  66.819 0.4444440007
37193  -41.878  -43.334  66.260 0.1111110002
36158  -41.351  -43.418  65.298 0.1111110002
37217  -41.842  -43.047  65.723 0.3333329856
37116  -37.530  -42.881  69.961 1.0000000000
36049  -37.854  -43.503  70.331 1.0000000000
35110  -39.392  -44.504  69.405 0.7777780294
37130  -39.673  -42.990  69.862 0.8888890147
36069  -39.919  -43.586  69.466 0.7777780294
36089  -40.691  -43.583  68.666 0.7777780294
36090  -41.248  -43.106  68.435 0.6666669846
37149  -41.559  -42.468  68.402 0.7777780294
36111  -41.578  -43.495  67.805 0.4444440007
37170  -42.036  -42.748  67.876 0.6666669846
37194  -42.385  -42.703  66.502 0.5555559993
37171  -42.409  -42.459  67.456 0.5555559993
37243  -42.245  -42.084  64.988 0.2222220004
37218  -42.314  -42.286  65.521 0.3333329856
37103  -36.984  -43.791  70.246 0.8888890147
37117  -38.398  -42.355  70.329 1.0000000000
38195  -38.300  -41.269  70.261 1.0000000000
37118  -39.363  -42.367  70.300 1.0000000000
38196  -38.987  -41.258  70.537 1.0000000000
37131  -40.305  -42.510  69.531 0.8888890147
38197  -39.739  -41.281  70.353 1.0000000000
37132  -41.015  -42.218  69.023 0.8888890147
38213  -40.778  -41.708  69.376 0.8888890147
38228  -41.304  -41.578  68.896 0.8888890147
38235  -42.405  -41.569  67.784 0.6666669846
38229  -41.905  -41.553  68.354 0.8888890147
38248  -42.698  -41.596  66.120 0.4444440007
38240  -42.760  -41.664  67.042 0.5555559993
39250  -40.901  -40.786  69.461 1.0000000000
39262  -41.571  -40.733  68.754 0.8888890147
39272  -42.585  -40.746  67.531 0.7777780294
39286  -42.759  -40.652  65.816 0.5555559993
40220  -40.094  -39.433  70.224 1.0000000000
39249  -40.230  -40.488  70.125 1.0000000000
40228  -41.333  -39.853  69.194 1.0000000000
39263  -42.180  -40.745  68.203 0.7777780294
40239  -42.629  -39.841  67.358 0.6666669846
40255  -42.744  -39.763  65.539 0.6666669846
41194  -40.020  -38.299  70.129 1.0000000000
41193  -39.587  -37.969  69.727 1.0000000000
40234  -41.873  -39.918  68.576 1.0000000000
41202  -41.105  -39.093  69.494 1.0000000000
40235  -42.340  -39.925  68.057 0.7777780294
41195  -40.596  -38.710  69.859 1.0000000000
41203  -41.710  -38.918  68.942 0.8888890147
42193  -41.133  -38.347  69.505 1.0000000000
42194  -41.592  -37.643  69.267 1.0000000000
41211  -42.346  -38.908  68.163 0.7777780294
41204  -41.987  -38.306  68.739 0.8888890147
41217  -42.474  -38.967  67.159 0.7777780294
42207  -42.363  -38.168  67.735 0.7777780294
42195  -42.151  -37.812  68.474 0.8888890147
41233  -42.510  -38.952  65.311 0.5555559993
41225  -42.490  -38.955  66.249 0.6666669846
41240  -42.494  -38.904  64.387 0.5555559993
44180  -41.441  -35.978  63.952 0.2222220004
45127  -41.631  -34.927  63.643 0.3333329856
44188  -41.463  -35.903  62.828 0.2222220004
42178  -39.660  -36.740  69.540 1.0000000000
42179  -39.922  -37.142  70.036 1.0000000000
43165  -40.346  -36.380  69.929 1.0000000000
42180  -40.717  -37.477  69.869 1.0000000000
43166  -40.966  -36.419  69.886 1.0000000000
42181  -41.233  -37.014  69.736 1.0000000000
43177  -41.462  -36.560  69.476 1.0000000000
42216  -42.322  -38.083  66.978 0.6666669846
43191  -42.100  -37.135  67.808 0.7777780294
45963  -42.208  -33.894  67.690 0.8888890147
42232  -42.220  -38.288  65.115 0.5555559993
42223  -41.977  -37.695  65.609 0.6666669846
45105  -41.783  -35.256  65.818 0.5555559993
45093  -41.943  -34.979  66.692 0.6666669846
42249  -42.002  -38.206  63.751 0.1111110002
42241  -42.133  -38.285  64.337 0.4444440007
42231  -41.914  -37.705  64.986 0.4444440007
45106  -42.174  -34.339  65.617 0.4444440007
42240  -41.818  -37.719  64.254 0.2222220004
44171  -41.530  -36.166  65.097 0.3333329856
45974  -42.615  -33.650  66.527 0.6666669846
43229  -41.600  -36.970  64.126 0.2222220004
43236  -41.592  -36.913  63.127 0.2222220004
45118  -41.714  -35.075  64.792 0.3333329856
45119  -42.269  -34.146  64.429 0.3333329856
45128  -42.231  -34.099  63.230 0.2222220004
44107  -40.152  -35.560  69.632 1.0000000000
44123  -41.204  -35.596  69.592 1.0000000000
43178  -41.907  -36.809  68.828 0.8888890147
45082  -41.846  -35.041  67.735 0.7777780294
42224  -42.209  -38.085  66.043 0.6666669846
43205  -41.927  -37.245  66.829 0.6666669846
43204  -41.723  -36.592  66.516 0.6666669846
44160  -41.761  -35.713  66.768 0.5555559993
45092  -41.821  -35.339  66.281 0.5555559993
45953  -42.541  -33.041  68.141 0.8888890147
43221  -41.677  -37.128  64.846 0.4444440007
44159  -41.694  -35.858  66.232 0.3333329856
45964  -43.056  -32.907  67.404 0.8888890147
43163  -39.706  -35.911  69.343 1.0000000000
44108  -40.615  -35.635  69.734 1.0000000000
44124  -41.654  -35.973  69.138 0.8888890147
44136  -41.844  -35.815  68.377 0.7777780294
44147  -41.788  -36.069  67.233 0.6666669846
45072  -41.711  -34.570  68.499 0.8888890147
46917  -42.127  -32.537  68.387 1.0000000000
46918  -42.949  -32.395  68.089 0.8888890147
45975  -43.506  -32.881  66.334 0.7777780294
46929  -43.453  -32.172  67.631 0.8888890147
45984  -43.140  -33.396  65.241 0.5555559993
46941  -43.790  -32.410  66.972 0.7777780294
46942  -44.379  -31.996  66.641 0.8888890147
46953  -44.171  -32.458  66.269 0.6666669846
46954  -44.831  -32.331  65.923 0.7777780294
45999  -43.199  -33.598  63.891 0.2222220004
45985  -44.327  -32.746  65.463 0.4444440007
45986  -44.975  -32.558  65.390 0.6666669846
46967  -45.310  -32.392  65.412 0.7777780294
46014  -43.121  -33.636  62.730 0.2222220004
46000  -44.251  -33.112  64.369 0.3333329856
44106  -39.891  -35.529  69.405 1.0000000000
45924  -40.017  -34.554  68.994 1.0000000000
45058  -40.486  -34.348  69.115 1.0000000000
45041  -40.357  -34.840  69.338 1.0000000000
45941  -40.610  -33.881  68.914 1.0000000000
45059  -41.019  -34.554  69.264 1.0000000000
45942  -41.204  -33.707  68.818 1.0000000000
44135  -41.527  -35.164  69.051 0.8888890147
45071  -41.485  -34.577  69.012 0.8888890147
45060  -41.471  -34.160  68.879 1.0000000000
46905  -41.459  -33.051  68.578 1.0000000000
45952  -41.893  -33.533  68.556 0.8888890147
47963  -41.847  -31.748  68.217 1.0000000000
47975  -43.435  -31.453  67.609 0.8888890147
46930  -43.892  -31.902  67.241 0.8888890147
47976  -44.174  -31.460  67.048 1.0000000000
48939  -44.054  -30.904  67.094 1.0000000000
47988  -44.656  -31.422  66.586 1.0000000000
48951  -44.774  -30.758  66.448 1.0000000000
48964  -44.474  -30.039  65.912 1.0000000000
46955  -45.451  -31.951  65.802 0.8888890147
47989  -45.190  -31.372  66.217 1.0000000000
46001  -45.347  -32.709  64.715 0.6666669846
48952  -45.383  -30.919  66.066 1.0000000000
46015  -44.169  -33.313  63.245 0.2222220004
46956  -46.023  -31.791  65.470 0.8888890147
46027  -43.982  -33.194  62.176 0.2222220004
46902  -39.884  -33.766  68.627 1.0000000000
45940  -40.155  -34.149  68.927 1.0000000000
46915  -40.351  -32.711  68.313 1.0000000000
46904  -40.824  -33.173  68.657 1.0000000000
46916  -41.254  -32.485  68.427 1.0000000000
47962  -40.924  -31.978  68.037 1.0000000000
47964  -42.716  -31.807  68.120 1.0000000000
47974  -42.543  -31.051  67.904 1.0000000000
48938  -43.222  -30.667  67.267 1.0000000000
48950  -43.852  -30.365  66.603 1.0000000000
46016  -45.242  -33.053  63.595 0.3333329856
48001  -45.718  -31.274  65.814 1.0000000000
48965  -45.674  -30.336  65.512 1.0000000000
46002  -46.373  -32.543  64.483 0.5555559993
46969  -46.609  -32.000  64.922 0.8888890147
48966  -46.395  -30.718  65.119 1.0000000000
46028  -45.080  -33.087  62.550 0.2222220004
46017  -46.277  -32.913  63.755 0.4444440007
46003  -46.836  -32.423  64.426 0.5555559993
46970  -47.106  -31.718  64.536 0.6666669846
46029  -46.150  -33.129  62.789 0.4444440007
46030  -47.153  -33.220  62.968 0.4444440007
46018  -47.233  -32.717  63.894 0.5555559993
46019  -47.840  -32.537  63.598 0.3333329856
46043  -46.985  -33.352  61.953 0.2222220004
46913  -39.402  -33.537  68.121 1.0000000000
46914  -39.708  -33.270  68.291 1.0000000000
46928  -40.215  -32.258  67.825 1.0000000000
47973  -41.482  -31.191  67.543 1.0000000000
48937  -42.338  -30.605  67.159 1.0000000000
48948  -42.187  -30.280  66.393 1.0000000000
48949  -42.980  -30.230  66.601 1.0000000000
48962  -42.746  -29.938  65.886 0.8888890147
49939  -43.198  -29.645  65.314 1.0000000000
49941  -44.847  -29.662  65.271 1.0000000000
49957  -45.433  -29.477  64.700 1.0000000000
49958  -46.145  -29.555  64.352 1.0000000000
48015  -46.757  -31.173  64.855 0.8888890147
48982  -46.756  -30.224  64.517 1.0000000000
46983  -47.735  -31.901  64.016 0.6666669846
48016  -47.258  -31.113  64.408 0.6666669846
46031  -48.099  -32.900  62.971 0.3333329856
48035  -47.622  -31.004  64.004 0.6666669846
48983  -47.326  -30.635  64.183 0.8888890147
49004  -47.164  -29.788  63.823 1.0000000000
46044  -47.904  -33.341  62.112 0.2222220004
46991  -48.176  -32.329  63.390 0.4444440007
46984  -48.316  -31.787  63.406 0.5555559993
48036  -48.091  -31.095  63.585 0.5555559993
49005  -47.642  -30.256  63.721 0.7777780294
46058  -47.773  -33.376  61.227 0.2222220004
46032  -48.644  -32.758  62.500 0.3333329856
46992  -48.707  -32.180  62.796 0.5555559993
48052  -48.619  -31.230  63.017 0.6666669846
46927  -39.600  -32.672  67.742 1.0000000000
47972  -40.471  -31.763  67.396 1.0000000000
47987  -41.622  -30.680  66.816 1.0000000000
48947  -41.412  -30.541  66.085 0.8888890147
48961  -42.056  -30.092  65.504 0.8888890147
49938  -42.556  -29.824  65.289 0.8888890147
49940  -44.028  -29.566  65.317 1.0000000000
49956  -44.496  -29.260  64.611 1.0000000000
49974  -44.911  -29.128  64.046 1.0000000000
49975  -45.680  -29.226  63.807 1.0000000000
49994  -46.041  -29.104  62.808 1.0000000000
49976  -46.650  -29.431  63.616 1.0000000000
49006  -48.389  -30.372  63.087 0.6666669846
49978  -48.114  -29.703  63.021 0.7777780294
46059  -48.499  -33.234  61.290 0.2222220004
46993  -49.176  -31.980  62.166 0.5555559993
48053  -49.047  -31.345  62.431 0.6666669846
49026  -49.261  -30.627  62.059 0.5555559993
49955  -43.558  -29.239  64.557 0.8888890147
50895  -44.119  -28.946  64.077 0.8888890147
50896  -44.503  -29.056  64.132 0.8888890147
49993  -44.826  -28.982  63.129 0.8888890147
50008  -45.413  -29.068  61.940 0.8888890147
49977  -47.460  -29.557  63.188 1.0000000000
49997  -48.705  -29.637  62.297 0.7777780294
49996  -48.011  -29.293  62.303 0.8888890147
49039  -49.509  -30.709  61.531 0.5555559993
49998  -49.092  -30.098  62.173 0.6666669846
48077  -49.668  -31.378  61.142 0.5555559993
49995  -47.119  -29.239  62.443 1.0000000000
50009  -46.530  -29.100  61.756 1.0000000000
49051  -49.799  -30.417  60.955 0.7777780294
50012  -48.980  -29.282  61.837 0.8888890147
50924  -48.765  -29.154  61.863 0.8888890147
50010  -47.387  -29.079  61.543 1.0000000000
50934  -48.372  -28.943  61.415 0.8888890147
50024  -49.899  -29.315  60.724 0.7777780294
50936  -49.518  -28.983  61.107 0.7777780294
50935  -49.049  -28.848  61.433 1.0000000000
50025  -50.232  -29.225  59.995 0.7777780294
50941  -47.695  -28.953  61.105 0.7777780294
50943  -48.973  -28.240  60.659 0.7777780294
50944  -49.639  -28.339  60.450 0.7777780294
51909  -49.243  -28.014  60.381 0.8888890147
50945  -50.078  -28.701  60.278 0.8888890147
50951  -49.978  -27.835  59.929 0.8888890147
50949  -48.137  -28.574  60.028 0.7777780294
50950  -48.680  -28.149  60.058 0.7777780294
51922  -49.216  -27.736  59.194 0.6666669846
51910  -49.418  -27.924  60.268 0.7777780294
51916  -49.689  -27.706  59.808 0.6666669846
51923  -50.121  -27.330  58.801 0.6666669846
51917  -50.149  -27.618  59.440 0.7777780294
51924  -50.746  -27.376  58.774 0.4444440007
52882  -51.189  -26.731  58.083 0.2222220004
52894  -51.027  -26.403  57.484 0.2222220004
52883  -51.472  -27.077  58.025 0.3333329856
52895  -51.577  -26.417  57.311 0.3333329856
52896  -52.022  -25.927  56.858 0.3333329856
52921  -52.693  -26.322  56.147 0.3333329856
50959  -48.419  -28.370  59.326 0.6666669846
51934  -49.216  -27.743  58.461 0.5555559993
51935  -49.618  -27.355  58.002 0.5555559993
52881  -50.717  -26.784  58.297 0.4444440007
52893  -50.354  -26.765  57.882 0.4444440007
53843  -51.203  -26.070  56.882 0.3333329856
53845  -51.782  -25.935  56.837 0.3333329856
52906  -52.465  -25.891  56.411 0.4444440007
50053  -48.246  -28.753  58.128 0.6666669846
50968  -49.148  -27.891  58.001 0.6666669846
50983  -48.719  -28.354  57.621 0.6666669846
52904  -49.995  -26.784  57.311 0.5555559993
53856  -51.110  -26.195  56.771 0.4444440007
53857  -51.641  -25.802  56.473 0.4444440007
53858  -52.135  -25.515  56.374 0.4444440007
50998  -48.733  -28.532  56.655 0.6666669846
50999  -49.328  -27.993  56.229 0.5555559993
51947  -49.645  -27.262  56.877 0.5555559993
52919  -50.072  -26.681  56.533 0.5555559993
52935  -50.216  -26.651  55.707 0.4444440007
52936  -50.684  -26.211  55.194 0.5555559993
53872  -51.222  -25.822  55.932 0.4444440007
53859  -52.534  -25.421  56.062 0.4444440007
52907  -52.731  -25.568  56.025 0.4444440007
53875  -52.897  -25.253  55.682 0.4444440007
52922  -53.011  -25.861  55.852 0.4444440007
53882  -51.341  -25.499  54.981 0.4444440007
54811  -53.143  -24.994  55.301 0.3333329856
53884  -53.333  -25.476  55.159 0.3333329856
54827  -54.329  -24.365  53.036 0.2222220004
54845  -55.235  -24.713  51.249 0.2222220004
54855  -55.183  -24.763  50.743 0.2222220004
54854  -55.064  -24.264  50.071 0.2222220004
53883  -51.898  -24.812  54.636 0.3333329856
54809  -52.443  -24.639  55.047 0.3333329856
53874  -52.480  -25.070  55.732 0.2222220004
54810  -52.887  -24.733  55.259 0.3333329856
54820  -53.014  -24.121  54.569 0.3333329856
53890  -53.688  -25.310  54.292 0.2222220004
54821  -53.298  -24.767  54.788 0.2222220004
53891  -54.198  -25.244  53.487 0.2222220004
54826  -53.666  -24.297  53.773 0.2222220004
54833  -54.784  -24.305  52.298 0.2222220004
54844  -55.108  -24.492  51.731 0.2222220004
55759  -54.912  -23.478  51.541 0.2222220004
55760  -55.192  -24.168  51.366 0.2222220004
55772  -55.257  -24.067  50.895 0.2222220004
53888  -51.472  -25.313  54.001 0.3333329856
54819  -52.454  -24.221  54.125 0.2222220004
55740  -54.020  -23.833  53.181 0.2222220004
55748  -54.256  -23.387  52.573 0.2222220004
55771  -55.117  -23.185  50.402 0.2222220004
53900  -51.599  -25.207  53.167 0.2222220004
53889  -51.974  -24.683  53.617 0.1111110002
54824  -52.448  -24.097  53.099 0.2222220004
54825  -53.068  -23.674  53.351 0.2222220004
55739  -53.686  -23.538  53.086 0.2222220004
55747  -53.716  -23.035  52.602 0.2222220004
56634  -53.993  -22.746  52.397 0.2222220004
54832  -52.752  -23.569  52.492 0.2222220004
55738  -53.412  -23.315  52.829 0.2222220004
55746  -53.284  -23.036  52.317 0.3333329856
56632  -53.457  -22.520  51.989 0.2222220004
56644  -54.163  -22.457  51.830 0.2222220004
56654  -54.596  -22.336  50.820 0.3333329856
55778  -54.821  -23.203  49.366 0.2222220004
54863  -54.343  -24.123  49.221 0.2222220004
55806  -54.399  -23.236  47.065 0.2222220004
54843  -52.547  -23.671  52.011 0.2222220004
55770  -52.377  -23.175  50.858 0.2222220004
55758  -52.675  -23.192  51.641 0.3333329856
56653  -52.715  -22.595  50.949 0.2222220004
56642  -53.189  -22.415  51.567 0.3333329856
56672  -52.399  -22.358  49.637 0.2222220004
57544  -52.839  -22.172  50.846 0.3333329856
57533  -53.277  -22.100  51.220 0.3333329856
57555  -52.816  -22.106  50.315 0.3333329856
57545  -53.312  -21.906  50.905 0.3333329856
57556  -53.389  -21.587  50.188 0.3333329856
57546  -53.867  -21.875  51.027 0.3333329856
56661  -54.732  -22.222  49.719 0.2222220004
56673  -54.636  -22.259  48.594 0.3333329856
57566  -54.203  -21.416  48.949 0.3333329856
55791  -54.371  -23.372  48.207 0.2222220004
56685  -54.640  -22.406  47.482 0.2222220004
57604  -54.407  -21.950  45.839 0.2222220004
57616  -54.290  -21.865  44.811 0.2222220004
57615  -54.063  -21.313  45.480 0.2222220004
59443  -53.895  -19.662  44.512 0.2222220004
57557  -54.176  -21.560  50.070 0.3333329856
57579  -54.235  -21.286  47.786 0.3333329856
57591  -54.386  -21.735  46.768 0.3333329856
57590  -53.813  -21.031  46.882 0.3333329856
57603  -54.028  -21.203  46.146 0.2222220004
59442  -53.489  -19.763  45.440 0.2222220004
58492  -53.811  -20.732  44.955 0.2222220004
61372  -54.140  -17.664  43.713 0.2222220004
60387  -54.684  -18.580  43.139 0.2222220004
57565  -53.548  -21.303  49.287 0.3333329856
58463  -53.927  -20.965  48.323 0.3333329856
58482  -53.555  -20.464  46.212 0.3333329856
61371  -53.442  -17.700  44.643 0.2222220004
60378  -54.110  -18.553  44.153 0.2222220004
62320  -54.124  -17.386  43.919 0.2222220004
58448  -53.047  -21.061  48.564 0.3333329856
58449  -53.642  -21.031  48.605 0.3333329856
57578  -53.722  -20.781  47.359 0.3333329856
60355  -50.544  -18.576  46.349 0.2222220004
61345  -50.129  -17.901  45.910 0.2222220004
61346  -51.085  -17.984  45.884 0.2222220004
58474  -53.376  -20.364  46.886 0.3333329856
61358  -51.665  -17.609  45.470 0.2222220004
59433  -53.223  -19.588  46.231 0.2222220004
61360  -53.247  -18.047  45.229 0.2222220004
62311  -52.680  -17.402  44.972 0.2222220004
58461  -52.364  -20.826  47.907 0.2222220004
59416  -52.467  -20.162  47.237 0.2222220004
58462  -53.306  -20.644  47.748 0.3333329856
59427  -52.767  -19.694  46.734 0.3333329856
60356  -51.501  -18.666  46.312 0.3333329856
61348  -52.338  -18.161  45.796 0.2222220004
60358  -52.806  -18.953  46.153 0.2222220004
60366  -52.626  -18.380  45.835 0.2222220004
60367  -53.140  -18.629  45.674 0.2222220004
61359  -52.638  -17.734  45.394 0.2222220004
60357  -52.276  -18.718  46.208 0.3333329856
52937  -52.866  -26.468  55.634 0.3333329856
53873  -51.887  -25.213  55.663 0.5555559993
27362  -11.664  -53.042  76.471 0.4444440007
29342  -11.269  -51.453  76.686 0.5555559993
27355  -12.677  -51.675  77.002 0.5555559993
27374  -12.983  -52.088  75.922 0.4444440007
25631  -13.406  -54.358  72.549 0.4444440007
28304  -13.440  -51.485  76.301 0.5555559993
27391  -12.809  -52.971  73.852 0.5555559993
26489  -13.229  -53.611  72.809 0.5555559993
25640  -13.633  -53.832  71.943 0.3333329856
26496  -13.849  -53.349  71.612 0.3333329856
27407  -13.805  -52.918  71.934 0.5555559993
29344  -12.331  -50.401  76.011 0.3333329856
30359  -13.459  -49.870  75.720 0.2222220004
29335  -15.010  -50.577  76.451 0.4444440007
30428  -32.341  -48.686  71.656 0.8888890147
28407  -15.638  -51.776  70.401 0.3333329856
30450  -33.281  -49.929  70.375 0.5555559993
30362  -16.256  -50.051  75.692 0.5555559993
28335  -17.434  -50.783  73.790 0.5555559993
30441  -34.355  -48.958  70.306 0.6666669846
31456  -34.622  -47.903  71.066 0.6666669846
29406  -18.063  -50.890  69.948 0.3333329856
31486  -35.471  -48.769  69.640 0.6666669846
30453  -35.565  -49.246  69.223 0.5555559993
29347  -17.046  -50.384  74.935 0.6666669846
30372  -16.866  -49.917  75.118 0.4444440007
30373  -17.464  -50.004  74.855 0.5555559993
29357  -18.043  -50.362  74.468 0.5555559993
28322  -18.434  -50.510  74.271 0.5555559993
28336  -18.344  -50.683  73.932 0.5555559993
29407  -18.447  -50.874  70.232 0.3333329856
31466  -28.035  -49.009  70.866 0.3333329856
32424  -32.131  -47.109  71.525 0.8888890147
29358  -18.760  -50.360  74.352 0.6666669846
29366  -20.424  -50.407  73.876 0.6666669846
28389  -20.113  -50.984  71.598 0.4444440007
31449  -27.882  -49.481  71.531 0.6666669846
30383  -19.058  -49.897  74.482 0.6666669846
28353  -20.710  -51.097  73.073 0.6666669846
29433  -20.134  -50.696  68.147 0.2222220004
29447  -20.507  -50.721  67.493 0.2222220004
29478  -25.651  -50.857  65.202 0.3333329856
29503  -24.891  -50.590  64.492 0.2222220004
34225  -37.772  -45.651  69.932 0.7777780294
28480  -21.846  -51.147  68.119 0.2222220004
34226  -38.671  -45.546  69.342 0.5555559993
35109  -38.603  -44.470  69.957 0.6666669846
35125  -40.424  -44.728  68.366 0.6666669846
35124  -39.805  -44.877  68.853 0.6666669846
36110  -41.001  -44.176  68.116 0.6666669846
36067  -38.421  -43.788  70.297 0.8888890147
36145  -41.411  -43.957  66.028 0.1111110002
36130  -42.171  -43.113  67.243 0.5555559993
37242  -41.631  -42.573  64.743 0.2222220004
37148  -40.960  -42.774  68.788 0.8888890147
37150  -42.167  -42.189  68.026 0.6666669846
38260  -42.144  -41.845  64.638 0.2222220004
37119  -39.956  -41.905  70.122 1.0000000000
38212  -40.317  -41.442  69.876 1.0000000000
38261  -42.477  -41.466  65.202 0.3333329856
39281  -42.838  -40.718  66.726 0.5555559993
39240  -39.547  -40.298  70.337 1.0000000000
40227  -40.696  -39.715  69.767 1.0000000000
40219  -39.515  -39.215  70.131 1.0000000000
40247  -42.754  -39.805  66.473 0.6666669846
41210  -42.106  -39.405  68.445 0.8888890147
40262  -42.689  -39.719  64.551 0.5555559993
43164  -39.898  -36.191  69.722 1.0000000000
43216  -41.871  -37.336  66.161 0.6666669846
42248  -41.781  -37.779  63.405 0.2222220004
45042  -40.781  -35.137  69.555 1.0000000000
43215  -41.683  -36.953  65.670 0.4444440007
45057  -39.919  -34.728  69.004 1.0000000000
47965  -43.186  -31.933  67.950 0.8888890147
46943  -44.900  -31.825  66.220 1.0000000000
46903  -40.205  -33.464  68.653 1.0000000000
48963  -43.547  -29.930  65.972 1.0000000000
46968  -45.891  -32.311  65.188 0.6666669846
48002  -46.277  -31.218  65.387 0.8888890147
48981  -46.055  -29.805  64.855 1.0000000000
46982  -47.120  -32.217  64.385 0.4444440007
46057  -46.866  -33.091  60.761 0.2222220004
47000  -49.029  -32.589  62.097 0.3333329856
49025  -48.882  -30.537  62.544 0.6666669846
47017  -49.173  -32.858  61.321 0.3333329856
49973  -43.543  -28.951  63.699 0.8888890147
50921  -44.300  -28.861  63.276 0.8888890147
50923  -48.518  -29.103  61.882 0.8888890147
50013  -49.367  -29.719  61.625 0.6666669846
48078  -50.060  -31.205  60.412 0.5555559993
50011  -47.771  -29.149  61.791 1.0000000000
50933  -47.898  -28.989  61.309 0.8888890147
50942  -48.144  -28.703  60.733 0.8888890147
49052  -50.126  -30.184  60.213 0.7777780294
50023  -47.820  -28.818  60.389 0.8888890147
51915  -49.238  -27.909  60.119 0.7777780294
50035  -47.616  -28.954  59.910 0.7777780294
51937  -52.058  -26.321  56.968 0.3333329856
50967  -48.746  -28.143  58.515 0.6666669846
52905  -50.506  -26.434  57.081 0.3333329856
53844  -51.453  -26.185  57.001 0.3333329856
50984  -49.224  -27.887  57.244 0.5555559993
52920  -50.612  -26.271  56.238 0.4444440007
51955  -49.782  -27.267  55.850 0.5555559993
52938  -53.221  -26.285  55.169 0.3333329856
51972  -50.544  -26.472  54.452 0.4444440007
52946  -53.563  -26.130  54.511 0.3333329856
53902  -54.822  -25.348  52.605 0.2222220004
57535  -54.018  -22.128  51.696 0.3333329856
56698  -54.642  -22.651  46.430 0.2222220004
56660  -52.253  -22.914  50.083 0.1111110002
58491  -53.736  -20.721  45.645 0.2222220004
59452  -54.385  -19.683  43.600 0.2222220004
60377  -53.553  -18.647  44.950 0.2222220004
61347  -51.910  -18.054  45.856 0.2222220004
62310  -52.212  -17.393  45.040 0.2222220004
61370  -52.931  -17.422  44.909 0.2222220004
62318  -52.871  -17.415  44.463 0.2222220004
30461  -35.918  -49.449  68.621 0.1111110002
32467  -36.163  -47.939  69.760 0.3333329856
30470  -36.139  -49.501  67.741 0.1111110002
31501  -36.631  -48.862  68.587 0.1111110002
32468  -36.785  -47.530  69.550 0.5555559993
33336  -36.875  -46.824  69.886 0.5555559993
30462  -36.583  -49.077  68.162 0.1111110002
31502  -37.250  -48.709  68.215 0.2222220004
31488  -37.148  -48.355  68.845 0.2222220004
29424  -34.300  -49.881  69.485 0.4444440007
30452  -34.844  -49.381  69.611 0.4444440007
29451  -35.386  -50.119  68.238 0.2222220004
29438  -35.348  -49.950  68.712 0.1111110002
29464  -34.413  -50.591  67.043 0.1111110002
29489  -34.951  -50.318  66.669 0.1111110002
30481  -35.996  -49.572  66.993 0.1111110002
30472  -37.379  -48.741  67.560 0.1111110002
29488  -34.482  -50.404  66.080 0.1111110002
30491  -35.055  -50.000  65.658 0.1111110002
30493  -36.308  -49.287  66.464 0.1111110002
30527  -33.688  -49.620  64.056 0.1111110002
30505  -34.704  -50.081  65.101 0.1111110002
30506  -35.484  -49.574  65.284 0.1111110002
29436  -33.339  -50.831  68.609 0.2222220004
29449  -33.612  -50.886  67.532 0.2222220004
29450  -34.498  -50.614  67.959 0.2222220004
29463  -33.552  -50.765  66.689 0.2222220004
29511  -32.945  -50.431  65.155 0.1111110002
29512  -33.426  -50.509  65.400 0.1111110002
30502  -32.156  -49.663  64.363 0.1111110002
30504  -33.778  -50.223  64.760 0.1111110002
30503  -32.955  -50.009  64.473 0.1111110002
25599  -10.275  -54.525  76.294 0.3333329856
30449  -32.434  -50.096  70.604 0.6666669846
29422  -32.748  -50.540  69.776 0.4444440007
28469  -32.925  -51.156  67.749 0.2222220004
28491  -32.976  -51.052  67.092 0.2222220004
28490  -32.368  -51.361  67.312 0.2222220004
33334  -33.817  -46.170  70.135 0.5555559993
34224  -34.730  -45.492  70.027 0.5555559993
35091  -35.536  -45.002  70.216 0.7777780294
36046  -36.090  -44.459  69.911 0.5555559993
28536  -32.445  -50.885  66.037 0.1111110002
28512  -32.553  -51.065  66.522 0.2222220004
33349  -33.967  -46.490  69.079 0.3333329856
33335  -34.485  -45.728  69.585 0.5555559993
34231  -34.970  -45.340  69.007 0.5555559993
35121  -35.288  -45.077  69.570 0.5555559993
29509  -31.167  -49.962  64.654 0.1111110002
29510  -32.216  -50.185  65.001 0.1111110002
24796  -8.818  -55.001  75.368 0.2222220004
24798  -9.724  -55.282  76.238 0.3333329856
25602  -8.408  -55.417  74.408 0.1111110002
24812  -8.153  -55.494  73.528 0.1111110002
25610  -8.883  -54.637  74.017 0.1111110002
29421  -31.444  -50.587  70.303 0.3333329856
29434  -31.490  -51.042  69.487 0.2222220004
28468  -32.276  -51.301  68.224 0.2222220004
29435  -32.087  -50.944  69.167 0.2222220004
28489  -31.505  -51.441  67.648 0.2222220004
32443  -32.176  -46.837  70.834 0.5555559993
33323  -32.496  -46.723  71.418 0.6666669846
37129  -37.344  -42.820  69.345 0.6666669846
28510  -30.819  -51.377  66.933 0.2222220004
32488  -32.692  -47.309  68.885 0.4444440007
32465  -32.952  -46.841  70.017 0.4444440007
36065  -36.267  -44.190  69.374 0.5555559993
36047  -36.561  -43.959  69.792 0.5555559993
28534  -31.174  -51.001  66.193 0.2222220004
28511  -31.764  -51.346  66.745 0.2222220004
32508  -32.442  -47.589  67.744 0.3333329856
32489  -33.471  -46.948  69.041 0.4444440007
33368  -34.525  -46.365  67.966 0.3333329856
34239  -35.213  -45.458  67.836 0.3333329856
35122  -35.730  -44.645  68.946 0.4444440007
36088  -36.647  -43.714  68.616 0.5555559993
36109  -36.818  -43.376  67.733 0.5555559993
29484  -31.593  -50.571  65.537 0.1111110002
32528  -32.042  -47.663  66.713 0.2222220004
32509  -33.609  -47.207  67.928 0.2222220004
32510  -34.241  -46.877  67.369 0.2222220004
33392  -34.923  -46.209  67.153 0.3333329856
35132  -35.914  -44.660  67.862 0.3333329856
35133  -36.414  -43.904  67.735 0.3333329856
29534  -30.284  -49.816  64.130 0.1111110002
32529  -33.171  -47.509  66.695 0.2222220004
33390  -33.908  -47.055  66.257 0.2222220004
33391  -34.637  -46.544  66.583 0.1111110002
34262  -35.132  -45.676  65.862 0.1111110002
35141  -35.604  -44.834  66.773 0.1111110002
35152  -35.977  -44.345  66.002 0.1111110002
25594  -10.614  -53.827  76.223 0.3333329856
25595  -11.013  -53.648  76.246 0.3333329856
26448  -11.294  -53.335  76.334 0.3333329856
25592  -9.672  -54.140  76.017 0.2222220004
25593  -10.031  -54.030  76.214 0.3333329856
25600  -11.227  -54.246  76.131 0.3333329856
25604  -11.639  -53.946  75.835 0.3333329856
25596  -9.036  -54.677  75.357 0.2222220004
25598  -9.627  -54.604  76.096 0.2222220004
25603  -8.584  -55.043  74.895 0.2222220004
25609  -8.513  -55.131  74.100 0.2222220004
26478  -9.155  -54.243  73.849 0.1111110002
26487  -9.116  -54.215  73.159 0.1111110002
29420  -30.671  -50.792  70.697 0.5555559993
28467  -31.189  -51.340  68.901 0.2222220004
38211  -37.691  -41.674  69.098 0.8888890147
28509  -29.746  -51.313  67.064 0.1111110002
32464  -31.972  -47.291  69.759 0.4444440007
32487  -31.673  -47.453  68.611 0.3333329856
37128  -37.123  -43.322  69.396 0.5555559993
37147  -37.444  -42.389  68.586 0.5555559993
39239  -38.960  -40.191  70.243 0.8888890147
29482  -29.544  -50.700  65.511 0.1111110002
32507  -31.442  -47.475  67.540 0.1111110002
37146  -37.134  -43.176  68.957 0.5555559993
37168  -37.185  -42.992  68.149 0.5555559993
29508  -29.996  -50.290  64.759 0.1111110002
29483  -30.600  -50.580  65.509 0.1111110002
32547  -31.708  -47.229  65.965 0.1111110002
36143  -36.510  -43.579  65.723 0.1111110002
36128  -36.692  -43.431  66.887 0.2222220004
37215  -37.301  -42.940  66.048 0.1111110002
29533  -29.449  -50.021  64.088 0.1111110002
32548  -32.510  -47.353  65.965 0.1111110002
33417  -34.154  -46.614  65.701 0.1111110002
34245  -34.994  -46.013  66.078 0.1111110002
35150  -34.873  -45.204  64.892 0.1111110002
36142  -35.977  -44.105  65.241 0.1111110002
33415  -32.271  -46.780  65.200 0.1111110002
34260  -33.815  -46.201  65.123 0.1111110002
35163  -34.217  -45.128  64.466 0.1111110002
35164  -35.097  -44.719  64.335 0.1111110002
36156  -36.234  -43.477  64.548 0.1111110002
34259  -33.063  -46.282  64.958 0.1111110002
34283  -33.515  -45.741  64.563 0.1111110002
34284  -34.032  -45.665  64.909 0.1111110002
36155  -35.669  -44.110  64.475 0.1111110002
31611  -27.156  -48.328  59.806 0.1111110002
26445  -9.894  -53.828  76.078 0.2222220004
26446  -10.320  -53.422  76.167 0.3333329856
26447  -10.907  -53.256  76.460 0.3333329856
26449  -9.318  -54.358  75.521 0.2222220004
26457  -9.163  -54.436  75.272 0.2222220004
26452  -11.670  -53.441  76.064 0.3333329856
26459  -9.445  -53.766  74.877 0.1111110002
26470  -9.511  -53.737  74.310 0.1111110002
26469  -9.108  -54.336  74.496 0.1111110002
26479  -9.583  -53.757  73.486 0.1111110002
27415  -14.821  -52.504  70.249 0.3333329856
28422  -30.263  -50.833  70.912 0.4444440007
28443  -30.451  -51.235  70.183 0.3333329856
29410  -30.426  -50.195  71.283 0.6666669846
28428  -15.722  -51.952  69.393 0.2222220004
28442  -29.164  -51.538  70.224 0.1111110002
28429  -16.504  -51.474  69.395 0.2222220004
28466  -29.887  -51.586  69.049 0.1111110002
38194  -38.065  -41.149  69.709 0.8888890147
28487  -29.278  -51.669  68.012 0.1111110002
28488  -30.421  -51.458  67.913 0.2222220004
39237  -38.413  -40.491  69.520 0.8888890147
28476  -16.717  -51.513  67.291 0.1111110002
28532  -29.111  -51.128  66.235 0.1111110002
32463  -30.973  -47.485  69.460 0.4444440007
29507  -28.992  -50.426  64.755 0.1111110002
37191  -37.254  -42.913  67.188 0.1111110002
29475  -20.346  -50.692  65.391 0.1111110002
29506  -28.042  -50.599  64.654 0.1111110002
29532  -28.547  -50.226  63.980 0.1111110002
29500  -21.167  -50.729  64.483 0.1111110002
29526  -21.808  -50.642  63.390 0.1111110002
29531  -27.633  -50.326  63.864 0.1111110002
30522  -29.031  -49.685  63.420 0.1111110002
37239  -37.075  -42.533  64.546 0.1111110002
29539  -21.095  -50.482  62.323 0.1111110002
30534  -27.011  -49.561  62.423 0.1111110002
36167  -35.825  -43.537  63.955 0.1111110002
30545  -27.681  -49.184  61.880 0.1111110002
34282  -32.471  -45.942  64.181 0.1111110002
35162  -33.349  -45.226  63.949 0.1111110002
36166  -35.312  -43.772  63.327 0.1111110002
29549  -21.355  -50.218  61.216 0.1111110002
30544  -26.713  -49.138  61.488 0.1111110002
35185  -34.658  -44.596  63.643 0.1111110002
29550  -22.527  -49.717  60.981 0.1111110002
31595  -25.690  -48.643  60.041 0.1111110002
31596  -26.508  -48.681  60.555 0.1111110002
30551  -22.230  -49.629  59.590 0.1111110002
30563  -22.649  -49.541  58.987 0.1111110002
31594  -25.267  -48.645  59.704 0.1111110002
30564  -23.385  -49.181  59.100 0.1111110002
31608  -24.986  -48.642  59.217 0.1111110002
31609  -25.616  -48.386  59.304 0.1111110002
30580  -23.183  -49.632  58.250 0.1111110002
31626  -25.374  -48.339  58.461 0.1111110002
31643  -24.577  -49.025  57.764 0.1111110002
26458  -9.334  -54.003  75.178 0.2222220004
27359  -9.689  -53.475  75.470 0.1111110002
27371  -9.848  -53.147  74.998 0.2222220004
27381  -9.991  -53.133  73.980 0.2222220004
27390  -10.555  -52.500  73.488 0.1111110002
27389  -10.073  -53.194  72.988 0.1111110002
27416  -15.352  -52.132  69.857 0.2222220004
28508  -28.661  -51.486  67.062 0.2222220004
39260  -38.180  -40.743  68.332 0.6666669846
39238  -38.640  -40.181  69.766 0.8888890147
28531  -28.082  -51.298  66.159 0.1111110002
32486  -30.653  -47.181  68.177 0.3333329856
38227  -37.788  -41.516  68.038 0.4444440007
40218  -39.224  -39.164  69.731 0.8888890147
29480  -27.553  -50.952  65.361 0.1111110002
29481  -28.531  -50.856  65.452 0.1111110002
32485  -29.768  -46.981  68.084 0.2222220004
38234  -37.974  -41.508  66.978 0.3333329856
28546  -22.905  -51.050  65.596 0.1111110002
33347  -30.029  -46.883  67.651 0.1111110002
32526  -30.676  -47.143  66.964 0.1111110002
37192  -37.705  -42.241  66.548 0.1111110002
39279  -38.338  -40.761  66.261 0.1111110002
29501  -22.538  -50.840  64.713 0.1111110002
29527  -23.052  -50.536  63.331 0.1111110002
29505  -27.088  -50.627  64.548 0.1111110002
33366  -30.358  -47.018  67.394 0.1111110002
32527  -31.150  -47.287  66.637 0.1111110002
38239  -38.046  -41.494  65.895 0.1111110002
39284  -38.311  -40.743  65.217 0.1111110002
29530  -26.691  -50.257  63.730 0.1111110002
33388  -30.449  -46.930  66.486 0.1111110002
32546  -31.231  -47.099  66.041 0.1111110002
37240  -37.654  -41.971  64.718 0.1111110002
38258  -37.222  -41.892  63.849 0.1111110002
29540  -22.254  -50.312  62.219 0.1111110002
30533  -26.018  -49.638  62.341 0.1111110002
30519  -26.507  -49.844  63.040 0.1111110002
30520  -27.312  -49.939  63.153 0.1111110002
33437  -31.662  -46.452  64.760 0.1111110002
29541  -23.565  -49.825  62.130 0.1111110002
37265  -36.076  -42.831  63.447 0.1111110002
38277  -36.850  -41.889  63.302 0.1111110002
29551  -23.336  -49.536  61.265 0.1111110002
30541  -24.018  -49.309  61.108 0.1111110002
30531  -24.502  -49.531  61.841 0.1111110002
30543  -25.787  -49.308  61.490 0.1111110002
30540  -23.278  -49.376  60.711 0.1111110002
30542  -24.997  -49.294  61.245 0.1111110002
30555  -25.641  -48.951  60.800 0.1111110002
35184  -33.964  -44.749  63.462 0.1111110002
36165  -34.474  -44.156  62.904 0.1111110002
36183  -34.763  -43.626  62.580 0.1111110002
30552  -22.840  -49.375  59.962 0.1111110002
30553  -23.717  -49.046  60.091 0.1111110002
30554  -24.798  -48.872  60.213 0.1111110002
35161  -32.896  -45.380  63.598 0.1111110002
30565  -24.223  -48.870  59.204 0.1111110002
30581  -24.003  -49.227  58.178 0.1111110002
31625  -24.691  -48.742  58.360 0.1111110002
26451  -10.155  -53.233  76.025 0.2222220004
27352  -10.821  -52.725  76.608 0.3333329856
27351  -10.452  -52.957  76.208 0.2222220004
26450  -9.671  -53.809  75.782 0.2222220004
27360  -10.250  -52.877  75.901 0.2222220004
28301  -10.696  -52.520  76.406 0.4444440007
27372  -10.483  -52.449  75.405 0.2222220004
28314  -10.868  -51.940  75.815 0.3333329856
27382  -10.456  -52.491  74.527 0.2222220004
28329  -10.913  -51.896  75.076 0.2222220004
28344  -10.977  -51.814  74.113 0.1111110002
39248  -38.725  -39.960  69.186 0.7777780294
39270  -38.281  -40.762  67.327 0.3333329856
39261  -38.634  -39.945  68.485 0.7777780294
40233  -38.960  -39.092  68.605 0.7777780294
31499  -28.298  -47.883  68.585 0.1111110002
31500  -28.925  -47.517  68.798 0.2222220004
32461  -29.348  -47.307  68.765 0.2222220004
39271  -38.582  -39.949  67.579 0.4444440007
28547  -23.597  -50.951  65.252 0.1111110002
32484  -28.931  -47.261  68.143 0.1111110002
39280  -38.599  -39.967  66.553 0.1111110002
40246  -38.936  -39.125  66.803 0.3333329856
41224  -39.078  -38.195  67.036 0.4444440007
28548  -24.228  -50.789  64.969 0.1111110002
29504  -26.080  -50.585  64.418 0.1111110002
32483  -28.381  -47.511  67.803 0.1111110002
32505  -29.276  -46.933  67.562 0.1111110002
39285  -38.589  -39.998  65.533 0.1111110002
41232  -39.050  -38.222  66.014 0.3333329856
29502  -23.761  -50.656  64.349 0.1111110002
29529  -25.562  -50.046  63.355 0.1111110002
33387  -29.627  -46.658  66.438 0.1111110002
33413  -30.132  -46.519  65.683 0.1111110002
38247  -37.954  -41.442  64.898 0.1111110002
39290  -38.491  -40.031  64.671 0.1111110002
40254  -38.890  -39.164  65.760 0.2222220004
29528  -24.257  -50.249  63.376 0.1111110002
34257  -30.603  -46.278  64.977 0.1111110002
29542  -24.732  -49.776  62.591 0.1111110002
29543  -25.374  -49.729  62.601 0.1111110002
30532  -25.230  -49.566  62.020 0.1111110002
36164  -33.819  -44.329  62.713 0.1111110002
27361  -10.609  -52.339  75.913 0.3333329856
29343  -11.654  -50.928  76.369 0.3333329856
28315  -11.299  -51.394  75.664 0.2222220004
28330  -11.465  -51.336  74.816 0.1111110002
41209  -39.203  -38.175  68.680 0.7777780294
41201  -39.317  -38.127  69.253 0.8888890147
41216  -39.086  -38.183  67.937 0.7777780294
42192  -39.412  -37.080  69.173 0.7777780294
31498  -27.285  -48.539  68.954 0.1111110002
40238  -38.843  -39.077  67.778 0.6666669846
42230  -38.998  -37.278  66.312 0.4444440007
43220  -38.793  -36.454  66.631 0.4444440007
29353  -11.820  -50.812  75.479 0.1111110002
29354  -12.440  -50.388  75.232 0.1111110002
30369  -13.036  -49.944  75.039 0.1111110002
30370  -13.952  -49.646  74.831 0.1111110002
29363  -11.974  -50.735  74.606 0.1111110002
31391  -14.266  -49.369  74.113 0.1111110002
28356  -23.406  -50.590  72.696 0.5555559993
30411  -27.223  -49.865  72.284 0.4444440007
31448  -27.220  -49.565  71.677 0.4444440007
30410  -26.537  -49.898  72.318 0.4444440007
31465  -27.295  -49.373  71.165 0.2222220004
31464  -25.559  -49.438  71.260 0.3333329856
30435  -26.128  -49.535  71.807 0.3333329856
31481  -27.117  -49.029  70.226 0.2222220004
43190  -39.430  -36.155  68.679 0.7777780294
30448  -26.700  -49.435  70.951 0.2222220004
43203  -39.130  -36.428  68.017 0.7777780294
44133  -39.299  -35.300  68.395 0.8888890147
31480  -25.995  -49.371  70.401 0.1111110002
31406  -18.369  -49.566  74.336 0.5555559993
31407  -19.551  -49.648  74.043 0.5555559993
31408  -20.195  -49.845  73.962 0.5555559993
31418  -19.195  -49.007  73.310 0.5555559993
30399  -24.583  -49.876  73.043 0.5555559993
30408  -24.838  -49.628  72.680 0.3333329856
29385  -25.570  -50.175  72.671 0.4444440007
45951  -39.642  -33.745  68.425 0.8888890147
31463  -24.712  -49.362  71.279 0.3333329856
30409  -25.625  -49.809  72.485 0.4444440007
45950  -39.379  -33.984  68.268 0.8888890147
31447  -25.369  -49.494  72.058 0.3333329856
44144  -38.871  -34.818  67.873 0.7777780294
45939  -40.016  -34.201  68.924 0.8888890147
32482  -24.225  -48.949  69.734 0.1111110002
31479  -24.960  -49.208  70.460 0.1111110002
31496  -25.166  -49.053  69.440 0.1111110002
31419  -20.543  -49.524  73.453 0.6666669846
30386  -21.702  -50.092  73.726 0.5555559993
30395  -21.433  -49.850  73.651 0.6666669846
30387  -22.318  -50.085  73.589 0.6666669846
29376  -23.608  -50.239  73.065 0.5555559993
45962  -39.091  -33.634  67.745 0.8888890147
45961  -38.898  -33.976  67.591 0.7777780294
46926  -39.243  -33.201  67.753 0.7777780294
46939  -38.833  -32.858  67.032 0.7777780294
45091  -38.674  -34.326  67.385 0.6666669846
45983  -38.004  -33.423  66.030 0.5555559993
46938  -38.382  -33.158  66.606 0.6666669846
45998  -37.658  -33.402  64.842 0.5555559993
47971  -39.831  -32.184  67.408 0.8888890147
46951  -38.227  -32.837  66.144 0.6666669846
46966  -37.711  -32.761  64.989 0.6666669846
45997  -37.247  -32.953  64.268 0.5555559993
47001  -49.430  -32.136  61.545 0.4444440007
46952  -38.559  -32.456  66.302 0.6666669846
47985  -39.676  -31.838  66.713 0.6666669846
47986  -40.724  -31.128  66.604 0.8888890147
47997  -38.221  -32.417  65.597 0.6666669846
47998  -38.794  -31.931  65.790 0.6666669846
46965  -37.213  -32.670  64.249 0.5555559993
47018  -49.799  -32.225  60.624 0.4444440007
47019  -50.325  -31.828  59.923 0.4444440007
48012  -37.825  -31.987  64.676 0.6666669846
48032  -36.600  -31.726  63.479 0.4444440007
48031  -35.672  -31.794  62.818 0.3333329856
46979  -35.566  -32.044  62.784 0.3333329856
46989  -35.454  -32.226  62.507 0.2222220004
46999  -35.038  -32.300  61.729 0.1111110002
47058  -50.901  -31.896  58.494 0.4444440007
47038  -50.647  -31.871  59.207 0.6666669846
48013  -38.861  -31.539  64.602 0.6666669846
48033  -37.839  -31.466  63.760 0.6666669846
47012  -34.687  -32.494  60.673 0.1111110002
48064  -49.378  -31.390  61.824 0.4444440007
48113  -50.808  -31.459  57.867 0.3333329856
50960  -50.789  -28.270  58.745 0.5555559993
48129  -51.270  -31.837  56.720 0.4444440007
50054  -50.638  -29.487  57.718 0.4444440007
49123  -50.713  -30.686  56.228 0.4444440007
48000  -40.686  -30.812  65.740 0.6666669846
47999  -39.829  -31.330  65.614 0.6666669846
48998  -37.225  -31.250  62.876 0.3333329856
48051  -36.416  -31.125  62.640 0.3333329856
48050  -35.771  -31.285  62.520 0.3333329856
49017  -35.193  -30.962  61.733 0.3333329856
48063  -34.843  -31.625  61.223 0.1111110002
48087  -50.351  -30.968  59.560 0.6666669846
48099  -50.592  -31.216  58.703 0.6666669846
49087  -50.456  -30.203  58.963 0.6666669846
50036  -50.411  -29.173  59.258 0.6666669846
49104  -50.509  -30.431  58.161 0.4444440007
50044  -50.579  -29.362  58.505 0.4444440007
50952  -50.308  -28.226  59.684 0.7777780294
49114  -50.601  -30.601  57.234 0.4444440007
48959  -40.422  -30.849  64.999 0.6666669846
48960  -41.208  -30.472  65.261 0.6666669846
48977  -39.399  -31.204  63.948 0.6666669846
48034  -38.630  -31.264  63.725 0.6666669846
49018  -36.004  -30.857  61.957 0.3333329856
48074  -34.549  -31.669  60.056 0.1111110002
49070  -50.297  -29.954  59.594 0.6666669846
50042  -47.755  -29.038  58.938 0.5555559993
50043  -48.313  -28.559  58.749 0.5555559993
50061  -46.634  -29.799  56.198 0.4444440007
50062  -47.484  -29.537  56.665 0.4444440007
50052  -47.601  -29.359  57.735 0.5555559993
50060  -45.734  -29.848  55.814 0.3333329856
50063  -48.151  -28.957  57.146 0.5555559993
49131  -44.279  -30.467  54.289 0.3333329856
50070  -44.826  -30.052  55.004 0.3333329856
50071  -45.384  -29.960  54.792 0.3333329856
50073  -47.331  -29.668  55.598 0.4444440007
50074  -48.089  -29.148  56.100 0.5555559993
50084  -45.475  -30.085  54.173 0.3333329856
50072  -46.379  -29.813  55.147 0.3333329856
49145  -44.364  -30.391  53.539 0.2222220004
49132  -44.973  -30.229  54.090 0.3333329856
49133  -45.438  -30.138  53.792 0.3333329856
50086  -47.119  -29.708  54.492 0.3333329856
49168  -45.162  -30.147  52.784 0.3333329856
49147  -45.595  -30.123  53.287 0.3333329856
50130  -44.778  -30.034  52.199 0.2222220004
49169  -45.638  -30.088  52.729 0.3333329856
48978  -40.232  -30.968  64.162 0.6666669846
48980  -41.731  -30.150  64.733 0.6666669846
48979  -40.967  -30.498  64.442 0.6666669846
48999  -38.165  -31.119  63.047 0.6666669846
49020  -37.766  -30.999  62.226 0.2222220004
49953  -42.278  -29.867  64.982 0.7777780294
49019  -36.859  -30.871  62.111 0.2222220004
49032  -35.704  -30.908  61.060 0.2222220004
49103  -46.225  -29.934  57.622 0.5555559993
50041  -46.848  -29.661  58.262 0.6666669846
50958  -48.010  -28.715  59.578 0.6666669846
50050  -45.999  -29.908  56.787 0.4444440007
50049  -45.115  -29.926  56.464 0.3333329856
50051  -46.830  -29.784  57.211 0.4444440007
50059  -44.926  -29.975  55.528 0.3333329856
49121  -44.340  -30.374  55.102 0.3333329856
51016  -49.422  -28.093  55.076 0.3333329856
50087  -48.066  -29.412  54.994 0.4444440007
51015  -48.748  -28.707  55.568 0.4444440007
50108  -47.876  -29.485  53.816 0.4444440007
50106  -46.158  -30.020  53.015 0.3333329856
50107  -46.916  -29.729  53.411 0.3333329856
50132  -45.879  -29.965  52.274 0.2222220004
49001  -39.975  -31.117  63.315 0.6666669846
49002  -40.786  -30.640  63.560 0.6666669846
49971  -42.257  -29.809  64.284 0.7777780294
49000  -39.058  -31.149  63.144 0.6666669846
49003  -41.583  -30.209  63.890 0.6666669846
49972  -42.836  -29.302  63.958 0.7777780294
49021  -38.683  -31.136  62.325 0.5555559993
49022  -39.610  -31.127  62.444 0.6666669846
49990  -42.261  -29.814  63.376 0.6666669846
50022  -47.244  -29.065  60.771 0.7777780294
50034  -46.542  -29.503  59.568 0.6666669846
49112  -43.460  -30.357  56.510 0.3333329856
49101  -44.338  -29.934  57.193 0.3333329856
49102  -45.427  -29.960  57.451 0.4444440007
49113  -44.287  -30.183  56.050 0.3333329856
51036  -48.715  -28.871  54.360 0.4444440007
50134  -47.583  -29.532  52.719 0.4444440007
50133  -46.678  -29.768  52.420 0.2222220004
49023  -40.541  -30.808  62.617 0.6666669846
49991  -42.949  -29.221  63.025 0.7777780294
49035  -38.337  -31.138  61.459 0.5555559993
49992  -43.873  -28.870  62.950 0.7777780294
50007  -44.310  -29.057  62.008 0.7777780294
49066  -42.661  -29.885  59.300 0.5555559993
49067  -43.581  -29.822  59.225 0.5555559993
50032  -44.189  -29.680  60.108 0.5555559993
50021  -45.972  -29.296  60.869 0.6666669846
49068  -44.556  -29.835  59.163 0.5555559993
49083  -42.982  -29.966  58.416 0.3333329856
49100  -43.276  -30.129  57.486 0.4444440007
49084  -43.940  -29.862  58.275 0.5555559993
49085  -44.940  -29.955  58.264 0.4444440007
51037  -49.473  -28.272  53.781 0.3333329856
51051  -48.580  -29.082  52.964 0.3333329856
50151  -48.006  -29.307  52.178 0.4444440007
49024  -41.446  -30.324  62.903 0.6666669846
49038  -41.128  -30.426  61.814 0.6666669846
50005  -42.213  -29.834  62.145 0.6666669846
50018  -42.725  -29.707  61.046 0.7777780294
49037  -40.172  -30.926  61.664 0.6666669846
49050  -40.721  -30.682  60.779 0.6666669846
50017  -41.676  -30.050  60.802 0.6666669846
50031  -43.189  -29.733  60.136 0.6666669846
50019  -43.748  -29.476  61.064 0.6666669846
50020  -44.808  -29.315  60.997 0.6666669846
50033  -45.254  -29.599  59.985 0.6666669846
49069  -45.452  -29.858  59.101 0.5555559993
51971  -50.092  -27.136  54.624 0.3333329856
51989  -50.085  -27.546  53.188 0.3333329856
31404  -16.422  -49.115  74.227 0.1111110002
31393  -15.625  -49.288  74.860 0.1111110002
31384  -15.017  -49.562  75.231 0.1111110002
31392  -14.800  -49.325  74.552 0.1111110002
31396  -17.869  -49.904  74.679 0.5555559993
29368  -22.002  -50.266  73.546 0.5555559993
29377  -24.386  -50.207  73.027 0.5555559993
30358  -12.814  -50.079  75.684 0.1111110002
29411  -31.156  -49.985  71.071 0.6666669846
30371  -14.579  -49.614  75.132 0.1111110002
29423  -33.724  -50.208  69.512 0.3333329856
31394  -16.422  -49.605  75.129 0.2222220004
29388  -27.612  -50.079  72.363 0.4444440007
33314  -32.690  -46.658  71.578 0.7777780294
32442  -31.372  -47.400  70.420 0.5555559993
32462  -30.030  -47.331  69.046 0.3333329856
29378  -25.011  -50.213  72.981 0.5555559993
28357  -24.360  -50.539  72.663 0.5555559993
33333  -33.098  -46.509  70.566 0.4444440007
33325  -33.731  -46.000  71.042 0.5555559993
32444  -32.749  -46.599  70.704 0.5555559993
29375  -22.688  -50.316  73.253 0.6666669846
34223  -34.212  -45.731  70.656 0.6666669846
37115  -37.083  -43.464  69.703 0.6666669846
44121  -39.630  -35.469  68.926 0.8888890147
45056  -39.616  -34.810  68.700 0.8888890147
46940  -39.349  -32.363  67.158 0.7777780294
49954  -42.768  -29.569  64.740 0.7777780294
30460  -35.306  -49.734  69.028 0.4444440007
30423  -27.531  -49.694  71.976 0.4444440007
45938  -39.518  -34.368  68.494 0.8888890147
31487  -36.197  -48.591  69.258 0.3333329856
29465  -35.338  -50.205  67.283 0.1111110002
30471  -37.020  -48.985  67.697 0.1111110002
31489  -37.691  -48.265  68.434 0.2222220004
29437  -34.620  -50.166  68.900 0.4444440007
30492  -35.453  -49.820  66.281 0.1111110002
30482  -36.789  -49.200  67.065 0.1111110002
29513  -34.003  -50.447  65.412 0.1111110002
30507  -36.021  -49.265  65.807 0.1111110002
30529  -35.176  -49.533  64.659 0.1111110002
31546  -35.601  -49.262  64.716 0.1111110002
28513  -32.989  -50.925  66.687 0.2222220004
29486  -32.892  -50.737  65.857 0.2222220004
29487  -33.558  -50.654  65.947 0.1111110002
29485  -32.355  -50.650  65.627 0.1111110002
32466  -33.542  -46.609  69.590 0.3333329856
33350  -34.413  -45.950  69.059 0.3333329856
35107  -35.266  -45.149  69.934 0.5555559993
35108  -35.699  -44.736  69.712 0.6666669846
28535  -31.997  -51.016  66.085 0.1111110002
28444  -31.163  -51.105  69.697 0.3333329856
36087  -36.235  -44.190  68.890 0.5555559993
36066  -36.794  -43.653  69.368 0.5555559993
34238  -34.772  -45.755  68.478 0.3333329856
33369  -35.009  -45.951  67.407 0.1111110002
34232  -35.458  -45.024  68.437 0.3333329856
35123  -36.243  -44.252  68.446 0.4444440007
34246  -35.190  -45.735  66.638 0.1111110002
35142  -36.110  -44.057  66.831 0.2222220004
33416  -33.330  -46.993  65.560 0.1111110002
35151  -35.417  -44.992  65.489 0.1111110002
34261  -34.643  -45.827  65.391 0.1111110002
28533  -30.167  -50.979  66.269 0.1111110002
37169  -37.587  -42.261  67.623 0.5555559993
31628  -26.999  -48.061  59.033 0.1111110002
37216  -37.725  -42.166  65.430 0.1111110002
29525  -20.635  -50.592  63.346 0.1111110002
33414  -31.106  -46.764  65.456 0.1111110002
30535  -27.898  -49.599  62.576 0.1111110002
37264  -35.456  -42.953  62.961 0.1111110002
29557  -21.514  -49.967  59.906 0.1111110002
30556  -26.149  -49.012  61.098 0.1111110002
29558  -22.261  -49.625  60.129 0.1111110002
31610  -26.347  -48.303  59.593 0.1111110002
39247  -38.261  -40.653  69.128 0.7777780294
40226  -39.086  -39.146  69.246 0.7777780294
33365  -29.817  -46.820  67.247 0.1111110002
38259  -37.569  -41.559  64.107 0.1111110002
40261  -38.722  -39.243  64.764 0.1111110002
42206  -39.303  -37.224  68.655 0.7777780294
43189  -39.332  -36.269  68.496 0.7777780294
42222  -39.060  -37.286  67.248 0.7777780294
42215  -39.190  -37.279  68.026 0.7777780294
43228  -38.685  -36.371  65.679 0.3333329856
43214  -38.958  -36.464  67.404 0.7777780294
30422  -26.774  -49.632  72.030 0.4444440007
30421  -26.092  -49.666  72.166 0.4444440007
30436  -26.729  -49.539  71.550 0.2222220004
30447  -26.226  -49.503  71.259 0.2222220004
44145  -38.964  -35.602  67.940 0.7777780294
44132  -38.903  -34.886  67.865 0.7777780294
44170  -38.580  -35.743  66.904 0.7777780294
31405  -17.323  -49.382  74.273 0.1111110002
30400  -25.164  -49.892  72.906 0.4444440007
30407  -24.120  -49.664  72.803 0.3333329856
31436  -24.950  -49.510  72.376 0.3333329856
31437  -25.193  -49.563  72.454 0.3333329856
45070  -39.022  -34.437  67.987 0.8888890147
45069  -39.003  -34.607  67.930 0.6666669846
30398  -23.769  -49.893  73.169 0.5555559993
45973  -38.944  -33.295  67.419 0.7777780294
45972  -38.643  -33.588  67.061 0.6666669846
45104  -38.283  -34.241  66.627 0.5555559993
47984  -38.981  -32.262  66.666 0.7777780294
48011  -37.197  -32.369  64.188 0.5555559993
46981  -36.541  -32.585  63.943 0.4444440007
48049  -35.282  -31.673  62.199 0.2222220004
50969  -50.876  -28.708  58.134 0.3333329856
48014  -39.757  -31.229  64.674 0.6666669846
50085  -46.075  -29.989  54.016 0.3333329856
49146  -45.020  -30.219  53.387 0.2222220004
49086  -45.934  -29.963  58.400 0.5555559993
50006  -43.291  -29.334  62.046 0.7777780294
31403  -15.536  -48.961  73.954 0.1111110002
33370  -39.142  -47.238  67.595 0.3333329856
33352  -40.022  -46.242  67.822 0.4444440007
33351  -39.265  -46.786  68.203 0.3333329856
34235  -40.396  -45.584  67.841 0.3333329856
33371  -39.706  -46.634  67.224 0.2222220004
33372  -40.141  -46.203  67.418 0.3333329856
34247  -39.809  -46.161  66.443 0.2222220004
34248  -40.336  -45.623  66.537 0.2222220004
35143  -40.817  -45.027  66.686 0.2222220004
41239  -38.877  -38.284  64.968 0.2222220004
41238  -38.528  -38.414  63.989 0.2222220004
44179  -38.477  -35.755  66.149 0.5555559993
44158  -38.809  -35.832  67.517 0.6666669846
44157  -38.490  -35.068  67.276 0.5555559993
44169  -38.224  -35.032  66.304 0.5555559993
45117  -37.996  -34.176  65.516 0.5555559993
44178  -38.363  -35.212  65.144 0.4444440007
45126  -37.698  -33.898  64.004 0.3333329856
46013  -37.374  -33.319  64.184 0.3333329856
49049  -39.766  -31.137  60.741 0.5555559993
49063  -40.310  -31.047  59.857 0.3333329856
49064  -41.213  -30.436  59.797 0.3333329856
50029  -41.746  -30.055  60.017 0.3333329856
49081  -41.408  -30.409  58.808 0.3333329856
49082  -42.134  -30.137  58.594 0.3333329856
49099  -42.382  -30.342  57.748 0.3333329856
51070  -48.436  -28.892  51.523 0.3333329856
51089  -47.775  -28.567  50.363 0.2222220004
51105  -47.688  -27.946  49.726 0.1111110002
53933  -47.348  -25.913  49.071 0.1111110002
52998  -48.613  -26.633  49.312 0.2222220004
52044  -48.064  -27.368  49.431 0.2222220004
53934  -48.241  -25.925  49.053 0.2222220004
52997  -47.666  -26.658  49.214 0.1111110002
53956  -47.065  -25.291  48.758 0.1111110002
53957  -47.968  -25.245  48.770 0.1111110002
54877  -47.708  -24.686  48.393 0.2222220004
53958  -48.808  -25.205  48.998 0.1111110002
54878  -48.670  -24.389  48.526 0.2222220004
55786  -48.939  -23.881  48.326 0.2222220004
54901  -48.149  -24.208  48.192 0.1111110002
53935  -49.088  -25.863  49.221 0.1111110002
54879  -49.682  -24.632  49.070 0.1111110002
56681  -48.288  -22.402  47.112 0.1111110002
55803  -48.654  -23.581  47.922 0.2222220004
54880  -50.395  -24.435  49.332 0.1111110002
55787  -49.549  -23.732  48.438 0.2222220004
55788  -50.772  -23.800  49.179 0.1111110002
56670  -50.473  -23.090  48.374 0.1111110002
56669  -49.811  -23.204  48.096 0.2222220004
56682  -49.751  -22.642  47.645 0.2222220004
56671  -51.642  -22.659  49.084 0.2222220004
56683  -51.035  -22.275  48.149 0.2222220004
57574  -49.273  -21.399  46.997 0.2222220004
57563  -51.945  -22.012  48.708 0.2222220004
57576  -51.789  -21.570  48.153 0.2222220004
57575  -50.645  -21.436  47.332 0.2222220004
57588  -50.131  -20.888  46.877 0.1111110002
57589  -50.587  -20.887  47.005 0.1111110002
59414  -51.398  -20.186  46.969 0.1111110002
58458  -48.545  -20.641  46.960 0.1111110002
58471  -49.409  -20.243  46.832 0.2222220004
58472  -50.590  -20.353  46.857 0.1111110002
58473  -51.150  -20.230  46.915 0.1111110002
59423  -48.896  -19.274  46.743 0.1111110002
59424  -49.998  -19.374  46.660 0.1111110002
60353  -48.255  -18.571  46.481 0.1111110002
59415  -51.812  -20.162  47.126 0.2222220004
59425  -51.136  -19.614  46.698 0.1111110002
60354  -49.463  -18.477  46.432 0.2222220004
59426  -52.004  -19.475  46.724 0.3333329856
50030  -42.290  -29.862  60.105 0.4444440007
33353  -40.298  -46.001  67.543 0.2222220004
34241  -40.429  -45.794  67.181 0.2222220004
34240  -40.117  -46.098  66.842 0.2222220004
49065  -41.882  -30.064  59.419 0.3333329856
51090  -48.813  -28.242  50.618 0.2222220004
56684  -51.620  -22.120  48.528 0.2222220004
58459  -50.826  -20.842  47.096 0.1111110002
58460  -51.359  -20.717  47.268 0.1111110002
32490  -38.049  -48.039  68.326 0.1111110002
32511  -38.741  -47.621  67.293 0.1111110002
30397  -22.989  -49.965  73.551 0.4444440007
26497  -14.251  -53.362  70.822 0.2222220004
31421  -22.686  -49.657  73.270 0.3333329856
32397  -18.424  -48.650  72.909 0.1111110002
39291  -42.595  -40.572  64.879 0.3333329856
46042  -45.959  -33.072  61.757 0.1111110002
46056  -45.647  -32.803  60.812 0.1111110002
47106  -45.705  -32.612  55.204 0.1111110002
47088  -45.864  -32.526  56.286 0.1111110002
47108  -47.769  -32.582  55.764 0.1111110002
47090  -48.089  -32.621  56.776 0.1111110002
47107  -46.719  -32.566  55.519 0.1111110002
47109  -48.836  -32.443  55.967 0.1111110002
47077  -50.477  -32.458  57.825 0.1111110002
47092  -50.295  -32.510  56.923 0.1111110002
47093  -51.217  -32.457  56.567 0.1111110002
47078  -51.042  -32.177  57.766 0.1111110002
47033  -45.902  -32.615  59.282 0.1111110002
47016  -46.157  -32.715  60.110 0.1111110002
47052  -45.446  -32.552  58.306 0.1111110002
47053  -46.580  -32.622  58.487 0.1111110002
47034  -46.948  -32.808  59.596 0.1111110002
47072  -44.810  -32.619  57.150 0.1111110002
47073  -46.170  -32.546  57.403 0.1111110002
47074  -47.320  -32.611  57.621 0.1111110002
47056  -49.785  -32.591  58.856 0.1111110002
47037  -50.113  -32.417  59.597 0.1111110002
47087  -44.817  -32.743  55.884 0.1111110002
47089  -46.987  -32.591  56.561 0.1111110002
47075  -48.429  -32.582  57.804 0.1111110002
47091  -49.198  -32.525  56.929 0.1111110002
47076  -49.526  -32.574  57.894 0.1111110002
47057  -50.581  -32.312  58.655 0.1111110002
47110  -49.936  -32.542  56.075 0.1111110002
47035  -47.953  -32.930  59.647 0.1111110002
46072  -48.315  -33.260  60.788 0.1111110002
47054  -47.665  -32.659  58.683 0.1111110002
47036  -48.954  -32.893  60.167 0.1111110002
47055  -48.734  -32.659  58.863 0.1111110002
49111  -42.608  -30.611  56.887 0.1111110002
49120  -43.541  -30.622  55.551 0.2222220004
49062  -39.274  -31.361  59.857 0.3333329856
49080  -40.702  -30.831  58.965 0.2222220004
49098  -41.602  -30.486  57.990 0.1111110002
49110  -41.701  -30.754  57.152 0.1111110002
52945  -50.940  -25.991  54.264 0.2222220004
50150  -47.288  -29.418  51.584 0.2222220004
52956  -51.105  -25.952  53.162 0.2222220004
51069  -47.673  -29.002  51.036 0.2222220004
52009  -49.906  -27.515  51.101 0.2222220004
52010  -50.381  -26.969  51.479 0.2222220004
52024  -49.785  -27.149  50.380 0.1111110002
52022  -48.420  -27.895  49.933 0.1111110002
52046  -49.397  -27.194  49.941 0.1111110002
51990  -50.549  -26.654  53.710 0.2222220004
51052  -49.427  -28.379  52.453 0.2222220004
52001  -50.536  -26.831  52.562 0.2222220004
51091  -49.432  -27.782  50.697 0.2222220004
55804  -49.436  -23.287  48.026 0.1111110002
51071  -49.400  -28.161  51.366 0.2222220004
32469  -37.956  -47.634  68.843 0.2222220004
46071  -47.906  -33.220  60.442 0.1111110002
31417  -18.086  -48.970  73.635 0.2222220004
31422  -23.215  -49.778  73.307 0.3333329856
32491  -38.545  -47.697  68.048 0.1111110002
52999  -49.637  -26.553  49.760 0.1111110002
52023  -49.146  -27.631  50.167 0.1111110002
32533  -39.152  -47.234  66.979 0.2222220004
46070  -47.429  -33.059  60.115 0.1111110002
52000  -50.015  -27.632  52.007 0.2222220004
39301  -42.340  -40.619  63.731 0.1111110002
45135  -36.801  -33.526  62.896 0.2222220004
45136  -37.775  -34.398  62.751 0.1111110002
45145  -37.040  -33.941  61.745 0.1111110002
45125  -37.152  -33.441  63.508 0.2222220004
46012  -36.862  -33.168  63.663 0.2222220004
46025  -36.335  -33.210  63.184 0.2222220004
45134  -36.308  -33.409  62.526 0.1111110002
46990  -35.696  -32.675  62.788 0.2222220004
49036  -39.236  -31.206  61.564 0.3333329856
49048  -38.849  -31.316  60.683 0.2222220004
50064  -50.836  -29.263  56.732 0.3333329856
50075  -50.693  -29.637  55.677 0.2222220004
50961  -51.151  -27.611  58.535 0.2222220004
51925  -51.339  -27.194  58.193 0.2222220004
50970  -51.328  -27.920  58.021 0.2222220004
51936  -51.802  -27.060  57.406 0.2222220004
51949  -52.322  -26.607  56.621 0.2222220004
50985  -51.025  -28.669  57.547 0.2222220004
50986  -51.468  -28.093  57.016 0.2222220004
51948  -52.056  -27.348  56.518 0.2222220004
51957  -52.525  -26.877  55.954 0.2222220004
50065  -51.294  -28.496  56.476 0.2222220004
51000  -51.671  -28.008  56.176 0.2222220004
51956  -52.179  -27.476  55.695 0.2222220004
51974  -52.732  -27.082  54.904 0.2222220004
51991  -52.904  -27.319  54.083 0.2222220004
50076  -51.202  -28.699  55.913 0.2222220004
51018  -52.148  -27.710  54.797 0.2222220004
38281  -42.311  -41.254  64.461 0.1111110002
46980  -35.839  -32.282  63.147 0.2222220004
48146  -51.336  -31.563  55.666 0.3333329856
46011  -36.029  -32.918  63.363 0.2222220004
46024  -35.989  -33.171  62.621 0.1111110002
51975  -53.243  -26.592  54.589 0.2222220004
30396  -22.178  -49.872  73.601 0.4444440007
40267  -42.554  -39.538  63.567 0.1111110002
45137  -41.579  -34.879  62.481 0.1111110002
45147  -41.615  -34.889  61.339 0.1111110002
45158  -41.701  -34.913  60.254 0.1111110002
45138  -42.208  -34.123  62.074 0.1111110002
45148  -42.192  -34.127  60.952 0.1111110002
45159  -42.207  -34.142  59.872 0.1111110002
46055  -44.619  -32.727  60.552 0.1111110002
46041  -44.855  -32.915  61.533 0.1111110002
45170  -42.231  -34.162  58.851 0.1111110002
46053  -42.797  -33.441  59.425 0.1111110002
46026  -42.992  -33.555  61.617 0.1111110002
46039  -42.893  -33.467  60.501 0.1111110002
46040  -43.805  -33.046  61.090 0.1111110002
46054  -43.708  -32.823  59.933 0.1111110002
31435  -23.346  -49.587  72.928 0.2222220004
31445  -23.693  -49.497  72.086 0.2222220004
30420  -24.512  -49.554  72.374 0.2222220004
31434  -22.454  -49.297  72.447 0.2222220004
31444  -22.849  -49.265  71.816 0.2222220004
32441  -24.145  -49.331  71.068 0.1111110002
31420  -21.779  -49.546  73.253 0.2222220004
32410  -21.670  -48.920  71.900 0.1111110002
31432  -20.129  -48.799  72.558 0.1111110002
31433  -21.239  -49.155  72.587 0.1111110002
33394  -39.271  -46.877  66.589 0.1111110002
34265  -40.114  -45.606  66.131 0.1111110002
49061  -38.370  -31.306  59.731 0.1111110002
49079  -39.886  -31.239  58.984 0.1111110002
50131  -45.343  -30.030  52.326 0.1111110002
50149  -46.152  -29.728  51.569 0.1111110002
49144  -43.559  -30.579  53.741 0.1111110002
49167  -44.525  -30.244  52.823 0.1111110002
50167  -46.361  -29.239  50.811 0.1111110002
50168  -47.155  -29.011  50.750 0.1111110002
52957  -51.467  -25.482  52.507 0.1111110002
58513  -54.579  -20.952  43.085 0.1111110002
52967  -51.038  -26.140  51.867 0.1111110002
53901  -51.991  -24.728  52.448 0.1111110002
57627  -54.800  -22.172  42.654 0.1111110002
52968  -51.541  -25.371  51.840 0.1111110002
52980  -50.447  -26.425  50.582 0.1111110002
54831  -52.423  -24.003  52.335 0.1111110002
58504  -54.254  -20.821  44.102 0.1111110002
59461  -54.786  -19.807  42.642 0.1111110002
53913  -51.721  -24.826  51.357 0.1111110002
54842  -52.230  -23.988  51.544 0.1111110002
53921  -51.398  -24.955  50.676 0.1111110002
53912  -51.259  -25.561  51.048 0.1111110002
57624  -54.536  -22.029  43.683 0.1111110002
55777  -52.082  -23.367  50.414 0.1111110002
60397  -55.130  -18.955  42.431 0.1111110002
60398  -55.510  -18.634  41.909 0.1111110002
59462  -55.293  -19.779  41.825 0.1111110002
61381  -54.714  -17.718  42.710 0.1111110002
61392  -55.375  -17.900  41.816 0.1111110002
60408  -55.829  -18.451  41.113 0.1111110002
60409  -56.151  -18.348  40.443 0.1111110002
58589  -54.813  -20.353  36.026 0.1111110002
61391  -54.829  -17.468  41.867 0.1111110002
61399  -55.647  -17.801  40.799 0.1111110002
61400  -56.134  -17.972  40.271 0.1111110002
60427  -56.326  -18.174  39.143 0.1111110002
58592  -56.307  -19.097  37.105 0.1111110002
58591  -56.132  -19.578  36.781 0.1111110002
59553  -55.718  -19.001  35.893 0.1111110002
59551  -54.368  -19.718  35.529 0.1111110002
59552  -55.097  -19.555  35.677 0.1111110002
59561  -53.992  -18.984  35.120 0.1111110002
61390  -53.991  -17.368  42.016 0.1111110002
61398  -54.906  -17.527  40.940 0.1111110002
61405  -55.241  -17.544  40.043 0.1111110002
61406  -55.651  -17.546  40.074 0.1111110002
61414  -55.601  -17.645  39.353 0.1111110002
61407  -56.129  -17.782  39.932 0.1111110002
61415  -55.998  -17.754  39.263 0.1111110002
60446  -56.206  -18.051  38.215 0.1111110002
59527  -56.427  -18.736  38.313 0.1111110002
60473  -56.164  -18.115  37.046 0.1111110002
59554  -56.188  -18.787  36.690 0.1111110002
60489  -55.795  -18.397  35.580 0.1111110002
59562  -54.784  -18.995  35.248 0.1111110002
60502  -53.685  -18.219  34.744 0.1111110002
57577  -52.390  -21.344  48.401 0.1111110002
57564  -52.619  -21.734  49.081 0.2222220004
58447  -52.643  -21.229  48.487 0.2222220004
62317  -51.954  -17.424  44.617 0.1111110002
62319  -53.631  -17.439  43.906 0.1111110002
62334  -53.083  -17.431  42.794 0.1111110002
60406  -54.303  -17.913  40.798 0.1111110002
60407  -54.870  -17.565  40.445 0.1111110002
61413  -55.200  -17.645  39.290 0.1111110002
61424  -55.814  -17.820  38.623 0.1111110002
61423  -55.453  -17.726  38.500 0.1111110002
61448  -55.769  -17.751  37.547 0.1111110002
61470  -56.060  -17.482  36.366 0.1111110002
61488  -55.981  -17.555  35.497 0.1111110002
60504  -55.390  -18.202  35.114 0.1111110002
60512  -54.837  -17.901  34.647 0.1111110002
60503  -54.523  -18.362  34.823 0.1111110002
61397  -54.373  -17.591  41.379 0.1111110002
60426  -54.752  -17.831  39.217 0.1111110002
61447  -55.240  -17.572  37.525 0.1111110002
61469  -55.578  -17.226  36.616 0.1111110002
62398  -56.064  -17.089  35.787 0.1111110002
62397  -55.866  -16.593  35.346 0.1111110002
61487  -55.663  -17.194  34.899 0.1111110002
61501  -54.992  -17.221  34.495 0.1111110002
62412  -54.668  -16.104  34.375 0.1111110002
60509  -52.951  -17.222  34.510 0.1111110002
60511  -54.316  -17.703  34.520 0.1111110002
61499  -53.273  -16.704  34.359 0.1111110002
61500  -54.128  -16.876  34.301 0.1111110002
62309  -51.363  -17.463  45.110 0.1111110002
61422  -54.985  -17.686  38.438 0.1111110002
60445  -54.452  -17.934  38.450 0.1111110002
61446  -54.525  -17.540  37.517 0.1111110002
62383  -55.532  -16.392  36.038 0.1111110002
62413  -55.412  -16.362  34.711 0.1111110002
61486  -51.745  -17.306  34.782 0.1111110002
62411  -53.766  -15.918  34.205 0.1111110002
61467  -54.474  -16.794  36.710 0.1111110002
61468  -55.038  -17.017  36.665 0.1111110002
63312  -55.213  -15.657  35.804 0.1111110002
63341  -55.612  -15.933  34.947 0.1111110002
63327  -55.449  -15.764  35.334 0.1111110002
63340  -55.118  -15.242  34.722 0.1111110002
63339  -54.229  -15.045  34.294 0.1111110002
62409  -51.869  -15.857  34.450 0.1111110002
62410  -52.809  -15.857  34.259 0.1111110002
63311  -54.716  -15.354  35.930 0.1111110002
63338  -53.280  -14.942  34.095 0.1111110002
62326  -52.642  -17.469  43.791 0.1111110002
62335  -54.066  -17.333  42.792 0.1111110002
62333  -52.919  -17.464  43.298 0.1111110002
55757  -52.344  -23.480  51.209 0.1111110002
62328  -54.002  -17.366  43.422 0.1111110002
62327  -53.443  -17.388  43.584 0.1111110002
61357  -50.786  -17.636  45.429 0.1111110002
31462  -24.143  -49.430  71.473 0.2222220004
55769  -52.053  -23.658  50.770 0.1111110002
60388  -55.100  -18.297  42.509 0.1111110002
61382  -55.259  -18.034  42.284 0.1111110002
59473  -56.154  -18.954  40.592 0.1111110002
60417  -56.368  -18.292  39.839 0.1111110002
60490  -56.075  -18.212  36.030 0.1111110002
59563  -55.256  -18.971  35.440 0.1111110002
60505  -55.869  -18.109  35.491 0.1111110002
58588  -53.957  -20.485  35.933 0.1111110002
59543  -56.331  -18.661  37.481 0.1111110002
60510  -53.513  -17.457  34.488 0.1111110002
60416  -54.851  -17.662  39.968 0.1111110002
62384  -55.963  -16.870  36.051 0.1111110002
61389  -52.946  -17.615  42.889 0.1111110002
61498  -52.387  -16.793  34.509 0.1111110002
24805  -8.368  -55.663  75.062 0.1111110002
24799  -10.591  -55.281  76.385 0.2222220004
24804  -8.219  -55.740  74.418 0.1111110002
24797  -9.043  -55.264  75.725 0.2222220004
25601  -11.838  -54.853  76.092 0.2222220004
24801  -12.523  -55.456  76.113 0.2222220004
24807  -12.735  -55.136  75.126 0.2222220004
24808  -13.456  -55.701  75.561 0.2222220004
24800  -11.504  -55.377  76.331 0.2222220004
24821  -14.277  -55.726  74.086 0.2222220004
24851  -14.431  -54.758  71.087 0.2222220004
25649  -15.009  -54.830  70.248 0.2222220004
24859  -15.305  -55.047  70.203 0.2222220004
25663  -15.554  -54.410  68.731 0.2222220004
25664  -16.087  -54.898  68.404 0.2222220004
25671  -16.322  -54.695  67.519 0.2222220004
25679  -16.610  -54.447  66.492 0.2222220004
25680  -17.147  -55.105  65.993 0.1111110002
25605  -12.064  -54.387  75.613 0.2222220004
24814  -13.466  -55.518  74.629 0.2222220004
25648  -14.603  -54.319  70.442 0.2222220004
25656  -15.211  -54.555  69.639 0.2222220004
26523  -15.748  -53.805  67.634 0.2222220004
25686  -16.805  -54.305  65.642 0.2222220004
25687  -17.268  -54.857  65.101 0.1111110002
25692  -16.936  -54.152  64.972 0.1111110002
24891  -17.743  -54.883  63.932 0.1111110002
26516  -14.940  -53.639  69.200 0.2222220004
26510  -14.931  -53.909  69.371 0.2222220004
26522  -15.419  -53.761  68.264 0.2222220004
27439  -15.535  -53.304  67.935 0.2222220004
25670  -15.780  -54.343  68.083 0.2222220004
26528  -16.124  -53.752  66.912 0.2222220004
26536  -16.432  -53.640  66.081 0.2222220004
27430  -14.953  -53.330  69.073 0.2222220004
32422  -23.032  -49.191  71.375 0.1111110002
48147  -52.117  -32.292  55.862 0.1111110002
48165  -52.684  -32.659  55.302 0.1111110002
48148  -52.584  -32.863  55.896 0.1111110002
47114  -53.159  -33.457  54.976 0.1111110002
46152  -53.425  -33.522  54.143 0.1111110002
45245  -53.934  -34.880  52.801 0.1111110002
47136  -52.726  -32.574  54.685 0.1111110002
46162  -53.292  -33.247  53.587 0.1111110002
46163  -53.700  -33.849  53.276 0.1111110002
47161  -53.296  -33.199  54.499 0.1111110002
45255  -54.147  -34.745  51.970 0.1111110002
45276  -54.357  -35.127  51.670 0.1111110002
44308  -54.351  -35.627  52.068 0.1111110002
47160  -53.119  -32.923  54.145 0.1111110002
46175  -53.093  -33.341  52.639 0.1111110002
46176  -53.673  -34.096  52.292 0.1111110002
44328  -54.471  -35.599  51.323 0.1111110002
48163  -51.111  -31.301  54.805 0.1111110002
47159  -52.250  -32.311  54.057 0.1111110002
46194  -53.612  -34.349  51.475 0.1111110002
24852  -14.986  -55.294  70.871 0.2222220004
26517  -15.105  -53.795  68.926 0.2222220004
25672  -16.939  -55.178  66.872 0.1111110002
25655  -14.800  -53.958  69.752 0.2222220004
25693  -17.348  -54.379  64.347 0.1111110002
26509  -14.824  -53.526  69.452 0.2222220004
47095  -52.490  -33.220  55.883 0.1111110002
47137  -53.161  -32.946  54.845 0.1111110002
47138  -53.238  -33.358  54.758 0.1111110002
46151  -53.346  -33.237  53.943 0.1111110002
45246  -54.215  -35.383  52.381 0.1111110002
48164  -51.996  -32.045  54.930 0.1111110002
45256  -54.331  -35.236  52.100 0.1111110002
48174  -50.841  -31.013  54.314 0.1111110002
47181  -52.526  -32.634  53.188 0.1111110002
21992  -15.743  -58.533  74.839 0.1111110002
21993  -16.866  -58.502  74.421 0.1111110002
23017  -8.292  -57.777  74.617 0.1111110002
23006  -9.785  -57.272  75.353 0.1111110002
23018  -9.143  -57.684  74.510 0.1111110002
21991  -14.608  -58.711  74.865 0.1111110002
23024  -16.529  -57.531  74.850 0.1111110002
23025  -17.261  -57.738  74.463 0.1111110002
22002  -15.027  -59.191  74.573 0.1111110002
23016  -7.654  -57.618  74.436 0.1111110002
23004  -8.152  -57.139  74.955 0.1111110002
23005  -8.909  -57.213  75.110 0.1111110002
23944  -9.452  -56.699  75.747 0.1111110002
21984  -15.197  -58.176  75.281 0.1111110002
23019  -10.206  -57.497  74.770 0.1111110002
23013  -15.876  -57.266  75.206 0.1111110002
23953  -16.055  -56.839  74.952 0.1111110002
21990  -13.739  -58.286  75.003 0.1111110002
23003  -7.666  -56.996  74.633 0.1111110002
23943  -8.711  -56.573  75.376 0.1111110002
23023  -15.750  -57.779  75.176 0.1111110002
23007  -10.707  -57.420  75.683 0.1111110002
23946  -11.226  -56.973  76.317 0.1111110002
23008  -11.519  -57.457  75.923 0.1111110002
21983  -14.505  -58.047  75.398 0.1111110002
23012  -15.198  -57.470  75.456 0.1111110002
23949  -15.555  -56.917  75.316 0.1111110002
23010  -13.282  -57.681  75.561 0.1111110002
23948  -14.932  -56.777  75.574 0.1111110002
23952  -15.410  -56.529  75.090 0.1111110002
24822  -15.021  -56.163  74.653 0.1111110002
25657  -15.855  -55.015  69.149 0.1111110002
24860  -15.906  -55.559  70.140 0.1111110002
23936  -10.906  -56.175  76.475 0.1111110002
23938  -12.756  -56.447  76.353 0.1111110002
22999  -12.109  -57.056  76.310 0.1111110002
23939  -13.480  -56.639  76.306 0.1111110002
23940  -14.000  -56.655  76.210 0.1111110002
24810  -14.550  -56.494  75.669 0.1111110002
24809  -14.129  -56.230  75.852 0.1111110002
24815  -14.220  -55.947  75.071 0.1111110002
24832  -15.340  -56.122  73.565 0.1111110002
26542  -16.677  -53.560  65.324 0.1111110002
26543  -16.933  -53.543  64.627 0.1111110002
23942  -8.102  -56.445  75.042 0.1111110002
24806  -8.604  -55.968  75.475 0.1111110002
23934  -9.169  -55.992  75.926 0.1111110002
23935  -9.979  -56.089  76.298 0.1111110002
23937  -11.864  -56.260  76.455 0.1111110002
24802  -13.415  -56.088  76.164 0.1111110002
27440  -15.833  -52.886  67.415 0.1111110002
27447  -16.171  -53.019  66.512 0.1111110002
27455  -16.493  -52.787  65.731 0.1111110002
27456  -16.827  -52.388  65.147 0.1111110002
26503  -14.621  -53.421  69.988 0.1111110002
27422  -14.863  -52.953  69.407 0.1111110002
27431  -15.296  -52.823  68.503 0.1111110002
28475  -16.114  -52.103  67.515 0.1111110002
28498  -16.361  -52.153  66.573 0.1111110002
28522  -16.727  -51.991  65.664 0.1111110002
27423  -15.262  -52.407  69.386 0.1111110002
28452  -16.043  -51.856  68.389 0.1111110002
42238  -38.655  -37.372  64.204 0.1111110002
42239  -38.929  -37.283  65.262 0.1111110002
43227  -38.603  -36.309  64.563 0.1111110002
44187  -38.237  -35.280  63.748 0.1111110002
49033  -36.553  -30.845  61.284 0.1111110002
49034  -37.443  -30.917  61.385 0.1111110002
49046  -37.138  -30.880  60.656 0.1111110002
53940  -54.405  -24.956  49.923 0.1111110002
52981  -54.773  -26.229  50.494 0.1111110002
53003  -54.241  -26.149  50.017 0.1111110002
52026  -54.857  -26.937  50.332 0.1111110002
52049  -54.577  -27.348  49.805 0.1111110002
52027  -55.300  -27.624  50.463 0.1111110002
51092  -55.550  -28.527  50.601 0.1111110002
50156  -55.314  -28.991  50.975 0.1111110002
50170  -52.923  -29.342  51.092 0.1111110002
49170  -50.989  -30.097  53.158 0.1111110002
49186  -51.476  -29.849  52.068 0.1111110002
50169  -52.177  -29.354  51.607 0.1111110002
53922  -54.838  -25.426  50.512 0.1111110002
53923  -55.213  -25.354  51.025 0.1111110002
52982  -55.133  -26.379  50.967 0.1111110002
52969  -55.218  -26.507  51.809 0.1111110002
52011  -55.299  -27.444  51.263 0.1111110002
49148  -50.705  -30.575  54.583 0.1111110002
50109  -50.659  -29.994  54.293 0.1111110002
50110  -51.099  -29.271  53.988 0.1111110002
51075  -55.129  -28.253  51.569 0.1111110002
52004  -55.026  -27.280  52.079 0.1111110002
50135  -51.778  -28.863  52.773 0.1111110002
50153  -52.705  -28.738  52.024 0.1111110002
51074  -54.365  -28.368  51.943 0.1111110002
49149  -50.741  -30.414  53.975 0.1111110002
53915  -55.207  -25.459  51.729 0.1111110002
53939  -53.698  -25.072  49.373 0.1111110002
53903  -55.136  -25.947  52.199 0.1111110002
53002  -53.340  -26.159  49.373 0.1111110002
49134  -50.724  -30.675  55.305 0.1111110002
50089  -51.101  -28.892  55.022 0.1111110002
51053  -51.864  -28.380  53.674 0.1111110002
51057  -54.630  -27.783  52.207 0.1111110002
52003  -54.330  -27.063  52.823 0.1111110002
52047  -52.822  -27.024  49.064 0.1111110002
51072  -52.977  -28.264  52.618 0.1111110002
51056  -54.065  -27.816  52.561 0.1111110002
51118  -52.680  -28.295  48.610 0.1111110002
51054  -52.581  -28.146  53.202 0.1111110002
51055  -53.389  -27.788  53.007 0.1111110002
50188  -52.822  -28.891  48.354 0.1111110002
50198  -52.526  -29.246  47.898 0.1111110002
49220  -52.084  -30.064  47.182 0.1111110002
49234  -51.612  -30.573  46.585 0.1111110002
48258  -51.270  -31.094  46.076 0.1111110002
49233  -50.731  -30.348  46.373 0.1111110002
50209  -50.200  -29.456  46.386 0.1111110002
53914  -55.053  -24.895  52.123 0.1111110002
54862  -53.777  -24.313  48.834 0.1111110002
52959  -54.902  -26.413  52.485 0.1111110002
51038  -51.674  -28.268  54.467 0.1111110002
53001  -52.737  -26.210  48.999 0.1111110002
51125  -52.041  -28.525  48.036 0.1111110002
50197  -51.694  -29.399  47.385 0.1111110002
51124  -51.381  -28.575  47.455 0.1111110002
50210  -51.055  -29.492  46.855 0.1111110002
51135  -50.816  -28.627  46.880 0.1111110002
52064  -51.286  -27.370  47.380 0.1111110002
51134  -50.408  -28.588  46.511 0.1111110002
52076  -50.728  -27.778  46.719 0.1111110002
51017  -51.712  -28.036  55.326 0.1111110002
51993  -54.075  -26.573  53.380 0.1111110002
52958  -54.458  -26.148  53.148 0.1111110002
53961  -53.299  -24.718  48.653 0.1111110002
51039  -52.417  -27.758  54.099 0.1111110002
52002  -53.834  -27.406  53.016 0.1111110002
54883  -54.030  -23.897  48.617 0.1111110002
53938  -52.900  -25.497  48.862 0.1111110002
53016  -52.162  -26.244  48.323 0.1111110002
53960  -52.686  -24.934  47.893 0.1111110002
52061  -52.148  -27.281  48.496 0.1111110002
53015  -51.796  -26.538  47.936 0.1111110002
52060  -51.702  -26.945  47.992 0.1111110002
53025  -52.073  -25.711  47.475 0.1111110002
53024  -51.660  -26.463  47.466 0.1111110002
53975  -52.386  -25.233  46.910 0.1111110002
53974  -51.800  -25.857  46.739 0.1111110002
53035  -51.201  -26.676  46.432 0.1111110002
53034  -50.645  -27.180  46.162 0.1111110002
51992  -53.506  -26.955  53.764 0.1111110002
52947  -53.992  -26.083  53.818 0.1111110002
54882  -53.650  -24.064  48.053 0.1111110002
55805  -53.992  -23.636  47.527 0.1111110002
54881  -53.220  -24.414  47.514 0.1111110002
54902  -52.972  -24.611  46.962 0.1111110002
54903  -53.554  -24.111  47.143 0.1111110002
55816  -54.011  -23.788  46.756 0.1111110002
55790  -54.007  -23.626  47.944 0.1111110002
28451  -15.550  -52.211  68.911 0.1111110002
51973  -52.211  -27.563  55.190 0.1111110002
23945  -10.300  -56.873  76.122 0.1111110002
23011  -14.295  -57.367  75.783 0.1111110002
23959  -15.814  -56.507  74.450 0.1111110002
23000  -12.957  -57.180  76.244 0.1111110002
24816  -14.743  -56.330  75.347 0.1111110002
23947  -14.388  -56.724  75.936 0.1111110002
24803  -13.799  -56.378  76.186 0.1111110002
23001  -13.727  -57.143  76.164 0.1111110002
27462  -16.739  -52.968  65.021 0.1111110002
27432  -15.810  -52.385  67.955 0.1111110002
52050  -55.178  -27.705  49.905 0.1111110002
50173  -55.619  -29.401  50.397 0.1111110002
50155  -54.672  -28.963  51.294 0.1111110002
50172  -55.012  -29.564  50.676 0.1111110002
50154  -53.758  -28.861  51.565 0.1111110002
50152  -51.992  -29.130  52.066 0.1111110002
50088  -50.644  -29.802  54.798 0.1111110002
50136  -52.520  -28.470  52.641 0.1111110002
51106  -53.453  -27.804  49.183 0.1111110002
51073  -53.585  -28.320  52.293 0.1111110002
51119  -53.829  -28.448  48.796 0.1111110002
50189  -53.340  -28.979  48.361 0.1111110002
48259  -52.161  -31.231  46.117 0.1111110002
48257  -50.470  -31.083  46.097 0.1111110002
51040  -52.984  -27.595  53.630 0.1111110002
51117  -51.783  -27.853  48.054 0.1111110002
23002  -14.152  -56.990  76.125 0.1111110002
24830  -13.438  -54.981  72.946 0.3333329856
25597  -9.332  -54.545  75.686 0.2222220004
25608  -8.277  -55.632  74.137 0.1111110002
26468  -8.917  -54.605  74.829 0.2222220004
26480  -12.963  -53.393  73.370 0.5555559993
27349  -11.006  -52.463  77.007 0.4444440007
27350  -11.206  -52.361  77.189 0.4444440007
27370  -9.549  -53.597  75.182 0.1111110002
28288  -10.795  -52.461  76.621 0.4444440007
28289  -10.852  -52.209  76.799 0.4444440007
28290  -11.787  -51.866  77.314 0.5555559993
28302  -10.833  -52.066  76.388 0.3333329856
29323  -11.060  -51.861  77.180 0.4444440007
29334  -14.421  -50.597  76.684 0.4444440007
29408  -18.915  -50.861  70.386 0.2222220004
29417  -18.034  -50.910  69.711 0.2222220004
29462  -33.068  -50.826  66.353 0.2222220004
30364  -17.504  -50.234  74.985 0.5555559993
30419  -24.320  -49.584  72.535 0.2222220004
30483  -37.306  -48.844  67.296 0.1111110002
31446  -24.588  -49.505  71.975 0.2222220004
32506  -30.846  -47.221  67.346 0.1111110002
32512  -39.206  -47.206  67.257 0.2222220004
32530  -33.953  -47.115  66.959 0.2222220004
33313  -32.498  -46.821  71.618 0.6666669846
33348  -30.192  -46.973  67.834 0.1111110002
33367  -33.922  -46.801  68.523 0.3333329856
33389  -30.980  -47.024  66.151 0.1111110002
33436  -31.256  -46.402  64.879 0.1111110002
34281  -31.226  -46.125  64.378 0.1111110002
35090  -35.099  -45.312  70.268 0.5555559993
36112  -42.116  -42.982  67.599 0.6666669846
37102  -36.904  -43.698  70.032 0.8888890147
43175  -39.534  -36.165  68.990 0.7777780294
43176  -39.493  -35.968  68.803 0.7777780294
44105  -39.763  -35.492  69.206 0.8888890147
44122  -39.505  -35.722  68.770 0.8888890147
44134  -39.405  -35.867  68.603 0.7777780294
44146  -41.703  -36.046  66.730 0.5555559993
45039  -39.808  -35.149  69.060 1.0000000000
45040  -39.967  -34.915  69.126 1.0000000000
45080  -38.960  -34.367  67.818 0.6666669846
45081  -39.093  -34.066  67.929 0.7777780294
45923  -39.891  -34.759  68.942 0.8888890147
46045  -48.630  -33.087  62.081 0.3333329856
48030  -35.468  -31.915  62.591 0.3333329856
48076  -38.565  -31.237  60.412 0.1111110002
48085  -38.453  -31.226  60.180 0.1111110002
48086  -38.709  -31.302  60.172 0.1111110002
48131  -52.403  -33.042  56.172 0.1111110002
48940  -44.437  -31.123  66.831 1.0000000000
49122  -44.756  -30.191  54.649 0.3333329856
49937  -42.302  -29.922  65.262 0.8888890147
50908  -44.118  -28.839  63.543 0.8888890147
50909  -44.481  -28.956  63.743 0.8888890147
50922  -44.433  -28.904  63.448 0.8888890147
51104  -47.146  -28.171  49.802 0.1111110002
52025  -50.157  -27.052  50.859 0.1111110002
52045  -48.908  -27.265  49.670 0.1111110002
54859  -50.244  -24.839  49.430 0.1111110002
56633  -53.684  -22.571  52.218 0.2222220004
56643  -53.624  -22.279  51.793 0.2222220004
57534  -53.517  -22.077  51.367 0.3333329856
