#!ascii label  , from subject A00008326 vox2ras=TkReg
947
41240  -42.494  -38.904  64.387 0.0000000000
28468  -32.276  -51.301  68.224 0.0000000000
47110  -49.936  -32.542  56.075 0.0000000000
43309  -38.864  -36.884  55.600 0.0000000000
46040  -43.805  -33.046  61.090 0.0000000000
33371  -39.706  -46.634  67.224 0.0000000000
32609  -33.196  -47.016  59.586 0.0000000000
37348  -36.817  -42.446  57.031 0.0000000000
28437  -24.108  -51.717  70.036 0.0000000000
51937  -52.058  -26.321  56.968 0.0000000000
31608  -24.986  -48.642  59.217 0.0000000000
41279  -41.096  -38.159  59.410 0.0000000000
44233  -41.426  -35.574  57.627 0.0000000000
45127  -41.631  -34.927  63.643 0.0000000000
37218  -42.314  -42.286  65.521 0.0000000000
36184  -38.408  -43.744  61.699 0.0000000000
38362  -40.189  -40.582  59.913 0.0000000000
41303  -38.022  -39.210  56.707 0.0000000000
53890  -53.688  -25.310  54.292 0.0000000000
28464  -27.561  -51.763  69.092 0.0000000000
29503  -24.891  -50.590  64.492 0.0000000000
29532  -28.547  -50.226  63.980 0.0000000000
47053  -46.580  -32.622  58.487 0.0000000000
30470  -36.139  -49.501  67.741 0.0000000000
31563  -32.639  -48.888  63.324 0.0000000000
33451  -36.308  -47.196  63.101 0.0000000000
34353  -36.272  -44.932  57.877 0.0000000000
28389  -20.113  -50.984  71.598 0.0000000000
46970  -47.106  -31.718  64.536 0.0000000000
48077  -49.668  -31.378  61.142 0.0000000000
51922  -49.216  -27.736  59.194 0.0000000000
49104  -50.509  -30.431  58.161 0.0000000000
50109  -50.659  -29.994  54.293 0.0000000000
29500  -21.167  -50.729  64.483 0.0000000000
32605  -28.677  -48.012  59.326 0.0000000000
41262  -42.088  -38.563  61.959 0.0000000000
43250  -41.554  -36.777  60.930 0.0000000000
43229  -41.600  -36.970  64.126 0.0000000000
39291  -42.595  -40.572  64.879 0.0000000000
38304  -41.350  -41.402  62.981 0.0000000000
39316  -42.283  -40.034  62.684 0.0000000000
40317  -40.777  -39.189  59.745 0.0000000000
47158  -50.005  -32.742  54.711 0.0000000000
46125  -51.429  -33.217  55.817 0.0000000000
28466  -29.887  -51.586  69.049 0.0000000000
28531  -28.082  -51.298  66.159 0.0000000000
28533  -30.167  -50.979  66.269 0.0000000000
44284  -40.108  -35.182  54.353 0.0000000000
45159  -42.207  -34.142  59.872 0.0000000000
45191  -42.267  -34.011  57.167 0.0000000000
46069  -43.467  -32.959  58.898 0.0000000000
47072  -44.810  -32.619  57.150 0.0000000000
47015  -45.294  -32.612  59.970 0.0000000000
31504  -38.215  -48.068  67.561 0.0000000000
31547  -36.237  -48.896  64.991 0.0000000000
33418  -37.819  -47.054  65.074 0.0000000000
36246  -37.574  -43.069  59.101 0.0000000000
35242  -37.371  -44.274  59.955 0.0000000000
36255  -36.644  -43.480  57.601 0.0000000000
42314  -38.015  -38.071  55.860 0.0000000000
46992  -48.707  -32.180  62.796 0.0000000000
50952  -50.308  -28.226  59.684 0.0000000000
50970  -51.328  -27.920  58.021 0.0000000000
49123  -50.713  -30.686  56.228 0.0000000000
51000  -51.671  -28.008  56.176 0.0000000000
52002  -53.834  -27.406  53.016 0.0000000000
28413  -21.688  -51.375  70.757 0.0000000000
28479  -21.078  -50.879  68.039 0.0000000000
28502  -22.270  -51.172  67.300 0.0000000000
30531  -24.502  -49.531  61.841 0.0000000000
29550  -22.527  -49.717  60.981 0.0000000000
30564  -23.385  -49.181  59.100 0.0000000000
32588  -32.520  -47.768  61.388 0.0000000000
31588  -31.076  -48.242  61.856 0.0000000000
32607  -31.041  -47.431  59.848 0.0000000000
42294  -40.441  -37.395  57.465 0.0000000000
43293  -40.408  -36.366  56.347 0.0000000000
43264  -41.330  -36.546  58.887 0.0000000000
44204  -41.555  -35.831  60.604 0.0000000000
45138  -42.208  -34.123  62.074 0.0000000000
35155  -41.042  -44.576  66.331 0.0000000000
35165  -39.732  -44.889  64.753 0.0000000000
36169  -40.147  -43.442  63.656 0.0000000000
38324  -39.538  -42.094  61.113 0.0000000000
38374  -38.514  -41.385  58.877 0.0000000000
39413  -36.877  -40.911  56.391 0.0000000000
40332  -39.274  -39.995  58.523 0.0000000000
41296  -39.689  -38.521  57.807 0.0000000000
52922  -53.011  -25.861  55.852 0.0000000000
54819  -52.454  -24.221  54.125 0.0000000000
28462  -25.444  -51.775  69.144 0.0000000000
28504  -24.139  -51.425  67.052 0.0000000000
28529  -25.965  -51.282  66.014 0.0000000000
29530  -26.691  -50.257  63.730 0.0000000000
30544  -26.713  -49.138  61.488 0.0000000000
44275  -40.994  -35.173  55.618 0.0000000000
47088  -45.864  -32.526  56.286 0.0000000000
47075  -48.429  -32.582  57.804 0.0000000000
29450  -34.498  -50.614  67.959 0.0000000000
29485  -32.355  -50.650  65.627 0.0000000000
30505  -34.704  -50.081  65.101 0.0000000000
31581  -34.869  -48.507  63.384 0.0000000000
32590  -34.840  -47.545  61.349 0.0000000000
34306  -37.559  -45.394  63.090 0.0000000000
33476  -35.967  -46.467  60.962 0.0000000000
33502  -34.498  -46.419  58.535 0.0000000000
43205  -41.927  -37.245  66.829 0.0000000000
29422  -32.748  -50.540  69.776 0.0000000000
31488  -37.148  -48.355  68.845 0.0000000000
33338  -38.576  -46.705  68.909 0.0000000000
45105  -41.783  -35.256  65.818 0.0000000000
45984  -43.140  -33.396  65.241 0.0000000000
46000  -44.251  -33.112  64.369 0.0000000000
46956  -46.023  -31.791  65.470 0.0000000000
46029  -46.150  -33.129  62.789 0.0000000000
46043  -46.985  -33.352  61.953 0.0000000000
46072  -48.315  -33.260  60.788 0.0000000000
47056  -49.785  -32.591  58.856 0.0000000000
50944  -49.639  -28.339  60.450 0.0000000000
48087  -50.351  -30.968  59.560 0.0000000000
47078  -51.042  -32.177  57.766 0.0000000000
48130  -52.053  -32.679  56.309 0.0000000000
51039  -52.417  -27.758  54.099 0.0000000000
28431  -18.792  -50.837  69.202 0.0000000000
29547  -19.617  -50.989  61.450 0.0000000000
29501  -22.538  -50.840  64.713 0.0000000000
29549  -21.355  -50.218  61.216 0.0000000000
30524  -30.964  -49.204  63.628 0.0000000000
31585  -28.407  -48.803  61.456 0.0000000000
31628  -26.999  -48.061  59.033 0.0000000000
32652  -27.304  -47.556  56.827 0.0000000000
41246  -42.333  -38.710  63.500 0.0000000000
41253  -41.926  -38.166  62.910 0.0000000000
42249  -42.002  -38.206  63.751 0.0000000000
40262  -42.689  -39.719  64.551 0.0000000000
39301  -42.340  -40.619  63.731 0.0000000000
40267  -42.554  -39.538  63.567 0.0000000000
39335  -42.117  -39.576  62.051 0.0000000000
47109  -48.836  -32.443  55.967 0.0000000000
47134  -49.527  -32.566  55.204 0.0000000000
47135  -50.434  -32.838  55.287 0.0000000000
28488  -30.421  -51.458  67.913 0.0000000000
28509  -29.746  -51.313  67.064 0.0000000000
28510  -30.819  -51.377  66.933 0.0000000000
43329  -38.381  -36.367  54.118 0.0000000000
43323  -39.171  -36.016  54.879 0.0000000000
46039  -42.893  -33.467  60.501 0.0000000000
46053  -42.797  -33.441  59.425 0.0000000000
46054  -43.708  -32.823  59.933 0.0000000000
47031  -44.126  -32.643  59.297 0.0000000000
46055  -44.619  -32.727  60.552 0.0000000000
32533  -39.152  -47.234  66.979 0.0000000000
32532  -38.558  -47.549  66.606 0.0000000000
33393  -38.855  -46.991  66.145 0.0000000000
36256  -36.947  -42.851  58.015 0.0000000000
35253  -36.900  -43.659  58.379 0.0000000000
36266  -36.672  -42.985  57.059 0.0000000000
36280  -36.496  -43.139  56.334 0.0000000000
42331  -38.444  -37.169  55.221 0.0000000000
42330  -37.709  -37.571  55.058 0.0000000000
43321  -38.187  -37.129  54.778 0.0000000000
51925  -51.339  -27.194  58.193 0.0000000000
51936  -51.802  -27.060  57.406 0.0000000000
50986  -51.468  -28.093  57.016 0.0000000000
51949  -52.322  -26.607  56.621 0.0000000000
28414  -22.613  -51.434  70.801 0.0000000000
28458  -22.104  -51.303  68.964 0.0000000000
28459  -22.953  -51.603  68.991 0.0000000000
30554  -24.798  -48.872  60.213 0.0000000000
30553  -23.717  -49.046  60.091 0.0000000000
30565  -24.223  -48.870  59.204 0.0000000000
30597  -23.719  -49.940  57.577 0.0000000000
31643  -24.577  -49.025  57.764 0.0000000000
32596  -32.954  -47.420  60.557 0.0000000000
32595  -31.830  -47.593  60.592 0.0000000000
32608  -32.125  -47.238  59.775 0.0000000000
42284  -40.596  -37.760  58.193 0.0000000000
42285  -40.951  -37.186  58.261 0.0000000000
42277  -41.173  -37.347  59.199 0.0000000000
44188  -41.463  -35.903  62.828 0.0000000000
44197  -41.472  -35.862  61.700 0.0000000000
45147  -41.615  -34.889  61.339 0.0000000000
45137  -41.579  -34.879  62.481 0.0000000000
37193  -41.878  -43.334  66.260 0.0000000000
36144  -40.963  -44.054  65.365 0.0000000000
37241  -41.186  -42.883  64.462 0.0000000000
39333  -40.703  -40.833  61.276 0.0000000000
38303  -40.661  -41.821  62.500 0.0000000000
38343  -39.324  -41.805  60.508 0.0000000000
38360  -38.761  -41.778  59.708 0.0000000000
38361  -39.490  -41.047  59.596 0.0000000000
39385  -38.723  -40.503  58.412 0.0000000000
39386  -39.610  -40.266  59.003 0.0000000000
41278  -40.758  -38.736  59.299 0.0000000000
40334  -40.316  -39.223  59.015 0.0000000000
41286  -40.472  -38.409  58.582 0.0000000000
42293  -39.884  -37.857  57.457 0.0000000000
28463  -26.479  -51.821  69.092 0.0000000000
28484  -25.918  -51.779  68.068 0.0000000000
28485  -27.037  -51.790  68.038 0.0000000000
29506  -28.042  -50.599  64.654 0.0000000000
29480  -27.553  -50.952  65.361 0.0000000000
29531  -27.633  -50.326  63.864 0.0000000000
30519  -26.507  -49.844  63.040 0.0000000000
30535  -27.898  -49.599  62.576 0.0000000000
43283  -40.944  -36.197  57.102 0.0000000000
44256  -40.688  -35.719  55.914 0.0000000000
44241  -41.239  -35.445  56.775 0.0000000000
46093  -42.704  -33.624  56.759 0.0000000000
46122  -42.248  -33.870  55.714 0.0000000000
46123  -42.811  -33.513  55.508 0.0000000000
47052  -45.446  -32.552  58.306 0.0000000000
47073  -46.170  -32.546  57.403 0.0000000000
47089  -46.987  -32.591  56.561 0.0000000000
47054  -47.665  -32.659  58.683 0.0000000000
29465  -35.338  -50.205  67.283 0.0000000000
29488  -34.482  -50.404  66.080 0.0000000000
30492  -35.453  -49.820  66.281 0.0000000000
32556  -36.462  -48.322  64.434 0.0000000000
31567  -36.084  -48.605  64.226 0.0000000000
32567  -36.096  -48.078  63.559 0.0000000000
32580  -35.022  -48.073  62.528 0.0000000000
33464  -35.500  -47.451  61.944 0.0000000000
35188  -39.331  -44.424  63.712 0.0000000000
34307  -38.475  -45.185  63.796 0.0000000000
35186  -37.804  -44.812  62.456 0.0000000000
34345  -36.936  -44.659  59.343 0.0000000000
34339  -36.880  -45.074  60.084 0.0000000000
34338  -36.300  -45.725  59.802 0.0000000000
33490  -35.327  -46.484  59.267 0.0000000000
39433  -37.157  -40.164  56.206 0.0000000000
32469  -37.956  -47.634  68.843 0.0000000000
36110  -41.001  -44.176  68.116 0.0000000000
44160  -41.761  -35.713  66.768 0.0000000000
45974  -42.615  -33.650  66.527 0.0000000000
45975  -43.506  -32.881  66.334 0.0000000000
45999  -43.199  -33.598  63.891 0.0000000000
45985  -44.327  -32.746  65.463 0.0000000000
46969  -46.609  -32.000  64.922 0.0000000000
46002  -46.373  -32.543  64.483 0.0000000000
46003  -46.836  -32.423  64.426 0.0000000000
46030  -47.153  -33.220  62.968 0.0000000000
46019  -47.840  -32.537  63.598 0.0000000000
46993  -49.176  -31.980  62.166 0.0000000000
47000  -49.029  -32.589  62.097 0.0000000000
47001  -49.430  -32.136  61.545 0.0000000000
47036  -48.954  -32.893  60.167 0.0000000000
47018  -49.799  -32.225  60.624 0.0000000000
51910  -49.418  -27.924  60.268 0.0000000000
50044  -50.579  -29.362  58.505 0.0000000000
50036  -50.411  -29.173  59.258 0.0000000000
49087  -50.456  -30.203  58.963 0.0000000000
47058  -50.901  -31.896  58.494 0.0000000000
48113  -50.808  -31.459  57.867 0.0000000000
47093  -51.217  -32.457  56.567 0.0000000000
48129  -51.270  -31.837  56.720 0.0000000000
50075  -50.693  -29.637  55.677 0.0000000000
48146  -51.336  -31.563  55.666 0.0000000000
48163  -51.111  -31.301  54.805 0.0000000000
53884  -53.333  -25.476  55.159 0.0000000000
52937  -52.866  -26.468  55.634 0.0000000000
51975  -53.243  -26.592  54.589 0.0000000000
29461  -21.217  -50.816  66.890 0.0000000000
29460  -20.490  -50.722  66.464 0.0000000000
29499  -20.000  -50.648  64.282 0.0000000000
29524  -19.583  -50.662  63.246 0.0000000000
29538  -20.059  -50.611  62.339 0.0000000000
28528  -24.664  -51.100  65.753 0.0000000000
28547  -23.597  -50.951  65.252 0.0000000000
29502  -23.761  -50.656  64.349 0.0000000000
28612  -21.770  -51.600  57.657 0.0000000000
30503  -32.955  -50.009  64.473 0.0000000000
29509  -31.167  -49.962  64.654 0.0000000000
30525  -32.013  -49.225  63.765 0.0000000000
32593  -30.028  -47.979  60.551 0.0000000000
31587  -30.245  -48.432  61.850 0.0000000000
31613  -28.912  -48.181  60.191 0.0000000000
31598  -28.239  -48.503  60.689 0.0000000000
32604  -28.063  -48.161  59.224 0.0000000000
31663  -26.341  -48.245  56.785 0.0000000000
41269  -41.477  -38.333  60.386 0.0000000000
42269  -41.437  -37.537  60.157 0.0000000000
42263  -41.762  -37.764  61.266 0.0000000000
43236  -41.592  -36.913  63.127 0.0000000000
44180  -41.441  -35.978  63.952 0.0000000000
38261  -42.477  -41.466  65.202 0.0000000000
38260  -42.144  -41.845  64.638 0.0000000000
38281  -42.311  -41.254  64.461 0.0000000000
39315  -41.775  -40.742  62.733 0.0000000000
39354  -40.721  -40.252  60.583 0.0000000000
39370  -40.325  -39.912  59.607 0.0000000000
39355  -41.270  -39.686  60.870 0.0000000000
40301  -41.354  -39.081  60.506 0.0000000000
46126  -51.837  -33.387  55.868 0.0000000000
28465  -28.685  -51.696  69.097 0.0000000000
28486  -28.143  -51.738  68.039 0.0000000000
28508  -28.661  -51.486  67.062 0.0000000000
28532  -29.111  -51.128  66.235 0.0000000000
29507  -28.992  -50.426  64.755 0.0000000000
45180  -41.795  -34.866  58.228 0.0000000000
45190  -41.708  -34.682  57.190 0.0000000000
45181  -42.255  -34.148  57.906 0.0000000000
46079  -42.766  -33.553  57.554 0.0000000000
46094  -43.435  -33.159  57.074 0.0000000000
46095  -44.019  -32.800  57.042 0.0000000000
47051  -44.286  -32.671  58.326 0.0000000000
47032  -44.918  -32.577  59.164 0.0000000000
47033  -45.902  -32.615  59.282 0.0000000000
30472  -37.379  -48.741  67.560 0.0000000000
30493  -36.308  -49.287  66.464 0.0000000000
31528  -37.431  -48.612  66.664 0.0000000000
32549  -37.446  -47.766  65.413 0.0000000000
33438  -37.361  -46.732  64.274 0.0000000000
36208  -38.269  -43.392  60.961 0.0000000000
35230  -38.036  -44.056  61.487 0.0000000000
36230  -37.640  -43.550  59.956 0.0000000000
35247  -37.212  -43.964  59.204 0.0000000000
35252  -36.528  -44.140  57.734 0.0000000000
35259  -35.907  -44.354  56.665 0.0000000000
35260  -36.350  -43.762  56.824 0.0000000000
41311  -37.942  -38.661  56.299 0.0000000000
42329  -37.150  -38.106  54.958 0.0000000000
48983  -47.326  -30.635  64.183 0.0000000000
46991  -48.176  -32.329  63.390 0.0000000000
48036  -48.091  -31.095  63.585 0.0000000000
49025  -48.882  -30.537  62.544 0.0000000000
49998  -49.092  -30.098  62.173 0.0000000000
51923  -50.121  -27.330  58.801 0.0000000000
51917  -50.149  -27.618  59.440 0.0000000000
51924  -50.746  -27.376  58.774 0.0000000000
50960  -50.789  -28.270  58.745 0.0000000000
50054  -50.638  -29.487  57.718 0.0000000000
49114  -50.601  -30.601  57.234 0.0000000000
50064  -50.836  -29.263  56.732 0.0000000000
50076  -51.202  -28.699  55.913 0.0000000000
50089  -51.101  -28.892  55.022 0.0000000000
52947  -53.992  -26.083  53.818 0.0000000000
51992  -53.506  -26.955  53.764 0.0000000000
51993  -54.075  -26.573  53.380 0.0000000000
28412  -20.748  -51.223  70.678 0.0000000000
28433  -20.534  -51.067  69.690 0.0000000000
28457  -21.266  -51.071  68.908 0.0000000000
28501  -21.594  -50.960  67.419 0.0000000000
29476  -21.578  -50.867  65.817 0.0000000000
29542  -24.732  -49.776  62.591 0.0000000000
29541  -23.565  -49.825  62.130 0.0000000000
29551  -23.336  -49.536  61.265 0.0000000000
30552  -22.840  -49.375  59.962 0.0000000000
30579  -22.464  -50.047  58.196 0.0000000000
29601  -22.674  -50.744  57.622 0.0000000000
30596  -23.081  -50.186  57.758 0.0000000000
31579  -33.224  -48.465  62.872 0.0000000000
31577  -31.520  -48.485  62.568 0.0000000000
31589  -32.010  -48.179  61.980 0.0000000000
32594  -30.732  -47.876  60.734 0.0000000000
32606  -29.833  -47.790  59.825 0.0000000000
42316  -39.291  -36.980  56.104 0.0000000000
43310  -39.525  -36.388  55.627 0.0000000000
42302  -40.242  -36.989  56.763 0.0000000000
42295  -40.865  -36.823  57.546 0.0000000000
43273  -41.216  -36.381  57.975 0.0000000000
43257  -41.433  -36.665  59.876 0.0000000000
44213  -41.568  -35.786  59.560 0.0000000000
44221  -41.538  -35.705  58.571 0.0000000000
45158  -41.701  -34.913  60.254 0.0000000000
45148  -42.192  -34.127  60.952 0.0000000000
46026  -42.992  -33.555  61.617 0.0000000000
34248  -40.336  -45.623  66.537 0.0000000000
34264  -39.639  -45.675  65.573 0.0000000000
35153  -40.106  -44.965  65.338 0.0000000000
35189  -40.141  -44.143  64.353 0.0000000000
36168  -39.416  -43.673  63.058 0.0000000000
38279  -41.000  -42.000  63.304 0.0000000000
37284  -39.711  -42.761  62.352 0.0000000000
36209  -38.894  -42.992  61.444 0.0000000000
37309  -38.685  -42.514  60.489 0.0000000000
37337  -38.303  -42.092  59.223 0.0000000000
37349  -37.177  -42.153  57.620 0.0000000000
38399  -36.986  -41.240  56.706 0.0000000000
39398  -37.864  -40.784  57.818 0.0000000000
39399  -38.287  -40.181  57.530 0.0000000000
40356  -38.438  -39.505  57.260 0.0000000000
39387  -40.008  -39.740  59.037 0.0000000000
40347  -39.497  -39.153  58.135 0.0000000000
41304  -38.755  -38.639  57.010 0.0000000000
41312  -38.511  -38.201  56.330 0.0000000000
42300  -39.039  -38.016  56.607 0.0000000000
52906  -52.465  -25.891  56.411 0.0000000000
53874  -52.480  -25.070  55.732 0.0000000000
54810  -52.887  -24.733  55.259 0.0000000000
54821  -53.298  -24.767  54.788 0.0000000000
54826  -53.666  -24.297  53.773 0.0000000000
54827  -54.329  -24.365  53.036 0.0000000000
28461  -24.619  -51.732  69.318 0.0000000000
28460  -23.865  -51.698  69.099 0.0000000000
28483  -24.700  -51.629  68.253 0.0000000000
28505  -25.324  -51.440  67.016 0.0000000000
29478  -25.651  -50.857  65.202 0.0000000000
28530  -27.046  -51.316  66.102 0.0000000000
29479  -26.573  -50.936  65.272 0.0000000000
29529  -25.562  -50.046  63.355 0.0000000000
29543  -25.374  -49.729  62.601 0.0000000000
30543  -25.787  -49.308  61.490 0.0000000000
31595  -25.690  -48.643  60.041 0.0000000000
43311  -40.197  -35.939  55.636 0.0000000000
44274  -40.440  -35.439  55.252 0.0000000000
45207  -41.442  -34.820  56.158 0.0000000000
47090  -48.089  -32.621  56.776 0.0000000000
47091  -49.198  -32.525  56.929 0.0000000000
28469  -32.925  -51.156  67.749 0.0000000000
28512  -32.553  -51.065  66.522 0.0000000000
29463  -33.552  -50.765  66.689 0.0000000000
29512  -33.426  -50.509  65.400 0.0000000000
30527  -33.688  -49.620  64.056 0.0000000000
30506  -35.484  -49.574  65.284 0.0000000000
30529  -35.176  -49.533  64.659 0.0000000000
31565  -34.361  -48.989  63.754 0.0000000000
32579  -34.196  -48.051  62.413 0.0000000000
32589  -33.804  -47.710  61.673 0.0000000000
32597  -34.109  -47.267  60.391 0.0000000000
34263  -38.950  -45.977  65.007 0.0000000000
34285  -37.840  -45.931  63.984 0.0000000000
33452  -36.892  -46.412  63.313 0.0000000000
34329  -37.032  -45.167  61.162 0.0000000000
34316  -36.566  -45.885  61.593 0.0000000000
33465  -36.142  -46.743  62.164 0.0000000000
33475  -35.460  -47.095  61.191 0.0000000000
33480  -34.682  -47.103  60.178 0.0000000000
38416  -36.481  -41.256  55.370 0.0000000000
41233  -42.510  -38.952  65.311 0.0000000000
42223  -41.977  -37.695  65.609 0.0000000000
28370  -21.351  -51.064  72.488 0.0000000000
28416  -24.404  -51.359  70.887 0.0000000000
28417  -25.308  -51.365  70.986 0.0000000000
28418  -26.251  -51.432  71.120 0.0000000000
28442  -29.164  -51.538  70.224 0.0000000000
28443  -30.451  -51.235  70.183 0.0000000000
29434  -31.490  -51.042  69.487 0.0000000000
29435  -32.087  -50.944  69.167 0.0000000000
29436  -33.339  -50.831  68.609 0.0000000000
29437  -34.620  -50.166  68.900 0.0000000000
30461  -35.918  -49.449  68.621 0.0000000000
31486  -35.471  -48.769  69.640 0.0000000000
31501  -36.631  -48.862  68.587 0.0000000000
31489  -37.691  -48.265  68.434 0.0000000000
32491  -38.545  -47.697  68.048 0.0000000000
33351  -39.265  -46.786  68.203 0.0000000000
33353  -40.298  -46.001  67.543 0.0000000000
35134  -40.981  -44.694  67.494 0.0000000000
36129  -41.777  -43.595  66.819 0.0000000000
40255  -42.744  -39.763  65.539 0.0000000000
43215  -41.683  -36.953  65.670 0.0000000000
44171  -41.530  -36.166  65.097 0.0000000000
45118  -41.714  -35.075  64.792 0.0000000000
45963  -42.208  -33.894  67.690 0.0000000000
45106  -42.174  -34.339  65.617 0.0000000000
45119  -42.269  -34.146  64.429 0.0000000000
45128  -42.231  -34.099  63.230 0.0000000000
46014  -43.121  -33.636  62.730 0.0000000000
46015  -44.169  -33.313  63.245 0.0000000000
46967  -45.310  -32.392  65.412 0.0000000000
46016  -45.242  -33.053  63.595 0.0000000000
46028  -45.080  -33.087  62.550 0.0000000000
46042  -45.959  -33.072  61.757 0.0000000000
46056  -45.647  -32.803  60.812 0.0000000000
46057  -46.866  -33.091  60.761 0.0000000000
46031  -48.099  -32.900  62.971 0.0000000000
46058  -47.773  -33.376  61.227 0.0000000000
47035  -47.953  -32.930  59.647 0.0000000000
47055  -48.734  -32.659  58.863 0.0000000000
47076  -49.526  -32.574  57.894 0.0000000000
50935  -49.049  -28.848  61.433 0.0000000000
49051  -49.799  -30.417  60.955 0.0000000000
50945  -50.078  -28.701  60.278 0.0000000000
49052  -50.126  -30.184  60.213 0.0000000000
48078  -50.060  -31.205  60.412 0.0000000000
47019  -50.325  -31.828  59.923 0.0000000000
47057  -50.581  -32.312  58.655 0.0000000000
47092  -50.295  -32.510  56.923 0.0000000000
47094  -52.076  -33.194  56.269 0.0000000000
47095  -52.490  -33.220  55.883 0.0000000000
48147  -52.117  -32.292  55.862 0.0000000000
48165  -52.684  -32.659  55.302 0.0000000000
51957  -52.525  -26.877  55.954 0.0000000000
51973  -52.211  -27.563  55.190 0.0000000000
51038  -51.674  -28.268  54.467 0.0000000000
51040  -52.984  -27.595  53.630 0.0000000000
51053  -51.864  -28.380  53.674 0.0000000000
50110  -51.099  -29.271  53.988 0.0000000000
29433  -20.134  -50.696  68.147 0.0000000000
28503  -23.108  -51.323  67.162 0.0000000000
29477  -22.391  -50.987  65.602 0.0000000000
29526  -21.808  -50.642  63.390 0.0000000000
29527  -23.052  -50.536  63.331 0.0000000000
29539  -21.095  -50.482  62.323 0.0000000000
29548  -20.408  -50.600  61.409 0.0000000000
29484  -31.593  -50.571  65.537 0.0000000000
29508  -29.996  -50.290  64.759 0.0000000000
29533  -29.449  -50.021  64.088 0.0000000000
31576  -30.580  -48.665  62.677 0.0000000000
30537  -29.564  -49.079  62.783 0.0000000000
30536  -28.696  -49.463  62.744 0.0000000000
30545  -27.681  -49.184  61.880 0.0000000000
31596  -26.508  -48.681  60.555 0.0000000000
31609  -25.616  -48.386  59.304 0.0000000000
33497  -30.072  -47.110  58.468 0.0000000000
32619  -29.259  -47.432  58.472 0.0000000000
32635  -28.140  -47.346  57.532 0.0000000000
32617  -26.829  -47.737  58.285 0.0000000000
31645  -25.886  -48.000  57.790 0.0000000000
31644  -25.232  -48.701  57.424 0.0000000000
42241  -42.133  -38.285  64.337 0.0000000000
40274  -42.377  -39.233  62.704 0.0000000000
28489  -31.505  -51.441  67.648 0.0000000000
43322  -38.616  -36.590  54.862 0.0000000000
44282  -38.771  -36.035  54.388 0.0000000000
33394  -39.271  -46.877  66.589 0.0000000000
36267  -36.855  -42.624  57.423 0.0000000000
52895  -51.577  -26.417  57.311 0.0000000000
52883  -51.472  -27.077  58.025 0.0000000000
28436  -23.248  -51.586  69.932 0.0000000000
30581  -24.003  -49.227  58.178 0.0000000000
31625  -24.691  -48.742  58.360 0.0000000000
32622  -32.267  -46.932  59.024 0.0000000000
41287  -40.868  -37.800  58.710 0.0000000000
37217  -41.842  -43.047  65.723 0.0000000000
36158  -41.351  -43.418  65.298 0.0000000000
37242  -41.631  -42.573  64.743 0.0000000000
38344  -40.184  -41.097  60.497 0.0000000000
38325  -40.184  -41.734  61.427 0.0000000000
38375  -39.108  -40.810  58.965 0.0000000000
39369  -39.942  -40.468  59.498 0.0000000000
40318  -41.099  -38.703  59.846 0.0000000000
30520  -27.312  -49.939  63.153 0.0000000000
30521  -28.183  -49.946  63.255 0.0000000000
46110  -43.224  -33.340  56.224 0.0000000000
46109  -42.598  -33.686  56.123 0.0000000000
47074  -47.320  -32.611  57.621 0.0000000000
30481  -35.996  -49.572  66.993 0.0000000000
32568  -36.709  -47.219  63.757 0.0000000000
32581  -35.805  -47.509  62.662 0.0000000000
35211  -38.894  -44.053  62.844 0.0000000000
35187  -38.362  -44.629  63.065 0.0000000000
35210  -38.333  -44.203  62.194 0.0000000000
34344  -36.391  -45.404  58.952 0.0000000000
34343  -35.770  -46.046  58.794 0.0000000000
34352  -35.621  -45.688  58.023 0.0000000000
40370  -37.309  -39.585  56.014 0.0000000000
46953  -44.171  -32.458  66.269 0.0000000000
48015  -46.757  -31.173  64.855 0.0000000000
46982  -47.120  -32.217  64.385 0.0000000000
46018  -47.233  -32.717  63.894 0.0000000000
48064  -49.378  -31.390  61.824 0.0000000000
51915  -49.238  -27.909  60.119 0.0000000000
51916  -49.689  -27.706  59.808 0.0000000000
48099  -50.592  -31.216  58.703 0.0000000000
50088  -50.644  -29.802  54.798 0.0000000000
49148  -50.705  -30.575  54.583 0.0000000000
49149  -50.741  -30.414  53.975 0.0000000000
52946  -53.563  -26.130  54.511 0.0000000000
52938  -53.221  -26.285  55.169 0.0000000000
28411  -19.600  -50.930  70.525 0.0000000000
29475  -20.346  -50.692  65.391 0.0000000000
29525  -20.635  -50.592  63.346 0.0000000000
28548  -24.228  -50.789  64.969 0.0000000000
28601  -21.117  -51.607  58.055 0.0000000000
30526  -32.844  -49.458  63.865 0.0000000000
30502  -32.156  -49.663  64.363 0.0000000000
31614  -29.575  -48.121  60.524 0.0000000000
41261  -41.888  -38.635  61.291 0.0000000000
42264  -41.969  -38.247  61.811 0.0000000000
42248  -41.781  -37.779  63.405 0.0000000000
42254  -41.833  -37.860  62.412 0.0000000000
39334  -41.528  -40.208  61.677 0.0000000000
40284  -42.189  -38.993  61.960 0.0000000000
40283  -41.782  -39.366  61.372 0.0000000000
47157  -49.367  -32.635  54.160 0.0000000000
46139  -51.255  -33.224  55.387 0.0000000000
28487  -29.278  -51.669  68.012 0.0000000000
29482  -29.544  -50.700  65.511 0.0000000000
44283  -39.309  -35.647  54.287 0.0000000000
45170  -42.231  -34.162  58.851 0.0000000000
46068  -42.764  -33.512  58.435 0.0000000000
46080  -43.414  -33.067  57.964 0.0000000000
47071  -43.965  -32.802  57.511 0.0000000000
47014  -44.450  -32.619  59.782 0.0000000000
31515  -37.710  -48.508  67.425 0.0000000000
31516  -38.154  -48.110  67.041 0.0000000000
32550  -38.239  -47.343  65.833 0.0000000000
32531  -37.803  -47.957  66.178 0.0000000000
32557  -36.926  -47.619  64.526 0.0000000000
36231  -38.065  -42.922  59.976 0.0000000000
35246  -36.708  -44.470  58.577 0.0000000000
34364  -36.165  -44.454  57.218 0.0000000000
41327  -37.387  -38.516  55.510 0.0000000000
49004  -47.164  -29.788  63.823 0.0000000000
49005  -47.642  -30.256  63.721 0.0000000000
49996  -48.011  -29.293  62.303 0.0000000000
49978  -48.114  -29.703  63.021 0.0000000000
49997  -48.705  -29.637  62.297 0.0000000000
52893  -50.354  -26.765  57.882 0.0000000000
52904  -49.995  -26.784  57.311 0.0000000000
52881  -50.717  -26.784  58.297 0.0000000000
50961  -51.151  -27.611  58.535 0.0000000000
50969  -50.876  -28.708  58.134 0.0000000000
50985  -51.025  -28.669  57.547 0.0000000000
50065  -51.294  -28.496  56.476 0.0000000000
51017  -51.712  -28.036  55.326 0.0000000000
53891  -54.198  -25.244  53.487 0.0000000000
28434  -21.451  -51.252  69.821 0.0000000000
28481  -22.636  -51.423  68.091 0.0000000000
28480  -21.846  -51.147  68.119 0.0000000000
28525  -21.854  -50.986  66.739 0.0000000000
30541  -24.018  -49.309  61.108 0.0000000000
30563  -22.649  -49.541  58.987 0.0000000000
30580  -23.183  -49.632  58.250 0.0000000000
30598  -24.575  -49.585  57.282 0.0000000000
29603  -24.280  -50.596  57.205 0.0000000000
31590  -32.939  -48.053  62.196 0.0000000000
32620  -30.381  -47.301  59.018 0.0000000000
42301  -39.619  -37.451  56.745 0.0000000000
45169  -41.780  -34.917  59.221 0.0000000000
35143  -40.817  -45.027  66.686 0.0000000000
35154  -40.576  -44.905  65.890 0.0000000000
36157  -40.874  -43.450  64.620 0.0000000000
35166  -40.434  -44.420  65.048 0.0000000000
38280  -41.704  -41.749  63.930 0.0000000000
37267  -41.485  -42.325  64.218 0.0000000000
37297  -40.113  -42.312  62.144 0.0000000000
37296  -39.450  -42.541  61.574 0.0000000000
37295  -38.866  -42.719  61.104 0.0000000000
37310  -39.161  -42.314  60.966 0.0000000000
37336  -37.740  -42.236  58.606 0.0000000000
38373  -37.719  -41.471  58.160 0.0000000000
38382  -37.279  -41.333  57.348 0.0000000000
39415  -38.027  -39.988  57.050 0.0000000000
40346  -38.978  -39.675  58.066 0.0000000000
41285  -39.936  -38.957  58.449 0.0000000000
41295  -39.100  -39.100  57.662 0.0000000000
41305  -39.412  -38.088  57.144 0.0000000000
54809  -52.443  -24.639  55.047 0.0000000000
54811  -53.143  -24.994  55.301 0.0000000000
54820  -53.014  -24.121  54.569 0.0000000000
55740  -54.020  -23.833  53.181 0.0000000000
28506  -26.486  -51.550  67.021 0.0000000000
28507  -27.580  -51.559  67.041 0.0000000000
29505  -27.088  -50.627  64.548 0.0000000000
29504  -26.080  -50.585  64.418 0.0000000000
30534  -27.011  -49.561  62.423 0.0000000000
30533  -26.018  -49.638  62.341 0.0000000000
30555  -25.641  -48.951  60.800 0.0000000000
30556  -26.149  -49.012  61.098 0.0000000000
45208  -42.057  -34.102  56.396 0.0000000000
47107  -46.719  -32.566  55.519 0.0000000000
29449  -33.612  -50.886  67.532 0.0000000000
28491  -32.976  -51.052  67.092 0.0000000000
29513  -34.003  -50.447  65.412 0.0000000000
30504  -33.778  -50.223  64.760 0.0000000000
31538  -36.705  -48.966  66.015 0.0000000000
30507  -36.021  -49.265  65.807 0.0000000000
31566  -35.394  -48.905  64.087 0.0000000000
31580  -34.137  -48.396  63.020 0.0000000000
34287  -39.268  -45.503  64.805 0.0000000000
33466  -36.836  -45.931  62.476 0.0000000000
35229  -37.520  -44.327  60.841 0.0000000000
35209  -37.662  -44.648  61.711 0.0000000000
34328  -36.398  -45.749  60.613 0.0000000000
33481  -35.243  -46.829  60.245 0.0000000000
33489  -34.381  -46.846  59.570 0.0000000000
38398  -36.766  -41.517  56.087 0.0000000000
28390  -21.063  -51.256  71.644 0.0000000000
29438  -35.348  -49.950  68.712 0.0000000000
30460  -35.306  -49.734  69.028 0.0000000000
32467  -36.163  -47.939  69.760 0.0000000000
31472  -35.767  -48.222  69.887 0.0000000000
31487  -36.197  -48.591  69.258 0.0000000000
31502  -37.250  -48.709  68.215 0.0000000000
32470  -38.634  -47.261  68.513 0.0000000000
33370  -39.142  -47.238  67.595 0.0000000000
33352  -40.022  -46.242  67.822 0.0000000000
34235  -40.396  -45.584  67.841 0.0000000000
35135  -41.419  -44.041  67.203 0.0000000000
36111  -41.578  -43.495  67.805 0.0000000000
36130  -42.171  -43.113  67.243 0.0000000000
41225  -42.490  -38.955  66.249 0.0000000000
43216  -41.871  -37.336  66.161 0.0000000000
43204  -41.723  -36.592  66.516 0.0000000000
45092  -41.821  -35.339  66.281 0.0000000000
44159  -41.694  -35.858  66.232 0.0000000000
48001  -45.718  -31.274  65.814 0.0000000000
46017  -46.277  -32.913  63.755 0.0000000000
46001  -45.347  -32.709  64.715 0.0000000000
46041  -44.855  -32.915  61.533 0.0000000000
46984  -48.316  -31.787  63.406 0.0000000000
47017  -49.173  -32.858  61.321 0.0000000000
46059  -48.499  -33.234  61.290 0.0000000000
46071  -47.906  -33.220  60.442 0.0000000000
50943  -48.973  -28.240  60.659 0.0000000000
50936  -49.518  -28.983  61.107 0.0000000000
50013  -49.367  -29.719  61.625 0.0000000000
50951  -49.978  -27.835  59.929 0.0000000000
49070  -50.297  -29.954  59.594 0.0000000000
50025  -50.232  -29.225  59.995 0.0000000000
47077  -50.477  -32.458  57.825 0.0000000000
48131  -52.403  -33.042  56.172 0.0000000000
52921  -52.693  -26.322  56.147 0.0000000000
51974  -52.732  -27.082  54.904 0.0000000000
51018  -52.148  -27.710  54.797 0.0000000000
51055  -53.389  -27.788  53.007 0.0000000000
51054  -52.581  -28.146  53.202 0.0000000000
28456  -20.414  -50.842  68.717 0.0000000000
28478  -20.559  -50.755  68.105 0.0000000000
29459  -19.513  -50.783  66.173 0.0000000000
29446  -19.690  -50.735  67.061 0.0000000000
29498  -18.965  -50.779  64.074 0.0000000000
29537  -19.136  -51.002  62.302 0.0000000000
28571  -19.552  -51.636  60.556 0.0000000000
28482  -23.559  -51.592  68.092 0.0000000000
28546  -22.905  -51.050  65.596 0.0000000000
29540  -22.254  -50.312  62.219 0.0000000000
28614  -23.158  -51.321  57.446 0.0000000000
28613  -22.519  -51.542  57.521 0.0000000000
28536  -32.445  -50.885  66.037 0.0000000000
28535  -31.997  -51.016  66.085 0.0000000000
29534  -30.284  -49.816  64.130 0.0000000000
30523  -29.909  -49.491  63.546 0.0000000000
31586  -29.355  -48.801  61.840 0.0000000000
31575  -29.926  -48.716  62.287 0.0000000000
30547  -29.032  -49.157  62.357 0.0000000000
30546  -28.514  -49.197  62.129 0.0000000000
31611  -27.156  -48.328  59.806 0.0000000000
31597  -27.420  -48.537  60.510 0.0000000000
31610  -26.347  -48.303  59.593 0.0000000000
33510  -29.974  -46.883  57.900 0.0000000000
32636  -29.119  -47.001  57.267 0.0000000000
32618  -27.860  -47.894  58.555 0.0000000000
32634  -27.202  -47.538  57.649 0.0000000000
32633  -26.502  -47.729  57.590 0.0000000000
41254  -42.140  -38.540  62.600 0.0000000000
42255  -42.022  -38.333  62.188 0.0000000000
41245  -42.035  -38.317  63.233 0.0000000000
42240  -41.818  -37.719  64.254 0.0000000000
47133  -48.529  -32.472  54.980 0.0000000000
47111  -51.093  -32.881  56.029 0.0000000000
28534  -31.174  -51.001  66.193 0.0000000000
44273  -39.803  -35.756  55.015 0.0000000000
47013  -44.074  -32.645  59.683 0.0000000000
32511  -38.741  -47.621  67.293 0.0000000000
33419  -38.738  -46.560  65.513 0.0000000000
42315  -38.712  -37.564  55.920 0.0000000000
52882  -51.189  -26.731  58.083 0.0000000000
51948  -52.056  -27.348  56.518 0.0000000000
28435  -22.356  -51.371  69.873 0.0000000000
30542  -24.997  -49.294  61.245 0.0000000000
32621  -31.350  -47.074  59.079 0.0000000000
43243  -41.588  -36.868  62.040 0.0000000000
36145  -41.411  -43.957  66.028 0.0000000000
38326  -41.065  -41.117  62.085 0.0000000000
39384  -38.163  -41.014  58.368 0.0000000000
41297  -40.233  -37.978  57.924 0.0000000000
29481  -28.531  -50.856  65.452 0.0000000000
43294  -40.879  -35.852  56.454 0.0000000000
44257  -41.080  -35.437  56.169 0.0000000000
29464  -34.413  -50.591  67.043 0.0000000000
29489  -34.951  -50.318  66.669 0.0000000000
30491  -35.055  -50.000  65.658 0.0000000000
31548  -36.854  -48.234  65.000 0.0000000000
32566  -35.362  -48.384  63.394 0.0000000000
34308  -39.138  -45.164  64.289 0.0000000000
33482  -35.887  -46.264  60.031 0.0000000000
33491  -36.008  -46.086  59.345 0.0000000000
39414  -37.408  -40.435  56.779 0.0000000000
30450  -33.281  -49.929  70.375 0.0000000000
32468  -36.785  -47.530  69.550 0.0000000000
33336  -36.875  -46.824  69.886 0.0000000000
44147  -41.788  -36.069  67.233 0.0000000000
45093  -41.943  -34.979  66.692 0.0000000000
48966  -46.395  -30.718  65.119 0.0000000000
48002  -46.277  -31.218  65.387 0.0000000000
46968  -45.891  -32.311  65.188 0.0000000000
48053  -49.047  -31.345  62.431 0.0000000000
47037  -50.113  -32.417  59.597 0.0000000000
50950  -48.680  -28.149  60.058 0.0000000000
51909  -49.243  -28.014  60.381 0.0000000000
49134  -50.724  -30.675  55.305 0.0000000000
51991  -52.904  -27.319  54.083 0.0000000000
51073  -53.585  -28.320  52.293 0.0000000000
28432  -19.649  -50.851  69.442 0.0000000000
29448  -21.129  -50.819  67.458 0.0000000000
29447  -20.507  -50.721  67.493 0.0000000000
28527  -23.486  -51.235  66.161 0.0000000000
29558  -22.261  -49.625  60.129 0.0000000000
29557  -21.514  -49.967  59.906 0.0000000000
29556  -20.488  -50.664  60.345 0.0000000000
28600  -20.537  -51.605  58.678 0.0000000000
27531  -21.484  -52.271  57.771 0.0000000000
27532  -22.238  -52.368  57.556 0.0000000000
29511  -32.945  -50.431  65.155 0.0000000000
29510  -32.216  -50.185  65.001 0.0000000000
30501  -31.579  -49.490  64.119 0.0000000000
31601  -30.604  -48.146  61.361 0.0000000000
31600  -29.951  -48.240  61.115 0.0000000000
31599  -29.085  -48.442  60.963 0.0000000000
31612  -28.026  -48.328  59.837 0.0000000000
31629  -27.628  -48.190  59.274 0.0000000000
31664  -27.574  -48.200  56.107 0.0000000000
32651  -26.766  -47.663  57.150 0.0000000000
37243  -42.245  -42.084  64.988 0.0000000000
39300  -41.829  -41.120  63.331 0.0000000000
40300  -40.867  -39.592  60.265 0.0000000000
46149  -50.564  -33.143  54.187 0.0000000000
46111  -43.987  -32.892  56.454 0.0000000000
30471  -37.020  -48.985  67.697 0.0000000000
30482  -36.789  -49.200  67.065 0.0000000000
31527  -36.859  -49.062  66.549 0.0000000000
31539  -37.097  -48.421  65.712 0.0000000000
36207  -37.642  -43.850  60.445 0.0000000000
35270  -35.845  -43.957  56.113 0.0000000000
40386  -37.099  -39.125  55.322 0.0000000000
42336  -36.868  -37.795  54.313 0.0000000000
48982  -46.756  -30.224  64.517 0.0000000000
48016  -47.258  -31.113  64.408 0.0000000000
46983  -47.735  -31.901  64.016 0.0000000000
48035  -47.622  -31.004  64.004 0.0000000000
48052  -48.619  -31.230  63.017 0.0000000000
49006  -48.389  -30.372  63.087 0.0000000000
49026  -49.261  -30.627  62.059 0.0000000000
49039  -49.509  -30.709  61.531 0.0000000000
29528  -24.257  -50.249  63.376 0.0000000000
30540  -23.278  -49.376  60.711 0.0000000000
30551  -22.230  -49.629  59.590 0.0000000000
29588  -22.078  -50.554  57.900 0.0000000000
29602  -23.453  -50.695  57.423 0.0000000000
31578  -32.368  -48.469  62.687 0.0000000000
32587  -31.534  -47.928  61.305 0.0000000000
32586  -30.992  -48.033  61.303 0.0000000000
43292  -39.843  -36.825  56.336 0.0000000000
43282  -40.625  -36.788  57.027 0.0000000000
46027  -43.982  -33.194  62.176 0.0000000000
34240  -40.117  -46.098  66.842 0.0000000000
34247  -39.809  -46.161  66.443 0.0000000000
34265  -40.114  -45.606  66.131 0.0000000000
37266  -41.068  -42.636  63.986 0.0000000000
37285  -40.344  -42.576  62.983 0.0000000000
36186  -39.719  -43.148  62.853 0.0000000000
36185  -39.005  -43.374  62.120 0.0000000000
38342  -38.765  -42.108  60.130 0.0000000000
37326  -38.392  -42.404  59.743 0.0000000000
37325  -37.995  -42.514  59.241 0.0000000000
37370  -36.961  -41.903  56.826 0.0000000000
40355  -37.850  -39.753  56.753 0.0000000000
40333  -39.686  -39.568  58.600 0.0000000000
52896  -52.022  -25.927  56.858 0.0000000000
53858  -52.135  -25.515  56.374 0.0000000000
53859  -52.534  -25.421  56.062 0.0000000000
52907  -52.731  -25.568  56.025 0.0000000000
53875  -52.897  -25.253  55.682 0.0000000000
53902  -54.822  -25.348  52.605 0.0000000000
30532  -25.230  -49.566  62.020 0.0000000000
31594  -25.267  -48.645  59.704 0.0000000000
32623  -32.852  -46.817  58.948 0.0000000000
45221  -41.781  -34.242  55.612 0.0000000000
45220  -41.365  -34.617  55.341 0.0000000000
47087  -44.817  -32.743  55.884 0.0000000000
47108  -47.769  -32.582  55.764 0.0000000000
28490  -32.368  -51.361  67.312 0.0000000000
28513  -32.989  -50.925  66.687 0.0000000000
29486  -32.892  -50.737  65.857 0.0000000000
29487  -33.558  -50.654  65.947 0.0000000000
31546  -35.601  -49.262  64.716 0.0000000000
30528  -34.544  -49.617  64.349 0.0000000000
31564  -33.495  -48.963  63.503 0.0000000000
31591  -33.685  -48.103  62.441 0.0000000000
32610  -33.882  -47.001  59.751 0.0000000000
33420  -39.302  -46.483  66.071 0.0000000000
34286  -38.669  -45.685  64.445 0.0000000000
33439  -38.249  -46.335  64.722 0.0000000000
34317  -37.243  -45.316  62.090 0.0000000000
32598  -34.906  -47.247  60.628 0.0000000000
33488  -33.745  -46.861  59.436 0.0000000000
42232  -42.220  -38.288  65.115 0.0000000000
42224  -42.209  -38.085  66.043 0.0000000000
28391  -21.977  -51.273  71.651 0.0000000000
28415  -23.517  -51.440  70.838 0.0000000000
28393  -23.798  -51.124  71.626 0.0000000000
28438  -24.973  -51.629  70.074 0.0000000000
28439  -25.914  -51.684  70.113 0.0000000000
28440  -26.928  -51.562  70.127 0.0000000000
28441  -28.003  -51.546  70.161 0.0000000000
28467  -31.189  -51.340  68.901 0.0000000000
29423  -33.724  -50.208  69.512 0.0000000000
29451  -35.386  -50.119  68.238 0.0000000000
30453  -35.565  -49.246  69.223 0.0000000000
30462  -36.583  -49.077  68.162 0.0000000000
31514  -37.463  -48.669  67.780 0.0000000000
31503  -37.886  -48.335  67.976 0.0000000000
32490  -38.049  -48.039  68.326 0.0000000000
34233  -39.057  -46.196  68.726 0.0000000000
33372  -40.141  -46.203  67.418 0.0000000000
34241  -40.429  -45.794  67.181 0.0000000000
35144  -41.273  -44.339  66.749 0.0000000000
37194  -42.385  -42.703  66.502 0.0000000000
37171  -42.409  -42.459  67.456 0.0000000000
38248  -42.698  -41.596  66.120 0.0000000000
39286  -42.759  -40.652  65.816 0.0000000000
42231  -41.914  -37.705  64.986 0.0000000000
43221  -41.677  -37.128  64.846 0.0000000000
46954  -44.831  -32.331  65.923 0.0000000000
45986  -44.975  -32.558  65.390 0.0000000000
47016  -46.157  -32.715  60.110 0.0000000000
47034  -46.948  -32.808  59.596 0.0000000000
46044  -47.904  -33.341  62.112 0.0000000000
46032  -48.644  -32.758  62.500 0.0000000000
46070  -47.429  -33.059  60.115 0.0000000000
50012  -48.980  -29.282  61.837 0.0000000000
50024  -49.899  -29.315  60.724 0.0000000000
47038  -50.647  -31.871  59.207 0.0000000000
47112  -51.622  -33.081  56.257 0.0000000000
46112  -52.100  -33.369  56.076 0.0000000000
46113  -52.246  -33.362  55.934 0.0000000000
48148  -52.584  -32.863  55.896 0.0000000000
51956  -52.179  -27.476  55.695 0.0000000000
28455  -19.527  -50.768  68.570 0.0000000000
29522  -18.311  -51.358  63.024 0.0000000000
29523  -18.778  -50.973  63.158 0.0000000000
29536  -18.575  -51.284  62.589 0.0000000000
28526  -22.519  -51.107  66.324 0.0000000000
29555  -19.933  -50.923  60.792 0.0000000000
28511  -31.764  -51.346  66.745 0.0000000000
29483  -30.600  -50.580  65.509 0.0000000000
30522  -29.031  -49.685  63.420 0.0000000000
31562  -31.798  -48.780  63.199 0.0000000000
31561  -31.209  -48.704  63.055 0.0000000000
30538  -30.227  -49.045  63.208 0.0000000000
31584  -27.572  -48.779  61.186 0.0000000000
31583  -27.039  -48.743  60.958 0.0000000000
33498  -30.709  -46.994  58.400 0.0000000000
32616  -26.309  -47.774  58.086 0.0000000000
31627  -26.151  -47.961  58.687 0.0000000000
31626  -25.374  -48.339  58.461 0.0000000000
29462  -33.068  -50.826  66.353 0.0000000000
30483  -37.306  -48.844  67.296 0.0000000000
31529  -38.000  -48.057  66.656 0.0000000000
32512  -39.206  -47.206  67.257 0.0000000000
36247  -37.987  -42.719  59.525 0.0000000000
44146  -41.703  -36.046  66.730 0.0000000000
46045  -48.630  -33.087  62.081 0.0000000000
