#!ascii label  , from subject A00008326 vox2ras=TkReg
1052
70725  -35.064  -7.468  42.590 0.0000000000
69907  -44.496  -7.692  32.914 0.0000000000
73242  -40.103  -5.067  48.257 0.0000000000
69841  -43.348  -8.181  39.218 0.0000000000
67027  -44.533  -11.340  46.330 0.0000000000
74912  -40.346  -2.588  35.929 0.0000000000
76485  -43.328  0.259  40.632 0.0000000000
77280  -36.266  1.112  44.895 0.0000000000
66053  -38.438  -12.632  49.971 0.0000000000
68948  -39.033  -9.263  39.717 0.0000000000
70797  -40.564  -6.637  36.519 0.0000000000
73293  -37.880  -4.791  39.615 0.0000000000
74788  -42.150  -1.706  51.551 0.0000000000
74852  -43.507  -2.472  44.540 0.0000000000
74828  -41.236  -2.037  47.297 0.0000000000
76443  -39.466  -0.872  43.167 0.0000000000
78787  -40.722  2.805  48.054 0.0000000000
71698  -42.934  -6.277  30.654 0.0000000000
70686  -33.381  -7.517  47.518 0.0000000000
72388  -36.969  -5.510  45.381 0.0000000000
71584  -47.225  -5.964  41.467 0.0000000000
68008  -43.816  -9.950  42.450 0.0000000000
67072  -39.020  -11.401  42.520 0.0000000000
66111  -38.522  -12.946  45.971 0.0000000000
73343  -43.132  -4.636  32.736 0.0000000000
76587  -43.168  -0.787  31.670 0.0000000000
74055  -40.690  -3.596  42.580 0.0000000000
76537  -44.439  -0.010  37.674 0.0000000000
78873  -43.428  2.330  32.517 0.0000000000
77391  -39.222  0.816  34.250 0.0000000000
76514  -36.482  -0.508  38.371 0.0000000000
69819  -37.151  -8.529  40.629 0.0000000000
71597  -37.765  -6.651  39.285 0.0000000000
72426  -36.716  -6.288  40.836 0.0000000000
77219  -43.565  -0.076  52.074 0.0000000000
75599  -42.308  -2.089  49.476 0.0000000000
77236  -42.374  0.392  50.365 0.0000000000
76396  -39.830  0.068  48.121 0.0000000000
70836  -43.328  -7.098  31.667 0.0000000000
72356  -32.592  -6.091  48.290 0.0000000000
72359  -34.972  -5.986  48.913 0.0000000000
67982  -44.111  -10.769  43.998 0.0000000000
68005  -41.108  -10.910  42.198 0.0000000000
66140  -41.707  -11.979  44.551 0.0000000000
66080  -37.991  -13.088  48.322 0.0000000000
66093  -32.672  -12.594  45.881 0.0000000000
67973  -31.137  -10.453  45.442 0.0000000000
66089  -30.120  -11.823  46.712 0.0000000000
71645  -43.870  -6.749  36.825 0.0000000000
73325  -40.278  -4.409  35.774 0.0000000000
72487  -42.015  -5.525  34.294 0.0000000000
74112  -41.480  -3.640  33.719 0.0000000000
74130  -43.318  -3.509  31.703 0.0000000000
76571  -41.940  -1.046  33.817 0.0000000000
72390  -38.624  -5.598  46.059 0.0000000000
73264  -39.016  -4.879  44.157 0.0000000000
73266  -40.912  -4.615  45.030 0.0000000000
75655  -44.193  -0.596  41.742 0.0000000000
75659  -44.201  -1.109  41.531 0.0000000000
77316  -44.599  0.326  39.088 0.0000000000
77382  -45.128  1.644  35.881 0.0000000000
77361  -43.739  1.571  36.437 0.0000000000
77393  -41.696  1.452  34.070 0.0000000000
77341  -41.108  0.291  37.608 0.0000000000
76432  -37.169  -0.381  44.560 0.0000000000
76479  -37.556  -0.706  40.516 0.0000000000
76464  -35.714  -0.557  41.508 0.0000000000
76494  -34.116  -0.194  39.538 0.0000000000
77286  -34.508  0.746  42.943 0.0000000000
68966  -41.229  -9.046  38.602 0.0000000000
70786  -42.409  -7.877  37.461 0.0000000000
70764  -39.787  -7.646  37.895 0.0000000000
71621  -38.916  -6.061  37.745 0.0000000000
74086  -39.302  -3.585  37.613 0.0000000000
73211  -41.158  -3.972  49.563 0.0000000000
73261  -42.061  -4.443  45.921 0.0000000000
74022  -42.973  -3.239  47.689 0.0000000000
74847  -43.147  -2.262  45.920 0.0000000000
76446  -42.811  -0.784  43.591 0.0000000000
76469  -41.461  -0.411  41.573 0.0000000000
75642  -40.113  -1.287  44.522 0.0000000000
76419  -38.378  -0.147  46.359 0.0000000000
78083  -38.303  1.664  46.688 0.0000000000
73375  -42.417  -4.817  29.910 0.0000000000
71553  -33.917  -6.820  44.920 0.0000000000
72401  -35.733  -5.626  43.239 0.0000000000
71538  -35.497  -6.439  46.463 0.0000000000
71519  -36.908  -6.233  47.699 0.0000000000
73222  -37.696  -4.711  49.178 0.0000000000
74810  -37.069  -2.617  49.190 0.0000000000
74802  -39.247  -2.410  50.026 0.0000000000
70745  -45.461  -7.079  40.497 0.0000000000
69801  -45.577  -8.239  42.069 0.0000000000
68934  -43.428  -8.801  40.523 0.0000000000
68027  -41.231  -10.151  40.777 0.0000000000
68024  -38.397  -10.194  40.936 0.0000000000
67009  -43.960  -11.776  48.325 0.0000000000
66038  -41.617  -12.457  50.423 0.0000000000
66071  -41.875  -12.472  48.565 0.0000000000
66115  -42.314  -12.141  46.259 0.0000000000
66136  -38.327  -12.415  44.050 0.0000000000
68900  -34.362  -9.354  43.246 0.0000000000
71677  -45.671  -6.449  33.633 0.0000000000
71657  -42.991  -6.750  35.717 0.0000000000
72489  -44.194  -5.687  34.182 0.0000000000
72508  -44.836  -5.712  32.472 0.0000000000
73370  -44.116  -4.795  31.184 0.0000000000
74145  -43.721  -3.261  30.095 0.0000000000
75755  -43.273  -1.395  29.421 0.0000000000
73280  -37.403  -4.668  42.038 0.0000000000
74064  -38.511  -3.782  40.922 0.0000000000
74880  -40.643  -2.312  39.431 0.0000000000
74057  -42.459  -3.095  43.371 0.0000000000
75663  -42.555  -1.586  40.065 0.0000000000
75694  -42.041  -1.002  37.370 0.0000000000
77395  -43.368  0.306  34.529 0.0000000000
77420  -44.242  1.450  32.292 0.0000000000
76596  -42.599  -0.105  29.494 0.0000000000
76517  -39.664  -0.329  38.877 0.0000000000
76546  -37.528  -0.086  36.999 0.0000000000
78160  -36.113  1.393  34.894 0.0000000000
77353  -34.782  1.093  36.054 0.0000000000
78134  -33.239  1.494  37.170 0.0000000000
70732  -35.626  -7.577  41.756 0.0000000000
70741  -36.606  -7.517  40.646 0.0000000000
71581  -35.882  -6.932  41.495 0.0000000000
77227  -43.315  0.225  51.260 0.0000000000
78053  -41.996  1.390  49.591 0.0000000000
70828  -43.785  -7.396  32.230 0.0000000000
67039  -44.362  -11.155  45.403 0.0000000000
67049  -42.828  -11.570  44.751 0.0000000000
67038  -43.610  -11.484  45.558 0.0000000000
65138  -33.148  -13.025  46.381 0.0000000000
66091  -31.396  -12.175  46.084 0.0000000000
70768  -44.335  -7.221  38.936 0.0000000000
71624  -44.170  -6.843  38.006 0.0000000000
74094  -39.977  -3.500  36.215 0.0000000000
73335  -40.792  -4.426  35.024 0.0000000000
74919  -40.643  -2.684  35.006 0.0000000000
74931  -41.585  -2.630  33.301 0.0000000000
75712  -40.994  -1.972  34.727 0.0000000000
72385  -39.376  -5.506  47.601 0.0000000000
72397  -39.413  -5.335  45.633 0.0000000000
74038  -40.575  -5.249  46.326 0.0000000000
76472  -44.102  -0.112  41.095 0.0000000000
76473  -44.410  -0.095  40.766 0.0000000000
77315  -44.137  0.558  39.361 0.0000000000
77328  -44.421  0.771  38.036 0.0000000000
77327  -43.443  0.673  38.483 0.0000000000
77342  -42.491  0.716  37.441 0.0000000000
77313  -42.574  0.255  39.553 0.0000000000
76431  -36.581  0.351  44.708 0.0000000000
76451  -36.523  -0.513  42.584 0.0000000000
76440  -36.148  -0.047  43.761 0.0000000000
76450  -35.255  0.005  42.698 0.0000000000
77283  -35.333  0.785  43.913 0.0000000000
68949  -39.802  -9.358  39.334 0.0000000000
69853  -40.605  -8.403  38.018 0.0000000000
69852  -39.375  -8.433  38.723 0.0000000000
72439  -37.750  -6.050  39.157 0.0000000000
71606  -38.428  -6.261  38.389 0.0000000000
72445  -38.572  -5.217  38.223 0.0000000000
73304  -38.851  -4.331  38.055 0.0000000000
73295  -38.442  -4.474  38.813 0.0000000000
73987  -41.688  -2.907  50.464 0.0000000000
74007  -41.925  -3.904  49.285 0.0000000000
73997  -42.222  -3.016  50.151 0.0000000000
74812  -41.953  -2.189  48.412 0.0000000000
74830  -42.768  -2.658  47.341 0.0000000000
74841  -42.178  -2.321  46.678 0.0000000000
75636  -42.900  -1.849  45.477 0.0000000000
75635  -41.868  -1.874  45.797 0.0000000000
75643  -41.354  -1.468  44.744 0.0000000000
75626  -40.913  -1.819  46.726 0.0000000000
78064  -40.012  1.594  48.258 0.0000000000
76411  -39.488  -0.356  47.370 0.0000000000
77259  -39.001  0.742  47.449 0.0000000000
77268  -38.430  0.794  46.973 0.0000000000
78785  -39.275  2.314  47.311 0.0000000000
72530  -42.603  -5.373  30.086 0.0000000000
71545  -33.827  -7.100  45.965 0.0000000000
71546  -34.619  -6.512  45.704 0.0000000000
71537  -34.522  -7.029  46.816 0.0000000000
73220  -35.494  -4.863  48.714 0.0000000000
71518  -36.218  -6.390  48.141 0.0000000000
72360  -35.993  -5.845  48.853 0.0000000000
72361  -37.250  -5.742  48.540 0.0000000000
73221  -36.665  -4.850  49.058 0.0000000000
76395  -36.520  -0.612  49.427 0.0000000000
74801  -38.051  -2.512  49.604 0.0000000000
75586  -38.496  -1.573  50.144 0.0000000000
74792  -39.586  -1.780  50.448 0.0000000000
76375  -39.073  -0.529  50.696 0.0000000000
71593  -46.822  -5.609  40.291 0.0000000000
71583  -46.516  -6.558  41.327 0.0000000000
68903  -45.665  -8.943  42.939 0.0000000000
68912  -44.578  -8.979  42.063 0.0000000000
69810  -44.426  -8.516  41.153 0.0000000000
68021  -43.511  -9.529  41.724 0.0000000000
68029  -42.713  -9.552  40.864 0.0000000000
68020  -42.906  -9.786  41.456 0.0000000000
67073  -40.094  -11.520  42.666 0.0000000000
68017  -39.851  -10.751  41.482 0.0000000000
68016  -38.862  -10.748  41.618 0.0000000000
66036  -39.832  -12.257  50.597 0.0000000000
66070  -40.709  -12.631  48.671 0.0000000000
66083  -41.047  -12.582  47.681 0.0000000000
66084  -41.912  -12.414  47.528 0.0000000000
66097  -40.317  -12.579  46.833 0.0000000000
66126  -39.977  -12.528  45.015 0.0000000000
66125  -38.964  -12.768  44.959 0.0000000000
68899  -33.289  -9.198  43.723 0.0000000000
67989  -32.907  -9.915  43.973 0.0000000000
71671  -46.173  -6.580  34.791 0.0000000000
70785  -41.397  -7.677  36.957 0.0000000000
70799  -42.306  -7.377  36.428 0.0000000000
70808  -41.938  -6.982  35.750 0.0000000000
72498  -42.820  -5.210  33.556 0.0000000000
72488  -43.200  -5.812  34.084 0.0000000000
72500  -44.473  -5.441  33.213 0.0000000000
72501  -45.194  -5.674  33.336 0.0000000000
72507  -44.656  -5.396  32.636 0.0000000000
73361  -44.324  -5.050  31.738 0.0000000000
73351  -44.040  -4.677  32.116 0.0000000000
74946  -43.223  -2.378  31.322 0.0000000000
74139  -43.780  -3.367  30.730 0.0000000000
74947  -43.594  -2.310  30.835 0.0000000000
74957  -43.523  -2.297  29.683 0.0000000000
75742  -43.545  -1.322  30.660 0.0000000000
72393  -36.012  -5.418  44.212 0.0000000000
72402  -36.646  -5.184  43.352 0.0000000000
72403  -37.592  -5.089  43.836 0.0000000000
74054  -39.832  -3.873  42.476 0.0000000000
73282  -38.952  -4.145  42.602 0.0000000000
74061  -40.300  -3.362  41.589 0.0000000000
74871  -40.048  -2.753  39.939 0.0000000000
74066  -40.374  -2.888  40.711 0.0000000000
74044  -42.852  -3.504  45.081 0.0000000000
74043  -42.330  -3.777  44.565 0.0000000000
74855  -43.235  -2.735  43.754 0.0000000000
75675  -43.854  -0.813  39.550 0.0000000000
75664  -43.245  -1.438  40.514 0.0000000000
75686  -43.200  -0.860  38.395 0.0000000000
75685  -41.655  -1.589  38.731 0.0000000000
75695  -42.994  -0.686  37.616 0.0000000000
76557  -43.249  -0.188  35.763 0.0000000000
76558  -43.859  0.210  36.271 0.0000000000
78864  -44.602  2.213  33.930 0.0000000000
77397  -44.522  1.556  34.029 0.0000000000
78205  -44.282  2.106  32.434 0.0000000000
77438  -43.298  0.451  30.136 0.0000000000
78227  -42.586  1.180  30.622 0.0000000000
77436  -41.118  0.435  29.880 0.0000000000
78215  -41.813  1.556  31.215 0.0000000000
77392  -40.489  1.106  34.213 0.0000000000
78188  -40.419  1.507  32.516 0.0000000000
76468  -40.362  -0.513  41.535 0.0000000000
76482  -40.802  -0.392  40.707 0.0000000000
76481  -39.740  -0.448  40.648 0.0000000000
76497  -36.988  -0.617  39.465 0.0000000000
76515  -37.588  -0.511  38.609 0.0000000000
76532  -37.080  -0.300  37.618 0.0000000000
77373  -36.586  0.813  35.172 0.0000000000
76544  -36.170  0.192  36.630 0.0000000000
77371  -35.214  1.317  35.397 0.0000000000
77337  -35.233  0.454  36.677 0.0000000000
77299  -33.026  0.350  40.580 0.0000000000
77322  -33.463  0.770  38.230 0.0000000000
77321  -32.860  1.185  38.774 0.0000000000
78125  -32.426  1.833  37.918 0.0000000000
69820  -37.948  -9.029  40.350 0.0000000000
69837  -38.309  -8.468  39.670 0.0000000000
70742  -37.189  -7.483  40.233 0.0000000000
71591  -37.317  -6.664  39.956 0.0000000000
72427  -37.082  -5.850  40.564 0.0000000000
74805  -42.412  -2.563  49.720 0.0000000000
75589  -42.396  -1.735  50.257 0.0000000000
75588  -42.183  -1.484  49.735 0.0000000000
75597  -41.236  -1.326  48.755 0.0000000000
76412  -40.231  -0.942  47.710 0.0000000000
77235  -41.566  0.299  49.719 0.0000000000
78052  -41.250  0.907  49.429 0.0000000000
71690  -43.267  -6.521  31.150 0.0000000000
70671  -32.736  -7.229  48.282 0.0000000000
70673  -34.001  -7.367  47.964 0.0000000000
72357  -33.159  -6.055  48.443 0.0000000000
67077  -43.727  -10.552  43.116 0.0000000000
68007  -42.627  -10.506  42.238 0.0000000000
67075  -42.258  -11.158  42.920 0.0000000000
67063  -41.879  -11.714  43.911 0.0000000000
67062  -40.729  -11.890  43.494 0.0000000000
66068  -38.714  -12.736  49.005 0.0000000000
65143  -37.484  -13.303  47.613 0.0000000000
67035  -32.843  -11.755  44.886 0.0000000000
67044  -32.591  -11.185  44.460 0.0000000000
67034  -32.147  -11.644  44.939 0.0000000000
67032  -30.872  -11.012  45.720 0.0000000000
72463  -40.121  -5.222  36.159 0.0000000000
71655  -41.072  -6.037  35.453 0.0000000000
72486  -41.179  -5.129  34.748 0.0000000000
73336  -41.371  -4.508  34.272 0.0000000000
73350  -43.389  -4.217  32.110 0.0000000000
74121  -42.242  -3.638  32.813 0.0000000000
75730  -42.390  -1.798  32.342 0.0000000000
75721  -42.518  -1.039  32.631 0.0000000000
72389  -37.831  -5.590  45.628 0.0000000000
72404  -38.309  -5.108  44.206 0.0000000000
72396  -38.693  -5.314  45.004 0.0000000000
73265  -39.854  -4.904  44.746 0.0000000000
74048  -40.788  -3.916  43.369 0.0000000000
75651  -44.009  -1.439  43.783 0.0000000000
74856  -43.830  -1.927  43.278 0.0000000000
75654  -44.296  -0.997  42.446 0.0000000000
75666  -44.353  -0.413  40.723 0.0000000000
76522  -44.663  0.190  38.643 0.0000000000
77363  -44.873  0.751  36.420 0.0000000000
78138  -45.100  1.183  37.163 0.0000000000
78149  -44.710  1.795  36.103 0.0000000000
78162  -43.774  2.051  34.826 0.0000000000
78190  -42.404  1.823  32.909 0.0000000000
77378  -42.426  1.558  34.921 0.0000000000
77377  -41.484  1.139  35.173 0.0000000000
77359  -41.345  0.725  36.367 0.0000000000
76442  -38.463  -0.769  43.315 0.0000000000
76466  -38.175  -0.575  41.499 0.0000000000
76452  -37.728  -0.634  42.469 0.0000000000
76465  -37.004  -0.766  41.509 0.0000000000
76478  -36.333  -0.739  40.410 0.0000000000
76513  -35.427  -0.459  38.130 0.0000000000
76477  -34.960  -0.483  40.213 0.0000000000
76463  -34.411  0.057  41.497 0.0000000000
78107  -33.701  1.354  42.032 0.0000000000
69840  -42.647  -8.576  39.055 0.0000000000
70766  -43.015  -7.876  38.130 0.0000000000
69854  -41.670  -8.592  38.240 0.0000000000
69867  -40.819  -7.859  37.430 0.0000000000
70784  -40.341  -7.110  37.098 0.0000000000
70763  -38.780  -7.294  38.356 0.0000000000
70783  -39.340  -6.831  37.656 0.0000000000
71622  -39.597  -6.106  37.089 0.0000000000
72462  -39.608  -5.202  36.790 0.0000000000
74093  -39.563  -3.575  36.935 0.0000000000
74905  -39.552  -3.127  37.321 0.0000000000
73225  -40.770  -4.371  49.071 0.0000000000
73243  -41.173  -4.791  47.919 0.0000000000
73226  -41.876  -4.231  48.691 0.0000000000
73245  -42.853  -3.913  47.283 0.0000000000
74035  -43.307  -3.446  46.824 0.0000000000
74023  -43.259  -2.868  47.270 0.0000000000
74848  -43.421  -2.448  45.554 0.0000000000
75645  -43.365  -1.757  44.720 0.0000000000
76447  -43.806  -0.730  43.086 0.0000000000
76457  -43.202  -0.336  42.357 0.0000000000
76484  -42.744  0.114  40.777 0.0000000000
76456  -42.127  -0.473  42.485 0.0000000000
76444  -40.467  -0.891  43.257 0.0000000000
76435  -39.930  -1.042  43.754 0.0000000000
75625  -39.717  -1.329  46.537 0.0000000000
75633  -39.481  -1.323  45.548 0.0000000000
75641  -38.991  -1.146  44.831 0.0000000000
76428  -37.895  -0.675  45.301 0.0000000000
76427  -37.260  0.260  45.508 0.0000000000
78089  -37.109  1.920  45.790 0.0000000000
70716  -34.306  -7.438  43.269 0.0000000000
71564  -35.269  -6.441  43.078 0.0000000000
71554  -34.624  -6.306  44.593 0.0000000000
71547  -35.600  -5.861  45.228 0.0000000000
71548  -36.342  -5.660  45.461 0.0000000000
71529  -35.426  -6.743  47.525 0.0000000000
71530  -36.294  -6.437  47.181 0.0000000000
71540  -37.129  -5.900  46.456 0.0000000000
72375  -37.691  -6.110  47.504 0.0000000000
72376  -38.423  -5.759  48.097 0.0000000000
72377  -39.135  -5.266  48.570 0.0000000000
74002  -36.393  -3.782  48.879 0.0000000000
74811  -37.618  -3.127  49.355 0.0000000000
73223  -38.673  -4.381  49.293 0.0000000000
74005  -39.588  -4.023  49.321 0.0000000000
74803  -40.244  -2.897  50.129 0.0000000000
74794  -40.971  -2.499  50.643 0.0000000000
75579  -41.259  -1.794  51.315 0.0000000000
70754  -45.194  -6.853  39.800 0.0000000000
70743  -44.217  -7.706  39.911 0.0000000000
70718  -47.352  -7.451  42.943 0.0000000000
70735  -46.575  -6.836  41.692 0.0000000000
69811  -45.228  -7.914  41.211 0.0000000000
69823  -44.272  -8.070  40.429 0.0000000000
69822  -43.590  -8.338  40.019 0.0000000000
68952  -42.577  -8.846  39.575 0.0000000000
68932  -41.624  -9.659  40.032 0.0000000000
68930  -39.538  -9.849  40.111 0.0000000000
68018  -40.885  -10.653  41.661 0.0000000000
68026  -40.202  -10.376  40.746 0.0000000000
68929  -38.576  -9.557  40.310 0.0000000000
68928  -37.787  -9.566  40.795 0.0000000000
66989  -42.843  -12.440  50.615 0.0000000000
66055  -40.272  -12.529  49.655 0.0000000000
66056  -41.241  -12.540  49.565 0.0000000000
66999  -42.886  -12.370  49.703 0.0000000000
67008  -42.922  -12.182  48.492 0.0000000000
67016  -43.325  -11.919  47.476 0.0000000000
67026  -43.500  -11.717  46.530 0.0000000000
67036  -42.018  -12.055  45.385 0.0000000000
66138  -40.325  -12.286  44.203 0.0000000000
67060  -38.682  -11.901  43.331 0.0000000000
69799  -34.894  -8.443  42.560 0.0000000000
69790  -33.745  -8.322  43.507 0.0000000000
69779  -32.778  -7.823  44.885 0.0000000000
70701  -32.674  -7.723  45.965 0.0000000000
70693  -32.104  -7.663  47.290 0.0000000000
69883  -45.436  -7.828  35.136 0.0000000000
69891  -45.346  -7.648  34.388 0.0000000000
70821  -45.258  -7.268  33.451 0.0000000000
70800  -43.055  -7.384  36.938 0.0000000000
71666  -42.738  -6.292  34.725 0.0000000000
71667  -43.693  -6.152  34.897 0.0000000000
72490  -45.219  -5.717  34.480 0.0000000000
72491  -45.922  -5.920  34.202 0.0000000000
71683  -45.379  -6.471  33.054 0.0000000000
70830  -45.041  -7.083  32.906 0.0000000000
71692  -44.551  -6.166  32.094 0.0000000000
71691  -43.879  -6.185  31.528 0.0000000000
72516  -43.820  -5.619  31.170 0.0000000000
74131  -43.760  -3.846  31.302 0.0000000000
73369  -43.881  -4.277  30.663 0.0000000000
72524  -43.533  -5.214  30.607 0.0000000000
72531  -43.204  -4.745  29.999 0.0000000000
73376  -42.867  -4.206  29.673 0.0000000000
74955  -42.585  -2.235  29.274 0.0000000000
72412  -36.176  -5.639  42.294 0.0000000000
73279  -36.812  -5.190  41.735 0.0000000000
73285  -37.191  -4.907  41.069 0.0000000000
73281  -38.145  -4.348  42.449 0.0000000000
73286  -38.111  -4.151  41.522 0.0000000000
74068  -38.484  -3.841  39.835 0.0000000000
74076  -38.739  -3.680  39.021 0.0000000000
74889  -39.771  -2.548  38.378 0.0000000000
74899  -40.020  -2.249  37.915 0.0000000000
73260  -41.285  -4.787  45.792 0.0000000000
74049  -41.754  -3.859  44.006 0.0000000000
74056  -41.546  -3.384  43.005 0.0000000000
74861  -43.120  -2.279  42.680 0.0000000000
74866  -42.294  -2.211  41.734 0.0000000000
74865  -41.193  -2.581  41.178 0.0000000000
74881  -41.405  -1.988  39.625 0.0000000000
75684  -40.984  -1.772  38.393 0.0000000000
75700  -40.828  -1.685  36.609 0.0000000000
76556  -42.227  -0.610  35.462 0.0000000000
76577  -43.083  -0.248  32.411 0.0000000000
77396  -44.143  0.888  34.378 0.0000000000
77409  -44.106  0.973  33.339 0.0000000000
76588  -43.494  -0.234  31.499 0.0000000000
76597  -43.505  -0.334  30.511 0.0000000000
76602  -42.920  -0.568  29.320 0.0000000000
78202  -41.073  1.628  31.857 0.0000000000
76519  -41.442  -0.148  39.279 0.0000000000
77325  -40.894  -0.111  38.547 0.0000000000
77340  -39.782  -0.050  37.848 0.0000000000
76499  -39.167  -0.467  39.727 0.0000000000
77339  -38.896  -0.202  37.623 0.0000000000
77375  -38.891  0.421  35.388 0.0000000000
77374  -37.644  0.393  35.338 0.0000000000
78173  -36.450  1.441  34.245 0.0000000000
78184  -35.574  1.245  32.938 0.0000000000
76529  -34.623  0.213  37.624 0.0000000000
78135  -33.879  1.164  37.025 0.0000000000
78797  -37.023  2.939  45.263 0.0000000000
78806  -36.342  2.719  44.794 0.0000000000
78804  -35.266  2.581  43.824 0.0000000000
78814  -34.256  2.560  42.567 0.0000000000
78813  -33.840  2.518  42.099 0.0000000000
69906  -43.783  -7.940  32.653 0.0000000000
67967  -44.816  -11.068  45.781 0.0000000000
65123  -32.402  -13.150  47.165 0.0000000000
71607  -44.298  -7.049  38.562 0.0000000000
70767  -43.711  -7.555  38.574 0.0000000000
74101  -40.444  -3.542  35.399 0.0000000000
75706  -40.876  -1.808  35.547 0.0000000000
73254  -40.486  -5.273  46.948 0.0000000000
77292  -43.679  0.202  40.863 0.0000000000
77293  -43.963  0.157  40.864 0.0000000000
77301  -44.053  0.391  40.294 0.0000000000
77314  -43.215  0.386  39.811 0.0000000000
77284  -35.965  0.637  44.382 0.0000000000
77279  -35.685  1.250  44.445 0.0000000000
69838  -39.113  -8.895  39.350 0.0000000000
72433  -37.750  -5.325  39.485 0.0000000000
72440  -37.993  -5.508  38.991 0.0000000000
74795  -41.844  -2.160  51.067 0.0000000000
73988  -42.060  -2.651  50.628 0.0000000000
75616  -41.544  -1.907  48.353 0.0000000000
74829  -41.792  -2.284  47.683 0.0000000000
74840  -41.519  -2.201  46.959 0.0000000000
75627  -41.609  -2.108  46.510 0.0000000000
77260  -39.565  0.691  47.963 0.0000000000
78078  -39.400  1.621  47.677 0.0000000000
78786  -40.056  2.682  47.633 0.0000000000
70852  -42.372  -6.983  30.378 0.0000000000
71706  -42.376  -6.411  30.187 0.0000000000
72523  -42.862  -5.799  30.386 0.0000000000
70695  -33.461  -7.438  46.648 0.0000000000
71536  -33.958  -7.229  46.610 0.0000000000
70687  -34.022  -7.357  47.321 0.0000000000
76384  -38.712  -1.022  50.407 0.0000000000
75576  -39.147  -1.430  50.446 0.0000000000
68911  -43.876  -9.295  41.804 0.0000000000
67082  -39.634  -11.135  42.055 0.0000000000
68004  -38.226  -10.941  42.099 0.0000000000
67071  -38.058  -11.366  42.685 0.0000000000
66035  -38.928  -12.176  50.680 0.0000000000
66096  -39.248  -12.860  46.946 0.0000000000
66112  -39.611  -12.676  45.934 0.0000000000
67990  -33.688  -10.301  43.724 0.0000000000
67981  -32.977  -10.658  44.095 0.0000000000
72480  -46.018  -5.657  35.266 0.0000000000
70798  -41.177  -6.973  36.212 0.0000000000
70807  -41.533  -6.697  35.739 0.0000000000
72499  -43.654  -5.337  33.390 0.0000000000
73344  -43.879  -5.065  32.799 0.0000000000
73352  -44.506  -5.244  32.222 0.0000000000
75731  -42.824  -1.411  31.811 0.0000000000
75741  -43.298  -1.392  31.212 0.0000000000
72387  -36.336  -5.468  44.967 0.0000000000
72394  -36.874  -5.306  44.422 0.0000000000
74047  -40.251  -3.901  42.989 0.0000000000
74040  -43.130  -3.426  46.045 0.0000000000
74851  -43.157  -3.042  44.405 0.0000000000
75687  -44.127  -0.521  38.720 0.0000000000
76520  -44.090  -0.429  38.133 0.0000000000
76536  -43.685  -0.395  37.510 0.0000000000
76548  -43.475  -0.255  36.672 0.0000000000
76549  -44.210  0.251  36.918 0.0000000000
78868  -44.102  2.425  33.316 0.0000000000
78875  -44.374  2.273  32.909 0.0000000000
78874  -43.939  2.336  32.529 0.0000000000
78228  -43.410  1.327  31.020 0.0000000000
78216  -42.939  1.900  31.598 0.0000000000
78204  -42.873  2.171  32.379 0.0000000000
77376  -40.230  0.674  35.308 0.0000000000
77405  -39.597  1.265  33.118 0.0000000000
76454  -39.901  -0.668  42.375 0.0000000000
76467  -39.278  -0.495  41.510 0.0000000000
76545  -36.690  0.051  36.770 0.0000000000
76531  -35.979  -0.102  37.232 0.0000000000
77338  -35.800  0.337  36.484 0.0000000000
77311  -33.355  0.383  39.452 0.0000000000
69836  -37.605  -7.977  40.079 0.0000000000
71582  -36.349  -6.723  41.025 0.0000000000
71590  -36.809  -6.741  40.473 0.0000000000
75580  -42.537  -1.483  51.096 0.0000000000
76371  -43.025  -0.765  51.585 0.0000000000
76377  -42.456  -0.286  50.527 0.0000000000
76386  -42.063  -0.636  50.031 0.0000000000
75587  -41.705  -1.221  49.411 0.0000000000
76385  -41.255  -0.535  49.285 0.0000000000
78755  -42.890  2.049  49.668 0.0000000000
78066  -41.599  2.082  49.082 0.0000000000
69905  -43.051  -7.826  32.220 0.0000000000
69916  -42.495  -7.924  31.452 0.0000000000
71514  -32.541  -6.682  48.402 0.0000000000
71515  -33.374  -6.712  48.490 0.0000000000
67983  -44.733  -10.548  44.321 0.0000000000
67076  -43.221  -10.825  42.967 0.0000000000
67065  -43.664  -10.838  43.649 0.0000000000
65149  -33.944  -13.092  45.879 0.0000000000
66106  -33.401  -12.409  45.315 0.0000000000
66120  -34.130  -12.247  44.616 0.0000000000
66105  -32.510  -12.119  45.417 0.0000000000
67024  -30.929  -11.567  45.920 0.0000000000
67023  -30.333  -11.245  46.177 0.0000000000
72477  -40.712  -5.311  35.433 0.0000000000
74111  -40.927  -3.600  34.582 0.0000000000
73342  -42.150  -4.555  33.523 0.0000000000
75713  -41.513  -1.677  34.078 0.0000000000
75720  -41.984  -1.545  33.131 0.0000000000
73273  -39.730  -4.309  43.496 0.0000000000
73274  -40.748  -4.379  44.168 0.0000000000
77302  -44.486  0.265  40.086 0.0000000000
76486  -44.735  -0.009  40.015 0.0000000000
76505  -44.738  -0.006  39.388 0.0000000000
77329  -44.693  0.659  37.882 0.0000000000
77343  -43.844  1.291  37.235 0.0000000000
78137  -44.707  1.502  36.947 0.0000000000
78136  -44.250  1.639  36.526 0.0000000000
78163  -44.540  2.036  35.164 0.0000000000
78148  -43.919  1.757  35.778 0.0000000000
78147  -43.208  1.746  35.243 0.0000000000
76441  -37.358  -0.599  43.509 0.0000000000
76496  -35.812  -0.567  39.238 0.0000000000
76449  -34.554  0.360  42.331 0.0000000000
77291  -34.106  0.788  42.151 0.0000000000
68967  -41.755  -8.896  38.689 0.0000000000
69839  -42.108  -8.723  38.703 0.0000000000
70765  -40.382  -7.752  37.614 0.0000000000
70751  -38.212  -7.449  39.104 0.0000000000
69851  -38.610  -7.950  38.910 0.0000000000
70782  -38.836  -6.632  37.997 0.0000000000
71641  -40.010  -5.810  36.548 0.0000000000
72446  -39.077  -5.220  37.464 0.0000000000
73313  -39.316  -4.386  37.194 0.0000000000
73212  -41.502  -4.052  49.326 0.0000000000
74008  -42.362  -3.423  49.046 0.0000000000
73227  -42.603  -3.926  48.124 0.0000000000
73257  -42.899  -3.787  46.574 0.0000000000
74813  -42.361  -2.599  48.562 0.0000000000
74842  -42.951  -2.461  46.555 0.0000000000
74831  -43.259  -2.713  46.916 0.0000000000
74843  -43.324  -2.666  46.359 0.0000000000
75637  -43.287  -2.053  45.444 0.0000000000
75644  -42.539  -1.453  44.659 0.0000000000
76436  -43.159  -1.219  44.271 0.0000000000
75650  -41.895  -1.163  44.032 0.0000000000
75649  -40.981  -1.187  43.924 0.0000000000
76397  -40.419  -0.507  48.392 0.0000000000
75614  -40.162  -1.300  47.283 0.0000000000
76420  -39.140  -0.717  46.617 0.0000000000
75624  -39.059  -0.921  46.140 0.0000000000
75632  -38.653  -0.965  45.571 0.0000000000
75640  -38.398  -1.003  45.025 0.0000000000
77267  -37.849  0.876  46.554 0.0000000000
76418  -37.651  0.465  46.155 0.0000000000
77275  -37.244  1.016  46.107 0.0000000000
78082  -37.717  1.745  46.288 0.0000000000
71705  -41.649  -6.569  29.933 0.0000000000
73367  -42.180  -4.315  29.886 0.0000000000
71562  -34.107  -6.789  44.049 0.0000000000
71563  -34.669  -6.569  43.645 0.0000000000
71516  -34.266  -6.792  48.480 0.0000000000
71528  -34.631  -7.103  47.831 0.0000000000
71517  -35.284  -6.614  48.434 0.0000000000
71531  -37.057  -6.167  46.926 0.0000000000
72362  -38.334  -5.159  48.836 0.0000000000
75584  -37.069  -1.451  49.491 0.0000000000
74809  -36.077  -2.634  48.586 0.0000000000
74003  -37.326  -3.830  49.312 0.0000000000
73993  -38.653  -3.486  49.557 0.0000000000
73209  -39.036  -3.892  49.447 0.0000000000
73994  -39.593  -3.554  49.602 0.0000000000
74006  -40.031  -3.974  49.317 0.0000000000
75577  -39.782  -1.296  50.917 0.0000000000
74793  -40.103  -2.058  50.492 0.0000000000
75578  -40.561  -1.665  51.141 0.0000000000
71601  -46.771  -5.453  39.643 0.0000000000
71600  -45.953  -6.053  39.500 0.0000000000
70753  -44.643  -7.142  39.475 0.0000000000
70744  -44.753  -7.428  40.145 0.0000000000
69791  -46.018  -8.335  42.631 0.0000000000
69792  -46.589  -8.240  43.086 0.0000000000
69802  -46.266  -7.880  42.416 0.0000000000
70727  -46.929  -7.118  42.299 0.0000000000
70726  -46.270  -7.461  41.965 0.0000000000
69809  -43.848  -8.582  40.649 0.0000000000
69821  -42.976  -8.608  39.646 0.0000000000
68933  -42.761  -9.138  40.278 0.0000000000
68028  -42.211  -9.825  40.792 0.0000000000
68931  -40.549  -9.887  40.000 0.0000000000
68006  -41.641  -10.808  42.206 0.0000000000
68025  -39.204  -10.352  40.793 0.0000000000
67017  -44.205  -11.608  47.337 0.0000000000
66018  -41.175  -12.184  51.309 0.0000000000
66019  -42.018  -12.361  51.133 0.0000000000
66020  -42.512  -12.438  50.935 0.0000000000
66054  -39.329  -12.537  49.790 0.0000000000
66069  -39.676  -12.658  48.808 0.0000000000
66057  -42.103  -12.494  49.606 0.0000000000
66072  -42.471  -12.369  49.076 0.0000000000
67007  -42.356  -12.343  48.005 0.0000000000
66099  -42.120  -12.268  46.756 0.0000000000
67015  -42.592  -12.220  47.483 0.0000000000
67025  -42.764  -12.068  46.700 0.0000000000
67037  -42.606  -11.902  45.747 0.0000000000
66114  -41.709  -12.231  45.858 0.0000000000
66137  -39.333  -12.413  44.103 0.0000000000
68901  -34.954  -9.904  43.148 0.0000000000
68908  -34.715  -8.934  42.767 0.0000000000
69798  -34.384  -8.404  42.944 0.0000000000
69788  -32.635  -8.525  44.577 0.0000000000
69789  -32.974  -8.231  44.347 0.0000000000
67979  -31.609  -10.403  44.989 0.0000000000
67980  -32.314  -10.249  44.492 0.0000000000
68888  -31.417  -9.954  45.332 0.0000000000
69766  -31.976  -7.883  46.820 0.0000000000
70684  -31.939  -7.439  47.908 0.0000000000
69877  -45.635  -7.813  36.029 0.0000000000
70809  -45.990  -7.241  35.479 0.0000000000
71670  -45.960  -6.526  34.294 0.0000000000
70815  -45.872  -7.107  34.701 0.0000000000
70822  -45.596  -7.063  33.905 0.0000000000
69898  -45.190  -7.573  33.841 0.0000000000
70831  -45.443  -6.855  33.348 0.0000000000
70787  -43.389  -7.395  37.661 0.0000000000
71644  -43.095  -7.130  36.444 0.0000000000
72478  -41.312  -5.718  34.984 0.0000000000
71656  -41.823  -6.376  35.239 0.0000000000
71668  -44.610  -5.835  35.048 0.0000000000
72509  -45.246  -6.136  32.819 0.0000000000
72502  -45.456  -6.037  33.216 0.0000000000
71682  -45.034  -6.362  32.619 0.0000000000
70838  -44.672  -6.714  32.471 0.0000000000
72517  -44.200  -5.389  31.467 0.0000000000
72525  -44.046  -4.872  30.960 0.0000000000
73377  -43.508  -4.144  30.031 0.0000000000
74151  -43.329  -3.226  29.561 0.0000000000
74956  -43.142  -2.294  29.202 0.0000000000
74150  -42.769  -3.177  29.306 0.0000000000
72411  -35.656  -6.027  42.683 0.0000000000
73270  -36.864  -5.020  42.474 0.0000000000
73272  -38.453  -4.620  43.405 0.0000000000
74060  -39.015  -3.787  41.656 0.0000000000
73287  -38.561  -4.103  42.061 0.0000000000
74059  -38.533  -3.866  41.376 0.0000000000
74879  -39.824  -2.582  39.082 0.0000000000
74890  -40.566  -2.062  38.616 0.0000000000
73255  -41.409  -4.776  46.721 0.0000000000
74860  -42.174  -2.793  42.591 0.0000000000
74862  -43.882  -1.528  42.273 0.0000000000
74868  -43.948  -1.418  41.852 0.0000000000
74874  -42.787  -1.781  41.122 0.0000000000
74873  -42.038  -1.891  40.548 0.0000000000
75673  -42.088  -1.666  39.699 0.0000000000
75693  -40.781  -1.731  37.813 0.0000000000
75701  -41.633  -1.107  36.081 0.0000000000
77379  -43.340  0.168  35.197 0.0000000000
76565  -42.726  -0.155  34.863 0.0000000000
77408  -43.472  0.415  33.501 0.0000000000
77364  -45.199  1.350  36.205 0.0000000000
77381  -44.798  1.414  35.349 0.0000000000
77410  -44.408  1.491  33.067 0.0000000000
77419  -43.984  0.781  32.341 0.0000000000
77418  -43.647  0.496  32.749 0.0000000000
77427  -43.897  0.876  31.369 0.0000000000
77442  -42.937  0.068  29.553 0.0000000000
77443  -43.212  -0.098  29.565 0.0000000000
75754  -42.841  -1.456  29.163 0.0000000000
76595  -42.046  -0.447  29.630 0.0000000000
78175  -41.932  1.570  33.376 0.0000000000
78189  -41.448  1.595  32.776 0.0000000000
78187  -39.646  1.460  32.318 0.0000000000
78201  -40.062  1.514  31.707 0.0000000000
76483  -41.854  -0.202  40.747 0.0000000000
76500  -40.184  -0.323  39.841 0.0000000000
76518  -40.594  -0.281  39.174 0.0000000000
77324  -40.225  -0.213  38.610 0.0000000000
76480  -38.670  -0.535  40.586 0.0000000000
76498  -38.116  -0.665  39.612 0.0000000000
76533  -38.190  -0.312  37.784 0.0000000000
77357  -38.504  0.050  36.702 0.0000000000
78185  -36.452  1.487  33.072 0.0000000000
78172  -35.472  1.705  33.968 0.0000000000
78158  -34.480  1.607  35.106 0.0000000000
76495  -34.699  -0.343  38.826 0.0000000000
76512  -34.740  -0.177  37.954 0.0000000000
77335  -33.833  0.868  37.488 0.0000000000
79470  -36.676  3.774  44.477 0.0000000000
78805  -35.790  2.907  44.167 0.0000000000
79469  -36.116  3.552  43.982 0.0000000000
79476  -35.210  3.438  43.150 0.0000000000
69818  -36.458  -8.039  40.898 0.0000000000
70733  -36.122  -7.549  41.151 0.0000000000
71574  -36.102  -6.329  41.644 0.0000000000
77237  -43.033  0.550  50.763 0.0000000000
78054  -43.161  1.356  50.344 0.0000000000
78756  -43.627  2.186  49.843 0.0000000000
73238  -32.442  -5.076  47.531 0.0000000000
72373  -32.854  -5.479  48.090 0.0000000000
67974  -44.885  -10.812  45.283 0.0000000000
67051  -44.449  -10.914  44.905 0.0000000000
67050  -43.851  -11.117  44.546 0.0000000000
67048  -42.107  -11.894  44.903 0.0000000000
66092  -32.097  -12.366  45.954 0.0000000000
65137  -32.282  -12.764  46.437 0.0000000000
71608  -44.862  -6.524  38.743 0.0000000000
74920  -41.105  -2.705  34.190 0.0000000000
72391  -39.476  -5.471  46.532 0.0000000000
73259  -40.377  -5.159  45.892 0.0000000000
76458  -43.984  -0.434  41.900 0.0000000000
76459  -44.148  -0.382  41.301 0.0000000000
78128  -44.936  1.220  37.853 0.0000000000
77344  -44.529  1.242  37.450 0.0000000000
77326  -42.193  0.257  38.846 0.0000000000
76439  -35.449  0.294  43.417 0.0000000000
77287  -35.052  0.520  43.313 0.0000000000
77282  -34.817  0.979  43.521 0.0000000000
68950  -40.929  -9.491  39.243 0.0000000000
68965  -40.356  -9.047  38.700 0.0000000000
71598  -38.195  -6.799  38.773 0.0000000000
71605  -37.969  -6.259  38.874 0.0000000000
73303  -38.602  -4.674  38.350 0.0000000000
73296  -38.758  -3.916  38.572 0.0000000000
73996  -41.644  -3.615  49.831 0.0000000000
75598  -41.947  -1.856  48.978 0.0000000000
74846  -42.655  -2.152  46.080 0.0000000000
75634  -40.572  -1.587  45.636 0.0000000000
77247  -40.160  0.606  48.553 0.0000000000
76410  -38.795  0.225  47.054 0.0000000000
78077  -38.809  1.648  47.200 0.0000000000
74800  -37.499  -1.987  49.510 0.0000000000
75585  -37.736  -1.453  49.875 0.0000000000
71592  -46.333  -6.382  40.738 0.0000000000
68913  -45.210  -8.875  42.419 0.0000000000
69800  -44.963  -8.445  41.612 0.0000000000
68922  -44.079  -8.966  41.553 0.0000000000
68921  -43.534  -9.128  41.118 0.0000000000
68920  -42.978  -9.413  40.929 0.0000000000
68019  -41.933  -10.362  41.484 0.0000000000
67074  -41.124  -11.316  42.673 0.0000000000
67084  -40.858  -10.966  42.176 0.0000000000
67083  -40.397  -11.073  42.109 0.0000000000
68015  -37.806  -10.319  41.517 0.0000000000
66081  -38.947  -12.867  47.997 0.0000000000
66082  -40.000  -12.663  47.811 0.0000000000
66098  -41.312  -12.439  46.752 0.0000000000
66113  -40.649  -12.456  45.905 0.0000000000
67992  -35.409  -10.494  43.208 0.0000000000
67991  -34.625  -10.361  43.489 0.0000000000
68898  -32.575  -9.098  44.427 0.0000000000
70816  -46.199  -6.787  35.158 0.0000000000
72492  -46.210  -6.225  34.720 0.0000000000
74138  -43.643  -3.073  31.141 0.0000000000
74951  -43.700  -2.314  30.277 0.0000000000
75749  -43.561  -1.351  29.973 0.0000000000
73271  -37.495  -4.757  42.945 0.0000000000
74065  -39.418  -3.359  40.594 0.0000000000
73262  -42.602  -3.882  45.970 0.0000000000
73268  -42.392  -4.064  45.483 0.0000000000
74050  -42.663  -3.340  44.205 0.0000000000
75665  -44.076  -0.865  40.592 0.0000000000
75658  -43.840  -1.259  41.085 0.0000000000
75674  -42.809  -1.375  39.486 0.0000000000
76535  -42.965  -0.555  37.132 0.0000000000
76547  -42.604  -0.614  36.419 0.0000000000
77380  -44.055  0.509  35.536 0.0000000000
78179  -44.844  2.035  34.415 0.0000000000
78193  -44.731  1.896  33.559 0.0000000000
78206  -44.581  1.940  32.821 0.0000000000
77428  -44.169  1.538  31.893 0.0000000000
78217  -43.882  1.851  31.821 0.0000000000
77437  -42.330  0.375  29.911 0.0000000000
78226  -41.478  1.030  30.421 0.0000000000
77406  -40.824  1.429  33.355 0.0000000000
77356  -37.178  0.235  36.146 0.0000000000
77355  -36.215  0.441  36.016 0.0000000000
78159  -35.575  1.562  34.788 0.0000000000
77354  -35.463  0.750  35.918 0.0000000000
76476  -33.828  -0.146  40.413 0.0000000000
77312  -33.976  0.168  38.818 0.0000000000
78126  -32.979  1.308  38.010 0.0000000000
78120  -32.394  1.831  39.145 0.0000000000
70750  -37.696  -7.466  39.692 0.0000000000
72432  -37.556  -5.794  39.646 0.0000000000
73289  -37.505  -5.132  40.176 0.0000000000
74796  -42.275  -2.255  50.626 0.0000000000
76378  -42.651  -0.776  50.745 0.0000000000
76387  -42.362  -1.191  50.205 0.0000000000
75615  -40.850  -1.619  47.823 0.0000000000
77248  -40.811  0.361  49.158 0.0000000000
78065  -40.877  1.530  48.956 0.0000000000
78769  -40.568  2.277  48.294 0.0000000000
70672  -33.438  -7.385  48.259 0.0000000000
72358  -34.072  -5.902  48.633 0.0000000000
72374  -33.566  -5.366  48.232 0.0000000000
73219  -34.749  -5.415  48.686 0.0000000000
67995  -44.925  -9.775  43.229 0.0000000000
67064  -42.954  -11.245  43.784 0.0000000000
67061  -39.690  -11.921  43.376 0.0000000000
66067  -37.889  -12.937  49.281 0.0000000000
66079  -37.435  -13.101  48.818 0.0000000000
65128  -37.167  -13.258  48.229 0.0000000000
65129  -37.670  -13.229  47.825 0.0000000000
66095  -37.996  -13.226  47.174 0.0000000000
67045  -33.525  -11.468  44.289 0.0000000000
67043  -31.911  -11.024  44.661 0.0000000000
67033  -31.404  -11.338  45.303 0.0000000000
66104  -31.891  -11.959  45.510 0.0000000000
71642  -40.609  -6.109  36.086 0.0000000000
71643  -41.220  -6.454  35.735 0.0000000000
74122  -42.928  -3.896  32.226 0.0000000000
74129  -42.685  -3.236  32.193 0.0000000000
74940  -42.178  -2.568  32.530 0.0000000000
74941  -42.716  -2.500  31.882 0.0000000000
72395  -37.717  -5.357  44.739 0.0000000000
75660  -44.267  -0.553  41.423 0.0000000000
75676  -44.495  -0.373  39.926 0.0000000000
76504  -44.519  -0.291  39.115 0.0000000000
76521  -44.551  -0.141  38.363 0.0000000000
76550  -44.644  0.290  37.060 0.0000000000
76538  -44.642  0.415  37.848 0.0000000000
77345  -45.091  0.814  37.187 0.0000000000
78151  -45.281  1.342  36.610 0.0000000000
78150  -45.104  1.569  36.437 0.0000000000
78164  -45.103  1.851  35.660 0.0000000000
78178  -44.263  2.287  34.137 0.0000000000
78192  -43.802  2.397  33.675 0.0000000000
78191  -43.287  2.312  33.186 0.0000000000
78177  -43.463  2.228  34.040 0.0000000000
77394  -42.436  1.649  34.323 0.0000000000
77360  -42.799  1.387  36.109 0.0000000000
76453  -38.837  -0.607  42.396 0.0000000000
76462  -33.604  0.156  41.052 0.0000000000
77290  -33.350  0.766  41.514 0.0000000000
69856  -43.057  -8.137  38.650 0.0000000000
69855  -42.435  -8.329  38.297 0.0000000000
69869  -42.014  -8.298  37.879 0.0000000000
69868  -41.485  -8.206  37.602 0.0000000000
71623  -40.206  -6.359  36.662 0.0000000000
73314  -39.768  -4.391  36.482 0.0000000000
74906  -39.884  -2.532  36.998 0.0000000000
73244  -42.122  -4.392  47.595 0.0000000000
73256  -42.359  -4.229  46.681 0.0000000000
74045  -43.384  -2.983  45.503 0.0000000000
74036  -43.506  -2.968  46.944 0.0000000000
74041  -43.482  -2.995  46.223 0.0000000000
76437  -43.546  -1.130  43.941 0.0000000000
76471  -43.501  0.016  41.286 0.0000000000
76470  -42.509  -0.148  41.563 0.0000000000
76445  -41.570  -0.797  43.308 0.0000000000
76455  -40.990  -0.600  42.425 0.0000000000
76434  -39.201  -0.968  43.997 0.0000000000
76433  -38.186  -0.876  44.359 0.0000000000
76426  -36.688  0.675  45.170 0.0000000000
77274  -36.745  1.117  45.523 0.0000000000
70717  -34.798  -6.947  43.109 0.0000000000
71555  -35.196  -5.863  43.979 0.0000000000
71539  -36.508  -5.942  46.175 0.0000000000
72382  -37.228  -5.689  46.077 0.0000000000
72383  -37.741  -5.909  46.519 0.0000000000
72384  -38.568  -5.792  47.057 0.0000000000
74004  -38.040  -4.018  49.458 0.0000000000
73992  -37.942  -3.431  49.451 0.0000000000
73224  -39.541  -4.513  49.040 0.0000000000
73995  -40.671  -3.659  49.829 0.0000000000
74804  -40.766  -3.119  50.259 0.0000000000
73986  -41.161  -3.232  50.277 0.0000000000
75571  -40.994  -1.227  51.807 0.0000000000
71599  -45.154  -6.609  39.388 0.0000000000
70752  -43.990  -7.707  39.359 0.0000000000
70734  -45.996  -7.208  41.358 0.0000000000
69824  -44.831  -7.816  40.681 0.0000000000
68951  -41.984  -9.120  39.242 0.0000000000
69808  -36.653  -9.042  41.272 0.0000000000
69807  -36.106  -8.504  41.356 0.0000000000
69806  -35.429  -8.423  42.090 0.0000000000
66978  -42.761  -12.172  51.547 0.0000000000
66990  -43.493  -12.225  50.498 0.0000000000
67000  -43.747  -11.990  49.396 0.0000000000
66128  -41.623  -12.123  45.020 0.0000000000
66127  -40.928  -12.323  45.055 0.0000000000
66139  -41.216  -12.123  44.355 0.0000000000
66124  -37.920  -12.893  44.880 0.0000000000
66135  -37.355  -12.338  43.956 0.0000000000
67059  -37.739  -11.790  43.331 0.0000000000
70724  -34.601  -7.921  42.753 0.0000000000
70715  -33.627  -7.444  44.132 0.0000000000
70708  -33.260  -7.455  45.044 0.0000000000
70702  -33.204  -7.477  45.804 0.0000000000
70694  -32.574  -7.643  46.885 0.0000000000
70685  -32.707  -7.581  47.762 0.0000000000
70670  -32.352  -7.138  48.300 0.0000000000
71527  -32.263  -6.330  48.266 0.0000000000
71526  -31.747  -6.655  48.143 0.0000000000
72372  -32.166  -5.823  47.969 0.0000000000
68995  -44.994  -8.317  35.098 0.0000000000
69882  -45.002  -8.143  34.731 0.0000000000
69890  -44.801  -8.107  34.170 0.0000000000
69897  -44.800  -7.761  33.444 0.0000000000
70829  -44.381  -7.284  32.526 0.0000000000
70837  -44.155  -6.804  32.083 0.0000000000
71699  -43.495  -5.923  31.036 0.0000000000
73360  -43.947  -4.397  31.219 0.0000000000
73368  -42.580  -3.782  29.585 0.0000000000
71573  -35.634  -6.603  42.195 0.0000000000
72418  -36.624  -5.844  41.303 0.0000000000
72419  -36.913  -5.461  41.042 0.0000000000
73290  -37.847  -4.333  40.502 0.0000000000
74077  -39.180  -3.282  38.483 0.0000000000
74069  -39.238  -3.197  39.498 0.0000000000
74898  -39.559  -2.852  37.774 0.0000000000
74034  -40.896  -5.150  46.623 0.0000000000
74039  -40.908  -5.132  46.295 0.0000000000
73267  -41.943  -4.309  44.998 0.0000000000
73275  -41.347  -4.320  44.536 0.0000000000
74062  -41.372  -2.998  42.111 0.0000000000
74867  -43.472  -1.601  41.632 0.0000000000
74872  -40.953  -2.420  40.235 0.0000000000
74891  -41.064  -1.994  39.101 0.0000000000
75707  -41.465  -1.258  35.058 0.0000000000
76564  -41.960  -0.751  34.480 0.0000000000
77362  -44.301  0.453  36.304 0.0000000000
76578  -43.571  0.245  32.221 0.0000000000
76603  -43.355  -0.520  29.730 0.0000000000
78203  -42.084  1.832  32.097 0.0000000000
78214  -40.708  1.459  30.984 0.0000000000
76502  -42.300  0.014  39.914 0.0000000000
76501  -41.194  -0.244  39.940 0.0000000000
77358  -39.963  0.341  36.545 0.0000000000
76516  -38.633  -0.461  38.799 0.0000000000
76534  -39.045  -0.300  38.185 0.0000000000
77390  -37.887  0.664  34.278 0.0000000000
78186  -37.275  1.156  33.493 0.0000000000
77389  -37.062  0.820  34.573 0.0000000000
78174  -37.103  1.029  34.103 0.0000000000
78171  -34.675  1.266  34.162 0.0000000000
76530  -35.038  0.025  37.407 0.0000000000
77336  -34.463  0.731  37.093 0.0000000000
77323  -34.225  0.272  37.991 0.0000000000
78146  -33.968  1.423  36.345 0.0000000000
78133  -32.457  2.294  36.718 0.0000000000
78791  -38.870  2.695  46.739 0.0000000000
78790  -38.207  2.314  46.396 0.0000000000
78798  -37.810  2.727  45.966 0.0000000000
78088  -36.501  1.964  45.214 0.0000000000
79460  -37.169  3.623  45.019 0.0000000000
78096  -35.909  1.970  44.663 0.0000000000
78095  -35.178  1.862  44.127 0.0000000000
78099  -34.634  1.760  43.382 0.0000000000
79477  -35.693  3.681  43.475 0.0000000000
78810  -34.996  2.869  43.357 0.0000000000
78103  -34.076  1.520  42.600 0.0000000000
65136  -31.828  -12.552  46.335 0.0000000000
66039  -42.351  -12.493  50.396 0.0000000000
67994  -44.173  -10.444  43.451 0.0000000000
70696  -34.004  -7.297  46.884 0.0000000000
71669  -45.155  -5.719  35.193 0.0000000000
72363  -38.915  -4.892  49.021 0.0000000000
73210  -39.266  -4.078  49.343 0.0000000000
73284  -36.869  -5.333  41.286 0.0000000000
73292  -37.655  -5.250  39.726 0.0000000000
74033  -40.704  -5.240  46.536 0.0000000000
75648  -40.380  -1.111  43.859 0.0000000000
76503  -42.916  0.224  40.316 0.0000000000
77226  -42.789  -0.016  50.770 0.0000000000
77294  -44.289  0.161  40.669 0.0000000000
77300  -43.699  0.320  40.540 0.0000000000
77346  -45.290  1.082  36.685 0.0000000000
77372  -35.850  1.135  35.355 0.0000000000
77407  -41.458  1.505  33.396 0.0000000000
78094  -34.955  2.280  43.727 0.0000000000
78100  -34.942  1.327  43.779 0.0000000000
78102  -33.690  2.057  42.175 0.0000000000
78127  -44.799  1.184  37.472 0.0000000000
78139  -45.328  1.109  36.941 0.0000000000
78161  -42.997  1.874  34.530 0.0000000000
78165  -45.182  1.597  36.177 0.0000000000
78176  -42.613  1.829  33.774 0.0000000000
78218  -44.284  1.811  32.240 0.0000000000
78799  -38.385  2.800  46.297 0.0000000000
78811  -35.428  3.009  43.713 0.0000000000
78863  -44.449  2.297  33.721 0.0000000000
78867  -43.700  2.443  32.877 0.0000000000
78869  -44.593  2.197  33.527 0.0000000000
78879  -43.198  2.209  32.121 0.0000000000
78880  -43.500  2.188  32.090 0.0000000000
