#!ascii label  , from subject A00008326 vox2ras=TkReg
811
55451  -23.620  -24.733  -3.038 0.5555555820
55464  -24.683  -24.563  -3.815 0.6666666865
56338  -25.069  -23.939  -4.236 0.7777777910
57234  -25.475  -22.313  -5.436 0.8888888955
57236  -26.968  -22.213  -5.679 0.8888888955
55438  -23.203  -25.189  -2.338 0.5555555820
55450  -23.155  -24.222  -2.666 0.5555555820
56336  -23.595  -23.619  -3.541 0.6666666865
57212  -24.008  -23.034  -4.026 0.8888888955
56347  -25.592  -23.286  -4.727 0.8888888955
57245  -26.190  -22.139  -6.643 1.0000000000
58137  -27.037  -21.560  -5.785 0.8888888955
58148  -27.078  -20.759  -5.741 1.0000000000
56321  -22.897  -23.563  -2.810 0.7777777910
58127  -23.274  -21.675  -4.501 1.0000000000
59037  -22.849  -20.985  -4.647 1.0000000000
57232  -23.920  -21.783  -5.733 1.0000000000
58151  -24.583  -20.914  -6.776 1.0000000000
58143  -23.612  -21.280  -5.924 1.0000000000
58152  -25.175  -21.224  -7.142 1.0000000000
59054  -24.239  -20.367  -6.547 1.0000000000
59060  -24.767  -20.356  -7.013 1.0000000000
59061  -25.499  -20.307  -7.135 1.0000000000
59063  -26.707  -20.073  -5.937 1.0000000000
60036  -24.815  -19.450  -7.076 1.0000000000
60037  -25.809  -19.388  -7.026 1.0000000000
60039  -27.252  -19.040  -5.866 1.0000000000
61037  -26.863  -18.468  -6.476 1.0000000000
61038  -27.400  -18.244  -6.275 0.7777777910
60013  -22.429  -19.680  -4.398 0.8888888955
59046  -23.232  -20.713  -5.315 1.0000000000
60029  -24.340  -19.803  -6.791 1.0000000000
60020  -22.861  -19.524  -5.326 1.0000000000
61026  -23.714  -18.846  -6.787 1.0000000000
61035  -25.201  -18.501  -7.179 1.0000000000
61036  -26.188  -18.544  -6.951 1.0000000000
62017  -25.736  -17.664  -7.167 1.0000000000
62019  -27.123  -17.798  -6.519 1.0000000000
62005  -26.989  -17.089  -6.571 1.0000000000
62006  -27.685  -17.409  -6.310 0.7777777910
62007  -28.426  -17.423  -5.959 0.7777777910
60994  -22.233  -18.734  -4.200 0.5555555820
61978  -22.384  -17.355  -5.025 0.7777777910
61007  -22.605  -18.418  -4.970 0.8888888955
61024  -22.554  -17.659  -7.019 1.0000000000
61034  -24.042  -18.352  -7.062 1.0000000000
62003  -23.064  -17.369  -6.434 0.8888888955
62940  -22.836  -16.613  -7.358 1.0000000000
62016  -24.669  -17.532  -7.178 1.0000000000
62937  -26.196  -16.948  -6.770 1.0000000000
62922  -26.779  -16.252  -6.571 1.0000000000
62923  -27.568  -16.393  -6.446 0.8888888955
63847  -28.185  -15.594  -6.390 0.7777777910
63830  -29.170  -15.601  -5.803 0.6666666865
63848  -28.703  -15.653  -6.128 0.6666666865
61941  -20.945  -17.225  -3.169 0.4444444478
61962  -21.585  -17.185  -4.236 0.7777777910
62893  -21.816  -16.300  -4.706 0.6666666865
62905  -22.656  -16.299  -5.356 0.7777777910
61990  -23.408  -16.587  -6.138 0.8888888955
62919  -23.748  -16.161  -6.636 0.8888888955
62936  -25.318  -16.793  -7.166 1.0000000000
62920  -24.942  -16.035  -6.980 1.0000000000
62921  -25.896  -16.147  -6.713 1.0000000000
63845  -26.587  -15.426  -6.591 0.8888888955
63846  -27.463  -15.505  -6.545 0.7777777910
64794  -28.866  -14.835  -6.472 0.7777777910
64795  -29.286  -14.677  -6.356 0.6666666865
63813  -21.666  -15.227  -4.570 0.6666666865
62892  -21.531  -15.912  -4.368 0.6666666865
62904  -22.320  -15.772  -5.208 0.7777777910
63827  -22.151  -15.212  -5.203 0.7777777910
63829  -23.395  -15.402  -5.810 0.8888888955
63842  -23.901  -15.381  -6.404 0.8888888955
63843  -24.707  -15.349  -6.674 1.0000000000
63844  -25.657  -15.368  -6.669 1.0000000000
64791  -26.375  -14.645  -6.458 0.8888888955
64792  -27.365  -14.645  -6.517 0.8888888955
64793  -28.242  -14.716  -6.528 0.7777777910
65735  -29.500  -14.274  -6.619 0.7777777910
63795  -21.505  -14.781  -4.296 0.6666666865
63794  -21.161  -15.320  -3.849 0.5555555820
64777  -22.721  -14.374  -5.590 0.8888888955
64778  -23.352  -14.560  -5.860 0.8888888955
65728  -23.714  -14.180  -6.191 1.0000000000
64788  -23.831  -14.683  -6.248 1.0000000000
64790  -25.419  -14.630  -6.498 1.0000000000
65733  -28.353  -13.679  -6.503 0.7777777910
66671  -29.846  -13.484  -6.901 0.6666666865
66664  -30.361  -12.990  -6.362 0.5555555820
64751  -21.422  -14.323  -4.091 0.7777777910
65689  -21.315  -13.845  -3.883 0.6666666865
64776  -22.035  -14.301  -5.220 0.8888888955
65715  -23.541  -13.551  -6.083 1.0000000000
65729  -24.213  -13.994  -6.393 1.0000000000
65717  -25.746  -13.206  -5.876 0.8888888955
65731  -26.098  -13.931  -6.158 0.8888888955
65732  -27.149  -13.887  -6.250 0.8888888955
65719  -27.871  -13.172  -5.952 0.7777777910
66669  -28.913  -12.653  -6.684 0.7777777910
65720  -28.469  -13.022  -6.272 0.7777777910
66670  -29.373  -13.064  -6.939 0.5555555820
66662  -27.552  -12.382  -5.777 0.7777777910
67620  -30.150  -12.449  -6.979 0.5555555820
66663  -28.432  -12.420  -6.177 0.6666666865
65671  -19.701  -13.334  -2.061 0.4444444478
65688  -20.978  -13.353  -3.645 0.5555555820
65702  -21.254  -12.852  -4.222 0.7777777910
65714  -22.591  -13.399  -5.609 1.0000000000
65713  -21.854  -13.366  -5.196 0.8888888955
66658  -23.204  -12.434  -5.870 1.0000000000
65716  -24.705  -13.236  -6.072 0.8888888955
66659  -24.278  -12.466  -5.802 0.8888888955
66660  -25.371  -12.431  -5.664 0.8888888955
65718  -26.817  -13.197  -5.842 0.8888888955
67619  -29.595  -11.954  -7.104 0.5555555820
68501  -21.064  -10.917  -4.110 0.6666666865
67604  -21.588  -12.012  -4.844 0.6666666865
67605  -22.032  -11.576  -4.962 0.7777777910
67606  -22.912  -11.508  -5.441 0.7777777910
67607  -23.920  -11.606  -5.481 0.7777777910
67608  -25.005  -11.627  -5.386 0.7777777910
67609  -26.111  -11.527  -5.583 0.7777777910
67610  -27.253  -11.518  -5.657 0.6666666865
68518  -26.906  -10.649  -5.472 0.6666666865
67611  -28.321  -11.510  -6.070 0.5555555820
68519  -28.090  -10.582  -5.816 0.6666666865
68525  -28.899  -10.408  -7.031 0.5555555820
67618  -29.005  -11.625  -6.762 0.4444444478
69415  -20.868  -9.584  -3.117 0.3333333433
69440  -22.119  -10.221  -4.488 0.5555555820
68513  -21.996  -10.821  -4.657 0.6666666865
68514  -22.641  -10.543  -4.900 0.7777777910
68515  -23.614  -10.766  -5.083 0.7777777910
68504  -24.282  -10.128  -4.606 0.6666666865
68516  -24.630  -10.870  -5.031 0.6666666865
68517  -25.764  -10.623  -5.209 0.6666666865
69442  -26.533  -9.945  -5.194 0.6666666865
69443  -27.640  -9.636  -5.485 0.6666666865
69450  -28.461  -9.651  -6.415 0.5555555820
69416  -21.640  -8.957  -3.326 0.4444444478
69406  -21.130  -8.793  -2.413 0.4444444478
69417  -22.180  -8.137  -3.238 0.5555555820
69426  -22.676  -9.263  -4.078 0.5555555820
68503  -23.413  -9.969  -4.686 0.6666666865
68505  -25.233  -10.147  -4.763 0.6666666865
69441  -25.988  -10.041  -5.076 0.6666666865
70322  -28.197  -8.945  -6.047 0.6666666865
70328  -28.515  -8.933  -6.770 0.5555555820
69457  -28.696  -9.388  -7.442 0.6666666865
69427  -23.925  -9.224  -4.363 0.6666666865
69428  -24.912  -9.301  -4.576 0.6666666865
69431  -27.541  -9.069  -5.108 0.6666666865
57225  -25.141  -22.713  -4.754 0.8888888955
57211  -23.478  -22.619  -3.974 1.0000000000
58136  -24.062  -21.648  -4.955 1.0000000000
57243  -24.366  -21.713  -6.241 1.0000000000
58153  -26.213  -21.161  -7.109 1.0000000000
62876  -21.293  -16.365  -3.927 0.5555555820
64750  -20.933  -14.412  -3.570 0.5555555820
66616  -20.137  -12.521  -2.579 0.5555555820
64766  -21.671  -14.221  -4.655 0.7777777910
66615  -19.613  -12.502  -1.823 0.2222222239
70301  -23.702  -8.402  -3.791 0.6666666865
62858  -20.653  -16.321  -3.165 0.4444444478
63779  -20.290  -15.329  -3.029 0.4444444478
68533  -28.822  -9.845  -8.224 0.5555555820
70279  -20.865  -8.586  -1.602 0.2222222239
69407  -21.614  -8.143  -2.617 0.3333333433
53605  -24.143  -26.248  -2.404 0.5555555820
53606  -24.856  -26.511  -2.795 0.5555555820
55452  -24.407  -25.151  -3.359 0.6666666865
54547  -25.274  -24.983  -4.137 0.5555555820
54548  -26.051  -25.218  -4.443 0.5555555820
56349  -27.384  -23.251  -5.212 0.7777777910
53591  -23.611  -26.576  -1.787 0.5555555820
55465  -25.465  -24.382  -4.351 0.6666666865
55472  -26.176  -24.221  -4.714 0.6666666865
56348  -26.526  -23.496  -5.102 0.8888888955
57237  -27.566  -22.061  -5.496 0.7777777910
58138  -27.544  -21.267  -5.606 0.7777777910
54506  -22.400  -25.642  -1.373 0.4444444478
56308  -22.389  -23.532  -1.934 0.5555555820
59056  -27.393  -20.126  -5.649 1.0000000000
57197  -22.294  -22.591  -2.475 0.2222222239
57210  -22.791  -22.653  -3.393 0.6666666865
60031  -28.042  -19.142  -5.682 0.8888888955
61027  -27.859  -18.350  -5.946 0.6666666865
62008  -29.032  -17.140  -5.789 0.6666666865
58111  -21.947  -20.944  -3.151 0.5555555820
60000  -21.438  -19.321  -2.947 0.4444444478
62907  -29.346  -16.445  -5.570 0.5555555820
64767  -30.235  -14.498  -5.079 0.5555555820
60971  -20.827  -18.202  -2.484 0.2222222239
64780  -29.651  -14.612  -5.947 0.5555555820
65721  -30.060  -13.856  -6.428 0.5555555820
62844  -19.114  -15.700  -1.098 0.3333333433
65672  -20.270  -13.362  -2.815 0.4444444478
67612  -30.570  -11.869  -6.213 0.4444444478
65656  -19.308  -13.325  -1.127 0.3333333433
68527  -30.218  -11.100  -6.933 0.5555555820
69405  -20.567  -9.588  -1.778 0.3333333433
69414  -20.433  -10.327  -2.795 0.3333333433
69423  -20.502  -10.691  -3.260 0.4444444478
68526  -29.580  -10.613  -7.281 0.4444444478
68534  -29.254  -10.184  -8.239 0.4444444478
68541  -28.839  -9.561  -8.686 0.2222222239
70302  -24.605  -8.289  -4.185 0.6666666865
70304  -26.555  -8.465  -4.375 0.6666666865
70305  -27.516  -8.598  -4.740 0.6666666865
70314  -27.970  -8.793  -5.300 0.6666666865
69465  -28.672  -9.060  -8.364 0.3333333433
70300  -22.991  -7.986  -3.358 0.5555555820
54521  -23.623  -25.690  -2.408 0.5555555820
54535  -24.314  -25.634  -2.894 0.6666666865
54536  -25.112  -25.608  -3.647 0.6666666865
55463  -24.064  -24.135  -3.671 0.6666666865
56337  -24.522  -23.514  -4.155 0.7777777910
56346  -24.902  -22.998  -4.578 0.8888888955
57233  -24.617  -21.876  -5.561 1.0000000000
57224  -24.427  -22.420  -4.570 1.0000000000
57246  -26.452  -21.936  -6.017 1.0000000000
57235  -26.212  -22.367  -5.780 0.8888888955
56360  -26.809  -22.973  -5.369 0.8888888955
54520  -23.007  -25.685  -1.910 0.4444444478
55420  -22.175  -25.095  -1.217 0.4444444478
55437  -22.656  -24.628  -1.970 0.5555555820
56322  -23.311  -24.037  -3.007 0.6666666865
56335  -23.143  -23.145  -3.466 0.8888888955
56359  -26.331  -22.865  -5.371 0.8888888955
58147  -26.625  -21.242  -6.061 1.0000000000
57244  -25.122  -21.937  -6.605 1.0000000000
58154  -26.532  -20.664  -6.494 1.0000000000
57180  -22.075  -23.008  -1.817 0.5555555820
57223  -23.738  -22.187  -4.438 1.0000000000
58113  -22.966  -22.156  -3.853 0.8888888955
58126  -22.740  -21.271  -4.220 0.8888888955
58135  -23.650  -21.389  -5.287 1.0000000000
59036  -22.512  -20.745  -4.217 0.8888888955
57242  -23.919  -21.584  -6.164 1.0000000000
59053  -23.646  -20.512  -6.128 1.0000000000
58145  -24.646  -21.423  -6.703 1.0000000000
60021  -23.209  -19.915  -5.899 1.0000000000
60028  -23.733  -19.488  -6.389 1.0000000000
59062  -26.299  -20.142  -6.756 1.0000000000
60040  -27.450  -19.489  -5.675 0.8888888955
60038  -26.507  -19.290  -6.429 1.0000000000
60035  -24.047  -19.264  -7.003 1.0000000000
60030  -27.716  -18.850  -5.784 0.8888888955
60001  -21.948  -19.448  -3.638 0.5555555820
59023  -22.140  -20.461  -3.645 0.6666666865
59045  -22.736  -20.351  -4.803 1.0000000000
59022  -21.681  -20.304  -2.993 0.5555555820
60027  -23.070  -19.136  -6.056 1.0000000000
61025  -23.216  -18.200  -6.519 1.0000000000
62015  -23.462  -17.199  -7.120 1.0000000000
62018  -26.540  -17.748  -6.776 1.0000000000
62924  -28.236  -16.494  -6.197 0.7777777910
62925  -28.824  -16.469  -5.926 0.6666666865
60972  -21.235  -18.554  -2.929 0.5555555820
60993  -21.644  -18.197  -3.788 0.6666666865
61006  -22.164  -18.003  -4.498 0.6666666865
61977  -21.905  -17.322  -4.572 0.7777777910
62894  -22.142  -16.829  -4.958 0.6666666865
61989  -22.997  -17.193  -5.704 0.8888888955
61017  -22.861  -18.334  -5.842 1.0000000000
62004  -23.303  -16.799  -6.347 0.8888888955
62935  -24.246  -16.700  -7.044 1.0000000000
63831  -29.663  -15.488  -5.297 0.5555555820
64779  -29.095  -15.031  -6.130 0.6666666865
62877  -21.481  -16.787  -4.179 0.5555555820
61925  -20.601  -17.212  -2.368 0.3333333433
61961  -21.346  -17.277  -3.758 0.4444444478
60992  -21.172  -17.896  -3.230 0.6666666865
62906  -23.443  -16.195  -5.943 0.8888888955
63828  -22.762  -15.266  -5.492 0.8888888955
65734  -29.040  -14.081  -7.048 0.7777777910
65730  -25.121  -13.913  -6.320 0.8888888955
64737  -20.286  -14.266  -3.007 0.5555555820
65703  -21.452  -13.350  -4.448 0.6666666865
66661  -26.464  -12.380  -5.702 0.8888888955
66657  -22.341  -12.443  -5.432 0.7777777910
66648  -21.377  -12.434  -4.595 0.7777777910
68500  -20.614  -11.065  -3.545 0.5555555820
67594  -20.821  -11.685  -3.881 0.5555555820
67595  -21.355  -11.608  -4.551 0.6666666865
67596  -21.745  -11.210  -4.671 0.6666666865
66635  -20.655  -12.493  -3.369 0.7777777910
69424  -20.791  -10.411  -3.564 0.4444444478
69425  -21.582  -10.091  -3.982 0.5555555820
69429  -25.961  -9.523  -4.699 0.6666666865
69430  -26.984  -9.233  -4.906 0.6666666865
63778  -19.803  -14.901  -2.475 0.4444444478
62846  -20.292  -16.267  -2.283 0.4444444478
63767  -19.829  -15.568  -2.204 0.4444444478
69458  -29.491  -9.686  -8.972 0.3333333433
53590  -22.775  -26.313  -1.447 0.4444444478
54505  -21.868  -25.596  -0.745 0.3333333433
55436  -22.215  -24.038  -1.485 0.4444444478
61028  -28.427  -18.249  -5.754 0.6666666865
58112  -22.461  -21.574  -3.440 0.7777777910
63766  -19.260  -15.042  -1.715 0.3333333433
64736  -19.717  -14.177  -2.307 0.3333333433
68492  -20.305  -11.052  -2.856 0.3333333433
71233  -28.204  -8.244  -5.747 0.6666666865
70335  -28.474  -8.270  -7.388 0.4444444478
53609  -27.778  -27.175  -3.600 0.4444444478
53593  -29.770  -26.582  -1.570 0.2222222239
52647  -25.342  -27.349  -2.861 0.4444444478
52648  -26.113  -27.572  -3.189 0.4444444478
53607  -25.704  -26.678  -3.589 0.4444444478
53620  -27.433  -26.399  -4.256 0.4444444478
53621  -28.415  -26.455  -4.109 0.4444444478
53623  -29.443  -25.940  -3.227 0.2222222239
54549  -27.093  -25.585  -4.537 0.4444444478
54550  -28.105  -25.569  -4.927 0.4444444478
54539  -30.199  -24.900  -2.249 0.1111111119
55468  -29.445  -24.838  -3.823 0.3333333433
54558  -27.481  -25.187  -4.856 0.4444444478
55466  -28.266  -24.821  -4.926 0.3333333433
56339  -28.851  -23.861  -4.404 0.3333333433
55454  -30.126  -24.337  -2.615 0.2222222239
55474  -27.741  -24.547  -5.032 0.4444444478
55467  -28.735  -24.581  -4.513 0.3333333433
54556  -26.528  -24.654  -4.709 0.5555555820
57214  -30.107  -22.733  -3.481 0.2222222239
57198  -30.754  -22.177  -3.062 0.1111111119
57228  -28.869  -22.828  -4.434 0.3333333433
57213  -29.554  -22.248  -3.977 0.3333333433
57227  -28.129  -22.287  -5.127 0.4444444478
58129  -28.537  -21.034  -5.124 0.5555555820
59024  -29.905  -20.445  -4.152 0.4444444478
59047  -28.472  -20.214  -5.435 0.6666666865
60015  -30.340  -19.251  -3.800 0.3333333433
59048  -29.089  -19.825  -5.375 0.6666666865
60023  -29.384  -19.215  -5.115 0.5555555820
61018  -28.961  -18.524  -5.536 0.5555555820
61019  -29.470  -18.315  -5.057 0.5555555820
61008  -29.881  -18.556  -4.459 0.4444444478
61979  -29.776  -17.799  -4.769 0.3333333433
61993  -29.969  -17.146  -4.787 0.4444444478
62908  -29.824  -16.421  -5.016 0.5555555820
61992  -29.440  -17.462  -5.334 0.4444444478
70303  -25.520  -8.548  -4.402 0.5555555820
71223  -27.372  -7.691  -4.448 0.5555555820
71224  -28.156  -8.043  -4.970 0.5555555820
72078  -28.259  -7.712  -5.464 0.5555555820
52649  -27.073  -27.610  -2.979 0.4444444478
53611  -29.321  -26.452  -2.646 0.2222222239
56341  -29.979  -23.330  -3.394 0.2222222239
56324  -30.471  -23.361  -2.844 0.1111111119
58130  -29.003  -21.631  -4.577 0.4444444478
58115  -30.292  -21.634  -3.550 0.3333333433
59038  -28.815  -20.542  -5.203 0.6666666865
59039  -29.327  -20.358  -4.845 0.4444444478
71212  -25.627  -7.405  -3.881 0.5555555820
54537  -25.778  -25.975  -4.046 0.4444444478
59025  -30.551  -20.398  -3.506 0.2222222239
51677  -25.846  -28.699  -2.310 0.4444444478
51690  -27.269  -28.154  -2.367 0.4444444478
51691  -27.807  -28.191  -2.138 0.4444444478
52635  -29.054  -27.564  -1.873 0.2222222239
52620  -29.876  -27.221  -1.157 0.2222222239
52633  -24.229  -27.446  -1.867 0.4444444478
51688  -25.553  -28.059  -2.690 0.4444444478
54522  -29.967  -25.709  -2.076 0.1111111119
54523  -30.487  -25.096  -1.629 0.1111111119
53576  -29.988  -26.801  -1.211 0.1111111119
55423  -30.983  -24.571  -1.300 0.1111111119
57199  -31.149  -22.550  -2.513 0.1111111119
58101  -31.257  -21.561  -2.600 0.1111111119
58100  -30.847  -21.141  -3.053 0.1111111119
60003  -31.204  -20.058  -3.018 0.2222222239
61009  -30.313  -18.307  -3.741 0.1111111119
61980  -30.240  -17.510  -4.168 0.2222222239
62881  -30.548  -16.615  -3.532 0.2222222239
62895  -30.285  -16.452  -4.344 0.3333333433
63814  -30.200  -15.462  -4.606 0.4444444478
65693  -30.573  -13.262  -4.559 0.3333333433
65704  -30.340  -13.645  -5.685 0.4444444478
67582  -20.458  -11.741  -3.109 0.4444444478
72086  -28.270  -7.593  -6.188 0.5555555820
71221  -24.285  -7.817  -3.548 0.5555555820
71211  -24.943  -7.422  -3.392 0.5555555820
71213  -26.350  -7.437  -4.219 0.5555555820
72077  -28.217  -6.966  -4.982 0.5555555820
53592  -24.369  -26.807  -2.169 0.4444444478
55473  -26.892  -24.204  -4.946 0.5555555820
61991  -28.852  -17.767  -5.675 0.5555555820
69451  -29.728  -10.100  -8.264 0.3333333433
56350  -28.361  -23.683  -4.751 0.3333333433
53610  -28.618  -26.914  -3.209 0.4444444478
52651  -28.812  -27.208  -2.600 0.3333333433
52650  -28.157  -27.722  -2.555 0.4444444478
51687  -25.065  -27.827  -2.553 0.4444444478
51689  -26.426  -28.171  -2.646 0.4444444478
53619  -26.459  -26.176  -4.130 0.4444444478
53608  -26.749  -27.015  -3.710 0.4444444478
53622  -29.116  -26.253  -3.583 0.4444444478
54551  -29.004  -25.633  -4.253 0.4444444478
54552  -29.407  -25.625  -3.617 0.4444444478
54538  -29.675  -25.247  -2.922 0.1111111119
55439  -30.708  -24.064  -1.992 0.1111111119
56340  -29.417  -23.584  -3.907 0.3333333433
55453  -29.766  -24.153  -3.197 0.2222222239
56323  -29.899  -23.612  -3.329 0.2222222239
59040  -30.032  -19.987  -4.212 0.3333333433
58114  -29.756  -21.106  -4.083 0.4444444478
60014  -29.805  -19.474  -4.516 0.4444444478
60022  -28.825  -19.394  -5.518 0.5555555820
70293  -25.851  -7.927  -4.226 0.5555555820
70292  -25.218  -7.854  -4.089 0.5555555820
56325  -31.031  -23.110  -2.398 0.1111111119
72067  -25.510  -7.075  -3.427 0.5555555820
59011  -30.938  -20.610  -3.063 0.2222222239
51678  -26.717  -28.696  -2.139 0.4444444478
51680  -28.325  -28.267  -1.781 0.4444444478
51681  -28.968  -28.250  -1.424 0.2222222239
52634  -28.508  -27.872  -2.077 0.4444444478
53594  -30.300  -25.896  -1.418 0.1111111119
47825  -26.623  -31.826  2.954 0.1111111119
48793  -24.551  -31.341  0.515 0.3333333433
48764  -25.901  -31.503  2.154 0.2222222239
47826  -27.506  -31.621  2.758 0.1111111119
50714  -22.879  -29.812  -0.166 0.3333333433
49771  -22.616  -30.514  0.428 0.3333333433
48792  -23.428  -31.279  0.405 0.3333333433
48794  -25.720  -31.345  0.438 0.3333333433
48795  -26.727  -31.126  0.466 0.3333333433
48783  -26.345  -31.332  1.276 0.2222222239
48765  -26.947  -31.346  2.113 0.2222222239
48766  -27.946  -31.330  2.088 0.1111111119
48784  -27.420  -31.034  1.229 0.2222222239
51650  -22.089  -28.300  -0.051 0.2222222239
50724  -22.647  -29.090  -0.287 0.2222222239
50713  -22.199  -29.353  0.354 0.2222222239
49772  -23.799  -30.483  -0.259 0.3333333433
49773  -25.096  -30.822  -0.240 0.3333333433
52618  -22.270  -27.530  -0.472 0.2222222239
52619  -23.091  -27.831  -0.988 0.3333333433
50725  -23.434  -29.420  -0.719 0.3333333433
51661  -23.770  -28.527  -1.346 0.3333333433
51662  -24.372  -28.905  -1.606 0.3333333433
49788  -23.990  -29.962  -0.864 0.3333333433
50727  -25.178  -29.696  -1.298 0.3333333433
49790  -25.673  -30.335  -0.825 0.3333333433
49791  -26.675  -30.270  -0.647 0.3333333433
50729  -27.260  -29.602  -0.856 0.3333333433
49792  -27.572  -30.167  -0.381 0.3333333433
49776  -27.837  -30.450  0.088 0.1111111119
49793  -28.138  -30.199  -0.223 0.2222222239
52617  -21.811  -26.946  -0.324 0.2222222239
53575  -22.915  -27.056  -1.151 0.3333333433
51675  -24.071  -27.995  -1.701 0.3333333433
51676  -24.728  -28.381  -2.095 0.3333333433
50739  -24.784  -29.170  -1.663 0.3333333433
50741  -26.248  -29.111  -1.842 0.3333333433
50728  -26.220  -29.668  -1.298 0.3333333433
51663  -26.955  -29.097  -1.514 0.3333333433
50730  -28.427  -29.716  -0.524 0.1111111119
53573  -21.549  -26.359  -0.198 0.3333333433
53574  -22.220  -26.484  -0.795 0.3333333433
51679  -27.492  -28.591  -1.871 0.3333333433
64755  -30.553  -14.405  -4.108 0.2222222239
63799  -30.584  -15.482  -3.676 0.2222222239
66649  -30.630  -12.523  -5.427 0.3333333433
48782  -25.335  -31.503  1.282 0.3333333433
49789  -24.666  -30.147  -0.798 0.3333333433
49774  -26.198  -30.969  -0.299 0.3333333433
52632  -23.614  -27.575  -1.455 0.3333333433
51664  -27.879  -29.040  -1.279 0.3333333433
47807  -26.322  -32.716  3.826 0.1111111119
47790  -27.364  -32.971  4.299 0.1111111119
49756  -22.414  -31.224  0.779 0.3333333433
48779  -22.966  -31.898  0.748 0.3333333433
48780  -23.883  -31.817  0.980 0.3333333433
47834  -24.225  -32.052  1.684 0.3333333433
48763  -24.954  -31.894  1.997 0.3333333433
47808  -27.620  -32.172  3.599 0.1111111119
48746  -28.367  -31.673  2.895 0.1111111119
51649  -21.597  -28.451  0.661 0.2222222239
48767  -28.922  -31.321  2.141 0.1111111119
52605  -21.882  -27.748  -0.109 0.2222222239
49757  -28.122  -30.577  0.716 0.1111111119
50715  -28.789  -30.005  -0.233 0.1111111119
50716  -29.221  -29.875  -0.125 0.1111111119
51665  -28.790  -28.810  -1.069 0.1111111119
54491  -21.279  -25.485  -0.035 0.1111111119
67597  -30.765  -11.312  -5.097 0.2222222239
58099  -22.103  -21.896  -2.642 0.5555555820
55419  -21.789  -24.558  -0.885 0.3333333433
48781  -24.584  -31.727  1.283 0.3333333433
48791  -22.828  -31.264  0.518 0.3333333433
48796  -27.429  -30.759  0.485 0.2222222239
48785  -28.466  -30.905  1.429 0.1111111119
51660  -22.859  -28.462  -0.658 0.3333333433
50726  -24.273  -29.461  -1.260 0.3333333433
49775  -27.084  -30.667  -0.077 0.3333333433
50740  -25.489  -29.180  -1.805 0.3333333433
49777  -28.659  -30.276  0.061 0.1111111119
47824  -25.535  -32.197  2.860 0.2222222239
48778  -22.208  -31.733  1.167 0.2222222239
47833  -23.553  -32.331  1.526 0.3333333433
49770  -21.978  -29.958  0.762 0.2222222239
64756  -30.934  -14.381  -3.221 0.1111111119
65681  -31.276  -13.422  -2.634 0.1111111119
65694  -30.849  -13.361  -3.497 0.1111111119
66625  -31.263  -12.293  -2.885 0.1111111119
66637  -30.879  -12.474  -3.748 0.1111111119
67584  -31.134  -11.499  -3.498 0.1111111119
66636  -30.831  -12.034  -4.420 0.1111111119
69452  -30.030  -9.918  -7.589 0.1111111119
69444  -30.331  -9.900  -6.470 0.1111111119
70315  -30.335  -8.951  -7.001 0.1111111119
71209  -23.254  -7.130  -2.781 0.4444444478
71220  -23.641  -7.657  -3.351 0.4444444478
70330  -29.861  -8.936  -8.899 0.1111111119
69466  -28.913  -9.178  -8.934 0.1111111119
70329  -29.212  -8.674  -9.148 0.1111111119
72068  -25.991  -6.859  -3.658 0.4444444478
72055  -26.319  -6.322  -3.108 0.4444444478
72056  -26.826  -6.062  -3.236 0.4444444478
72069  -26.932  -6.564  -4.039 0.4444444478
72907  -27.513  -5.695  -4.521 0.4444444478
72085  -28.234  -6.811  -6.016 0.4444444478
72918  -28.145  -6.725  -7.237 0.4444444478
98796  -27.973  -7.150  -8.167 0.2222222239
70336  -28.252  -7.724  -8.957 0.2222222239
73740  -25.818  -4.056  -9.191 0.1111111119
72939  -26.642  -5.210  -9.538 0.1111111119
98810  -28.280  -7.505  -9.918 0.1111111119
72052  -23.416  -6.344  -2.152 0.4444444478
72053  -24.152  -5.928  -2.844 0.4444444478
72054  -25.286  -6.391  -3.059 0.3333333433
73689  -27.504  -4.933  -4.264 0.4444444478
73690  -27.576  -4.705  -4.989 0.4444444478
72917  -27.977  -6.002  -5.709 0.4444444478
73700  -28.002  -5.781  -7.257 0.4444444478
74471  -27.308  -4.010  -5.894 0.3333333433
73709  -27.856  -5.207  -7.535 0.3333333433
98807  -27.788  -6.032  -7.740 0.1111111119
98802  -27.490  -6.599  -8.729 0.1111111119
98799  -27.657  -7.056  -8.842 0.2222222239
98804  -27.451  -6.789  -9.317 0.1111111119
72951  -27.126  -5.982  -9.847 0.1111111119
72882  -26.367  -5.909  -2.798 0.3333333433
72896  -26.823  -5.027  -3.257 0.3333333433
73699  -28.003  -5.178  -6.518 0.4444444478
74478  -27.421  -4.307  -7.068 0.2222222239
74488  -27.374  -4.705  -7.811 0.2222222239
73719  -26.769  -4.755  -8.564 0.1111111119
74477  -26.591  -3.376  -6.547 0.1111111119
74487  -26.347  -4.076  -7.866 0.1111111119
73730  -26.808  -5.170  -8.931 0.1111111119
74498  -26.005  -4.127  -8.411 0.1111111119
72889  -26.057  -5.461  -2.806 0.3333333433
73679  -25.536  -4.785  -2.430 0.3333333433
73680  -26.101  -4.231  -2.750 0.3333333433
73683  -27.168  -4.303  -3.806 0.3333333433
73684  -27.271  -4.059  -4.442 0.3333333433
74467  -27.111  -3.701  -4.880 0.2222222239
75252  -25.696  -2.941  -7.760 0.1111111119
74497  -25.674  -3.663  -8.665 0.1111111119
75260  -24.710  -2.563  -8.968 0.1111111119
73673  -24.484  -4.308  -0.256 0.1111111119
73677  -26.001  -3.800  -1.835 0.1111111119
74459  -26.333  -3.171  -2.151 0.2222222239
74462  -26.416  -3.255  -3.437 0.2222222239
74466  -26.475  -3.032  -4.459 0.2222222239
75239  -26.165  -2.093  -4.960 0.1111111119
75243  -25.749  -2.240  -5.970 0.1111111119
75246  -25.882  -2.689  -7.088 0.1111111119
75245  -25.168  -2.129  -7.529 0.1111111119
74486  -25.694  -3.343  -8.088 0.1111111119
74509  -25.383  -3.548  -9.742 0.1111111119
74510  -25.666  -3.986  -10.513 0.1111111119
74455  -25.157  -3.680  -0.573 0.1111111119
74451  -25.134  -3.038  -0.469 0.1111111119
74456  -25.798  -3.260  -1.077 0.1111111119
75229  -25.848  -2.214  -1.558 0.1111111119
76033  -25.640  -1.218  -3.253 0.1111111119
75233  -26.088  -2.194  -2.712 0.1111111119
75236  -26.279  -2.051  -3.878 0.2222222239
76037  -25.039  -0.326  -5.086 0.1111111119
76046  -25.618  -1.480  -5.384 0.1111111119
76045  -24.704  -0.752  -5.973 0.1111111119
75242  -25.196  -1.798  -6.748 0.1111111119
75219  -25.408  -2.306  -0.424 0.1111111119
76012  -25.648  -1.207  -1.027 0.1111111119
76023  -25.789  -1.232  -2.122 0.1111111119
76882  -25.414  -0.207  -2.641 0.1111111119
76896  -25.297  -0.299  -3.737 0.1111111119
76913  -25.109  -0.129  -4.535 0.1111111119
76876  -25.989  -0.301  -1.624 0.1111111119
64744  -31.361  -14.467  -2.464 0.1111111119
67583  -30.928  -11.173  -4.179 0.1111111119
68507  -30.676  -10.382  -5.051 0.1111111119
70323  -30.137  -8.965  -8.076 0.1111111119
71210  -23.957  -6.960  -3.238 0.4444444478
98798  -29.052  -7.908  -9.435 0.1111111119
98800  -27.556  -7.154  -9.588 0.2222222239
73720  -27.326  -5.586  -8.438 0.1111111119
72940  -27.052  -5.792  -9.226 0.1111111119
72962  -27.399  -5.933  -10.523 0.1111111119
72906  -27.393  -5.106  -3.819 0.3333333433
73729  -26.221  -4.412  -8.869 0.1111111119
77694  -25.401  0.865  -2.843 0.1111111119
65662  -31.645  -13.561  -1.787 0.1111111119
68520  -30.508  -10.730  -5.886 0.2222222239
69459  -30.017  -9.649  -8.541 0.1111111119
71201  -24.471  -6.605  -3.157 0.4444444478
72890  -26.716  -5.570  -3.091 0.4444444478
75218  -25.128  -2.877  -0.118 0.1111111119
63800  -30.988  -15.168  -2.944 0.1111111119
66605  -32.019  -12.615  -1.121 0.1111111119
65663  -32.161  -13.716  -1.012 0.1111111119
67554  -31.873  -11.579  -1.314 0.1111111119
67553  -31.552  -11.500  -2.115 0.1111111119
68474  -31.546  -10.683  -2.299 0.1111111119
68493  -30.793  -10.470  -4.325 0.1111111119
68494  -31.091  -10.560  -3.590 0.1111111119
69432  -30.550  -9.736  -5.425 0.1111111119
70306  -30.529  -8.870  -5.831 0.1111111119
71252  -29.938  -8.071  -8.441 0.1111111119
72066  -23.714  -6.348  -2.964 0.4444444478
72952  -29.037  -6.832  -10.118 0.1111111119
72963  -28.352  -6.363  -10.402 0.1111111119
72887  -24.078  -5.749  -1.650 0.2222222239
72888  -24.882  -5.262  -2.329 0.2222222239
72874  -24.231  -5.080  -0.123 0.1111111119
73676  -25.392  -4.373  -1.484 0.2222222239
73754  -25.820  -4.473  -10.998 0.1111111119
73661  -24.518  -4.079  0.651 0.1111111119
75207  -25.197  -2.806  0.368 0.1111111119
75270  -24.437  -2.652  -9.982 0.1111111119
75202  -25.448  -2.843  1.116 0.1111111119
75208  -25.760  -2.207  0.598 0.1111111119
76055  -24.374  -1.321  -7.231 0.1111111119
76075  -23.849  -2.035  -8.484 0.1111111119
75259  -23.649  -1.622  -9.293 0.1111111119
76003  -26.085  -1.407  -0.055 0.1111111119
76881  -25.130  0.353  -3.381 0.1111111119
77727  -24.316  1.401  -4.733 0.1111111119
77695  -25.901  0.666  -2.044 0.1111111119
66604  -31.593  -12.491  -1.966 0.1111111119
67572  -31.363  -11.322  -2.734 0.1111111119
71251  -29.525  -8.109  -9.044 0.1111111119
98809  -28.159  -7.527  -9.701 0.2222222239
98803  -28.369  -7.656  -9.668 0.1111111119
73741  -26.039  -4.436  -9.899 0.1111111119
72950  -26.580  -5.284  -10.382 0.1111111119
72124  -28.639  -7.375  -9.867 0.1111111119
72123  -27.935  -7.160  -10.158 0.2222222239
72115  -27.382  -6.737  -10.002 0.2222222239
72881  -24.538  -5.101  -1.023 0.1111111119
74463  -26.891  -3.674  -4.196 0.2222222239
74470  -26.563  -3.086  -5.432 0.1111111119
75251  -25.201  -2.578  -8.237 0.1111111119
76076  -24.457  -2.322  -8.362 0.1111111119
76066  -24.267  -1.987  -7.907 0.1111111119
76038  -25.615  -0.965  -4.602 0.1111111119
76912  -24.447  0.290  -5.082 0.1111111119
76895  -24.875  0.438  -4.181 0.1111111119
98811  -29.425  -7.137  -9.365 0.1111111119
72961  -26.567  -5.292  -11.313 0.1111111119
73672  -24.134  -4.844  0.164 0.1111111119
74450  -24.769  -3.358  0.057 0.1111111119
76044  -23.994  0.215  -6.683 0.1111111119
59007  -21.102  -20.226  -2.121 0.2222222239
59006  -20.826  -19.649  -1.902 0.2222222239
58098  -21.707  -21.354  -2.455 0.3333333433
70290  -22.537  -7.497  -2.634 0.3333333433
70282  -22.038  -7.173  -2.042 0.2222222239
72043  -22.503  -6.183  -1.144 0.1111111119
72886  -23.383  -5.944  -1.149 0.1111111119
68481  -19.974  -10.871  -1.813 0.2222222239
67563  -19.586  -11.740  -1.568 0.1111111119
68480  -19.640  -11.352  -1.276 0.1111111119
70263  -20.691  -8.775  -0.870 0.1111111119
71191  -21.218  -6.642  -1.069 0.1111111119
72035  -21.762  -6.356  -0.457 0.1111111119
69408  -21.987  -7.651  -2.549 0.2222222239
70280  -21.253  -8.035  -1.845 0.1111111119
56307  -21.912  -23.510  -1.381 0.2222222239
57196  -21.888  -22.095  -2.312 0.2222222239
70281  -21.578  -7.509  -2.060 0.1111111119
61924  -20.459  -17.069  -1.598 0.1111111119
62845  -19.837  -16.131  -1.509 0.3333333433
71199  -22.634  -6.850  -1.975 0.3333333433
72042  -21.740  -6.282  -1.089 0.1111111119
70265  -21.100  -7.306  -1.479 0.1111111119
70266  -21.502  -6.953  -1.710 0.1111111119
70264  -20.873  -7.901  -1.002 0.1111111119
71192  -21.868  -6.540  -1.590 0.1111111119
71177  -20.696  -7.500  -0.449 0.1111111119
71178  -20.861  -6.938  -0.032 0.1111111119
59012  -31.350  -20.551  -2.713 0.1111111119
47822  -23.224  -32.791  2.098 0.1111111119
47823  -24.240  -32.565  2.643 0.1111111119
47820  -21.490  -32.695  1.833 0.1111111119
47831  -22.085  -32.347  1.524 0.1111111119
49755  -21.611  -30.575  1.280 0.1111111119
56288  -21.591  -23.501  -0.624 0.1111111119
64724  -19.077  -14.316  -1.059 0.2222222239
64725  -19.369  -14.065  -1.645 0.2222222239
65655  -19.109  -13.831  -0.651 0.2222222239
65637  -18.876  -13.171  -0.278 0.2222222239
59981  -20.770  -19.074  -1.753 0.1111111119
59982  -21.070  -19.168  -2.301 0.1111111119
46768  -23.528  -33.054  2.722 0.1111111119
48762  -21.618  -31.709  1.609 0.1111111119
49741  -21.293  -31.138  1.818 0.1111111119
50700  -20.988  -29.417  1.510 0.1111111119
50712  -21.555  -29.373  0.985 0.1111111119
52587  -21.254  -27.880  0.964 0.1111111119
58986  -20.698  -20.042  -1.418 0.1111111119
64708  -19.037  -14.391  -0.328 0.2222222239
65621  -18.667  -12.820  0.409 0.2222222239
66582  -18.812  -12.218  0.048 0.1111111119
46767  -22.982  -33.405  2.494 0.1111111119
65638  -19.202  -12.809  -0.689 0.2222222239
66598  -19.364  -12.397  -1.086 0.1111111119
63765  -18.863  -15.041  -0.965 0.2222222239
52604  -21.461  -27.365  0.308 0.1111111119
47832  -22.727  -32.465  1.353 0.1111111119
58080  -21.239  -21.199  -1.334 0.1111111119
47821  -22.424  -32.998  1.821 0.1111111119
46766  -22.018  -33.795  2.250 0.1111111119
48761  -21.030  -31.701  2.058 0.1111111119
56272  -21.553  -23.501  0.173 0.1111111119
64676  -19.254  -14.174  1.345 0.1111111119
49754  -21.011  -29.998  1.798 0.1111111119
55401  -21.176  -24.654  0.358 0.1111111119
57160  -21.525  -22.408  -0.625 0.1111111119
66568  -19.380  -12.269  0.755 0.1111111119
67529  -19.137  -11.551  0.226 0.1111111119
68464  -20.133  -10.364  -0.873 0.1111111119
62833  -19.196  -15.795  -0.831 0.1111111119
52646  -24.754  -27.398  -2.392 0.4444444478
54557  -26.972  -24.916  -4.754 0.4444444478
55475  -28.292  -24.441  -4.848 0.4444444478
56351  -28.884  -23.506  -4.393 0.3333333433
56358  -25.902  -22.722  -5.355 0.8888888955
57226  -27.518  -22.451  -5.379 0.7777777910
57249  -25.233  -21.726  -7.108 1.0000000000
57250  -25.618  -21.774  -7.165 1.0000000000
58128  -23.867  -21.974  -4.632 1.0000000000
58144  -24.129  -21.134  -6.386 1.0000000000
58146  -26.508  -21.610  -6.815 1.0000000000
59026  -31.021  -20.376  -3.061 0.1111111119
59055  -26.895  -20.521  -5.784 1.0000000000
59064  -27.162  -19.671  -5.686 0.8888888955
61032  -22.595  -17.414  -7.103 1.0000000000
61033  -23.069  -17.703  -7.038 1.0000000000
62001  -21.665  -17.164  -7.229 0.8888888955
62002  -22.133  -17.388  -6.863 1.0000000000
62012  -21.767  -17.016  -7.431 0.8888888955
62013  -22.179  -17.088  -7.392 1.0000000000
62014  -22.796  -17.196  -7.199 1.0000000000
62020  -22.295  -16.634  -7.657 1.0000000000
62021  -22.577  -16.806  -7.445 1.0000000000
62022  -23.094  -17.070  -7.212 1.0000000000
62916  -21.697  -16.916  -7.137 0.8888888955
62917  -21.759  -16.784  -6.719 0.8888888955
62918  -22.623  -16.348  -6.836 0.8888888955
62931  -21.479  -16.803  -7.354 0.8888888955
62932  -21.794  -16.601  -7.636 0.8888888955
62933  -22.515  -15.971  -7.487 1.0000000000
62934  -23.186  -16.549  -6.994 1.0000000000
62938  -21.931  -16.296  -7.960 1.0000000000
62939  -22.462  -16.324  -7.824 1.0000000000
63753  -19.124  -15.392  -0.704 0.1111111119
63812  -21.420  -15.717  -4.185 0.6666666865
63839  -21.612  -16.628  -7.409 0.8888888955
63840  -21.637  -15.944  -7.087 0.8888888955
63841  -22.159  -15.751  -7.248 1.0000000000
63853  -21.327  -16.641  -7.385 0.8888888955
63854  -21.666  -16.205  -7.594 0.8888888955
63855  -21.916  -15.583  -7.589 1.0000000000
63856  -21.948  -16.019  -8.067 1.0000000000
63857  -22.100  -15.811  -8.066 1.0000000000
64690  -18.656  -13.627  0.534 0.2222222239
64789  -24.531  -14.642  -6.497 1.0000000000
65610  -18.677  -12.933  1.026 0.2222222239
66559  -19.021  -12.556  1.247 0.2222222239
66567  -19.006  -12.271  0.601 0.1111111119
66583  -19.129  -12.304  -0.487 0.1111111119
66647  -21.045  -12.388  -4.110 0.7777777910
66656  -21.693  -12.509  -5.028 0.7777777910
67513  -19.324  -11.583  0.468 0.1111111119
67564  -19.959  -11.721  -2.335 0.1111111119
68502  -21.577  -10.842  -4.462 0.6666666865
68506  -25.731  -10.091  -4.971 0.6666666865
68542  -29.014  -9.828  -8.791 0.2222222239
69439  -21.812  -10.489  -4.443 0.5555555820
70291  -24.887  -7.838  -3.903 0.5555555820
71190  -20.795  -7.187  -0.821 0.1111111119
71200  -24.032  -6.372  -3.208 0.4444444478
71222  -24.687  -7.844  -3.769 0.5555555820
71242  -28.348  -8.398  -6.449 0.6666666865
72044  -26.625  -6.035  -2.913 0.4444444478
72045  -26.732  -5.803  -3.008 0.4444444478
72065  -23.520  -6.638  -2.849 0.4444444478
72883  -26.506  -5.691  -2.924 0.3333333433
72897  -27.176  -5.695  -3.584 0.4444444478
73728  -25.866  -4.085  -8.876 0.1111111119
73753  -25.654  -4.023  -11.165 0.1111111119
98797  -27.748  -6.753  -8.304 0.1111111119
98801  -27.745  -7.295  -9.510 0.2222222239
98805  -27.620  -7.202  -9.818 0.2222222239
98806  -27.924  -7.429  -9.664 0.2222222239
