#!ascii label  , from subject A00008326 vox2ras=TkReg
273
56325  -31.031  -23.110  -2.398 0.0000000000
59048  -29.089  -19.825  -5.375 0.0000000000
69443  -27.640  -9.636  -5.485 0.0000000000
66670  -29.373  -13.064  -6.939 0.0000000000
64755  -30.553  -14.405  -4.108 0.0000000000
60958  -32.273  -18.246  -1.602 0.0000000000
70305  -27.516  -8.598  -4.740 0.0000000000
65721  -30.060  -13.856  -6.428 0.0000000000
63848  -28.703  -15.653  -6.128 0.0000000000
58115  -30.292  -21.634  -3.550 0.0000000000
60015  -30.340  -19.251  -3.800 0.0000000000
58996  -32.207  -20.598  -1.795 0.0000000000
51680  -28.325  -28.267  -1.781 0.0000000000
56339  -28.851  -23.861  -4.404 0.0000000000
74466  -26.475  -3.032  -4.459 0.0000000000
73690  -27.576  -4.705  -4.989 0.0000000000
72918  -28.145  -6.725  -7.237 0.0000000000
70335  -28.474  -8.270  -7.388 0.0000000000
69458  -29.491  -9.686  -8.972 0.0000000000
67611  -28.321  -11.510  -6.070 0.0000000000
69452  -30.030  -9.918  -7.589 0.0000000000
68507  -30.676  -10.382  -5.051 0.0000000000
67584  -31.134  -11.499  -3.498 0.0000000000
65662  -31.645  -13.561  -1.787 0.0000000000
61992  -29.440  -17.462  -5.334 0.0000000000
62865  -30.872  -16.708  -2.711 0.0000000000
63847  -28.185  -15.594  -6.390 0.0000000000
62923  -27.568  -16.393  -6.446 0.0000000000
57198  -30.754  -22.177  -3.062 0.0000000000
58100  -30.847  -21.141  -3.053 0.0000000000
57185  -31.670  -21.957  -2.127 0.0000000000
48785  -28.466  -30.905  1.429 0.0000000000
49777  -28.659  -30.276  0.061 0.0000000000
50716  -29.221  -29.875  -0.125 0.0000000000
56350  -28.361  -23.683  -4.751 0.0000000000
55474  -27.741  -24.547  -5.032 0.0000000000
73699  -28.003  -5.178  -6.518 0.0000000000
69431  -27.541  -9.069  -5.108 0.0000000000
71233  -28.204  -8.244  -5.747 0.0000000000
70328  -28.515  -8.933  -6.770 0.0000000000
69465  -28.672  -9.060  -8.364 0.0000000000
69450  -28.461  -9.651  -6.415 0.0000000000
66663  -28.432  -12.420  -6.177 0.0000000000
68526  -29.580  -10.613  -7.281 0.0000000000
68527  -30.218  -11.100  -6.933 0.0000000000
69444  -30.331  -9.900  -6.470 0.0000000000
67612  -30.570  -11.869  -6.213 0.0000000000
64767  -30.235  -14.498  -5.079 0.0000000000
65693  -30.573  -13.262  -4.559 0.0000000000
65694  -30.849  -13.361  -3.497 0.0000000000
66625  -31.263  -12.293  -2.885 0.0000000000
64756  -30.934  -14.381  -3.221 0.0000000000
60031  -28.042  -19.142  -5.682 0.0000000000
61028  -28.427  -18.249  -5.754 0.0000000000
61018  -28.961  -18.524  -5.536 0.0000000000
60979  -31.292  -18.875  -2.579 0.0000000000
61966  -30.567  -17.595  -3.247 0.0000000000
61950  -31.710  -17.520  -1.811 0.0000000000
63773  -31.898  -15.756  -1.584 0.0000000000
62853  -32.534  -16.918  -1.015 0.0000000000
51666  -29.690  -28.265  -0.949 0.0000000000
52651  -28.812  -27.208  -2.600 0.0000000000
53593  -29.770  -26.582  -1.570 0.0000000000
54522  -29.967  -25.709  -2.076 0.0000000000
65733  -28.353  -13.679  -6.503 0.0000000000
66671  -29.846  -13.484  -6.901 0.0000000000
65735  -29.500  -14.274  -6.619 0.0000000000
64779  -29.095  -15.031  -6.130 0.0000000000
63831  -29.663  -15.488  -5.297 0.0000000000
59039  -29.327  -20.358  -4.845 0.0000000000
60014  -29.805  -19.474  -4.516 0.0000000000
59025  -30.551  -20.398  -3.506 0.0000000000
60003  -31.204  -20.058  -3.018 0.0000000000
59971  -32.301  -19.589  -1.716 0.0000000000
50731  -29.463  -29.237  -0.503 0.0000000000
58129  -28.537  -21.034  -5.124 0.0000000000
58130  -29.003  -21.631  -4.577 0.0000000000
57214  -30.107  -22.733  -3.481 0.0000000000
56323  -29.899  -23.612  -3.329 0.0000000000
75239  -26.165  -2.093  -4.960 0.0000000000
73683  -27.168  -4.303  -3.806 0.0000000000
74467  -27.111  -3.701  -4.880 0.0000000000
74478  -27.421  -4.307  -7.068 0.0000000000
73709  -27.856  -5.207  -7.535 0.0000000000
98802  -27.490  -6.599  -8.729 0.0000000000
72078  -28.259  -7.712  -5.464 0.0000000000
98796  -27.973  -7.150  -8.167 0.0000000000
70336  -28.252  -7.724  -8.957 0.0000000000
98798  -29.052  -7.908  -9.435 0.0000000000
70329  -29.212  -8.674  -9.148 0.0000000000
70330  -29.861  -8.936  -8.899 0.0000000000
68519  -28.090  -10.582  -5.816 0.0000000000
68525  -28.899  -10.408  -7.031 0.0000000000
69451  -29.728  -10.100  -8.264 0.0000000000
70315  -30.335  -8.951  -7.001 0.0000000000
70306  -30.529  -8.870  -5.831 0.0000000000
69419  -30.998  -9.691  -3.689 0.0000000000
66649  -30.630  -12.523  -5.427 0.0000000000
67583  -30.928  -11.173  -4.179 0.0000000000
62006  -27.685  -17.409  -6.310 0.0000000000
62008  -29.032  -17.140  -5.789 0.0000000000
62908  -29.824  -16.421  -5.016 0.0000000000
61008  -29.881  -18.556  -4.459 0.0000000000
62881  -30.548  -16.615  -3.532 0.0000000000
63799  -30.584  -15.482  -3.676 0.0000000000
64744  -31.361  -14.467  -2.464 0.0000000000
64730  -31.779  -14.658  -1.697 0.0000000000
54552  -29.407  -25.625  -3.617 0.0000000000
54539  -30.199  -24.900  -2.249 0.0000000000
55423  -30.983  -24.571  -1.300 0.0000000000
57199  -31.149  -22.550  -2.513 0.0000000000
57186  -32.119  -22.128  -1.594 0.0000000000
56310  -31.420  -23.053  -1.858 0.0000000000
48786  -29.375  -30.834  1.499 0.0000000000
49757  -28.122  -30.577  0.716 0.0000000000
49758  -29.011  -30.599  0.799 0.0000000000
70322  -28.197  -8.945  -6.047 0.0000000000
69457  -28.696  -9.388  -7.442 0.0000000000
65720  -28.469  -13.022  -6.272 0.0000000000
66669  -28.913  -12.653  -6.684 0.0000000000
67619  -29.595  -11.954  -7.104 0.0000000000
67620  -30.150  -12.449  -6.979 0.0000000000
60022  -28.825  -19.394  -5.518 0.0000000000
60980  -31.916  -18.489  -1.940 0.0000000000
61949  -31.153  -17.801  -2.432 0.0000000000
62852  -32.011  -16.771  -1.444 0.0000000000
61931  -32.265  -17.728  -1.481 0.0000000000
62839  -32.926  -17.117  -0.702 0.0000000000
61932  -32.707  -17.615  -1.090 0.0000000000
52620  -29.876  -27.221  -1.157 0.0000000000
64792  -27.365  -14.645  -6.517 0.0000000000
65734  -29.040  -14.081  -7.048 0.0000000000
64793  -28.242  -14.716  -6.528 0.0000000000
64794  -28.866  -14.835  -6.472 0.0000000000
63830  -29.170  -15.601  -5.803 0.0000000000
58114  -29.756  -21.106  -4.083 0.0000000000
59024  -29.905  -20.445  -4.152 0.0000000000
58087  -31.745  -21.029  -2.202 0.0000000000
59012  -31.350  -20.551  -2.713 0.0000000000
58995  -31.897  -20.174  -2.191 0.0000000000
59989  -31.677  -19.540  -2.439 0.0000000000
59957  -32.604  -19.814  -1.403 0.0000000000
48784  -27.420  -31.034  1.229 0.0000000000
48765  -26.947  -31.346  2.113 0.0000000000
50732  -30.214  -28.933  -0.432 0.0000000000
57228  -28.869  -22.828  -4.434 0.0000000000
56340  -29.417  -23.584  -3.907 0.0000000000
56341  -29.979  -23.330  -3.394 0.0000000000
55453  -29.766  -24.153  -3.197 0.0000000000
75243  -25.749  -2.240  -5.970 0.0000000000
74470  -26.563  -3.086  -5.432 0.0000000000
73684  -27.271  -4.059  -4.442 0.0000000000
74471  -27.308  -4.010  -5.894 0.0000000000
73700  -28.002  -5.781  -7.257 0.0000000000
98807  -27.788  -6.032  -7.740 0.0000000000
71224  -28.156  -8.043  -4.970 0.0000000000
72086  -28.270  -7.593  -6.188 0.0000000000
68541  -28.839  -9.561  -8.686 0.0000000000
69466  -28.913  -9.178  -8.934 0.0000000000
67610  -27.253  -11.518  -5.657 0.0000000000
70323  -30.137  -8.965  -8.076 0.0000000000
68520  -30.508  -10.730  -5.886 0.0000000000
69432  -30.550  -9.736  -5.425 0.0000000000
69418  -30.688  -9.660  -4.515 0.0000000000
66664  -30.361  -12.990  -6.362 0.0000000000
66637  -30.879  -12.474  -3.748 0.0000000000
66636  -30.831  -12.034  -4.420 0.0000000000
68494  -31.091  -10.560  -3.590 0.0000000000
65681  -31.276  -13.422  -2.634 0.0000000000
62005  -26.989  -17.089  -6.571 0.0000000000
61991  -28.852  -17.767  -5.675 0.0000000000
61993  -29.969  -17.146  -4.787 0.0000000000
61009  -30.313  -18.307  -3.741 0.0000000000
63786  -30.725  -15.899  -2.978 0.0000000000
63800  -30.988  -15.168  -2.944 0.0000000000
63787  -31.332  -15.625  -2.371 0.0000000000
64731  -32.335  -14.838  -0.962 0.0000000000
53594  -30.300  -25.896  -1.418 0.0000000000
54538  -29.675  -25.247  -2.922 0.0000000000
54523  -30.487  -25.096  -1.629 0.0000000000
58101  -31.257  -21.561  -2.600 0.0000000000
58088  -32.078  -21.384  -1.825 0.0000000000
48766  -27.946  -31.330  2.088 0.0000000000
50730  -28.427  -29.716  -0.524 0.0000000000
50715  -28.789  -30.005  -0.233 0.0000000000
49778  -29.540  -30.192  0.381 0.0000000000
57227  -28.129  -22.287  -5.127 0.0000000000
56349  -27.384  -23.251  -5.212 0.0000000000
55467  -28.735  -24.581  -4.513 0.0000000000
74462  -26.416  -3.255  -3.437 0.0000000000
72907  -27.513  -5.695  -4.521 0.0000000000
72917  -27.977  -6.002  -5.709 0.0000000000
72085  -28.234  -6.811  -6.016 0.0000000000
70314  -27.970  -8.793  -5.300 0.0000000000
68533  -28.822  -9.845  -8.224 0.0000000000
67618  -29.005  -11.625  -6.762 0.0000000000
65704  -30.340  -13.645  -5.685 0.0000000000
61027  -27.859  -18.350  -5.946 0.0000000000
61019  -29.470  -18.315  -5.057 0.0000000000
60995  -30.646  -18.575  -3.033 0.0000000000
62866  -31.444  -16.701  -2.016 0.0000000000
63774  -32.378  -15.949  -0.896 0.0000000000
63759  -32.900  -16.303  -0.430 0.0000000000
51681  -28.968  -28.250  -1.424 0.0000000000
52634  -28.508  -27.872  -2.077 0.0000000000
52635  -29.054  -27.564  -1.873 0.0000000000
53611  -29.321  -26.452  -2.646 0.0000000000
64795  -29.286  -14.677  -6.356 0.0000000000
64780  -29.651  -14.612  -5.947 0.0000000000
63814  -30.200  -15.462  -4.606 0.0000000000
59038  -28.815  -20.542  -5.203 0.0000000000
59040  -30.032  -19.987  -4.212 0.0000000000
59011  -30.938  -20.610  -3.063 0.0000000000
60002  -30.965  -19.449  -2.950 0.0000000000
59988  -31.329  -19.303  -2.657 0.0000000000
59990  -32.037  -19.144  -1.984 0.0000000000
60981  -32.231  -18.933  -1.770 0.0000000000
60959  -32.627  -18.496  -1.349 0.0000000000
59972  -32.697  -19.169  -1.337 0.0000000000
58070  -32.540  -21.203  -1.342 0.0000000000
51665  -28.790  -28.810  -1.069 0.0000000000
59047  -28.472  -20.214  -5.435 0.0000000000
57213  -29.554  -22.248  -3.977 0.0000000000
56324  -30.471  -23.361  -2.844 0.0000000000
75236  -26.279  -2.051  -3.878 0.0000000000
73680  -26.101  -4.231  -2.750 0.0000000000
74463  -26.891  -3.674  -4.196 0.0000000000
74477  -26.591  -3.376  -6.547 0.0000000000
74488  -27.374  -4.705  -7.811 0.0000000000
73719  -26.769  -4.755  -8.564 0.0000000000
73720  -27.326  -5.586  -8.438 0.0000000000
98804  -27.451  -6.789  -9.317 0.0000000000
72077  -28.217  -6.966  -4.982 0.0000000000
98799  -27.657  -7.056  -8.842 0.0000000000
98800  -27.556  -7.154  -9.588 0.0000000000
98809  -28.159  -7.527  -9.701 0.0000000000
68518  -26.906  -10.649  -5.472 0.0000000000
68534  -29.254  -10.184  -8.239 0.0000000000
69459  -30.017  -9.649  -8.541 0.0000000000
71214  -30.748  -8.296  -4.331 0.0000000000
70295  -30.846  -8.826  -3.956 0.0000000000
67597  -30.765  -11.312  -5.097 0.0000000000
68493  -30.793  -10.470  -4.325 0.0000000000
67553  -31.552  -11.500  -2.115 0.0000000000
62924  -28.236  -16.494  -6.197 0.0000000000
62007  -28.426  -17.423  -5.959 0.0000000000
62925  -28.824  -16.469  -5.926 0.0000000000
62907  -29.346  -16.445  -5.570 0.0000000000
60023  -29.384  -19.215  -5.115 0.0000000000
61979  -29.776  -17.799  -4.769 0.0000000000
61980  -30.240  -17.510  -4.168 0.0000000000
62895  -30.285  -16.452  -4.344 0.0000000000
55466  -28.266  -24.821  -4.926 0.0000000000
55468  -29.445  -24.838  -3.823 0.0000000000
53623  -29.443  -25.940  -3.227 0.0000000000
55454  -30.126  -24.337  -2.615 0.0000000000
55439  -30.708  -24.064  -1.992 0.0000000000
52650  -28.157  -27.722  -2.555 0.0000000000
55475  -28.292  -24.441  -4.848 0.0000000000
56309  -30.924  -23.405  -2.279 0.0000000000
56351  -28.884  -23.506  -4.393 0.0000000000
59026  -31.021  -20.376  -3.061 0.0000000000
59970  -31.952  -19.766  -2.121 0.0000000000
60030  -27.716  -18.850  -5.784 0.0000000000
68542  -29.014  -9.828  -8.791 0.0000000000
70294  -30.666  -8.862  -4.820 0.0000000000
71242  -28.348  -8.398  -6.449 0.0000000000
98797  -27.748  -6.753  -8.304 0.0000000000
98801  -27.745  -7.295  -9.510 0.0000000000
98803  -28.369  -7.656  -9.668 0.0000000000
98805  -27.620  -7.202  -9.818 0.0000000000
98806  -27.924  -7.429  -9.664 0.0000000000
98810  -28.280  -7.505  -9.918 0.0000000000
