#!ascii label  , from subject A00008326 vox2ras=TkReg
1274
53041  53.522  -27.377  54.966 0.0000000000
36672  42.089  -44.546  61.004 0.0000000000
31602  27.892  -50.638  63.096 0.0000000000
29854  21.370  -52.019  65.767 0.0000000000
32345  36.597  -48.940  67.066 0.0000000000
34957  32.866  -46.689  57.773 0.0000000000
50154  51.478  -30.315  54.519 0.0000000000
61630  53.618  -17.961  52.339 0.0000000000
51050  46.081  -29.410  60.370 0.0000000000
43220  42.851  -37.845  56.197 0.0000000000
39498  36.435  -41.845  52.088 0.0000000000
30729  28.880  -51.438  67.268 0.0000000000
30760  25.131  -51.476  64.477 0.0000000000
29791  26.017  -52.237  70.129 0.0000000000
31556  32.237  -49.796  65.378 0.0000000000
52924  48.564  -27.167  62.484 0.0000000000
36560  43.237  -44.232  66.935 0.0000000000
39347  45.700  -41.134  64.398 0.0000000000
43164  45.878  -37.516  61.191 0.0000000000
39414  42.865  -41.059  58.433 0.0000000000
41327  40.732  -39.897  53.922 0.0000000000
37650  39.519  -43.457  57.354 0.0000000000
34136  29.455  -47.812  56.210 0.0000000000
35870  30.840  -45.081  54.013 0.0000000000
56901  54.191  -23.068  53.678 0.0000000000
57886  54.517  -22.383  51.512 0.0000000000
31640  26.887  -49.993  58.345 0.0000000000
30806  24.077  -51.245  59.388 0.0000000000
34028  40.470  -47.390  64.148 0.0000000000
35775  38.630  -46.321  60.029 0.0000000000
33214  35.871  -48.369  62.744 0.0000000000
32421  31.565  -48.853  60.379 0.0000000000
50118  53.193  -30.518  57.410 0.0000000000
29784  22.375  -52.768  72.252 0.0000000000
28890  18.779  -53.577  68.908 0.0000000000
57853  51.581  -22.328  55.745 0.0000000000
53958  51.709  -26.259  58.102 0.0000000000
52017  51.679  -28.720  59.284 0.0000000000
52079  48.021  -28.503  56.947 0.0000000000
49195  46.041  -31.296  55.262 0.0000000000
48081  45.766  -31.850  64.610 0.0000000000
47120  45.617  -34.227  58.120 0.0000000000
46173  43.165  -34.134  53.226 0.0000000000
45217  40.405  -35.837  51.439 0.0000000000
36742  35.502  -44.527  55.106 0.0000000000
31504  29.510  -50.660  70.275 0.0000000000
30709  27.083  -51.817  68.993 0.0000000000
30669  27.861  -51.097  71.031 0.0000000000
31518  31.265  -50.624  68.914 0.0000000000
35733  43.311  -45.057  64.587 0.0000000000
37567  44.338  -43.332  62.083 0.0000000000
39378  44.783  -41.651  61.456 0.0000000000
37618  42.470  -42.979  59.860 0.0000000000
38559  41.381  -42.110  57.872 0.0000000000
36697  41.181  -43.893  59.575 0.0000000000
32460  27.225  -49.101  55.169 0.0000000000
34180  27.594  -47.940  53.744 0.0000000000
54949  53.211  -25.547  54.774 0.0000000000
55953  54.764  -24.328  53.171 0.0000000000
53055  54.694  -27.164  53.558 0.0000000000
31627  27.395  -50.242  59.896 0.0000000000
31637  25.367  -50.711  58.247 0.0000000000
31612  25.739  -50.599  61.148 0.0000000000
30747  23.603  -51.766  65.045 0.0000000000
30789  22.628  -51.376  62.007 0.0000000000
29870  21.317  -51.915  63.706 0.0000000000
29872  19.646  -52.794  64.018 0.0000000000
33977  40.017  -47.073  67.146 0.0000000000
33164  38.466  -48.363  66.080 0.0000000000
34047  37.822  -48.150  63.488 0.0000000000
32371  36.181  -48.811  65.053 0.0000000000
31587  29.837  -50.357  63.920 0.0000000000
32404  31.456  -49.575  62.604 0.0000000000
32416  29.883  -50.076  61.513 0.0000000000
32429  29.339  -49.630  59.785 0.0000000000
50139  52.419  -30.738  56.007 0.0000000000
49193  53.529  -32.198  55.923 0.0000000000
48220  52.774  -32.544  53.907 0.0000000000
27895  17.362  -54.343  70.456 0.0000000000
52977  52.077  -27.806  60.066 0.0000000000
53904  51.166  -26.995  61.166 0.0000000000
51978  47.479  -28.055  61.638 0.0000000000
52020  48.537  -28.128  59.690 0.0000000000
51066  47.035  -28.828  58.778 0.0000000000
50140  46.932  -29.801  55.587 0.0000000000
50121  46.007  -30.631  57.689 0.0000000000
43195  44.371  -37.665  58.361 0.0000000000
45130  45.987  -35.852  60.224 0.0000000000
45161  44.363  -35.962  57.224 0.0000000000
46136  44.369  -34.514  56.061 0.0000000000
45186  42.610  -35.941  54.757 0.0000000000
45206  41.955  -34.968  52.885 0.0000000000
44200  41.630  -37.211  53.761 0.0000000000
41354  39.035  -39.056  51.646 0.0000000000
34928  35.832  -46.597  59.555 0.0000000000
35800  37.232  -45.604  57.881 0.0000000000
35828  34.285  -45.555  56.690 0.0000000000
37699  31.323  -43.622  52.215 0.0000000000
61653  53.356  -17.665  49.594 0.0000000000
60706  53.372  -19.084  51.163 0.0000000000
31573  28.451  -50.760  65.139 0.0000000000
30785  26.654  -50.766  63.415 0.0000000000
30743  26.867  -51.316  65.904 0.0000000000
29839  25.076  -51.860  66.337 0.0000000000
29828  23.868  -52.256  67.634 0.0000000000
32319  34.609  -49.308  68.401 0.0000000000
32347  34.679  -49.581  66.210 0.0000000000
31530  33.064  -50.059  67.128 0.0000000000
31558  30.406  -50.577  65.855 0.0000000000
54856  49.085  -25.545  61.993 0.0000000000
51949  46.386  -27.893  63.784 0.0000000000
41203  45.973  -39.582  62.487 0.0000000000
41244  44.653  -39.652  59.858 0.0000000000
41278  42.903  -39.628  57.364 0.0000000000
42265  42.058  -38.802  55.332 0.0000000000
40350  41.714  -40.909  56.521 0.0000000000
39465  39.715  -41.628  55.163 0.0000000000
38584  38.076  -42.445  54.337 0.0000000000
34959  31.351  -47.104  57.274 0.0000000000
35837  32.086  -45.850  55.467 0.0000000000
35003  29.543  -46.500  54.671 0.0000000000
59748  54.155  -20.543  53.084 0.0000000000
59764  54.355  -20.823  51.914 0.0000000000
57880  55.063  -22.731  52.322 0.0000000000
30795  24.564  -50.768  61.459 0.0000000000
34842  41.846  -46.447  65.705 0.0000000000
34879  41.287  -46.188  62.566 0.0000000000
35761  39.822  -45.936  60.852 0.0000000000
34079  39.087  -47.141  62.187 0.0000000000
34101  37.212  -47.245  60.926 0.0000000000
34104  34.443  -47.543  60.571 0.0000000000
32373  34.072  -49.225  64.144 0.0000000000
32412  33.307  -48.573  61.619 0.0000000000
33253  32.162  -47.987  59.255 0.0000000000
33256  30.190  -48.491  58.184 0.0000000000
32440  28.435  -48.853  57.384 0.0000000000
52074  53.481  -29.205  56.947 0.0000000000
51115  54.352  -29.578  54.539 0.0000000000
50137  54.302  -30.923  56.087 0.0000000000
29782  24.069  -52.572  71.574 0.0000000000
29806  22.154  -52.960  70.109 0.0000000000
28878  20.401  -53.595  70.633 0.0000000000
29832  20.054  -52.828  67.599 0.0000000000
59741  52.879  -20.653  54.498 0.0000000000
57862  52.907  -22.401  54.889 0.0000000000
55928  51.995  -24.507  55.929 0.0000000000
53968  52.351  -26.462  56.437 0.0000000000
52058  53.097  -28.808  58.346 0.0000000000
51065  52.285  -29.375  58.583 0.0000000000
52059  51.544  -29.365  57.307 0.0000000000
52943  49.844  -27.463  61.346 0.0000000000
52040  49.784  -28.109  58.661 0.0000000000
52115  50.229  -28.997  55.029 0.0000000000
51143  48.326  -29.487  54.344 0.0000000000
50175  46.815  -30.529  53.554 0.0000000000
50052  45.496  -30.505  62.678 0.0000000000
46076  46.527  -34.698  62.643 0.0000000000
47088  46.232  -33.659  61.128 0.0000000000
49150  45.663  -31.877  60.025 0.0000000000
48185  45.614  -32.467  56.677 0.0000000000
48210  44.510  -32.896  54.079 0.0000000000
42296  40.424  -38.570  52.730 0.0000000000
35798  38.764  -44.961  58.384 0.0000000000
36740  37.332  -43.907  55.259 0.0000000000
37686  35.706  -43.297  53.314 0.0000000000
36756  33.373  -44.454  54.321 0.0000000000
36785  33.584  -43.589  52.829 0.0000000000
31490  28.503  -50.906  70.780 0.0000000000
31474  28.352  -50.592  71.116 0.0000000000
36653  43.100  -44.827  62.497 0.0000000000
36652  43.772  -44.408  62.900 0.0000000000
36670  43.535  -44.302  62.136 0.0000000000
37595  43.418  -43.268  60.856 0.0000000000
36688  42.564  -44.062  60.843 0.0000000000
37619  41.801  -43.158  59.520 0.0000000000
36690  40.974  -44.489  59.914 0.0000000000
53994  53.412  -26.472  54.772 0.0000000000
53993  54.072  -26.426  54.125 0.0000000000
31610  27.722  -50.505  61.809 0.0000000000
31619  26.622  -50.431  60.487 0.0000000000
31611  26.753  -50.462  61.440 0.0000000000
29853  22.609  -51.920  65.665 0.0000000000
30763  22.335  -51.704  63.820 0.0000000000
29862  21.824  -51.843  64.716 0.0000000000
29871  20.218  -52.484  63.552 0.0000000000
29863  20.744  -52.119  64.692 0.0000000000
32317  36.212  -48.550  68.463 0.0000000000
33141  37.416  -48.250  67.797 0.0000000000
33140  38.215  -48.048  67.281 0.0000000000
33154  37.056  -48.769  66.220 0.0000000000
33166  36.975  -48.721  65.411 0.0000000000
32358  36.361  -49.110  65.995 0.0000000000
31601  29.230  -50.487  63.019 0.0000000000
31600  30.127  -50.107  63.041 0.0000000000
31609  28.765  -50.477  62.061 0.0000000000
31617  28.500  -50.379  61.102 0.0000000000
50153  52.118  -30.673  54.970 0.0000000000
50152  52.597  -31.247  55.534 0.0000000000
49207  52.064  -31.082  54.296 0.0000000000
55874  49.893  -25.025  59.712 0.0000000000
54866  50.692  -25.788  60.326 0.0000000000
54868  49.722  -25.359  60.817 0.0000000000
52000  46.791  -28.620  61.046 0.0000000000
52022  46.951  -28.675  60.113 0.0000000000
51067  46.580  -29.200  59.099 0.0000000000
51081  46.447  -29.605  57.897 0.0000000000
50111  45.913  -30.242  58.549 0.0000000000
43209  43.696  -37.604  57.160 0.0000000000
44163  44.625  -36.598  58.156 0.0000000000
44185  43.545  -36.649  56.385 0.0000000000
45170  43.724  -35.986  56.366 0.0000000000
44192  42.987  -36.679  55.706 0.0000000000
44199  41.992  -36.689  54.153 0.0000000000
43239  42.119  -37.579  54.806 0.0000000000
34943  34.966  -46.361  58.519 0.0000000000
34955  35.184  -45.934  57.760 0.0000000000
34956  34.094  -46.120  57.566 0.0000000000
61637  53.635  -17.993  51.548 0.0000000000
60700  53.782  -19.037  52.018 0.0000000000
30741  28.560  -51.227  66.415 0.0000000000
30757  27.511  -50.936  65.381 0.0000000000
30730  27.993  -51.511  67.059 0.0000000000
29802  26.244  -52.192  69.166 0.0000000000
29825  26.525  -51.848  67.608 0.0000000000
29814  25.584  -52.298  68.304 0.0000000000
29827  24.860  -52.144  67.443 0.0000000000
29815  24.627  -52.433  68.498 0.0000000000
32320  33.523  -49.503  68.487 0.0000000000
31515  33.818  -49.701  67.751 0.0000000000
31516  32.934  -49.961  68.108 0.0000000000
30717  30.064  -51.233  68.123 0.0000000000
31533  30.613  -50.991  67.642 0.0000000000
31546  29.652  -51.124  66.793 0.0000000000
31559  29.351  -50.933  66.083 0.0000000000
38439  45.243  -41.950  64.910 0.0000000000
39334  45.495  -40.990  65.433 0.0000000000
40233  46.035  -40.080  64.804 0.0000000000
41189  46.304  -39.489  63.837 0.0000000000
40266  45.795  -40.470  62.883 0.0000000000
39389  44.044  -41.526  60.170 0.0000000000
40304  44.752  -40.518  60.626 0.0000000000
40319  43.784  -40.520  59.114 0.0000000000
41262  43.897  -39.616  58.663 0.0000000000
40325  43.165  -40.434  58.309 0.0000000000
40349  42.049  -40.090  56.130 0.0000000000
39434  42.133  -41.198  57.451 0.0000000000
38561  40.142  -42.732  57.225 0.0000000000
38573  40.252  -42.056  56.279 0.0000000000
38574  39.583  -42.263  55.748 0.0000000000
38583  38.672  -42.252  54.674 0.0000000000
37665  38.392  -43.141  55.443 0.0000000000
34135  30.017  -47.723  56.477 0.0000000000
34983  30.672  -46.782  55.868 0.0000000000
34167  29.385  -46.997  55.298 0.0000000000
58802  54.038  -21.448  53.634 0.0000000000
57870  54.598  -22.113  53.012 0.0000000000
56900  54.663  -23.133  53.063 0.0000000000
55961  55.418  -24.416  52.075 0.0000000000
32442  26.479  -49.948  57.306 0.0000000000
31642  25.591  -50.659  57.462 0.0000000000
30773  25.824  -51.154  63.882 0.0000000000
30786  25.750  -50.786  62.863 0.0000000000
30774  24.921  -51.197  63.572 0.0000000000
30798  21.725  -52.231  61.333 0.0000000000
30797  22.320  -51.888  60.945 0.0000000000
34013  40.314  -47.521  65.397 0.0000000000
33995  41.010  -47.095  66.116 0.0000000000
34012  41.136  -47.131  65.025 0.0000000000
34853  41.670  -46.672  64.434 0.0000000000
34868  40.714  -46.866  63.365 0.0000000000
34880  40.420  -46.495  62.340 0.0000000000
34060  39.482  -47.224  62.759 0.0000000000
33213  36.769  -48.305  62.950 0.0000000000
34063  37.006  -47.874  62.309 0.0000000000
34082  36.542  -47.638  61.664 0.0000000000
34102  36.238  -47.240  60.759 0.0000000000
34084  34.905  -47.659  61.147 0.0000000000
31541  33.837  -49.703  65.732 0.0000000000
32360  34.403  -49.434  65.128 0.0000000000
32374  33.162  -49.425  64.162 0.0000000000
32414  31.520  -49.303  61.503 0.0000000000
32403  32.486  -49.212  62.402 0.0000000000
32420  32.230  -48.582  60.675 0.0000000000
33241  32.788  -48.340  60.629 0.0000000000
33248  31.781  -48.428  59.621 0.0000000000
33254  31.579  -48.102  58.860 0.0000000000
32428  30.577  -48.951  59.397 0.0000000000
32434  28.200  -49.580  58.723 0.0000000000
32441  27.196  -49.626  57.660 0.0000000000
51088  53.641  -30.072  57.031 0.0000000000
51087  54.000  -30.456  56.462 0.0000000000
50127  54.021  -30.870  56.676 0.0000000000
48194  54.449  -32.614  55.386 0.0000000000
29783  23.204  -52.603  71.879 0.0000000000
29794  23.305  -52.844  70.958 0.0000000000
29795  22.448  -52.938  71.391 0.0000000000
27881  19.195  -53.995  70.876 0.0000000000
28879  19.698  -53.684  70.210 0.0000000000
28895  20.863  -53.170  69.415 0.0000000000
28897  19.112  -53.380  68.402 0.0000000000
28912  19.300  -52.912  66.342 0.0000000000
28906  18.536  -53.549  67.633 0.0000000000
60686  52.590  -19.922  54.082 0.0000000000
58788  52.001  -21.249  55.287 0.0000000000
57852  52.348  -21.891  55.313 0.0000000000
56882  52.224  -23.065  55.522 0.0000000000
56883  51.623  -23.001  55.971 0.0000000000
54910  51.245  -25.433  58.001 0.0000000000
54922  51.801  -25.480  56.703 0.0000000000
53957  52.141  -26.674  57.475 0.0000000000
53006  52.792  -28.102  58.012 0.0000000000
53944  52.136  -27.040  58.561 0.0000000000
51994  51.827  -28.284  60.155 0.0000000000
52016  52.443  -28.694  59.428 0.0000000000
51049  52.417  -29.082  59.103 0.0000000000
51079  52.168  -29.791  57.710 0.0000000000
52038  51.577  -29.159  58.205 0.0000000000
53888  48.820  -26.441  62.636 0.0000000000
53887  49.850  -26.610  61.998 0.0000000000
52923  49.370  -27.092  62.017 0.0000000000
52041  48.668  -28.127  58.769 0.0000000000
52019  49.509  -27.956  59.531 0.0000000000
52062  48.892  -28.213  57.799 0.0000000000
52077  50.144  -28.516  56.708 0.0000000000
52094  49.284  -28.537  55.972 0.0000000000
51119  48.754  -29.190  54.690 0.0000000000
51104  48.445  -28.881  55.403 0.0000000000
50141  46.532  -30.320  55.830 0.0000000000
50156  46.655  -30.402  54.604 0.0000000000
49208  45.992  -30.974  54.153 0.0000000000
49222  45.488  -31.442  53.554 0.0000000000
49108  45.535  -31.388  63.317 0.0000000000
43158  46.264  -37.588  62.212 0.0000000000
45120  46.611  -35.694  63.195 0.0000000000
44138  46.307  -36.544  61.614 0.0000000000
46105  45.927  -34.807  59.454 0.0000000000
46095  46.311  -34.290  60.719 0.0000000000
47099  46.199  -33.539  60.185 0.0000000000
48132  45.877  -32.734  60.645 0.0000000000
47111  46.164  -33.522  59.231 0.0000000000
48159  45.935  -32.664  58.464 0.0000000000
47128  45.651  -33.444  57.766 0.0000000000
46150  43.681  -34.531  54.834 0.0000000000
47172  44.766  -33.365  55.292 0.0000000000
47187  44.120  -33.306  53.738 0.0000000000
48223  44.492  -32.557  53.275 0.0000000000
47205  43.404  -33.515  52.498 0.0000000000
47206  42.925  -33.627  51.952 0.0000000000
45207  41.382  -35.684  52.543 0.0000000000
46186  41.420  -34.646  51.637 0.0000000000
41326  41.196  -39.426  54.199 0.0000000000
42290  41.336  -38.463  53.861 0.0000000000
41338  40.462  -39.489  53.223 0.0000000000
42304  38.823  -38.534  51.232 0.0000000000
35774  39.171  -45.994  60.143 0.0000000000
35787  39.183  -45.239  59.054 0.0000000000
35788  38.492  -45.975  59.426 0.0000000000
35826  36.352  -44.999  56.228 0.0000000000
35825  36.974  -44.964  56.372 0.0000000000
36741  36.442  -44.491  55.412 0.0000000000
36753  36.495  -43.890  54.649 0.0000000000
36754  35.536  -43.984  54.259 0.0000000000
35855  31.195  -45.609  54.660 0.0000000000
35854  32.340  -45.291  54.998 0.0000000000
36773  31.418  -44.667  53.876 0.0000000000
36786  32.673  -43.587  52.660 0.0000000000
37708  33.575  -42.916  51.943 0.0000000000
58816  54.568  -21.630  51.875 0.0000000000
58817  54.175  -21.386  51.593 0.0000000000
52135  54.607  -28.520  53.748 0.0000000000
30707  28.954  -51.410  68.875 0.0000000000
30719  28.424  -51.595  67.995 0.0000000000
30695  28.553  -51.284  69.698 0.0000000000
30696  27.704  -51.580  69.800 0.0000000000
30685  26.543  -51.767  70.725 0.0000000000
30693  30.161  -50.897  69.350 0.0000000000
35707  43.117  -45.051  65.685 0.0000000000
37485  43.612  -43.819  66.443 0.0000000000
36615  43.887  -44.022  64.567 0.0000000000
37528  44.409  -43.548  63.860 0.0000000000
38462  45.278  -42.035  62.962 0.0000000000
39368  45.326  -41.355  62.370 0.0000000000
38487  44.335  -42.763  61.527 0.0000000000
38502  43.519  -42.550  60.328 0.0000000000
38521  43.193  -42.223  59.687 0.0000000000
39416  41.736  -41.808  57.944 0.0000000000
38523  41.913  -42.483  58.989 0.0000000000
37638  41.343  -42.880  58.720 0.0000000000
37640  39.753  -43.765  58.082 0.0000000000
33285  27.838  -48.482  55.692 0.0000000000
33293  28.067  -47.694  54.725 0.0000000000
33294  27.576  -48.292  54.580 0.0000000000
55941  53.930  -24.409  54.094 0.0000000000
55954  54.268  -23.601  53.674 0.0000000000
55940  54.423  -24.901  53.666 0.0000000000
54962  54.767  -25.547  53.368 0.0000000000
31635  27.256  -50.070  59.014 0.0000000000
31636  26.288  -50.218  58.716 0.0000000000
31628  26.489  -50.320  59.575 0.0000000000
31620  25.731  -50.539  60.122 0.0000000000
31613  25.014  -50.661  60.573 0.0000000000
30775  23.961  -51.309  63.295 0.0000000000
30762  23.303  -51.647  63.998 0.0000000000
30777  21.952  -51.613  62.839 0.0000000000
28929  19.968  -53.215  62.957 0.0000000000
33997  39.344  -47.685  66.731 0.0000000000
34029  39.337  -47.979  64.732 0.0000000000
34046  38.473  -48.046  63.772 0.0000000000
33195  38.182  -48.323  64.437 0.0000000000
33197  36.818  -48.481  63.781 0.0000000000
33198  35.929  -48.527  63.547 0.0000000000
31570  31.415  -49.904  64.602 0.0000000000
31584  31.968  -49.625  63.670 0.0000000000
31599  30.885  -49.794  63.008 0.0000000000
32415  30.534  -49.804  61.744 0.0000000000
32422  30.583  -49.490  60.589 0.0000000000
31626  28.360  -50.130  60.141 0.0000000000
49171  52.993  -30.922  57.049 0.0000000000
49181  53.623  -31.765  56.323 0.0000000000
49194  53.132  -31.831  55.761 0.0000000000
48208  53.357  -32.603  54.982 0.0000000000
27882  18.198  -54.117  71.176 0.0000000000
27905  18.222  -53.829  69.129 0.0000000000
28907  17.850  -53.894  67.818 0.0000000000
27914  17.454  -54.194  68.376 0.0000000000
54893  50.738  -25.353  59.019 0.0000000000
53931  51.912  -27.037  59.506 0.0000000000
53932  51.240  -26.184  59.826 0.0000000000
52978  51.658  -27.030  60.262 0.0000000000
52961  51.365  -27.577  60.722 0.0000000000
52945  48.108  -27.551  62.136 0.0000000000
52944  48.935  -27.474  61.762 0.0000000000
51977  48.348  -27.875  61.359 0.0000000000
52021  47.725  -28.373  59.944 0.0000000000
52063  47.822  -28.423  57.980 0.0000000000
51105  47.278  -29.321  55.945 0.0000000000
51091  47.114  -29.039  57.262 0.0000000000
51092  46.516  -29.907  56.758 0.0000000000
50131  46.076  -30.855  56.842 0.0000000000
43174  45.513  -37.594  60.248 0.0000000000
44146  46.000  -36.481  60.760 0.0000000000
44154  45.280  -36.751  59.252 0.0000000000
45152  45.230  -35.644  58.510 0.0000000000
46119  45.369  -34.759  57.901 0.0000000000
46126  45.069  -34.595  57.107 0.0000000000
45168  44.634  -35.084  57.008 0.0000000000
46137  43.845  -34.755  55.618 0.0000000000
45185  43.015  -35.122  54.463 0.0000000000
46163  42.816  -34.609  53.521 0.0000000000
45196  42.246  -35.416  53.625 0.0000000000
45197  41.682  -35.982  53.316 0.0000000000
44216  41.076  -36.886  52.683 0.0000000000
40404  39.258  -40.517  53.072 0.0000000000
41339  39.875  -39.996  52.873 0.0000000000
40411  39.000  -40.169  52.341 0.0000000000
41355  38.289  -39.444  51.413 0.0000000000
41366  37.790  -39.083  50.672 0.0000000000
34927  36.993  -46.356  59.283 0.0000000000
34940  37.598  -45.751  58.366 0.0000000000
35801  36.743  -45.739  58.005 0.0000000000
35827  35.369  -45.200  56.458 0.0000000000
35835  34.362  -44.880  55.557 0.0000000000
36788  30.361  -44.414  52.796 0.0000000000
36801  29.998  -44.075  52.014 0.0000000000
62648  53.604  -17.129  50.255 0.0000000000
60717  53.179  -18.698  50.656 0.0000000000
60707  52.957  -19.639  50.941 0.0000000000
31589  27.878  -50.659  64.250 0.0000000000
30771  27.202  -50.750  64.620 0.0000000000
30758  26.641  -51.082  65.088 0.0000000000
30744  26.101  -51.463  65.592 0.0000000000
30731  27.104  -51.530  66.758 0.0000000000
30732  26.257  -51.619  66.459 0.0000000000
29850  24.808  -51.738  65.649 0.0000000000
29851  24.282  -51.791  65.791 0.0000000000
29841  23.174  -52.102  66.741 0.0000000000
29829  22.827  -52.422  67.743 0.0000000000
32332  35.704  -49.216  67.803 0.0000000000
32346  35.636  -49.399  66.691 0.0000000000
32333  34.756  -49.561  67.322 0.0000000000
31529  33.897  -49.817  66.730 0.0000000000
31543  32.202  -50.064  66.441 0.0000000000
31517  32.108  -50.337  68.519 0.0000000000
31544  31.285  -50.514  66.719 0.0000000000
31557  31.335  -50.139  65.648 0.0000000000
31571  30.546  -50.279  64.784 0.0000000000
31572  29.571  -50.577  64.952 0.0000000000
50171  51.000  -30.479  53.823 0.0000000000
49219  51.669  -31.431  53.551 0.0000000000
49238  50.612  -31.373  52.786 0.0000000000
55862  49.177  -25.328  61.035 0.0000000000
52910  48.135  -26.874  63.200 0.0000000000
52925  47.855  -27.359  62.939 0.0000000000
52926  47.055  -27.520  63.308 0.0000000000
51024  45.986  -28.851  62.340 0.0000000000
43153  46.442  -37.847  63.331 0.0000000000
42177  45.968  -38.240  61.881 0.0000000000
40285  45.495  -40.377  61.972 0.0000000000
41227  45.411  -39.206  61.081 0.0000000000
42184  45.379  -38.607  60.588 0.0000000000
42195  44.724  -38.676  59.502 0.0000000000
42208  43.849  -38.876  58.202 0.0000000000
42249  42.975  -38.399  56.587 0.0000000000
42278  42.170  -38.190  55.271 0.0000000000
41314  42.145  -39.344  55.751 0.0000000000
40371  41.807  -39.822  55.535 0.0000000000
40372  41.202  -40.388  55.227 0.0000000000
39435  41.530  -41.596  57.285 0.0000000000
39464  40.437  -41.420  55.591 0.0000000000
39475  40.050  -41.161  54.841 0.0000000000
39476  39.390  -41.396  54.434 0.0000000000
38594  38.353  -41.978  54.029 0.0000000000
38596  37.074  -42.492  53.224 0.0000000000
34958  31.847  -46.944  57.397 0.0000000000
34964  33.131  -46.095  56.890 0.0000000000
34982  31.682  -46.412  55.895 0.0000000000
35001  31.132  -46.256  55.325 0.0000000000
35856  30.096  -45.983  54.323 0.0000000000
35004  28.979  -46.581  54.347 0.0000000000
35030  28.914  -46.130  53.558 0.0000000000
60692  53.751  -19.207  52.946 0.0000000000
59757  54.153  -20.088  52.306 0.0000000000
59747  54.514  -21.113  52.645 0.0000000000
58810  54.732  -21.746  52.358 0.0000000000
57885  55.043  -22.565  51.678 0.0000000000
55962  55.061  -23.665  52.573 0.0000000000
56907  55.266  -23.344  52.109 0.0000000000
31604  26.074  -50.567  61.983 0.0000000000
30794  25.360  -50.681  62.014 0.0000000000
30801  24.182  -50.957  60.403 0.0000000000
30788  23.685  -51.073  62.279 0.0000000000
30796  23.411  -51.176  61.185 0.0000000000
35697  42.472  -45.217  66.976 0.0000000000
34852  42.472  -46.058  64.916 0.0000000000
35735  42.260  -45.928  63.324 0.0000000000
35745  41.897  -45.770  62.588 0.0000000000
35772  41.295  -44.903  60.673 0.0000000000
35760  40.689  -45.715  61.299 0.0000000000
34892  40.008  -46.176  61.461 0.0000000000
34894  38.375  -46.929  61.132 0.0000000000
34061  38.783  -47.544  62.815 0.0000000000
34100  37.925  -47.161  61.164 0.0000000000
34910  38.049  -46.677  60.235 0.0000000000
34911  36.793  -46.869  60.148 0.0000000000
34114  35.013  -47.006  60.082 0.0000000000
34930  34.035  -46.945  59.249 0.0000000000
32359  35.438  -49.261  65.572 0.0000000000
32372  35.228  -48.827  64.354 0.0000000000
32388  34.494  -48.699  63.264 0.0000000000
32389  33.349  -49.105  63.304 0.0000000000
32402  33.568  -48.674  62.305 0.0000000000
33216  34.314  -48.395  62.158 0.0000000000
33240  33.657  -48.039  60.809 0.0000000000
34116  33.267  -47.550  59.638 0.0000000000
34121  33.084  -47.307  58.864 0.0000000000
34123  31.674  -47.635  58.352 0.0000000000
33262  30.569  -47.944  57.725 0.0000000000
33270  29.552  -48.105  56.774 0.0000000000
32433  29.512  -48.904  58.417 0.0000000000
32439  29.223  -48.606  57.638 0.0000000000
33271  28.682  -48.286  56.317 0.0000000000
33272  28.016  -48.578  56.268 0.0000000000
52091  53.550  -28.841  56.087 0.0000000000
52112  53.851  -28.652  55.040 0.0000000000
52090  53.759  -29.124  55.657 0.0000000000
49180  54.118  -31.618  56.417 0.0000000000
49192  54.477  -31.753  55.727 0.0000000000
48221  52.206  -32.184  53.424 0.0000000000
32274  27.128  -50.675  71.627 0.0000000000
30655  26.632  -51.175  71.626 0.0000000000
29780  25.700  -52.086  70.951 0.0000000000
29768  25.331  -51.891  71.553 0.0000000000
29792  25.150  -52.506  70.372 0.0000000000
29804  24.426  -52.657  69.574 0.0000000000
29817  22.505  -52.752  68.829 0.0000000000
29830  21.711  -52.530  67.835 0.0000000000
28876  21.730  -53.156  71.845 0.0000000000
29807  21.370  -53.116  69.648 0.0000000000
29818  21.273  -52.930  68.845 0.0000000000
29843  20.975  -52.306  66.877 0.0000000000
29855  20.172  -52.410  65.802 0.0000000000
61620  53.328  -18.392  53.065 0.0000000000
60685  53.360  -19.967  53.741 0.0000000000
59740  53.605  -20.717  53.899 0.0000000000
58793  53.414  -21.207  54.291 0.0000000000
59742  52.132  -20.536  54.658 0.0000000000
59735  52.600  -21.029  54.872 0.0000000000
55942  52.847  -24.090  54.898 0.0000000000
54950  52.591  -24.962  55.281 0.0000000000
54936  52.840  -25.943  55.229 0.0000000000
55917  51.669  -24.795  56.528 0.0000000000
53027  52.688  -26.929  56.092 0.0000000000
53016  53.169  -28.427  57.089 0.0000000000
52057  53.298  -29.047  57.800 0.0000000000
51077  53.260  -29.784  58.184 0.0000000000
52993  52.493  -27.905  59.142 0.0000000000
51063  53.131  -29.519  58.588 0.0000000000
51078  52.753  -29.986  58.124 0.0000000000
50119  52.635  -30.433  57.342 0.0000000000
50130  52.340  -30.338  56.694 0.0000000000
51101  51.835  -29.969  55.792 0.0000000000
53906  50.030  -25.978  61.828 0.0000000000
52942  50.564  -27.304  61.309 0.0000000000
51996  50.776  -28.039  60.310 0.0000000000
52963  49.971  -27.628  60.664 0.0000000000
52980  50.038  -27.754  60.080 0.0000000000
52039  50.795  -28.534  58.528 0.0000000000
52060  50.911  -28.770  57.508 0.0000000000
52092  50.893  -28.930  55.825 0.0000000000
51117  50.875  -29.646  54.706 0.0000000000
51141  49.903  -29.702  53.950 0.0000000000
50173  49.199  -30.020  53.426 0.0000000000
51120  47.910  -29.379  54.844 0.0000000000
50174  47.847  -29.909  53.869 0.0000000000
51013  45.689  -29.150  63.132 0.0000000000
51025  45.648  -29.708  62.040 0.0000000000
47066  46.438  -33.855  63.181 0.0000000000
45129  46.275  -35.362  60.845 0.0000000000
47076  46.360  -33.802  62.105 0.0000000000
48102  46.071  -33.110  62.567 0.0000000000
48115  45.704  -32.500  61.937 0.0000000000
49134  45.542  -31.872  61.024 0.0000000000
50096  45.484  -30.705  60.248 0.0000000000
49161  45.819  -31.506  58.755 0.0000000000
49172  45.862  -31.721  57.597 0.0000000000
49196  45.605  -32.198  55.796 0.0000000000
47155  44.934  -33.659  56.016 0.0000000000
48197  45.225  -32.853  55.488 0.0000000000
49209  45.445  -31.970  54.705 0.0000000000
48222  44.929  -32.215  53.881 0.0000000000
46185  42.265  -33.960  51.674 0.0000000000
46199  41.822  -34.010  50.946 0.0000000000
43240  41.665  -37.694  54.128 0.0000000000
43249  41.023  -37.799  53.130 0.0000000000
43264  40.346  -37.529  52.297 0.0000000000
42297  39.930  -38.600  52.278 0.0000000000
43265  39.846  -37.747  51.845 0.0000000000
35773  40.194  -45.263  59.991 0.0000000000
36699  39.600  -44.707  58.932 0.0000000000
36719  38.996  -44.099  57.480 0.0000000000
35799  38.114  -45.348  58.162 0.0000000000
36720  38.333  -44.495  57.220 0.0000000000
36731  38.102  -44.069  55.948 0.0000000000
37666  37.764  -43.457  55.198 0.0000000000
37685  36.804  -43.036  53.609 0.0000000000
38597  36.423  -42.740  52.980 0.0000000000
35829  33.469  -45.744  56.552 0.0000000000
35853  33.264  -44.895  55.007 0.0000000000
35852  33.878  -44.643  54.838 0.0000000000
36772  32.521  -44.163  53.646 0.0000000000
36771  33.534  -43.987  53.541 0.0000000000
36770  34.462  -43.738  53.388 0.0000000000
37687  34.930  -43.440  53.225 0.0000000000
37695  35.221  -42.877  52.646 0.0000000000
59765  53.871  -20.224  51.643 0.0000000000
59766  53.182  -20.156  51.245 0.0000000000
58830  52.755  -20.775  51.201 0.0000000000
53040  54.113  -27.627  54.245 0.0000000000
35758  42.449  -45.137  62.270 0.0000000000
36671  42.834  -44.488  61.597 0.0000000000
37569  43.097  -43.794  61.029 0.0000000000
36689  41.892  -44.003  60.232 0.0000000000
29842  22.099  -52.168  66.781 0.0000000000
32331  36.556  -48.615  68.056 0.0000000000
32330  36.999  -48.509  67.857 0.0000000000
32344  37.041  -48.577  67.566 0.0000000000
33153  37.658  -48.472  66.839 0.0000000000
54882  49.865  -25.274  60.350 0.0000000000
51037  46.059  -29.105  61.449 0.0000000000
43219  43.339  -37.591  56.602 0.0000000000
44176  43.692  -37.136  56.824 0.0000000000
43229  43.054  -37.256  56.116 0.0000000000
44193  42.526  -36.781  55.060 0.0000000000
43230  42.577  -37.543  55.597 0.0000000000
34944  33.790  -46.742  58.633 0.0000000000
29803  25.363  -52.456  69.354 0.0000000000
32309  33.466  -49.206  68.930 0.0000000000
31500  32.741  -49.728  68.897 0.0000000000
30718  29.334  -51.489  68.075 0.0000000000
30728  29.694  -51.287  67.366 0.0000000000
30740  29.226  -51.213  66.777 0.0000000000
38451  45.356  -42.057  63.927 0.0000000000
40247  46.008  -40.316  63.855 0.0000000000
39404  43.226  -41.457  59.129 0.0000000000
39403  43.827  -41.017  59.551 0.0000000000
40326  42.715  -40.872  58.072 0.0000000000
40337  42.473  -40.512  57.344 0.0000000000
38569  39.834  -42.613  56.637 0.0000000000
37659  39.199  -43.029  56.218 0.0000000000
37664  39.047  -42.771  55.670 0.0000000000
34152  29.882  -47.344  55.848 0.0000000000
34153  29.048  -47.553  55.636 0.0000000000
57871  54.149  -22.457  53.687 0.0000000000
31641  26.258  -50.205  57.829 0.0000000000
29882  21.760  -52.419  61.057 0.0000000000
34027  41.126  -47.071  64.360 0.0000000000
34044  40.083  -47.116  63.123 0.0000000000
34045  39.452  -47.585  63.547 0.0000000000
33229  36.395  -48.047  62.353 0.0000000000
33230  35.714  -48.003  62.088 0.0000000000
34083  35.604  -47.614  61.382 0.0000000000
31555  33.122  -49.644  65.001 0.0000000000
31568  32.811  -49.544  64.385 0.0000000000
32427  31.280  -48.741  59.639 0.0000000000
32435  27.388  -49.813  58.452 0.0000000000
50128  53.702  -31.078  56.924 0.0000000000
29771  22.947  -52.389  72.440 0.0000000000
27893  18.938  -53.763  69.831 0.0000000000
28889  19.395  -53.448  69.302 0.0000000000
60694  52.083  -19.461  53.581 0.0000000000
58789  51.521  -21.580  55.258 0.0000000000
54909  51.641  -25.828  57.524 0.0000000000
52078  49.110  -28.340  56.854 0.0000000000
52095  48.370  -28.600  56.167 0.0000000000
48092  45.731  -32.108  63.982 0.0000000000
44133  46.501  -36.668  62.703 0.0000000000
46113  45.650  -34.679  58.719 0.0000000000
46112  46.066  -34.225  59.099 0.0000000000
47119  45.806  -33.671  58.301 0.0000000000
46162  43.328  -34.455  53.909 0.0000000000
47174  43.795  -33.930  54.125 0.0000000000
47188  43.627  -33.724  53.400 0.0000000000
45216  41.019  -35.285  51.738 0.0000000000
35833  35.967  -44.719  55.606 0.0000000000
36758  31.834  -45.044  54.551 0.0000000000
30694  29.469  -51.007  69.651 0.0000000000
30683  28.184  -51.231  70.428 0.0000000000
30684  27.402  -51.516  70.577 0.0000000000
31503  30.236  -50.547  69.960 0.0000000000
30706  29.780  -51.222  68.827 0.0000000000
36616  43.656  -44.312  64.856 0.0000000000
37545  44.425  -43.579  62.895 0.0000000000
36651  44.074  -44.097  63.547 0.0000000000
38463  44.929  -42.822  63.401 0.0000000000
38475  44.817  -42.530  62.345 0.0000000000
38488  43.830  -42.902  61.039 0.0000000000
38522  42.569  -42.361  59.340 0.0000000000
37620  41.008  -43.518  59.029 0.0000000000
37639  40.424  -43.313  58.237 0.0000000000
36709  39.885  -43.914  58.446 0.0000000000
54948  54.118  -25.356  54.019 0.0000000000
54008  54.750  -26.371  53.489 0.0000000000
31621  24.882  -50.751  59.752 0.0000000000
30748  22.728  -51.811  64.638 0.0000000000
30790  21.720  -51.889  61.832 0.0000000000
29876  21.052  -52.141  62.621 0.0000000000
28930  19.535  -53.315  63.605 0.0000000000
33979  38.411  -47.589  67.642 0.0000000000
33152  38.688  -48.070  66.749 0.0000000000
33163  39.069  -48.086  66.315 0.0000000000
33177  39.019  -48.208  65.629 0.0000000000
34030  38.633  -48.214  64.491 0.0000000000
33178  38.448  -48.353  65.125 0.0000000000
33180  36.915  -48.591  64.567 0.0000000000
33181  36.214  -48.599  64.274 0.0000000000
31586  30.704  -50.027  63.826 0.0000000000
31608  29.779  -50.209  62.139 0.0000000000
31607  30.418  -49.936  62.446 0.0000000000
32423  29.817  -49.938  60.911 0.0000000000
31634  27.954  -49.978  59.453 0.0000000000
50129  52.698  -30.888  56.696 0.0000000000
49182  53.081  -31.358  56.551 0.0000000000
50138  52.749  -31.270  56.172 0.0000000000
49206  52.558  -31.641  54.598 0.0000000000
27894  18.234  -54.068  70.149 0.0000000000
27906  17.373  -54.281  69.428 0.0000000000
54880  50.617  -25.536  59.731 0.0000000000
53918  51.148  -26.568  60.739 0.0000000000
52043  47.168  -28.630  59.521 0.0000000000
52042  47.519  -28.460  58.991 0.0000000000
51080  47.057  -28.897  58.305 0.0000000000
43182  45.044  -37.799  59.482 0.0000000000
43194  44.788  -37.365  58.872 0.0000000000
44174  44.457  -36.178  57.520 0.0000000000
45160  44.749  -35.532  57.508 0.0000000000
45169  44.147  -35.518  56.668 0.0000000000
45178  43.414  -35.632  55.636 0.0000000000
45195  42.850  -34.878  53.906 0.0000000000
44207  41.802  -36.184  53.643 0.0000000000
44208  41.527  -36.728  53.315 0.0000000000
40405  38.553  -40.835  52.878 0.0000000000
41356  37.608  -39.830  51.304 0.0000000000
41367  37.145  -39.498  50.544 0.0000000000
34942  36.147  -46.007  58.323 0.0000000000
35816  34.720  -45.772  57.321 0.0000000000
35815  35.291  -45.598  57.207 0.0000000000
61645  53.434  -18.022  50.602 0.0000000000
31574  27.744  -50.726  64.838 0.0000000000
30759  25.924  -51.355  64.762 0.0000000000
30708  28.010  -51.566  68.883 0.0000000000
30720  27.257  -51.649  67.838 0.0000000000
29826  25.874  -51.954  67.244 0.0000000000
29838  25.698  -51.755  66.528 0.0000000000
30733  25.671  -51.652  66.057 0.0000000000
29840  24.129  -51.958  66.664 0.0000000000
32308  34.895  -48.912  68.908 0.0000000000
32318  35.672  -48.727  68.596 0.0000000000
31542  33.092  -49.926  66.080 0.0000000000
31545  30.327  -50.983  66.982 0.0000000000
31588  28.814  -50.561  64.039 0.0000000000
49220  50.949  -30.991  53.320 0.0000000000
52911  47.589  -27.117  63.656 0.0000000000
51961  46.325  -28.272  62.886 0.0000000000
37484  44.160  -43.158  65.946 0.0000000000
41202  46.292  -39.304  63.104 0.0000000000
42165  46.402  -38.816  63.407 0.0000000000
42170  46.252  -38.632  62.610 0.0000000000
42171  45.937  -38.901  61.985 0.0000000000
39377  45.182  -41.036  61.801 0.0000000000
40303  45.272  -39.964  61.214 0.0000000000
41228  45.087  -39.485  60.575 0.0000000000
42185  45.000  -38.950  60.109 0.0000000000
42194  45.186  -38.342  59.969 0.0000000000
41261  44.384  -39.327  59.201 0.0000000000
41277  43.388  -39.420  57.864 0.0000000000
41296  43.168  -38.908  57.170 0.0000000000
42226  43.654  -38.416  57.605 0.0000000000
41297  42.594  -39.342  56.612 0.0000000000
39451  40.886  -41.690  56.540 0.0000000000
40373  40.465  -40.843  54.951 0.0000000000
38595  37.740  -42.172  53.666 0.0000000000
34965  32.242  -46.540  56.776 0.0000000000
34966  31.242  -46.892  56.730 0.0000000000
34984  29.991  -46.773  55.353 0.0000000000
35002  30.471  -46.351  54.994 0.0000000000
34169  27.928  -47.610  54.262 0.0000000000
34168  28.645  -47.156  54.645 0.0000000000
34179  28.082  -47.277  53.554 0.0000000000
35016  28.680  -46.630  53.864 0.0000000000
35872  29.486  -45.870  53.823 0.0000000000
57879  55.269  -22.993  52.097 0.0000000000
31603  26.803  -50.552  62.442 0.0000000000
30787  24.688  -50.900  62.604 0.0000000000
30776  22.951  -51.323  63.064 0.0000000000
30803  22.674  -52.278  59.935 0.0000000000
30802  23.297  -51.550  60.128 0.0000000000
34822  39.838  -46.815  67.652 0.0000000000
34821  40.668  -46.430  67.716 0.0000000000
34830  41.402  -46.406  66.965 0.0000000000
35698  42.140  -45.857  66.557 0.0000000000
35709  42.279  -45.935  65.930 0.0000000000
35708  42.773  -45.391  65.859 0.0000000000
34841  42.354  -45.985  65.598 0.0000000000
34867  41.484  -46.437  63.285 0.0000000000
34866  42.234  -46.235  63.951 0.0000000000
35746  41.238  -45.905  62.090 0.0000000000
34881  39.580  -46.857  62.266 0.0000000000
34893  39.165  -46.612  61.283 0.0000000000
34062  37.765  -47.850  62.803 0.0000000000
34081  37.493  -47.523  61.776 0.0000000000
34103  35.343  -47.335  60.716 0.0000000000
34113  35.752  -47.005  60.281 0.0000000000
34929  34.625  -46.767  59.320 0.0000000000
34115  34.117  -47.241  59.753 0.0000000000
32387  35.242  -48.628  63.582 0.0000000000
32391  31.732  -49.616  63.296 0.0000000000
32390  32.390  -49.479  63.466 0.0000000000
32413  32.560  -48.739  61.359 0.0000000000
32401  34.328  -48.514  62.585 0.0000000000
33232  33.891  -48.324  61.578 0.0000000000
33233  33.236  -48.436  61.204 0.0000000000
33247  32.544  -48.037  59.852 0.0000000000
33246  33.171  -47.893  60.255 0.0000000000
34117  32.654  -47.686  59.266 0.0000000000
34122  32.277  -47.590  58.718 0.0000000000
34127  32.114  -47.238  58.060 0.0000000000
33255  30.786  -48.402  58.617 0.0000000000
33261  31.155  -47.891  58.284 0.0000000000
33269  30.112  -47.964  57.057 0.0000000000
33263  29.786  -48.388  57.539 0.0000000000
33264  29.141  -48.405  57.140 0.0000000000
32446  28.142  -48.663  56.606 0.0000000000
32447  27.472  -49.054  56.398 0.0000000000
51099  53.984  -29.805  55.843 0.0000000000
48184  53.984  -32.184  56.262 0.0000000000
49205  54.768  -31.962  55.100 0.0000000000
32287  27.446  -50.269  71.299 0.0000000000
31460  26.257  -50.978  71.788 0.0000000000
30656  25.785  -51.410  71.670 0.0000000000
30671  26.174  -51.583  71.321 0.0000000000
29781  24.891  -52.391  71.256 0.0000000000
29793  24.248  -52.685  70.649 0.0000000000
29805  23.397  -52.793  69.814 0.0000000000
28867  20.238  -53.745  71.495 0.0000000000
28877  21.033  -53.373  71.253 0.0000000000
28866  20.912  -53.390  72.206 0.0000000000
28886  21.726  -53.176  70.989 0.0000000000
28887  21.141  -53.296  70.249 0.0000000000
28896  20.177  -53.010  68.639 0.0000000000
29819  20.691  -52.873  68.468 0.0000000000
29831  20.620  -52.724  67.907 0.0000000000
29844  20.072  -52.654  67.022 0.0000000000
27921  17.903  -53.943  66.956 0.0000000000
61631  53.137  -17.778  52.688 0.0000000000
60693  53.021  -19.117  53.594 0.0000000000
59749  51.890  -20.214  54.236 0.0000000000
59743  51.684  -20.649  54.591 0.0000000000
58787  52.417  -21.256  55.089 0.0000000000
58794  52.864  -21.446  54.801 0.0000000000
56895  52.902  -23.138  54.924 0.0000000000
54937  52.473  -25.740  55.658 0.0000000000
55929  51.632  -23.611  56.162 0.0000000000
55918  51.319  -24.491  56.939 0.0000000000
53980  52.593  -26.421  55.881 0.0000000000
53017  52.669  -27.418  56.856 0.0000000000
53005  53.119  -28.550  57.684 0.0000000000
51048  52.650  -29.040  59.133 0.0000000000
51064  52.842  -29.362  58.843 0.0000000000
50120  52.298  -30.119  57.205 0.0000000000
51089  51.920  -29.806  56.875 0.0000000000
51090  51.564  -29.485  56.363 0.0000000000
54855  49.445  -25.514  61.553 0.0000000000
52922  50.034  -27.139  61.727 0.0000000000
53886  50.324  -26.959  61.693 0.0000000000
52962  50.639  -27.726  60.716 0.0000000000
51976  49.175  -27.721  61.037 0.0000000000
51997  49.298  -27.864  60.289 0.0000000000
52018  50.590  -28.136  59.654 0.0000000000
52093  50.284  -28.727  55.767 0.0000000000
52114  50.723  -29.086  55.384 0.0000000000
51140  50.493  -29.995  53.953 0.0000000000
51118  49.685  -29.244  54.531 0.0000000000
51142  48.927  -29.534  54.076 0.0000000000
50197  48.664  -30.560  52.820 0.0000000000
50155  47.127  -29.802  55.069 0.0000000000
50198  47.600  -30.625  52.880 0.0000000000
50042  45.529  -30.342  63.739 0.0000000000
46055  46.654  -34.925  64.548 0.0000000000
46065  46.604  -34.788  63.705 0.0000000000
47057  46.524  -33.869  64.421 0.0000000000
46086  46.427  -34.549  61.577 0.0000000000
48103  45.733  -32.332  62.955 0.0000000000
48114  45.983  -33.104  61.598 0.0000000000
48149  46.003  -32.659  59.534 0.0000000000
49133  45.690  -32.219  60.542 0.0000000000
49151  45.472  -31.195  60.305 0.0000000000
50095  45.637  -30.523  59.644 0.0000000000
48171  45.648  -32.862  57.388 0.0000000000
49183  45.815  -31.743  56.472 0.0000000000
49184  45.619  -32.341  56.354 0.0000000000
46135  44.875  -34.268  56.526 0.0000000000
47142  45.274  -33.790  56.767 0.0000000000
48209  44.873  -32.831  54.700 0.0000000000
47204  44.043  -33.026  52.821 0.0000000000
46174  42.564  -34.327  52.758 0.0000000000
46175  41.857  -34.653  52.363 0.0000000000
46200  41.232  -34.464  50.533 0.0000000000
42279  41.760  -38.519  54.658 0.0000000000
42291  40.901  -38.392  53.250 0.0000000000
43257  40.732  -37.730  52.745 0.0000000000
41346  39.458  -39.518  52.289 0.0000000000
43266  39.294  -38.000  51.333 0.0000000000
43273  39.410  -37.379  51.212 0.0000000000
35786  39.793  -44.888  59.279 0.0000000000
36710  39.261  -44.378  58.225 0.0000000000
35813  37.280  -45.217  57.019 0.0000000000
36732  37.388  -44.660  56.258 0.0000000000
36721  37.691  -44.858  56.963 0.0000000000
36739  37.896  -43.671  55.470 0.0000000000
37675  36.088  -43.712  54.086 0.0000000000
37674  36.616  -43.494  54.117 0.0000000000
34981  32.571  -46.076  56.173 0.0000000000
34980  33.056  -45.834  56.366 0.0000000000
36787  31.578  -43.852  52.918 0.0000000000
36784  34.033  -43.481  52.762 0.0000000000
37707  34.087  -42.707  51.929 0.0000000000
37696  34.504  -43.074  52.580 0.0000000000
38607  35.729  -42.431  52.309 0.0000000000
61666  53.386  -17.670  48.522 0.0000000000
58818  53.363  -21.185  51.432 0.0000000000
31489  29.056  -50.563  70.692 0.0000000000
30682  28.938  -51.098  70.152 0.0000000000
36634  43.238  -45.026  63.220 0.0000000000
36633  43.586  -44.683  63.893 0.0000000000
37546  44.000  -43.888  62.289 0.0000000000
37568  43.713  -43.626  61.550 0.0000000000
37596  42.786  -43.357  60.384 0.0000000000
37597  42.246  -43.381  60.012 0.0000000000
31618  27.572  -50.383  60.796 0.0000000000
29864  19.831  -52.563  64.612 0.0000000000
33980  37.745  -47.748  68.010 0.0000000000
33165  37.721  -48.581  65.753 0.0000000000
31616  29.339  -50.257  61.359 0.0000000000
27907  16.583  -54.844  69.757 0.0000000000
54881  50.128  -25.259  59.929 0.0000000000
54867  50.200  -25.516  60.614 0.0000000000
53919  50.625  -25.985  60.923 0.0000000000
43208  44.024  -37.628  57.712 0.0000000000
44164  44.278  -37.139  57.855 0.0000000000
44175  44.087  -36.664  57.206 0.0000000000
44184  43.871  -36.197  56.671 0.0000000000
45179  42.844  -36.236  55.328 0.0000000000
62637  53.647  -17.208  51.082 0.0000000000
31560  28.625  -50.996  65.842 0.0000000000
30756  28.159  -51.034  65.788 0.0000000000
30742  27.693  -51.282  66.202 0.0000000000
29813  26.429  -52.005  68.191 0.0000000000
30705  30.510  -50.916  68.737 0.0000000000
30715  30.914  -50.859  68.110 0.0000000000
30727  30.280  -51.134  67.632 0.0000000000
38440  44.639  -42.566  65.408 0.0000000000
39335  44.916  -41.784  65.664 0.0000000000
41164  46.386  -39.233  64.971 0.0000000000
42154  46.428  -38.720  64.953 0.0000000000
41177  46.308  -39.454  64.676 0.0000000000
41190  46.118  -39.851  63.233 0.0000000000
40318  44.264  -40.562  59.742 0.0000000000
41245  44.244  -39.964  59.290 0.0000000000
40336  42.986  -40.002  57.729 0.0000000000
38560  40.774  -42.437  57.552 0.0000000000
39436  40.914  -41.979  57.075 0.0000000000
38568  40.476  -42.255  56.884 0.0000000000
38582  39.244  -42.006  55.081 0.0000000000
38575  38.980  -42.506  55.324 0.0000000000
37672  38.143  -42.729  54.758 0.0000000000
34134  30.567  -47.449  56.918 0.0000000000
34967  30.678  -47.101  56.453 0.0000000000
34151  30.358  -47.313  56.292 0.0000000000
58801  54.477  -21.355  52.947 0.0000000000
55952  55.196  -25.069  52.753 0.0000000000
31630  24.799  -50.944  58.854 0.0000000000
33996  40.180  -47.381  66.406 0.0000000000
34831  40.709  -46.957  66.930 0.0000000000
34854  41.128  -46.939  63.893 0.0000000000
34059  39.876  -46.916  62.641 0.0000000000
33212  37.376  -48.267  63.393 0.0000000000
31554  33.776  -49.598  65.152 0.0000000000
32361  33.714  -49.499  64.720 0.0000000000
33242  32.158  -48.454  60.238 0.0000000000
33249  31.201  -48.562  59.216 0.0000000000
32432  30.257  -48.677  58.664 0.0000000000
32448  26.560  -49.784  56.674 0.0000000000
51100  53.666  -29.508  56.513 0.0000000000
48195  53.875  -32.648  55.680 0.0000000000
47154  54.228  -33.069  55.270 0.0000000000
29770  23.795  -52.327  72.195 0.0000000000
28868  19.897  -53.885  70.873 0.0000000000
28888  20.287  -53.368  69.742 0.0000000000
28904  20.081  -52.913  67.916 0.0000000000
28905  19.487  -53.088  67.530 0.0000000000
28913  18.606  -53.457  66.698 0.0000000000
61622  52.262  -18.697  53.032 0.0000000000
60687  52.154  -20.049  54.140 0.0000000000
58795  51.693  -20.979  54.990 0.0000000000
54923  51.469  -25.285  57.303 0.0000000000
54839  49.410  -25.887  62.187 0.0000000000
52061  49.985  -28.298  57.672 0.0000000000
51103  49.429  -28.815  55.162 0.0000000000
50199  46.855  -30.772  52.811 0.0000000000
49221  46.165  -30.882  53.140 0.0000000000
44128  46.577  -36.720  63.783 0.0000000000
45124  46.506  -35.582  62.088 0.0000000000
45142  45.669  -35.623  59.487 0.0000000000
45141  46.077  -35.214  59.967 0.0000000000
46104  46.203  -34.412  59.919 0.0000000000
46149  44.157  -34.268  55.336 0.0000000000
47156  44.507  -33.882  55.489 0.0000000000
47173  44.307  -33.635  54.700 0.0000000000
47218  44.088  -32.757  51.764 0.0000000000
46187  40.885  -34.997  51.265 0.0000000000
41337  41.032  -38.970  53.587 0.0000000000
36733  36.797  -44.793  56.072 0.0000000000
36757  32.462  -44.721  54.430 0.0000000000
37710  31.594  -43.342  51.652 0.0000000000
36800  31.911  -43.539  52.280 0.0000000000
37697  33.566  -43.283  52.385 0.0000000000
51139  54.693  -29.408  53.857 0.0000000000
30697  26.866  -51.919  69.939 0.0000000000
31519  30.688  -50.660  69.383 0.0000000000
36580  43.299  -44.396  66.458 0.0000000000
36598  43.311  -44.655  65.879 0.0000000000
37498  43.800  -43.835  65.568 0.0000000000
37497  44.231  -43.315  65.188 0.0000000000
36632  43.966  -44.077  64.226 0.0000000000
37512  44.103  -43.696  64.610 0.0000000000
38452  44.755  -42.879  64.483 0.0000000000
39359  45.630  -41.248  63.396 0.0000000000
39369  45.019  -41.890  62.147 0.0000000000
38501  44.151  -42.308  60.878 0.0000000000
39390  43.526  -41.953  59.817 0.0000000000
39415  42.351  -41.468  58.156 0.0000000000
39405  42.618  -41.830  58.847 0.0000000000
38540  42.246  -42.047  58.755 0.0000000000
38541  41.722  -42.175  58.389 0.0000000000
38542  41.138  -42.589  58.153 0.0000000000
37649  40.202  -42.978  57.609 0.0000000000
33284  28.285  -47.878  55.294 0.0000000000
33301  27.311  -48.813  53.383 0.0000000000
56894  53.578  -23.127  54.256 0.0000000000
54961  55.259  -25.616  52.834 0.0000000000
31629  25.576  -50.506  59.211 0.0000000000
30761  24.244  -51.564  64.231 0.0000000000
29877  20.518  -52.873  62.507 0.0000000000
33998  38.789  -47.719  67.162 0.0000000000
33978  39.259  -47.267  67.356 0.0000000000
34014  39.576  -47.864  65.890 0.0000000000
33179  37.649  -48.502  64.874 0.0000000000
33196  37.622  -48.376  64.027 0.0000000000
31569  32.264  -49.639  64.285 0.0000000000
31585  31.471  -49.739  63.679 0.0000000000
31598  31.378  -49.674  63.129 0.0000000000
32405  30.805  -49.760  62.427 0.0000000000
31625  29.106  -50.141  60.620 0.0000000000
32430  28.477  -49.833  59.522 0.0000000000
49170  53.343  -31.111  56.848 0.0000000000
48196  53.484  -32.350  55.639 0.0000000000
48207  53.741  -33.070  55.136 0.0000000000
28898  18.332  -53.684  68.392 0.0000000000
27913  17.948  -53.842  68.558 0.0000000000
27915  16.637  -54.853  68.660 0.0000000000
53945  51.490  -26.230  58.861 0.0000000000
52960  51.825  -27.947  60.405 0.0000000000
51995  51.177  -28.176  60.220 0.0000000000
51998  48.487  -28.093  60.549 0.0000000000
51999  47.644  -28.277  60.785 0.0000000000
51106  46.736  -29.834  56.141 0.0000000000
48080  46.124  -32.516  64.892 0.0000000000
43173  45.746  -37.033  60.594 0.0000000000
44147  45.688  -36.550  60.111 0.0000000000
46127  44.605  -34.773  56.694 0.0000000000
45177  43.867  -35.050  56.063 0.0000000000
45208  40.757  -36.500  52.226 0.0000000000
40403  40.032  -40.199  53.241 0.0000000000
41347  38.802  -39.950  52.009 0.0000000000
34926  37.785  -46.099  58.942 0.0000000000
34941  37.122  -45.887  58.487 0.0000000000
34954  35.760  -45.757  57.650 0.0000000000
35814  36.309  -45.547  57.323 0.0000000000
35834  35.451  -44.766  55.715 0.0000000000
35882  29.686  -44.965  53.056 0.0000000000
36774  30.673  -44.837  53.627 0.0000000000
37700  30.930  -43.844  52.456 0.0000000000
37711  30.520  -43.706  51.786 0.0000000000
61654  52.999  -18.406  49.879 0.0000000000
61646  53.106  -18.571  50.383 0.0000000000
60718  52.650  -19.282  50.315 0.0000000000
56915  54.983  -23.348  50.992 0.0000000000
30784  27.206  -50.704  63.913 0.0000000000
30772  26.538  -50.962  64.269 0.0000000000
30721  26.591  -51.732  67.173 0.0000000000
30745  25.318  -51.621  65.409 0.0000000000
30746  24.559  -51.662  65.090 0.0000000000
29852  23.551  -51.894  65.979 0.0000000000
31531  32.150  -50.294  67.496 0.0000000000
31532  31.169  -50.767  67.882 0.0000000000
50170  51.697  -30.756  54.200 0.0000000000
49237  51.246  -31.813  52.861 0.0000000000
54840  48.666  -25.609  62.409 0.0000000000
53870  48.062  -26.284  63.472 0.0000000000
51960  47.252  -27.785  62.480 0.0000000000
51979  46.655  -28.438  61.968 0.0000000000
40286  45.098  -40.717  61.413 0.0000000000
41215  45.640  -39.433  61.679 0.0000000000
42178  45.665  -38.562  61.335 0.0000000000
43165  45.619  -38.073  60.841 0.0000000000
43183  44.627  -38.026  59.015 0.0000000000
42207  44.296  -38.650  58.716 0.0000000000
42225  44.037  -38.253  58.121 0.0000000000
42248  43.394  -38.194  57.010 0.0000000000
42264  42.468  -38.498  55.915 0.0000000000
41315  41.727  -39.402  55.097 0.0000000000
40389  40.862  -40.060  54.338 0.0000000000
40338  42.002  -41.084  57.124 0.0000000000
39450  41.358  -41.366  56.587 0.0000000000
39463  41.175  -41.199  56.059 0.0000000000
40390  40.221  -40.505  54.080 0.0000000000
40391  39.482  -40.890  53.822 0.0000000000
39486  39.082  -41.167  53.741 0.0000000000
39477  38.800  -41.646  54.042 0.0000000000
39487  38.483  -41.355  53.414 0.0000000000
39488  37.872  -41.505  53.070 0.0000000000
35838  31.537  -46.062  55.316 0.0000000000
35871  30.156  -45.282  53.683 0.0000000000
35857  29.597  -46.155  54.217 0.0000000000
59756  54.531  -20.936  52.326 0.0000000000
56908  55.059  -23.198  52.512 0.0000000000
57884  55.278  -23.010  51.870 0.0000000000
35686  42.336  -45.095  67.453 0.0000000000
36581  42.992  -44.804  66.551 0.0000000000
36599  43.040  -44.973  66.100 0.0000000000
35722  42.976  -45.470  64.924 0.0000000000
35734  42.890  -45.547  63.955 0.0000000000
35744  42.657  -45.408  62.960 0.0000000000
35759  41.787  -45.210  61.660 0.0000000000
34909  38.761  -46.441  60.402 0.0000000000
34080  38.382  -47.279  61.864 0.0000000000
34912  36.192  -46.917  60.201 0.0000000000
33199  35.311  -48.526  63.134 0.0000000000
33215  34.986  -48.380  62.534 0.0000000000
32375  32.666  -49.514  64.073 0.0000000000
33231  34.823  -48.044  61.739 0.0000000000
33239  34.337  -47.921  61.184 0.0000000000
34105  33.723  -47.639  60.220 0.0000000000
34120  33.659  -47.159  59.222 0.0000000000
34945  33.106  -46.972  58.407 0.0000000000
34126  32.693  -47.161  58.362 0.0000000000
34128  31.304  -47.416  57.737 0.0000000000
34129  30.844  -47.513  57.407 0.0000000000
53026  53.080  -27.705  55.975 0.0000000000
52113  53.484  -28.154  55.509 0.0000000000
48183  54.219  -32.240  55.993 0.0000000000
49218  52.357  -31.909  53.834 0.0000000000
32286  28.531  -49.848  71.032 0.0000000000
31475  27.409  -50.898  71.573 0.0000000000
31459  26.883  -50.862  71.772 0.0000000000
30670  27.043  -51.353  71.216 0.0000000000
29816  23.615  -52.580  68.681 0.0000000000
28919  19.244  -52.924  65.251 0.0000000000
57861  53.524  -21.983  54.308 0.0000000000
60695  51.455  -19.882  53.448 0.0000000000
59736  52.383  -20.898  54.943 0.0000000000
53979  52.947  -26.525  55.388 0.0000000000
52037  52.841  -28.728  58.763 0.0000000000
52036  53.142  -29.250  58.501 0.0000000000
51116  51.609  -30.123  54.985 0.0000000000
54854  50.173  -25.729  61.255 0.0000000000
53905  50.576  -26.606  61.396 0.0000000000
52941  50.989  -27.189  61.273 0.0000000000
52979  50.499  -27.854  60.332 0.0000000000
52076  51.111  -28.953  56.507 0.0000000000
51102  51.238  -29.290  55.741 0.0000000000
51962  45.985  -28.391  63.456 0.0000000000
51012  45.924  -28.710  62.780 0.0000000000
51038  45.593  -29.967  61.092 0.0000000000
48091  46.148  -32.968  63.668 0.0000000000
49117  45.513  -31.607  62.249 0.0000000000
48133  45.747  -32.609  61.281 0.0000000000
50065  45.445  -30.760  61.633 0.0000000000
50080  45.436  -30.806  60.771 0.0000000000
51051  45.570  -30.259  60.393 0.0000000000
47129  45.521  -33.835  57.549 0.0000000000
48172  45.481  -33.356  57.043 0.0000000000
48186  45.444  -32.946  56.445 0.0000000000
43248  41.323  -37.680  53.486 0.0000000000
43256  41.176  -37.394  53.039 0.0000000000
44217  40.634  -37.124  52.408 0.0000000000
44226  40.264  -36.916  51.994 0.0000000000
41345  40.104  -39.064  52.603 0.0000000000
42303  39.435  -38.603  51.747 0.0000000000
43258  40.261  -38.048  52.390 0.0000000000
36698  40.218  -44.240  59.119 0.0000000000
37651  38.901  -43.976  57.135 0.0000000000
35812  37.818  -44.975  57.360 0.0000000000
36711  38.575  -44.791  58.030 0.0000000000
37660  38.769  -43.751  56.524 0.0000000000
37673  37.511  -43.086  54.490 0.0000000000
36752  36.989  -43.622  54.643 0.0000000000
37684  37.294  -42.723  53.738 0.0000000000
38606  36.700  -42.204  52.594 0.0000000000
34963  33.737  -45.845  56.947 0.0000000000
35836  33.177  -45.516  55.839 0.0000000000
36743  34.975  -44.621  55.217 0.0000000000
36755  34.478  -44.402  54.496 0.0000000000
36769  35.139  -43.627  53.559 0.0000000000
59777  52.609  -20.184  50.814 0.0000000000
27904  18.835  -53.639  69.295 0.0000000000
28899  17.878  -53.864  68.286 0.0000000000
30704  30.914  -50.831  68.361 0.0000000000
30716  30.645  -50.978  68.073 0.0000000000
33151  39.062  -47.961  66.624 0.0000000000
34133  31.037  -47.250  57.218 0.0000000000
35015  29.194  -46.278  54.088 0.0000000000
35721  43.229  -45.031  65.306 0.0000000000
37513  43.904  -43.764  65.058 0.0000000000
38474  45.121  -41.966  62.447 0.0000000000
38503  42.937  -42.710  59.908 0.0000000000
38608  35.020  -42.686  52.302 0.0000000000
40232  46.184  -39.777  64.636 0.0000000000
40246  46.185  -39.825  64.379 0.0000000000
41165  46.191  -39.447  65.230 0.0000000000
41178  46.205  -39.660  64.909 0.0000000000
42160  46.440  -38.697  64.125 0.0000000000
52075  51.550  -29.422  56.795 0.0000000000
55853  49.105  -25.399  61.421 0.0000000000
