#!ascii label  , from subject A00008326 vox2ras=TkReg
738
62236  19.857  -17.966  -2.366 0.2500000000
100323  20.663  -18.202  -3.317 0.2500000000
65034  18.716  -15.666  -1.435 0.2500000000
64147  19.093  -16.067  -1.611 0.1250000000
65053  19.080  -15.491  -1.884 0.3750000000
63199  19.195  -16.796  -1.740 0.2500000000
62219  19.319  -17.901  -1.693 0.2500000000
62245  20.594  -17.516  -3.580 0.7500000000
62235  20.198  -17.580  -3.064 0.3750000000
100319  21.533  -18.724  -3.839 0.8750000000
61329  21.664  -18.433  -4.479 0.8750000000
64164  19.309  -16.042  -2.259 0.3750000000
63216  19.699  -16.913  -2.727 0.3750000000
63228  19.931  -16.233  -3.281 0.8750000000
63215  20.129  -17.063  -3.114 0.7500000000
100326  20.636  -17.915  -5.418 1.0000000000
100342  19.880  -17.821  -5.205 1.0000000000
100337  20.044  -17.416  -4.643 0.8750000000
100324  21.121  -17.607  -4.220 0.8750000000
61328  22.644  -18.679  -4.652 1.0000000000
65054  18.604  -15.093  -1.691 0.2500000000
65066  19.192  -15.262  -2.511 0.7500000000
100340  19.762  -15.419  -3.328 0.8750000000
64184  20.131  -15.649  -4.200 0.8750000000
64175  19.500  -15.703  -3.112 0.7500000000
62273  22.485  -16.827  -5.429 1.0000000000
100332  20.302  -17.261  -5.913 1.0000000000
62259  18.345  -16.854  -5.956 1.0000000000
62272  23.734  -17.200  -5.333 1.0000000000
62257  22.976  -17.800  -5.017 1.0000000000
65035  18.008  -15.316  -1.082 0.1250000000
65067  18.967  -15.003  -2.093 0.6250000000
100349  19.112  -15.072  -4.756 1.0000000000
67659  19.439  -14.679  -3.141 0.8750000000
100353  18.946  -15.779  -4.522 1.0000000000
63249  23.456  -16.501  -5.530 1.0000000000
100331  20.491  -16.557  -5.634 1.0000000000
64204  20.404  -16.052  -5.577 1.0000000000
63246  26.374  -17.229  -5.762 1.0000000000
62271  24.760  -17.483  -5.517 1.0000000000
71028  18.976  -10.167  -2.133 0.2500000000
65915  17.690  -14.634  -1.072 0.2500000000
66809  17.754  -13.523  -1.454 0.3750000000
66824  18.568  -14.230  -2.269 0.5000000000
68483  19.549  -13.553  -3.362 1.0000000000
66807  18.707  -13.748  -2.424 0.6250000000
67660  19.685  -14.319  -3.420 1.0000000000
65955  21.383  -14.830  -4.902 1.0000000000
67679  20.621  -14.908  -4.967 1.0000000000
64192  24.764  -15.951  -6.035 1.0000000000
64194  22.818  -15.929  -5.526 1.0000000000
65080  22.553  -15.117  -5.259 1.0000000000
63247  25.497  -16.772  -5.863 1.0000000000
64201  25.619  -15.877  -5.915 1.0000000000
63259  25.954  -16.274  -5.805 1.0000000000
71041  19.926  -10.329  -3.704 0.5000000000
70165  18.861  -10.682  -2.134 0.3750000000
69324  18.601  -11.391  -1.998 0.3750000000
68468  18.584  -12.240  -2.176 0.5000000000
69323  18.997  -11.657  -2.538 0.5000000000
69352  19.822  -12.330  -3.689 0.8750000000
68492  20.830  -13.121  -4.337 1.0000000000
68491  21.353  -12.353  -4.846 1.0000000000
65954  22.150  -14.482  -5.028 1.0000000000
67666  21.293  -13.416  -4.630 1.0000000000
65952  23.824  -14.520  -5.762 1.0000000000
65959  26.498  -14.315  -6.511 1.0000000000
65087  26.044  -15.064  -5.908 1.0000000000
64199  26.965  -15.831  -5.961 0.8750000000
71027  19.550  -10.068  -2.749 0.5000000000
70163  19.349  -11.079  -2.803 0.5000000000
71054  20.117  -10.571  -4.090 0.6250000000
70191  20.328  -10.915  -4.381 0.6250000000
69350  20.862  -11.516  -4.704 1.0000000000
69351  20.341  -12.160  -4.154 0.7500000000
66843  25.082  -13.349  -6.347 1.0000000000
66844  24.218  -13.310  -6.067 1.0000000000
66845  23.461  -13.283  -5.932 1.0000000000
66836  22.829  -13.203  -5.742 1.0000000000
66842  26.022  -13.417  -6.764 1.0000000000
65961  24.566  -14.243  -5.999 1.0000000000
65962  23.810  -13.908  -5.892 1.0000000000
66841  27.030  -13.458  -6.924 0.8750000000
65960  25.555  -14.279  -6.292 1.0000000000
65958  27.400  -14.377  -6.675 0.8750000000
71053  20.275  -10.056  -4.234 0.5000000000
69349  21.234  -10.652  -5.086 0.8750000000
68503  23.324  -11.374  -6.029 1.0000000000
68504  22.564  -11.589  -5.687 1.0000000000
67684  25.564  -12.427  -6.696 1.0000000000
67675  23.808  -12.022  -6.111 1.0000000000
67677  22.409  -12.593  -5.529 1.0000000000
68517  26.079  -11.507  -6.955 1.0000000000
67683  26.565  -12.473  -7.011 1.0000000000
71040  20.261  -9.431  -3.684 0.5000000000
70190  20.748  -10.266  -4.742 0.8750000000
69360  23.610  -10.398  -6.058 1.0000000000
69361  22.766  -10.579  -5.738 1.0000000000
70215  26.443  -9.700  -7.336 1.0000000000
69374  25.606  -10.686  -6.882 1.0000000000
69373  26.482  -10.540  -7.229 1.0000000000
68518  25.119  -11.425  -6.585 1.0000000000
68516  27.047  -11.513  -7.225 1.0000000000
67682  27.569  -12.495  -7.186 0.8750000000
71907  22.907  -7.054  -5.516 1.0000000000
71897  22.343  -7.491  -5.368 0.3750000000
71896  22.982  -7.680  -5.522 0.8750000000
70204  23.844  -9.300  -5.964 1.0000000000
70216  25.640  -9.676  -7.044 1.0000000000
72759  23.425  -6.474  -5.310 0.8750000000
72758  24.336  -6.552  -5.596 1.0000000000
71906  23.874  -7.448  -5.689 1.0000000000
71905  24.736  -7.155  -5.962 1.0000000000
71065  24.349  -8.459  -6.156 1.0000000000
71076  25.790  -9.016  -7.223 1.0000000000
70227  26.136  -9.210  -7.358 1.0000000000
73606  24.044  -6.087  -5.214 0.7500000000
71917  25.339  -7.295  -6.494 1.0000000000
71090  25.610  -8.172  -7.197 1.0000000000
71928  25.438  -7.919  -6.803 1.0000000000
72757  25.059  -6.538  -6.129 1.0000000000
71927  25.746  -7.556  -7.380 1.0000000000
76846  24.533  -1.570  -4.864 0.1250000000
76835  24.524  -1.535  -3.728 0.1250000000
76857  24.192  -1.635  -6.092 0.2500000000
77608  23.753  -0.784  -6.090 0.2500000000
76868  23.837  -1.609  -7.169 0.5000000000
76858  23.772  -1.223  -6.514 0.2500000000
77617  23.208  -0.821  -7.670 0.3750000000
78365  23.733  -0.031  -5.673 0.2500000000
77609  23.447  -0.783  -6.772 0.2500000000
78371  23.450  -0.199  -6.344 0.2500000000
79175  22.640  0.590  -6.410 0.2500000000
78381  22.672  -0.161  -7.795 0.2500000000
77618  22.739  -0.542  -8.284 0.3750000000
78372  22.847  0.042  -6.935 0.2500000000
78382  22.217  0.098  -8.433 0.2500000000
64148  18.655  -16.357  -1.122 0.1250000000
62270  25.692  -18.062  -5.504 1.0000000000
69362  21.917  -10.757  -5.415 0.8750000000
68502  24.170  -11.309  -6.290 1.0000000000
60409  19.870  -19.465  -1.501 0.1250000000
60421  20.756  -19.205  -2.879 0.6250000000
60438  21.990  -19.625  -3.794 0.7500000000
60437  22.697  -19.894  -4.230 1.0000000000
62220  18.963  -17.898  -1.250 0.1250000000
61327  23.910  -18.831  -4.868 1.0000000000
61326  24.991  -18.775  -5.159 1.0000000000
62269  26.679  -18.113  -5.529 1.0000000000
66793  17.310  -13.465  -0.674 0.3750000000
69325  18.226  -11.213  -1.424 0.2500000000
68469  18.027  -11.965  -1.633 0.2500000000
65085  27.604  -15.210  -6.419 0.8750000000
67681  28.512  -12.589  -7.197 0.8750000000
71898  22.354  -7.157  -4.778 0.1250000000
71887  21.905  -7.645  -5.012 0.1250000000
71052  20.751  -9.305  -4.475 0.3750000000
70189  21.549  -9.508  -4.988 0.6250000000
69372  27.282  -10.755  -7.578 1.0000000000
71050  22.575  -8.193  -5.513 0.8750000000
70226  26.682  -9.124  -7.619 1.0000000000
71088  26.912  -8.123  -8.202 1.0000000000
71089  25.989  -8.496  -7.653 1.0000000000
73605  24.701  -5.530  -5.801 0.8750000000
73613  25.396  -5.631  -7.179 1.0000000000
72766  25.536  -6.620  -6.921 1.0000000000
76825  24.399  -1.569  -2.671 0.1250000000
76091  24.526  -2.549  -4.243 0.1250000000
76115  24.433  -2.638  -6.478 0.6250000000
76867  24.238  -2.101  -6.836 0.6250000000
76124  23.878  -2.069  -7.790 0.5000000000
77601  24.206  -0.710  -5.318 0.2500000000
76876  23.507  -1.715  -8.081 0.5000000000
78361  23.927  0.123  -4.737 0.2500000000
78366  23.157  0.388  -6.097 0.2500000000
77625  23.164  -1.121  -8.589 0.5000000000
79169  22.587  0.929  -5.794 0.1250000000
78373  22.379  0.448  -7.644 0.2500000000
79189  21.576  0.655  -8.938 0.2500000000
77626  22.461  -0.673  -8.937 0.3750000000
79199  21.530  0.493  -9.445 0.2500000000
79176  21.928  0.976  -6.802 0.1250000000
61310  19.793  -18.787  -1.913 0.1250000000
61309  20.217  -18.600  -2.603 0.3750000000
63200  18.884  -17.385  -1.274 0.1250000000
100322  21.543  -18.271  -4.375 0.8750000000
100350  19.098  -17.014  -4.934 1.0000000000
100325  20.644  -17.912  -5.165 1.0000000000
62256  24.242  -18.035  -5.168 1.0000000000
66823  18.994  -14.172  -2.588 0.8750000000
100347  20.127  -15.420  -5.430 1.0000000000
63248  24.362  -16.634  -5.664 1.0000000000
64202  21.524  -15.868  -5.525 1.0000000000
65082  21.137  -15.253  -5.252 1.0000000000
67645  18.153  -12.835  -1.787 0.3750000000
67644  18.668  -13.113  -2.309 0.5000000000
68493  20.172  -14.160  -3.952 1.0000000000
66830  21.174  -14.135  -4.545 1.0000000000
64193  23.849  -15.895  -5.715 1.0000000000
64195  21.967  -15.718  -5.418 1.0000000000
65079  23.416  -15.133  -5.553 1.0000000000
65078  24.270  -15.159  -5.845 1.0000000000
65086  26.842  -15.133  -6.257 1.0000000000
70192  19.967  -11.188  -3.963 0.6250000000
68505  21.873  -11.925  -5.337 1.0000000000
65953  23.024  -14.155  -5.601 1.0000000000
66837  22.309  -13.558  -5.275 1.0000000000
67678  21.790  -12.963  -5.082 1.0000000000
65088  25.133  -15.129  -6.050 1.0000000000
69363  21.400  -11.413  -5.144 1.0000000000
67686  23.834  -12.679  -6.072 1.0000000000
67685  24.551  -12.361  -6.278 1.0000000000
67676  23.165  -12.390  -5.900 1.0000000000
70206  22.326  -9.868  -5.331 1.0000000000
70205  23.003  -9.642  -5.564 1.0000000000
70217  24.756  -9.262  -6.528 1.0000000000
69375  24.651  -10.287  -6.544 1.0000000000
69382  27.011  -9.961  -7.645 1.0000000000
70187  23.052  -8.836  -5.438 1.0000000000
71049  23.443  -8.302  -5.640 1.0000000000
71918  24.870  -7.835  -6.281 1.0000000000
71077  25.357  -8.617  -6.814 1.0000000000
73604  25.256  -6.063  -6.459 1.0000000000
76079  24.285  -2.493  -3.154 0.1250000000
77595  24.426  -0.609  -4.263 0.2500000000
76104  24.524  -2.551  -5.417 0.5000000000
78390  21.797  -0.084  -9.231 0.2500000000
60393  19.739  -19.592  -1.129 0.1250000000
60420  21.433  -19.681  -3.242 0.6250000000
60436  23.719  -19.901  -4.638 1.0000000000
71038  21.601  -8.189  -4.791 0.5000000000
71051  21.301  -8.776  -4.664 0.6250000000
70173  21.776  -8.749  -5.166 0.7500000000
70188  22.285  -8.940  -5.287 0.8750000000
71037  21.814  -8.171  -5.358 0.7500000000
72773  25.957  -6.631  -8.079 1.0000000000
75320  24.004  -3.608  -3.508 0.3750000000
76123  24.296  -2.608  -7.561 0.7500000000
77634  22.494  -0.387  -9.759 0.3750000000
57585  25.123  -23.711  -4.426 0.7500000000
57597  27.703  -23.368  -4.829 0.7500000000
57586  24.655  -23.376  -4.143 0.7500000000
58554  23.923  -22.741  -3.763 0.7500000000
58568  27.270  -22.474  -5.054 0.7500000000
57599  25.549  -23.405  -4.703 0.7500000000
57600  24.992  -22.818  -4.497 0.7500000000
58571  24.474  -22.168  -4.199 0.7500000000
58569  26.245  -22.449  -5.153 0.7500000000
58570  25.314  -22.226  -4.795 0.7500000000
60418  22.397  -20.617  -3.791 0.7500000000
60419  21.906  -20.421  -3.425 0.6250000000
59502  24.745  -21.004  -4.800 0.7500000000
59503  23.583  -21.059  -4.196 0.8750000000
59499  27.898  -21.461  -5.066 0.7500000000
59500  26.892  -21.437  -5.290 0.7500000000
59501  25.855  -21.361  -5.224 0.7500000000
60432  27.561  -20.235  -5.502 0.7500000000
60433  26.460  -20.490  -5.479 0.7500000000
60434  25.546  -20.341  -5.268 0.8750000000
60435  24.747  -19.756  -4.974 0.8750000000
60447  27.305  -19.508  -5.576 0.7500000000
60449  26.072  -19.694  -5.450 0.8750000000
61337  25.745  -19.022  -5.337 0.8750000000
62268  27.439  -18.155  -5.351 0.8750000000
63245  27.102  -17.297  -5.509 0.8750000000
64189  29.548  -16.358  -5.385 0.3750000000
64190  28.734  -16.273  -5.631 0.6250000000
63256  27.487  -16.618  -5.577 0.7500000000
65077  28.760  -15.487  -5.859 0.7500000000
64198  27.658  -15.922  -5.933 0.7500000000
65949  30.278  -14.628  -5.255 0.1250000000
65075  30.015  -15.461  -5.491 0.3750000000
65076  29.350  -15.351  -5.801 0.6250000000
65084  28.383  -15.234  -6.247 0.6250000000
65956  28.756  -14.532  -6.349 0.6250000000
66816  30.579  -13.706  -3.786 0.1250000000
66834  30.006  -13.704  -5.664 0.1250000000
66839  28.890  -13.734  -6.763 0.6250000000
66840  27.991  -13.555  -7.025 0.7500000000
67673  30.203  -12.806  -5.276 0.1250000000
68501  30.018  -11.718  -5.595 0.1250000000
67680  29.343  -12.704  -6.889 0.1250000000
67665  30.471  -12.800  -4.367 0.1250000000
68513  29.519  -11.740  -6.571 0.5000000000
68514  28.875  -11.573  -7.240 0.5000000000
68515  28.004  -11.376  -7.506 0.7500000000
73597  23.534  -5.625  -4.569 0.6250000000
73596  24.215  -5.029  -5.017 0.5000000000
69371  28.645  -10.731  -7.256 0.6250000000
69381  27.773  -10.283  -7.720 0.6250000000
70214  28.590  -9.780  -6.957 0.5000000000
69380  28.298  -10.347  -7.522 0.6250000000
70224  28.032  -9.455  -7.666 0.6250000000
71926  26.309  -7.541  -8.355 0.8750000000
70225  27.371  -9.212  -7.686 0.7500000000
71098  27.069  -7.611  -8.836 0.8750000000
71935  26.781  -7.241  -9.528 0.8750000000
71086  28.261  -8.602  -7.580 0.5000000000
71087  27.621  -8.343  -7.977 0.6250000000
71075  28.587  -8.571  -6.831 0.2500000000
74464  24.415  -4.411  -5.417 0.6250000000
74476  24.868  -4.414  -6.428 0.7500000000
73614  25.132  -5.069  -6.587 0.8750000000
72772  26.355  -6.932  -9.027 0.7500000000
71097  27.307  -7.810  -8.497 0.7500000000
71924  27.965  -7.611  -8.279 0.5000000000
71943  27.154  -7.123  -10.368 0.7500000000
71916  28.476  -7.700  -7.417 0.2500000000
74475  25.169  -4.802  -7.101 0.8750000000
74487  25.223  -4.761  -8.015 0.8750000000
73620  25.671  -5.709  -8.601 0.8750000000
72785  26.132  -6.397  -9.130 0.8750000000
71944  26.804  -7.395  -10.946 0.7500000000
71934  27.378  -7.261  -9.007 0.5000000000
73628  28.128  -6.257  -8.278 0.2500000000
72782  27.877  -6.850  -8.773 0.5000000000
75334  24.389  -3.522  -4.817 0.5000000000
75346  24.558  -3.498  -5.930 0.5000000000
75356  24.669  -3.517  -6.985 0.6250000000
75365  24.806  -3.782  -8.159 0.7500000000
75364  24.982  -4.437  -8.551 0.7500000000
74500  24.799  -4.360  -9.261 0.7500000000
74512  25.386  -4.986  -10.308 0.7500000000
74499  25.146  -4.908  -9.179 0.7500000000
75376  24.483  -3.834  -9.196 0.7500000000
73631  26.108  -5.856  -9.976 0.7500000000
73641  25.951  -6.520  -10.973 0.7500000000
73642  25.698  -5.690  -10.952 0.7500000000
72794  27.286  -6.649  -10.922 0.5000000000
73649  27.060  -5.885  -11.280 0.3750000000
72798  27.029  -6.705  -11.760 0.6250000000
72783  27.490  -6.636  -9.821 0.3750000000
73640  27.412  -5.845  -10.339 0.3750000000
75387  24.316  -3.869  -10.158 0.7500000000
74526  24.791  -4.485  -10.563 0.7500000000
74524  25.856  -4.886  -11.289 0.6250000000
74511  27.116  -4.960  -10.755 0.3750000000
74523  26.531  -5.001  -11.300 0.3750000000
73619  27.990  -5.514  -7.927 0.1250000000
74498  27.449  -4.823  -9.672 0.1250000000
76132  24.128  -3.070  -8.596 0.6250000000
74525  25.255  -4.878  -11.106 0.3750000000
75393  26.632  -4.404  -10.928 0.2500000000
73651  25.777  -5.389  -11.252 0.6250000000
75374  27.390  -3.753  -8.915 0.1250000000
74486  27.670  -4.729  -8.402 0.1250000000
76133  23.800  -2.394  -8.315 0.6250000000
76143  23.674  -2.722  -8.841 0.6250000000
76152  23.869  -3.181  -10.558 0.3750000000
76142  23.785  -3.061  -9.517 0.3750000000
75396  24.443  -4.039  -11.160 0.3750000000
75394  26.051  -3.711  -11.347 0.2500000000
75395  25.207  -4.203  -11.583 0.3750000000
76140  26.724  -2.604  -9.978 0.1250000000
76122  27.390  -2.690  -8.147 0.1250000000
75385  26.931  -3.753  -10.246 0.1250000000
77633  23.233  -1.096  -9.479 0.3750000000
76885  23.681  -2.466  -9.689 0.3750000000
76161  23.716  -2.570  -10.808 0.3750000000
76894  23.752  -2.674  -10.064 0.3750000000
76159  25.058  -2.648  -11.947 0.3750000000
76160  24.380  -2.920  -11.405 0.3750000000
76158  25.735  -2.562  -11.830 0.3750000000
75401  25.506  -3.133  -11.811 0.3750000000
75403  24.707  -3.709  -11.641 0.3750000000
76884  26.696  -1.604  -9.840 0.1250000000
75386  26.444  -2.968  -10.649 0.1250000000
76151  26.175  -2.424  -11.197 0.2500000000
76874  27.020  -1.688  -8.792 0.1250000000
76902  23.705  -1.853  -11.210 0.2500000000
76901  24.392  -1.793  -12.066 0.2500000000
76895  23.717  -1.997  -10.142 0.3750000000
76900  25.268  -1.776  -12.235 0.1250000000
77642  26.502  -0.660  -11.367 0.1250000000
77638  23.191  -0.850  -10.562 0.3750000000
77644  23.707  -0.626  -11.794 0.2500000000
76907  24.769  -1.203  -12.707 0.1250000000
77643  24.287  -1.047  -12.392 0.1250000000
76906  25.528  -0.941  -12.816 0.1250000000
76911  24.910  -0.790  -13.321 0.1250000000
78404  26.602  0.064  -10.836 0.1250000000
77653  26.153  -0.052  -12.841 0.1250000000
78417  24.384  0.660  -12.902 0.1250000000
77655  25.013  0.023  -13.374 0.1250000000
79218  26.614  1.178  -12.071 0.1250000000
79209  26.540  0.933  -11.016 0.1250000000
60450  25.441  -19.544  -5.235 0.8750000000
71925  27.555  -7.745  -8.430 0.5000000000
74488  24.997  -4.228  -7.335 0.7500000000
73630  26.096  -6.655  -10.433 0.7500000000
76893  26.442  -1.526  -10.892 0.1250000000
77654  25.740  -0.164  -13.235 0.1250000000
78416  26.344  0.455  -12.512 0.1250000000
65951  29.233  -14.403  -6.105 0.5000000000
65957  28.222  -14.462  -6.652 0.7500000000
69370  29.072  -10.840  -6.857 0.3750000000
70203  28.728  -9.158  -6.413 0.2500000000
76899  26.113  -1.466  -11.984 0.1250000000
56606  26.345  -24.543  -4.512 0.7500000000
56607  25.203  -24.269  -4.290 0.7500000000
57587  23.673  -23.521  -3.418 0.7500000000
57584  27.318  -24.192  -4.813 0.7500000000
56617  26.095  -23.903  -4.736 0.7500000000
57596  28.450  -23.251  -4.303 0.7500000000
59489  22.180  -21.212  -3.298 0.6250000000
59487  23.628  -22.004  -3.784 0.7500000000
58567  28.134  -22.424  -4.605 0.6250000000
60431  28.583  -20.489  -4.964 0.6250000000
61325  28.437  -19.387  -5.229 0.6250000000
62267  28.247  -18.291  -5.192 0.5000000000
63235  29.494  -17.837  -4.912 0.3750000000
63243  29.003  -17.418  -5.404 0.5000000000
64183  29.891  -16.721  -4.922 0.1250000000
65074  30.298  -15.518  -4.774 0.1250000000
65938  30.530  -14.694  -4.324 0.1250000000
68489  30.388  -11.929  -4.045 0.1250000000
68500  30.350  -12.109  -4.812 0.1250000000
68490  30.103  -11.357  -4.554 0.1250000000
69359  29.414  -10.837  -6.120 0.1250000000
70213  29.031  -10.318  -6.484 0.2500000000
74454  24.052  -4.546  -4.362 0.5000000000
72765  28.444  -6.793  -7.011 0.1250000000
71904  28.586  -7.608  -6.479 0.2500000000
73611  28.282  -5.776  -6.575 0.1250000000
75363  27.651  -3.698  -7.699 0.1250000000
76866  27.631  -1.512  -7.448 0.1250000000
76114  27.811  -2.662  -6.901 0.1250000000
77632  26.718  -0.621  -9.527 0.1250000000
79187  27.511  0.939  -9.340 0.1250000000
78405  22.873  0.010  -11.102 0.2500000000
78411  23.039  0.763  -11.750 0.1250000000
78424  25.637  0.698  -13.330 0.1250000000
79208  27.432  1.818  -11.373 0.1250000000
79228  26.605  1.174  -13.030 0.1250000000
63257  26.944  -16.551  -5.777 0.7500000000
72750  22.920  -6.207  -4.916 0.3750000000
61336  26.370  -18.935  -5.484 0.8750000000
77639  22.447  -0.032  -10.464 0.1250000000
56618  25.809  -24.038  -4.560 0.7500000000
57598  26.650  -23.543  -5.039 0.7500000000
57583  28.082  -24.101  -4.453 0.7500000000
58555  23.100  -22.568  -3.320 0.7500000000
59488  22.868  -21.505  -3.714 0.7500000000
61334  27.697  -19.096  -5.454 0.7500000000
63242  29.613  -17.171  -5.091 0.2500000000
63244  27.975  -17.161  -5.315 0.6250000000
64191  28.027  -16.341  -5.639 0.7500000000
64188  29.995  -16.102  -5.014 0.1250000000
65950  29.850  -14.567  -5.904 0.2500000000
66829  30.384  -13.727  -4.826 0.1250000000
66835  29.563  -13.654  -6.305 0.5000000000
67674  29.808  -12.737  -6.117 0.1250000000
68519  28.442  -10.965  -7.518 0.6250000000
68520  28.168  -10.752  -7.644 0.6250000000
72784  26.298  -6.759  -9.860 0.7500000000
72771  28.369  -6.908  -7.958 0.3750000000
71949  27.151  -7.176  -11.275 0.6250000000
72799  26.488  -6.960  -11.403 0.7500000000
71933  27.742  -7.244  -8.694 0.5000000000
73618  28.254  -6.122  -7.494 0.1250000000
74513  24.844  -4.384  -9.800 0.7500000000
73650  26.281  -5.949  -11.439 0.6250000000
73629  27.786  -5.828  -9.078 0.1250000000
76131  27.092  -2.780  -9.265 0.1250000000
76886  23.475  -2.108  -9.072 0.3750000000
76883  26.864  -2.180  -9.451 0.1250000000
76141  26.512  -2.236  -10.518 0.1250000000
75402  25.135  -3.441  -11.764 0.3750000000
76875  26.756  -1.204  -9.234 0.1250000000
77637  26.597  -0.716  -10.418 0.1250000000
78398  26.684  0.087  -10.090 0.1250000000
77624  26.839  -0.868  -8.899 0.1250000000
76905  26.057  -0.895  -12.540 0.1250000000
77647  26.300  -0.440  -12.278 0.1250000000
78410  26.481  0.253  -11.680 0.1250000000
77649  24.396  -0.409  -12.738 0.1250000000
77648  26.013  -0.542  -12.811 0.1250000000
79198  26.641  0.533  -10.460 0.1250000000
78418  23.683  0.986  -12.453 0.1250000000
77650  23.846  0.277  -12.339 0.1250000000
55650  26.598  -25.648  -4.166 0.7500000000
56605  27.546  -24.984  -4.285 0.7500000000
56608  24.277  -24.221  -3.722 0.7500000000
55652  24.632  -24.951  -3.708 0.7500000000
58556  22.511  -21.951  -3.142 0.5000000000
62254  29.066  -18.532  -5.038 0.5000000000
69348  29.651  -10.601  -5.102 0.1250000000
73612  28.063  -5.457  -7.156 0.1250000000
77631  26.959  -0.277  -8.957 0.1250000000
78397  26.923  0.218  -9.432 0.1250000000
57567  23.024  -23.157  -2.791 0.5000000000
55649  27.337  -25.844  -3.912 0.6250000000
56592  27.747  -25.429  -3.792 0.6250000000
57582  28.667  -23.900  -3.667 0.3750000000
56604  28.141  -24.492  -3.986 0.6250000000
58553  29.511  -22.642  -3.485 0.2500000000
57595  29.005  -23.147  -3.862 0.3750000000
58566  28.926  -22.451  -4.164 0.5000000000
59498  28.717  -21.511  -4.495 0.5000000000
57566  28.820  -24.311  -3.140 0.5000000000
54683  27.360  -26.414  -3.523 0.6250000000
57568  22.520  -23.334  -2.032 0.3750000000
56594  23.304  -24.133  -2.504 0.3750000000
54684  26.707  -26.319  -3.703 0.6250000000
55633  29.068  -25.394  -2.294 0.3750000000
55634  28.444  -25.767  -2.773 0.5000000000
55635  27.861  -25.901  -3.440 0.6250000000
58538  22.525  -22.590  -2.646 0.2500000000
57546  29.835  -24.050  -1.998 0.3750000000
57565  29.563  -23.689  -2.777 0.2500000000
59486  29.436  -21.600  -3.908 0.2500000000
60417  29.297  -20.592  -4.260 0.3750000000
61324  29.180  -19.545  -4.632 0.2500000000
62253  29.740  -18.554  -4.310 0.2500000000
67611  17.016  -12.507  0.001 0.1250000000
63234  29.915  -17.461  -4.531 0.2500000000
72760  22.777  -6.585  -5.230 0.2500000000
70150  18.533  -10.535  -1.426 0.1250000000
60407  20.962  -20.284  -2.481 0.2500000000
70174  21.599  -8.632  -5.025 0.3750000000
56609  23.767  -24.201  -3.238 0.5000000000
62252  30.101  -17.991  -4.100 0.2500000000
60406  21.631  -20.792  -2.847 0.2500000000
55651  25.535  -25.520  -3.781 0.6250000000
59475  21.941  -21.758  -2.643 0.3750000000
56591  28.261  -24.947  -3.479 0.5000000000
57581  29.210  -23.355  -3.463 0.2500000000
57564  30.210  -23.038  -2.384 0.2500000000
56590  28.902  -24.776  -2.734 0.5000000000
56574  29.507  -24.679  -2.174 0.3750000000
54685  26.168  -26.065  -3.725 0.6250000000
55617  28.815  -26.106  -2.108 0.3750000000
61318  29.830  -19.634  -3.817 0.2500000000
67612  16.608  -12.802  0.394 0.1250000000
54651  25.200  -26.857  -2.522 0.5000000000
54667  28.367  -26.393  -2.448 0.2500000000
54650  27.947  -27.310  -2.264 0.3750000000
54668  27.834  -26.816  -2.886 0.5000000000
54670  25.841  -26.666  -3.098 0.5000000000
53700  25.351  -27.542  -2.277 0.3750000000
54671  24.755  -26.416  -2.701 0.5000000000
55636  25.138  -26.088  -3.208 0.5000000000
55637  24.475  -25.656  -3.122 0.3750000000
52741  23.739  -28.047  -1.521 0.1250000000
53701  24.297  -27.485  -1.848 0.3750000000
55638  23.552  -25.416  -2.232 0.2500000000
51763  23.804  -29.614  -0.716 0.1250000000
52740  24.616  -28.598  -1.597 0.2500000000
52739  25.752  -28.503  -1.961 0.3750000000
53696  28.686  -27.175  -1.496 0.2500000000
52737  27.609  -28.509  -1.727 0.3750000000
53699  26.284  -27.941  -2.441 0.5000000000
52727  23.487  -28.866  -1.003 0.1250000000
53703  22.943  -27.256  -1.289 0.1250000000
55618  23.196  -26.019  -1.705 0.1250000000
56593  23.994  -24.780  -3.106 0.3750000000
54669  26.942  -26.952  -3.347 0.5000000000
55639  22.784  -24.721  -1.842 0.2500000000
56595  22.648  -24.047  -1.776 0.2500000000
53718  26.022  -27.391  -2.678 0.5000000000
53717  26.608  -27.374  -2.862 0.5000000000
54652  24.745  -26.911  -2.174 0.5000000000
54649  28.347  -26.839  -1.996 0.3750000000
53716  27.207  -27.303  -2.956 0.3750000000
53698  27.350  -27.800  -2.449 0.3750000000
54653  23.883  -26.518  -2.007 0.1250000000
54672  24.165  -26.006  -2.519 0.1250000000
52728  22.721  -28.114  -0.702 0.1250000000
53687  23.052  -27.844  -1.255 0.1250000000
53702  23.451  -27.300  -1.566 0.1250000000
51762  24.433  -29.431  -1.145 0.1250000000
54654  22.931  -26.597  -1.348 0.1250000000
51774  25.531  -29.094  -1.563 0.2500000000
52725  27.127  -29.011  -1.416 0.2500000000
59476  21.233  -21.352  -2.175 0.2500000000
53697  28.246  -27.721  -1.682 0.2500000000
52726  24.162  -28.980  -1.265 0.1250000000
52738  26.680  -28.673  -1.918 0.2500000000
51773  26.099  -28.933  -1.643 0.2500000000
51760  26.424  -29.493  -1.197 0.1250000000
73590  22.389  -5.604  -3.419 0.1250000000
73589  23.109  -5.266  -3.745 0.1250000000
74443  23.664  -4.454  -3.564 0.1250000000
74445  22.201  -5.009  -2.907 0.1250000000
74444  22.994  -4.761  -3.160 0.1250000000
73598  22.717  -6.088  -4.315 0.1250000000
75321  23.544  -4.228  -3.060 0.1250000000
75284  22.081  -3.994  -1.347 0.1250000000
72751  22.576  -6.568  -4.735 0.1250000000
71026  20.272  -8.961  -2.893 0.1250000000
58539  21.625  -22.545  -1.795 0.1250000000
72744  22.358  -6.537  -3.713 0.1250000000
73591  21.741  -6.103  -3.152 0.1250000000
73581  21.181  -5.632  -2.433 0.1250000000
75273  21.297  -4.326  -0.811 0.1250000000
75272  21.873  -3.749  -0.506 0.1250000000
75301  23.154  -3.815  -2.270 0.1250000000
71908  22.515  -6.931  -5.187 0.1250000000
60408  20.265  -19.678  -2.062 0.1250000000
74455  23.555  -5.007  -3.819 0.1250000000
71039  21.125  -8.527  -4.030 0.1250000000
59477  20.578  -20.834  -1.773 0.1250000000
58540  20.936  -21.691  -1.568 0.1250000000
59464  20.516  -21.395  -1.092 0.1250000000
74431  22.387  -4.588  -2.555 0.1250000000
73571  20.859  -5.321  -1.700 0.1250000000
75302  22.033  -4.436  -2.007 0.1250000000
72712  20.441  -6.296  -0.862 0.1250000000
75283  22.901  -3.292  -1.060 0.1250000000
55616  29.620  -25.613  -1.641 0.1250000000
56573  30.056  -24.557  -1.633 0.1250000000
58536  30.078  -22.509  -2.771 0.1250000000
59474  30.012  -21.611  -3.214 0.1250000000
60405  29.825  -20.688  -3.542 0.1250000000
60385  30.488  -19.933  -2.514 0.1250000000
61308  30.024  -20.088  -3.267 0.1250000000
62210  30.668  -18.939  -2.105 0.1250000000
62244  30.024  -18.954  -3.834 0.1250000000
62231  30.546  -18.525  -2.513 0.1250000000
62243  30.255  -18.464  -3.558 0.1250000000
53686  28.510  -28.021  -1.132 0.1250000000
53685  29.134  -27.516  -0.837 0.1250000000
54634  29.769  -26.497  -1.002 0.1250000000
56556  30.658  -24.451  -1.190 0.1250000000
55615  30.303  -25.158  -1.264 0.1250000000
57545  30.544  -23.460  -1.731 0.1250000000
57544  31.129  -22.850  -1.411 0.1250000000
59459  30.952  -21.820  -2.133 0.1250000000
60403  30.752  -20.905  -2.450 0.1250000000
60384  30.966  -20.270  -2.093 0.1250000000
63233  30.246  -17.444  -3.861 0.1250000000
63225  30.435  -17.582  -3.031 0.1250000000
63210  30.598  -17.668  -2.226 0.1250000000
64182  30.211  -16.513  -4.383 0.1250000000
58535  30.594  -22.476  -2.240 0.1250000000
54648  29.089  -26.647  -1.541 0.1250000000
52736  28.172  -28.383  -1.308 0.1250000000
55599  30.256  -25.816  -1.048 0.1250000000
59473  30.545  -21.586  -2.551 0.1250000000
60404  30.329  -20.571  -2.798 0.1250000000
61307  30.277  -19.469  -3.038 0.1250000000
61291  30.598  -19.409  -2.331 0.1250000000
61317  30.135  -19.138  -3.576 0.1250000000
62209  30.776  -18.521  -1.771 0.1250000000
52723  28.489  -28.442  -0.704 0.1250000000
57526  30.953  -23.879  -1.114 0.1250000000
63191  30.567  -17.147  -2.003 0.1250000000
51775  24.964  -29.234  -1.472 0.2500000000
58514  31.057  -22.394  -1.776 0.1250000000
58537  22.879  -22.791  -2.929 0.5000000000
59504  22.866  -20.810  -4.036 0.7500000000
60448  26.819  -19.661  -5.589 0.7500000000
61290  30.801  -19.308  -1.887 0.1250000000
61335  27.072  -18.926  -5.561 0.7500000000
62199  18.822  -17.780  -1.045 0.1250000000
62230  30.673  -18.167  -2.095 0.1250000000
62255  24.935  -18.111  -5.365 1.0000000000
62258  20.834  -17.418  -5.403 1.0000000000
62260  18.508  -16.857  -5.350 1.0000000000
62274  21.601  -16.550  -5.493 1.0000000000
63226  20.054  -16.578  -4.308 1.0000000000
63227  20.339  -16.753  -3.565 0.7500000000
63236  19.765  -18.465  -5.837 1.0000000000
63237  18.646  -16.067  -5.422 1.0000000000
63250  18.786  -16.547  -6.011 1.0000000000
63251  18.995  -15.909  -5.556 1.0000000000
63258  26.344  -16.440  -5.802 0.7500000000
63260  21.636  -16.097  -5.545 1.0000000000
63261  20.108  -16.373  -5.694 1.0000000000
63262  19.586  -16.461  -5.812 1.0000000000
63263  19.217  -15.677  -5.518 1.0000000000
63268  20.214  -16.781  -5.782 1.0000000000
63269  20.159  -17.051  -5.916 1.0000000000
64173  20.505  -16.057  -4.016 0.8750000000
64174  20.094  -15.609  -3.582 0.8750000000
64196  21.481  -15.596  -5.430 1.0000000000
64197  28.327  -15.830  -5.855 0.7500000000
64200  26.340  -15.807  -5.818 1.0000000000
64203  21.067  -16.102  -5.554 1.0000000000
64205  20.038  -15.925  -5.556 1.0000000000
64206  19.741  -15.535  -5.470 1.0000000000
65081  21.772  -15.184  -5.142 1.0000000000
65083  28.901  -14.938  -5.980 0.6250000000
65089  20.679  -15.535  -5.439 1.0000000000
65931  18.061  -14.440  -1.668 0.5000000000
65932  17.566  -14.136  -1.083 0.3750000000
65944  18.999  -14.649  -2.439 0.6250000000
65945  18.658  -14.669  -2.036 0.6250000000
66779  16.569  -13.138  0.669 0.1250000000
66808  18.260  -13.641  -2.059 0.3750000000
66838  21.608  -14.042  -4.719 1.0000000000
67628  17.503  -12.643  -1.155 0.2500000000
67643  19.119  -13.639  -2.726 0.6250000000
67667  20.953  -14.041  -4.396 1.0000000000
68450  17.491  -11.774  -0.845 0.2500000000
68467  19.091  -12.676  -2.687 0.5000000000
68484  20.009  -14.791  -3.688 0.8750000000
68506  20.461  -14.451  -4.309 1.0000000000
68507  19.245  -15.015  -5.193 1.0000000000
69305  17.833  -11.135  -0.817 0.1250000000
69340  19.349  -12.026  -3.130 0.5000000000
70164  19.033  -10.785  -2.351 0.3750000000
70175  19.634  -11.112  -3.363 0.5000000000
71029  18.920  -10.118  -2.075 0.2500000000
71950  26.899  -7.296  -11.631 0.7500000000
72795  26.327  -7.079  -10.634 0.7500000000
73582  20.572  -5.958  -2.046 0.1250000000
74408  20.629  -4.682  -0.380 0.1250000000
74432  21.666  -4.888  -2.438 0.1250000000
74433  21.216  -5.007  -1.883 0.1250000000
75375  24.796  -4.287  -8.861 0.7500000000
76153  23.723  -2.623  -10.406 0.3750000000
76910  25.317  -0.528  -13.334 0.1250000000
78423  26.133  0.569  -13.140 0.1250000000
79188  27.194  0.632  -9.396 0.1250000000
100317  21.357  -18.134  -3.983 0.8750000000
100318  21.321  -18.300  -3.868 0.8750000000
100320  21.454  -18.283  -4.142 0.8750000000
100321  21.186  -18.603  -3.514 0.8750000000
100327  21.382  -18.121  -4.342 0.8750000000
100328  22.086  -16.237  -5.515 1.0000000000
100329  20.150  -18.060  -6.104 1.0000000000
100330  19.986  -17.220  -6.077 1.0000000000
100333  20.350  -17.641  -4.739 1.0000000000
100334  20.379  -18.130  -5.550 1.0000000000
100335  19.220  -17.558  -6.056 1.0000000000
100336  21.251  -18.047  -4.505 0.8750000000
100338  20.149  -18.335  -5.462 1.0000000000
100339  20.723  -18.043  -4.986 1.0000000000
100341  18.921  -17.505  -5.382 1.0000000000
100343  19.603  -15.238  -3.230 0.8750000000
100344  21.045  -14.993  -4.958 1.0000000000
100345  19.784  -15.174  -3.372 0.8750000000
100346  18.448  -15.224  -4.981 1.0000000000
100348  19.874  -15.028  -3.524 0.8750000000
100351  20.340  -15.541  -5.452 1.0000000000
100352  19.014  -15.507  -5.461 1.0000000000
100354  18.640  -16.610  -4.970 0.8750000000
