#!ascii label  , from subject A00008326 vox2ras=TkReg
473
48886  26.368  -31.955  0.729 0.1428571492
48870  25.088  -32.856  0.705 0.1428571492
50817  25.516  -30.920  -0.768 0.1428571492
48885  27.081  -31.738  1.292 0.1428571492
49834  26.861  -31.173  0.475 0.2857142985
48887  25.517  -32.124  0.382 0.1428571492
51744  26.705  -29.811  -0.700 0.5714285970
50815  27.463  -30.332  0.331 0.1428571492
52708  28.658  -28.813  0.059 0.2857142985
53672  29.453  -27.922  -0.137 0.1428571492
52722  29.020  -28.206  -0.207 0.2857142985
55599  30.256  -25.816  -1.048 0.2857142985
54634  29.769  -26.497  -1.002 0.1428571492
57545  30.544  -23.460  -1.731 0.2857142985
56556  30.658  -24.451  -1.190 0.2857142985
58535  30.594  -22.476  -2.240 0.2857142985
57564  30.210  -23.038  -2.384 0.2857142985
60403  30.752  -20.905  -2.450 0.2857142985
61317  30.135  -19.138  -3.576 0.8571428657
60385  30.488  -19.933  -2.514 0.4285714328
59459  30.952  -21.820  -2.133 0.2857142985
63233  30.246  -17.444  -3.861 0.7142857313
63225  30.435  -17.582  -3.031 0.7142857313
62243  30.255  -18.464  -3.558 0.7142857313
61318  29.830  -19.634  -3.817 0.7142857313
64172  30.401  -16.650  -3.472 0.8571428657
64182  30.211  -16.513  -4.383 0.8571428657
62252  30.101  -17.991  -4.100 0.7142857313
62244  30.024  -18.954  -3.834 0.7142857313
65938  30.530  -14.694  -4.324 0.4285714328
65063  30.500  -15.699  -3.890 0.7142857313
67665  30.471  -12.800  -4.367 0.2857142985
66816  30.579  -13.706  -3.786 0.7142857313
65074  30.298  -15.518  -4.774 0.8571428657
68489  30.388  -11.929  -4.045 0.1428571492
67652  30.624  -12.539  -3.291 0.1428571492
66829  30.384  -13.727  -4.826 0.5714285970
65949  30.278  -14.628  -5.255 0.8571428657
70186  29.329  -9.443  -4.525 0.1428571492
68477  30.160  -11.279  -3.837 0.1428571492
68490  30.103  -11.357  -4.554 0.1428571492
68500  30.350  -12.109  -4.812 0.4285714328
66834  30.006  -13.704  -5.664 0.8571428657
71047  28.950  -8.579  -4.543 0.1428571492
69348  29.651  -10.601  -5.102 0.1428571492
68501  30.018  -11.718  -5.595 0.5714285970
67673  30.203  -12.806  -5.276 0.7142857313
71063  28.957  -8.881  -5.174 0.1428571492
71048  28.684  -8.138  -5.011 0.1428571492
70202  29.060  -9.706  -5.859 0.1428571492
69359  29.414  -10.837  -6.120 0.5714285970
67674  29.808  -12.737  -6.117 0.8571428657
71064  28.730  -8.511  -5.912 0.2857142985
70203  28.728  -9.158  -6.413 0.8571428657
68513  29.519  -11.740  -6.571 0.8571428657
72765  28.444  -6.793  -7.011 0.1428571492
73611  28.282  -5.776  -6.575 0.1428571492
71075  28.587  -8.571  -6.831 0.4285714328
70214  28.590  -9.780  -6.957 0.8571428657
69370  29.072  -10.840  -6.857 0.8571428657
68514  28.875  -11.573  -7.240 0.8571428657
71904  28.586  -7.608  -6.479 0.4285714328
69371  28.645  -10.731  -7.256 0.8571428657
73618  28.254  -6.122  -7.494 0.2857142985
71916  28.476  -7.700  -7.417 0.5714285970
71086  28.261  -8.602  -7.580 0.8571428657
70224  28.032  -9.455  -7.666 0.8571428657
69380  28.298  -10.347  -7.522 0.8571428657
73619  27.990  -5.514  -7.927 0.2857142985
73628  28.128  -6.257  -8.278 0.7142857313
72771  28.369  -6.908  -7.958 0.5714285970
71087  27.621  -8.343  -7.977 0.8571428657
72782  27.877  -6.850  -8.773 0.8571428657
71933  27.742  -7.244  -8.694 0.8571428657
71097  27.307  -7.810  -8.497 0.7142857313
72783  27.490  -6.636  -9.821 0.8571428657
71925  27.555  -7.745  -8.430 0.8571428657
71943  27.154  -7.123  -10.368 0.8571428657
71098  27.069  -7.611  -8.836 0.7142857313
73640  27.412  -5.845  -10.339 0.7142857313
72794  27.286  -6.649  -10.922 0.8571428657
73649  27.060  -5.885  -11.280 0.8571428657
72798  27.029  -6.705  -11.760 0.8571428657
73651  25.777  -5.389  -11.252 0.7142857313
71934  27.378  -7.261  -9.007 0.8571428657
71949  27.151  -7.176  -11.275 0.8571428657
76141  26.512  -2.236  -10.518 0.1428571492
74523  26.531  -5.001  -11.300 0.7142857313
74524  25.856  -4.886  -11.289 0.7142857313
73650  26.281  -5.949  -11.439 0.8571428657
76899  26.113  -1.466  -11.984 0.1428571492
75394  26.051  -3.711  -11.347 0.5714285970
75401  25.506  -3.133  -11.811 0.5714285970
75403  24.707  -3.709  -11.641 0.5714285970
76158  25.735  -2.562  -11.830 0.1428571492
77648  26.013  -0.542  -12.811 0.1428571492
76160  24.380  -2.920  -11.405 0.5714285970
76911  24.910  -0.790  -13.321 0.1428571492
77655  25.013  0.023  -13.374 0.1428571492
76900  25.268  -1.776  -12.235 0.1428571492
78417  24.384  0.660  -12.902 0.1428571492
76159  25.058  -2.648  -11.947 0.5714285970
77649  24.396  -0.409  -12.738 0.1428571492
79230  24.133  1.585  -12.647 0.1428571492
77650  23.846  0.277  -12.339 0.1428571492
48869  25.975  -32.665  1.012 0.1428571492
51741  29.056  -29.484  0.538 0.2857142985
51742  28.115  -29.546  0.248 0.2857142985
54633  30.595  -26.412  -0.439 0.2857142985
53684  29.902  -26.974  -0.532 0.1428571492
59473  30.545  -21.586  -2.551 0.2857142985
58536  30.078  -22.509  -2.771 0.2857142985
61307  30.277  -19.469  -3.038 0.4285714328
60404  30.329  -20.571  -2.798 0.5714285970
65045  30.497  -15.938  -3.067 0.2857142985
65075  30.015  -15.461  -5.491 0.8571428657
74511  27.116  -4.960  -10.755 0.8571428657
75393  26.632  -4.404  -10.928 0.7142857313
76906  25.528  -0.941  -12.816 0.1428571492
79239  25.529  1.596  -13.330 0.1428571492
47873  24.698  -33.540  1.197 0.1428571492
51743  27.246  -29.584  -0.506 0.4285714328
52723  28.489  -28.442  -0.704 0.2857142985
52709  28.051  -29.069  -0.385 0.4285714328
51759  27.117  -29.238  -1.026 0.2857142985
53685  29.134  -27.516  -0.837 0.1428571492
55598  30.873  -25.325  -0.782 0.2857142985
57526  30.953  -23.879  -1.114 0.2857142985
56573  30.056  -24.557  -1.633 0.2857142985
55616  29.620  -25.613  -1.641 0.2857142985
61308  30.024  -20.088  -3.267 0.7142857313
69335  29.799  -10.519  -3.832 0.1428571492
71036  28.758  -7.969  -4.320 0.1428571492
71895  28.571  -7.451  -5.534 0.1428571492
72756  28.508  -6.620  -6.045 0.1428571492
67680  29.343  -12.704  -6.889 0.8571428657
73612  28.063  -5.457  -7.156 0.1428571492
70225  27.371  -9.212  -7.686 0.8571428657
73629  27.786  -5.828  -9.078 0.5714285970
74498  27.449  -4.823  -9.672 0.5714285970
75385  26.931  -3.753  -10.246 0.2857142985
75386  26.444  -2.968  -10.649 0.2857142985
76151  26.175  -2.424  -11.197 0.1428571492
76901  24.392  -1.793  -12.066 0.2857142985
76905  26.057  -0.895  -12.540 0.1428571492
77643  24.287  -1.047  -12.392 0.1428571492
77644  23.707  -0.626  -11.794 0.1428571492
77654  25.740  -0.164  -13.235 0.1428571492
78418  23.683  0.986  -12.453 0.1428571492
78411  23.039  0.763  -11.750 0.1428571492
80061  23.798  1.981  -12.192 0.1428571492
74486  27.670  -4.729  -8.402 0.4285714328
49835  26.027  -31.459  -0.093 0.1428571492
48871  23.974  -32.723  0.774 0.1428571492
50816  26.513  -30.398  -0.468 0.4285714328
49836  25.073  -31.621  -0.298 0.2857142985
50814  28.510  -30.362  0.913 0.1428571492
55615  30.303  -25.158  -1.264 0.2857142985
64188  29.995  -16.102  -5.014 0.8571428657
70213  29.031  -10.318  -6.484 0.8571428657
71924  27.965  -7.611  -8.279 0.8571428657
75402  25.135  -3.441  -11.764 0.5714285970
75395  25.207  -4.203  -11.583 0.5714285970
77653  26.153  -0.052  -12.841 0.1428571492
76907  24.769  -1.203  -12.707 0.1428571492
78425  25.072  0.853  -13.229 0.1428571492
78424  25.637  0.698  -13.330 0.1428571492
54632  31.196  -25.817  -0.356 0.1428571492
52724  27.715  -28.931  -1.036 0.4285714328
57546  29.835  -24.050  -1.998 0.5714285970
56590  28.902  -24.776  -2.734 0.5714285970
55635  27.861  -25.901  -3.440 0.5714285970
54684  26.707  -26.319  -3.703 0.2857142985
57582  28.667  -23.900  -3.667 0.5714285970
56604  28.141  -24.492  -3.986 0.5714285970
54669  26.942  -26.952  -3.347 0.4285714328
57566  28.820  -24.311  -3.140 0.5714285970
54685  26.168  -26.065  -3.725 0.2857142985
55650  26.598  -25.648  -4.166 0.4285714328
58553  29.511  -22.642  -3.485 0.4285714328
57595  29.005  -23.147  -3.862 0.5714285970
57583  28.082  -24.101  -4.453 0.5714285970
57584  27.318  -24.192  -4.813 0.4285714328
59486  29.436  -21.600  -3.908 0.5714285970
58566  28.926  -22.451  -4.164 0.5714285970
57596  28.450  -23.251  -4.303 0.4285714328
59498  28.717  -21.511  -4.495 0.7142857313
60417  29.297  -20.592  -4.260 0.4285714328
56605  27.546  -24.984  -4.285 0.4285714328
55651  25.535  -25.520  -3.781 0.2857142985
57597  27.703  -23.368  -4.829 0.4285714328
61324  29.180  -19.545  -4.632 0.7142857313
60432  27.561  -20.235  -5.502 0.4285714328
61334  27.697  -19.096  -5.454 0.7142857313
62268  27.439  -18.155  -5.351 0.7142857313
62269  26.679  -18.113  -5.529 0.2857142985
61325  28.437  -19.387  -5.229 0.7142857313
63243  29.003  -17.418  -5.404 0.7142857313
63245  27.102  -17.297  -5.509 0.7142857313
63256  27.487  -16.618  -5.577 0.7142857313
63257  26.944  -16.551  -5.777 0.4285714328
63234  29.915  -17.461  -4.531 0.5714285970
62254  29.066  -18.532  -5.038 0.5714285970
63242  29.613  -17.171  -5.091 0.5714285970
64190  28.734  -16.273  -5.631 0.5714285970
64191  28.027  -16.341  -5.639 0.7142857313
64198  27.658  -15.922  -5.933 0.7142857313
65956  28.756  -14.532  -6.349 0.7142857313
64199  26.965  -15.831  -5.961 0.7142857313
65958  27.400  -14.377  -6.675 0.5714285970
65076  29.350  -15.351  -5.801 0.5714285970
65077  28.760  -15.487  -5.859 0.7142857313
63259  25.954  -16.274  -5.805 0.4285714328
66839  28.890  -13.734  -6.763 0.7142857313
66840  27.991  -13.555  -7.025 0.7142857313
65959  26.498  -14.315  -6.511 0.5714285970
66841  27.030  -13.458  -6.924 0.7142857313
65084  28.383  -15.234  -6.247 0.7142857313
67681  28.512  -12.589  -7.197 0.7142857313
67683  26.565  -12.473  -7.011 0.2857142985
66835  29.563  -13.654  -6.305 0.7142857313
69372  27.282  -10.755  -7.578 0.7142857313
67682  27.569  -12.495  -7.186 0.8571428657
69381  27.773  -10.283  -7.720 0.8571428657
68515  28.004  -11.376  -7.506 0.8571428657
68516  27.047  -11.513  -7.225 0.5714285970
69373  26.482  -10.540  -7.229 0.7142857313
68520  28.168  -10.752  -7.644 0.8571428657
69382  27.011  -9.961  -7.645 0.8571428657
71935  26.781  -7.241  -9.528 0.7142857313
71926  26.309  -7.541  -8.355 0.7142857313
71944  26.804  -7.395  -10.946 0.7142857313
72799  26.488  -6.960  -11.403 0.8571428657
73631  26.108  -5.856  -9.976 0.7142857313
72772  26.355  -6.932  -9.027 0.7142857313
73620  25.671  -5.709  -8.601 0.7142857313
74499  25.146  -4.908  -9.179 0.7142857313
73642  25.698  -5.690  -10.952 0.7142857313
74512  25.386  -4.986  -10.308 0.7142857313
74487  25.223  -4.761  -8.015 0.5714285970
74513  24.844  -4.384  -9.800 0.4285714328
74500  24.799  -4.360  -9.261 0.5714285970
75364  24.982  -4.437  -8.551 0.5714285970
74525  25.255  -4.878  -11.106 0.5714285970
75387  24.316  -3.869  -10.158 0.5714285970
75376  24.483  -3.834  -9.196 0.5714285970
75365  24.806  -3.782  -8.159 0.5714285970
74488  24.997  -4.228  -7.335 0.4285714328
74476  24.868  -4.414  -6.428 0.5714285970
74475  25.169  -4.802  -7.101 0.4285714328
75356  24.669  -3.517  -6.985 0.5714285970
74464  24.415  -4.411  -5.417 0.4285714328
73605  24.701  -5.530  -5.801 0.4285714328
76104  24.524  -2.551  -5.417 0.4285714328
62210  30.668  -18.939  -2.105 0.2857142985
64189  29.548  -16.358  -5.385 0.5714285970
76115  24.433  -2.638  -6.478 0.2857142985
75334  24.389  -3.522  -4.817 0.2857142985
55634  28.444  -25.767  -2.773 0.5714285970
54668  27.834  -26.816  -2.886 0.5714285970
57565  29.563  -23.689  -2.777 0.2857142985
58568  27.270  -22.474  -5.054 0.4285714328
58567  28.134  -22.424  -4.605 0.5714285970
56607  25.203  -24.269  -4.290 0.2857142985
56617  26.095  -23.903  -4.736 0.2857142985
60431  28.583  -20.489  -4.964 0.5714285970
63210  30.598  -17.668  -2.226 0.2857142985
60449  26.072  -19.694  -5.450 0.2857142985
71088  26.912  -8.123  -8.202 0.7142857313
71089  25.989  -8.496  -7.653 0.7142857313
74526  24.791  -4.485  -10.563 0.5714285970
76132  24.128  -3.070  -8.596 0.5714285970
64183  29.891  -16.721  -4.922 0.7142857313
62253  29.740  -18.554  -4.310 0.5714285970
65950  29.850  -14.567  -5.904 0.7142857313
65951  29.233  -14.403  -6.105 0.7142857313
68519  28.442  -10.965  -7.518 0.7142857313
73641  25.951  -6.520  -10.973 0.8571428657
60405  29.825  -20.688  -3.542 0.5714285970
70226  26.682  -9.124  -7.619 0.7142857313
63235  29.494  -17.837  -4.912 0.5714285970
56591  28.261  -24.947  -3.479 0.5714285970
55649  27.337  -25.844  -3.912 0.5714285970
56592  27.747  -25.429  -3.792 0.4285714328
54683  27.360  -26.414  -3.523 0.5714285970
57581  29.210  -23.355  -3.463 0.5714285970
53716  27.207  -27.303  -2.956 0.5714285970
56606  26.345  -24.543  -4.512 0.4285714328
57598  26.650  -23.543  -5.039 0.4285714328
59499  27.898  -21.461  -5.066 0.4285714328
60447  27.305  -19.508  -5.576 0.4285714328
60433  26.460  -20.490  -5.479 0.4285714328
62267  28.247  -18.291  -5.192 0.7142857313
61336  26.370  -18.935  -5.484 0.2857142985
63244  27.975  -17.161  -5.315 0.7142857313
65085  27.604  -15.210  -6.419 0.7142857313
65957  28.222  -14.462  -6.652 0.7142857313
72784  26.298  -6.759  -9.860 0.7142857313
73630  26.096  -6.655  -10.433 0.7142857313
76123  24.296  -2.608  -7.561 0.5714285970
75346  24.558  -3.498  -5.930 0.4285714328
57599  25.549  -23.405  -4.703 0.1428571492
58569  26.245  -22.449  -5.153 0.4285714328
57525  31.398  -23.271  -0.895 0.1428571492
57544  31.129  -22.850  -1.411 0.1428571492
58513  31.466  -22.269  -1.230 0.1428571492
60384  30.966  -20.270  -2.093 0.1428571492
59472  31.001  -21.199  -2.253 0.1428571492
59458  31.354  -21.401  -1.720 0.1428571492
61291  30.598  -19.409  -2.331 0.1428571492
63191  30.567  -17.147  -2.003 0.2857142985
80048  22.272  2.195  -10.961 0.1428571492
70215  26.443  -9.700  -7.336 0.4285714328
80049  21.777  2.148  -10.795 0.1428571492
78405  22.873  0.010  -11.102 0.1428571492
71927  25.746  -7.556  -7.380 0.4285714328
77626  22.461  -0.673  -8.937 0.2857142985
76886  23.475  -2.108  -9.072 0.2857142985
76142  23.785  -3.061  -9.517 0.2857142985
76895  23.717  -1.997  -10.142 0.2857142985
71918  24.870  -7.835  -6.281 0.1428571492
72773  25.957  -6.631  -8.079 0.5714285970
72785  26.132  -6.397  -9.130 0.5714285970
76876  23.507  -1.715  -8.081 0.2857142985
71917  25.339  -7.295  -6.494 0.4285714328
72766  25.536  -6.620  -6.921 0.5714285970
76133  23.800  -2.394  -8.315 0.2857142985
72757  25.059  -6.538  -6.129 0.4285714328
73604  25.256  -6.063  -6.459 0.2857142985
76867  24.238  -2.101  -6.836 0.1428571492
76124  23.878  -2.069  -7.790 0.1428571492
73606  24.044  -6.087  -5.214 0.1428571492
73614  25.132  -5.069  -6.587 0.4285714328
76868  23.837  -1.609  -7.169 0.1428571492
77617  23.208  -0.821  -7.670 0.1428571492
76091  24.526  -2.549  -4.243 0.1428571492
76857  24.192  -1.635  -6.092 0.1428571492
76858  23.772  -1.223  -6.514 0.1428571492
76846  24.533  -1.570  -4.864 0.1428571492
77601  24.206  -0.710  -5.318 0.1428571492
51761  25.344  -29.656  -1.301 0.4285714328
52740  24.616  -28.598  -1.597 0.2857142985
59440  31.868  -21.391  -0.963 0.1428571492
71076  25.790  -9.016  -7.223 0.2857142985
76161  23.716  -2.570  -10.808 0.2857142985
77633  23.233  -1.096  -9.479 0.2857142985
77609  23.447  -0.783  -6.772 0.2857142985
52726  24.162  -28.980  -1.265 0.2857142985
54618  30.966  -26.993  0.024 0.1428571492
53671  30.198  -27.558  -0.019 0.1428571492
56555  31.290  -24.367  -0.778 0.1428571492
64157  30.502  -16.759  -2.545 0.1428571492
62231  30.546  -18.525  -2.513 0.1428571492
72758  24.336  -6.552  -5.596 0.1428571492
70227  26.136  -9.210  -7.358 0.4285714328
71905  24.736  -7.155  -5.962 0.2857142985
73613  25.396  -5.631  -7.179 0.5714285970
75396  24.443  -4.039  -11.160 0.4285714328
77618  22.739  -0.542  -8.284 0.2857142985
77638  23.191  -0.850  -10.562 0.2857142985
77634  22.494  -0.387  -9.759 0.2857142985
77639  22.447  -0.032  -10.464 0.1428571492
78399  21.789  0.379  -9.978 0.1428571492
78412  22.431  1.271  -11.333 0.1428571492
65027  30.612  -15.768  -2.281 0.2857142985
78390  21.797  -0.084  -9.231 0.2857142985
76902  23.705  -1.853  -11.210 0.2857142985
51760  26.424  -29.493  -1.197 0.4285714328
50830  25.771  -30.208  -1.055 0.4285714328
76152  23.869  -3.181  -10.558 0.2857142985
71090  25.610  -8.172  -7.197 0.4285714328
76143  23.674  -2.722  -8.841 0.2857142985
58492  31.906  -22.302  -0.587 0.1428571492
61274  31.172  -19.366  -1.306 0.1428571492
77625  23.164  -1.121  -8.589 0.2857142985
76885  23.681  -2.466  -9.689 0.2857142985
76894  23.752  -2.674  -10.064 0.2857142985
51762  24.433  -29.431  -1.145 0.2857142985
78406  22.151  0.892  -10.803 0.1428571492
65086  26.842  -15.133  -6.257 0.4285714328
66842  26.022  -13.417  -6.764 0.2857142985
79176  21.928  0.976  -6.802 0.1428571492
78382  22.217  0.098  -8.433 0.1428571492
78361  23.927  0.123  -4.737 0.1428571492
78373  22.379  0.448  -7.644 0.1428571492
78366  23.157  0.388  -6.097 0.1428571492
78362  23.314  0.673  -5.231 0.1428571492
79175  22.640  0.590  -6.410 0.1428571492
79169  22.587  0.929  -5.794 0.1428571492
79177  21.036  2.274  -6.504 0.1428571492
78372  22.847  0.042  -6.935 0.1428571492
79164  21.999  2.311  -4.340 0.1428571492
79170  21.896  1.702  -5.549 0.1428571492
79163  22.715  1.450  -4.788 0.1428571492
79171  21.391  2.548  -5.228 0.1428571492
79182  21.193  1.762  -7.736 0.1428571492
59474  30.012  -21.611  -3.214 0.2857142985
78381  22.672  -0.161  -7.795 0.1428571492
79189  21.576  0.655  -8.938 0.1428571492
79181  21.928  1.064  -8.146 0.1428571492
54650  27.947  -27.310  -2.264 0.4285714328
53696  28.686  -27.175  -1.496 0.2857142985
54667  28.367  -26.393  -2.448 0.2857142985
54648  29.089  -26.647  -1.541 0.1428571492
55617  28.815  -26.106  -2.108 0.2857142985
52737  27.609  -28.509  -1.727 0.2857142985
56574  29.507  -24.679  -2.174 0.2857142985
53698  27.350  -27.800  -2.449 0.4285714328
55633  29.068  -25.394  -2.294 0.2857142985
54649  28.347  -26.839  -1.996 0.2857142985
53697  28.246  -27.721  -1.682 0.2857142985
52738  26.680  -28.673  -1.918 0.2857142985
51773  26.099  -28.933  -1.643 0.2857142985
53699  26.284  -27.941  -2.441 0.2857142985
59500  26.892  -21.437  -5.290 0.2857142985
63246  26.374  -17.229  -5.762 0.1428571492
64201  25.619  -15.877  -5.915 0.1428571492
66843  25.082  -13.349  -6.347 0.1428571492
67684  25.564  -12.427  -6.696 0.1428571492
68517  26.079  -11.507  -6.955 0.1428571492
69374  25.606  -10.686  -6.882 0.1428571492
71077  25.357  -8.617  -6.814 0.1428571492
71928  25.438  -7.919  -6.803 0.1428571492
71065  24.349  -8.459  -6.156 0.1428571492
73597  23.534  -5.625  -4.569 0.1428571492
74454  24.052  -4.546  -4.362 0.1428571492
50831  24.961  -30.258  -1.020 0.2857142985
69375  24.651  -10.287  -6.544 0.1428571492
50832  24.227  -30.119  -0.661 0.2857142985
59501  25.855  -21.361  -5.224 0.2857142985
63247  25.497  -16.772  -5.863 0.1428571492
65087  26.044  -15.064  -5.908 0.1428571492
65088  25.133  -15.129  -6.050 0.1428571492
65960  25.555  -14.279  -6.292 0.1428571492
66844  24.218  -13.310  -6.067 0.1428571492
67685  24.551  -12.361  -6.278 0.1428571492
68518  25.119  -11.425  -6.585 0.1428571492
70216  25.640  -9.676  -7.044 0.1428571492
73596  24.215  -5.029  -5.017 0.1428571492
52725  27.127  -29.011  -1.416 0.2857142985
52739  25.752  -28.503  -1.961 0.2857142985
60434  25.546  -20.341  -5.268 0.1428571492
67686  23.834  -12.679  -6.072 0.1428571492
50833  23.740  -29.984  -0.456 0.1428571492
51763  23.804  -29.614  -0.716 0.1428571492
51745  23.226  -29.627  -0.263 0.1428571492
53718  26.022  -27.391  -2.678 0.1428571492
65922  30.591  -14.868  -3.123 0.1428571492
75374  27.390  -3.753  -8.915 0.1428571492
50818  24.576  -30.898  -0.631 0.1428571492
53700  25.351  -27.542  -2.277 0.1428571492
53717  26.608  -27.374  -2.862 0.1428571492
55636  25.138  -26.088  -3.208 0.1428571492
54670  25.841  -26.666  -3.098 0.1428571492
56618  25.809  -24.038  -4.560 0.1428571492
51774  25.531  -29.094  -1.563 0.1428571492
50819  23.732  -30.569  -0.191 0.1428571492
54651  25.200  -26.857  -2.522 0.1428571492
51775  24.964  -29.234  -1.472 0.1428571492
60448  26.819  -19.661  -5.589 0.4285714328
61290  30.801  -19.308  -1.887 0.1428571492
61335  27.072  -18.926  -5.561 0.5714285970
63258  26.344  -16.440  -5.802 0.4285714328
64197  28.327  -15.830  -5.855 0.7142857313
64200  26.340  -15.807  -5.818 0.1428571492
65083  28.901  -14.938  -5.980 0.7142857313
69334  30.154  -10.995  -3.451 0.1428571492
71950  26.899  -7.296  -11.631 0.7142857313
72795  26.327  -7.079  -10.634 0.7142857313
75375  24.796  -4.287  -8.861 0.5714285970
76153  23.723  -2.623  -10.406 0.2857142985
76910  25.317  -0.528  -13.334 0.1428571492
78423  26.133  0.569  -13.140 0.1428571492
