#!ascii label  , from subject A00074000 vox2ras=TkReg
1483
99390  -42.038  10.015  41.081 0.0000000000
98481  -53.065  8.473  28.397 0.0000000000
105744  -51.890  16.672  42.207 0.0000000000
99428  -48.659  9.755  36.055 0.0000000000
96172  -52.011  5.972  43.874 0.0000000000
103314  -46.152  13.899  30.114 0.0000000000
109296  -51.699  20.655  28.311 0.0000000000
109993  -44.699  21.941  34.220 0.0000000000
93039  -44.145  4.219  48.513 0.0000000000
99409  -43.837  9.463  37.250 0.0000000000
99487  -45.190  9.588  32.957 0.0000000000
104104  -43.155  14.306  35.793 0.0000000000
109225  -53.259  20.445  40.381 0.0000000000
107656  -52.874  18.321  34.881 0.0000000000
110750  -52.928  22.838  35.109 0.0000000000
110045  -48.984  21.677  30.917 0.0000000000
111546  -48.991  24.270  38.338 0.0000000000
98515  -50.731  8.557  25.209 0.0000000000
101377  -43.311  11.872  44.927 0.0000000000
104067  -45.965  13.706  41.399 0.0000000000
101428  -53.925  11.313  39.458 0.0000000000
96217  -50.253  7.323  39.643 0.0000000000
95168  -45.501  5.183  40.407 0.0000000000
92009  -46.799  2.209  44.381 0.0000000000
100550  -49.621  10.816  27.224 0.0000000000
102465  -48.618  12.903  23.728 0.0000000000
106730  -47.446  18.056  35.407 0.0000000000
106797  -49.079  17.584  28.471 0.0000000000
106842  -48.392  17.228  22.231 0.0000000000
109329  -46.554  20.673  25.712 0.0000000000
110899  -43.324  22.817  26.141 0.0000000000
99401  -42.116  9.112  38.646 0.0000000000
101458  -42.607  11.596  36.109 0.0000000000
102373  -41.877  12.703  38.297 0.0000000000
111540  -53.101  23.740  40.815 0.0000000000
109971  -53.471  21.605  37.489 0.0000000000
112335  -52.867  24.149  38.332 0.0000000000
110731  -51.337  23.265  36.079 0.0000000000
98505  -52.089  8.764  26.634 0.0000000000
103220  -42.575  13.270  47.917 0.0000000000
103231  -45.119  13.187  45.736 0.0000000000
96185  -51.678  6.497  42.231 0.0000000000
96202  -48.498  6.168  40.058 0.0000000000
94136  -49.223  4.867  41.681 0.0000000000
91968  -45.981  2.755  46.769 0.0000000000
94102  -40.159  4.149  44.147 0.0000000000
98312  -40.232  8.048  44.506 0.0000000000
97241  -38.439  7.304  45.636 0.0000000000
99461  -49.363  10.216  34.290 0.0000000000
101492  -45.016  11.421  31.412 0.0000000000
99513  -47.431  9.075  29.764 0.0000000000
101512  -46.425  11.626  28.646 0.0000000000
101528  -48.828  11.426  25.832 0.0000000000
103331  -46.672  13.467  27.458 0.0000000000
104905  -48.729  15.371  41.705 0.0000000000
104916  -46.653  15.880  39.349 0.0000000000
105765  -49.484  16.888  39.250 0.0000000000
107697  -53.772  18.955  31.285 0.0000000000
107694  -51.107  18.678  32.234 0.0000000000
107750  -50.966  18.861  28.153 0.0000000000
106821  -49.706  17.930  25.801 0.0000000000
108596  -50.302  19.909  25.319 0.0000000000
107781  -47.724  18.635  23.622 0.0000000000
110905  -49.479  21.875  25.787 0.0000000000
110800  -47.174  21.938  32.553 0.0000000000
110870  -46.170  21.932  28.092 0.0000000000
110057  -43.884  21.900  30.008 0.0000000000
111647  -41.650  23.952  28.109 0.0000000000
110026  -42.083  22.391  31.667 0.0000000000
99412  -46.697  9.345  36.749 0.0000000000
99458  -46.939  9.475  34.448 0.0000000000
99441  -44.917  9.873  35.558 0.0000000000
101477  -43.749  11.568  33.766 0.0000000000
104121  -44.498  14.636  33.356 0.0000000000
106675  -53.827  18.223  41.726 0.0000000000
106697  -51.555  17.375  38.566 0.0000000000
107628  -53.656  18.587  38.341 0.0000000000
109244  -54.246  20.027  34.920 0.0000000000
110018  -53.164  21.716  31.901 0.0000000000
110858  -50.353  21.892  28.934 0.0000000000
110786  -51.008  22.631  33.235 0.0000000000
110766  -49.629  22.419  34.357 0.0000000000
110727  -47.015  22.700  36.464 0.0000000000
98513  -48.654  8.677  24.888 0.0000000000
99369  -43.731  9.525  43.359 0.0000000000
102361  -44.153  12.281  41.231 0.0000000000
101395  -45.943  11.298  43.492 0.0000000000
104058  -48.043  14.082  44.293 0.0000000000
104886  -49.936  15.469  45.264 0.0000000000
106631  -49.263  17.889  46.026 0.0000000000
106635  -52.468  17.806  45.656 0.0000000000
98379  -51.434  9.505  37.309 0.0000000000
98355  -52.438  9.485  39.349 0.0000000000
97311  -49.337  8.342  37.527 0.0000000000
97303  -47.590  7.578  38.240 0.0000000000
97300  -44.717  7.526  38.690 0.0000000000
96156  -51.708  6.248  47.093 0.0000000000
95096  -47.731  5.249  48.202 0.0000000000
94086  -49.147  4.319  46.857 0.0000000000
94103  -49.746  3.848  44.696 0.0000000000
94122  -46.747  3.424  42.311 0.0000000000
97271  -41.672  7.412  41.602 0.0000000000
100528  -53.627  9.760  29.586 0.0000000000
98424  -48.736  8.933  32.645 0.0000000000
99530  -51.256  10.089  29.442 0.0000000000
100552  -52.999  10.561  27.980 0.0000000000
100578  -52.289  11.278  25.983 0.0000000000
100603  -50.050  10.983  23.943 0.0000000000
101553  -48.137  11.798  22.555 0.0000000000
104082  -44.011  14.615  38.650 0.0000000000
105779  -44.944  16.308  36.297 0.0000000000
105822  -46.220  16.613  32.593 0.0000000000
107653  -49.946  18.308  35.790 0.0000000000
106758  -48.207  18.360  32.621 0.0000000000
104984  -47.211  16.034  29.850 0.0000000000
105016  -48.105  16.142  26.349 0.0000000000
104201  -48.978  14.692  22.495 0.0000000000
103364  -46.571  13.684  22.307 0.0000000000
110889  -47.521  22.033  27.165 0.0000000000
110103  -45.164  21.984  25.527 0.0000000000
108575  -42.753  20.228  27.515 0.0000000000
109302  -40.897  21.170  27.286 0.0000000000
110066  -39.363  21.789  28.230 0.0000000000
100419  -41.551  10.202  39.820 0.0000000000
101431  -41.475  11.149  38.452 0.0000000000
101420  -41.752  10.961  40.077 0.0000000000
111542  -53.220  23.779  39.763 0.0000000000
112333  -51.869  24.683  38.995 0.0000000000
98491  -52.972  8.758  27.636 0.0000000000
95149  -51.283  5.938  42.634 0.0000000000
95161  -50.292  5.785  41.550 0.0000000000
95139  -50.774  5.219  43.144 0.0000000000
93073  -39.642  3.649  45.086 0.0000000000
95118  -38.864  5.485  45.250 0.0000000000
99429  -49.714  10.011  36.100 0.0000000000
99445  -48.868  10.050  35.326 0.0000000000
103313  -45.636  13.477  30.406 0.0000000000
101505  -45.942  11.571  29.540 0.0000000000
102429  -45.845  12.587  29.330 0.0000000000
102437  -46.447  12.597  28.044 0.0000000000
103326  -46.514  13.568  28.501 0.0000000000
104906  -49.781  15.934  41.495 0.0000000000
105748  -49.325  16.237  40.370 0.0000000000
105758  -50.569  16.725  40.101 0.0000000000
108549  -53.664  19.450  30.036 0.0000000000
107709  -53.023  18.837  30.605 0.0000000000
107752  -52.204  19.353  28.185 0.0000000000
107760  -51.165  19.430  26.899 0.0000000000
109321  -51.055  20.497  26.765 0.0000000000
110108  -49.933  21.166  25.208 0.0000000000
110070  -50.807  21.447  27.651 0.0000000000
110798  -45.428  21.831  33.016 0.0000000000
110836  -45.324  21.523  31.085 0.0000000000
110029  -44.641  21.755  31.848 0.0000000000
110039  -42.976  22.516  30.431 0.0000000000
110013  -43.105  21.994  32.454 0.0000000000
99411  -45.795  9.542  37.003 0.0000000000
99425  -45.810  9.728  36.222 0.0000000000
99424  -44.776  9.818  36.360 0.0000000000
102390  -42.411  12.630  36.193 0.0000000000
101467  -43.060  11.670  35.242 0.0000000000
102397  -43.157  12.577  34.730 0.0000000000
103292  -43.870  13.501  33.488 0.0000000000
104120  -43.786  14.206  34.004 0.0000000000
108488  -53.630  19.294  41.229 0.0000000000
107626  -53.625  18.650  39.552 0.0000000000
108491  -53.584  19.483  40.029 0.0000000000
110732  -53.522  22.648  36.844 0.0000000000
109238  -53.728  20.222  35.876 0.0000000000
109986  -53.544  21.145  35.294 0.0000000000
109257  -53.909  20.237  33.208 0.0000000000
110788  -52.950  22.055  33.188 0.0000000000
110805  -52.373  22.173  31.913 0.0000000000
110769  -52.496  22.552  34.220 0.0000000000
111571  -50.366  23.286  37.032 0.0000000000
110747  -50.240  22.719  35.317 0.0000000000
110729  -49.705  22.875  36.307 0.0000000000
110745  -47.858  22.415  35.487 0.0000000000
111569  -48.333  23.456  37.350 0.0000000000
98514  -49.724  8.654  24.998 0.0000000000
100386  -44.293  10.211  44.387 0.0000000000
99371  -45.386  9.869  43.244 0.0000000000
101386  -44.884  11.139  44.458 0.0000000000
103227  -46.593  14.111  46.633 0.0000000000
103233  -47.009  13.906  45.780 0.0000000000
104047  -47.706  14.278  46.064 0.0000000000
104059  -49.029  14.797  44.503 0.0000000000
104049  -49.241  15.282  46.793 0.0000000000
106661  -47.701  17.654  44.311 0.0000000000
106632  -50.393  17.902  46.227 0.0000000000
107576  -50.797  18.581  45.097 0.0000000000
108442  -52.668  18.828  44.390 0.0000000000
108465  -51.357  19.232  43.179 0.0000000000
100427  -53.196  10.626  37.597 0.0000000000
100420  -53.352  10.584  38.333 0.0000000000
97281  -52.313  8.553  40.492 0.0000000000
97294  -51.394  8.243  39.416 0.0000000000
98353  -50.995  8.297  38.815 0.0000000000
97305  -49.588  7.896  38.311 0.0000000000
97304  -48.646  7.518  38.076 0.0000000000
96226  -48.612  7.014  38.709 0.0000000000
96200  -46.885  6.043  40.322 0.0000000000
96213  -46.583  6.548  39.706 0.0000000000
96212  -45.629  6.470  39.551 0.0000000000
94073  -45.952  4.475  48.247 0.0000000000
91970  -47.609  2.934  46.543 0.0000000000
91985  -47.871  2.587  45.976 0.0000000000
94094  -49.522  3.917  45.744 0.0000000000
93101  -48.212  3.045  43.962 0.0000000000
93112  -48.293  3.594  43.097 0.0000000000
93110  -46.210  2.679  42.856 0.0000000000
97259  -41.857  8.052  43.034 0.0000000000
97252  -41.023  7.530  43.707 0.0000000000
100518  -53.735  10.040  30.760 0.0000000000
99472  -45.931  9.267  33.616 0.0000000000
99473  -47.139  8.997  33.314 0.0000000000
99489  -46.578  8.579  31.985 0.0000000000
99544  -48.462  10.028  28.375 0.0000000000
99528  -49.031  9.487  29.291 0.0000000000
99546  -50.964  10.472  28.368 0.0000000000
99547  -51.690  10.809  28.636 0.0000000000
99559  -51.410  11.215  27.945 0.0000000000
99570  -50.622  11.561  26.856 0.0000000000
102456  -48.276  12.592  24.598 0.0000000000
101546  -49.624  11.594  24.419 0.0000000000
101545  -49.135  11.989  23.910 0.0000000000
100612  -49.395  11.130  23.340 0.0000000000
102474  -48.686  13.045  22.740 0.0000000000
103248  -44.752  12.993  41.457 0.0000000000
103259  -43.993  13.528  40.374 0.0000000000
104072  -45.147  14.227  40.782 0.0000000000
106701  -46.837  17.122  37.253 0.0000000000
105769  -45.893  16.449  37.415 0.0000000000
105790  -46.150  17.043  36.142 0.0000000000
105800  -45.159  16.344  34.488 0.0000000000
106738  -46.724  17.510  34.671 0.0000000000
106721  -52.563  17.889  36.415 0.0000000000
106719  -50.876  17.913  36.898 0.0000000000
107655  -51.898  18.329  35.072 0.0000000000
107721  -50.153  18.713  30.359 0.0000000000
107693  -50.033  18.638  32.465 0.0000000000
106780  -48.520  17.979  30.831 0.0000000000
106768  -47.725  17.456  31.330 0.0000000000
105851  -48.298  17.075  29.239 0.0000000000
105867  -47.951  16.244  27.904 0.0000000000
105868  -48.330  16.628  27.075 0.0000000000
106837  -49.431  17.948  23.490 0.0000000000
105889  -48.699  16.502  23.332 0.0000000000
105902  -48.479  16.253  21.872 0.0000000000
103378  -48.010  14.408  21.473 0.0000000000
105043  -47.414  15.514  21.632 0.0000000000
104199  -46.319  14.481  22.893 0.0000000000
105895  -47.467  16.717  22.313 0.0000000000
109330  -47.745  20.482  24.740 0.0000000000
106819  -46.768  17.499  24.549 0.0000000000
110840  -49.492  21.842  30.513 0.0000000000
110873  -49.456  22.109  27.920 0.0000000000
110856  -48.531  21.841  29.294 0.0000000000
110886  -44.191  22.677  27.304 0.0000000000
110901  -45.520  22.457  26.437 0.0000000000
110911  -43.767  22.456  25.845 0.0000000000
109317  -44.296  21.314  26.101 0.0000000000
110090  -42.922  21.673  25.830 0.0000000000
108574  -42.113  20.204  27.219 0.0000000000
109314  -42.003  21.502  26.455 0.0000000000
112403  -40.803  24.101  28.689 0.0000000000
110884  -40.046  22.838  27.283 0.0000000000
111654  -39.300  23.352  28.269 0.0000000000
110865  -38.289  22.758  28.703 0.0000000000
99403  -43.519  9.036  37.699 0.0000000000
100446  -43.074  10.412  36.663 0.0000000000
100433  -42.306  10.249  37.577 0.0000000000
101445  -41.754  11.827  37.322 0.0000000000
103273  -42.290  13.350  37.239 0.0000000000
109227  -53.419  20.526  39.325 0.0000000000
110714  -53.242  22.776  39.164 0.0000000000
110718  -53.469  22.775  38.034 0.0000000000
111575  -53.182  23.280  36.263 0.0000000000
111588  -52.175  23.404  35.892 0.0000000000
111557  -52.408  23.927  37.299 0.0000000000
112342  -51.398  24.381  38.087 0.0000000000
98504  -51.451  8.359  26.251 0.0000000000
102336  -43.030  13.125  46.566 0.0000000000
102342  -44.309  12.731  45.464 0.0000000000
103225  -44.493  13.530  46.672 0.0000000000
96204  -50.476  6.924  40.353 0.0000000000
96203  -49.521  6.392  40.314 0.0000000000
96192  -49.808  5.965  41.016 0.0000000000
95171  -48.494  5.686  40.618 0.0000000000
95158  -47.596  5.039  41.188 0.0000000000
91953  -45.186  3.176  47.404 0.0000000000
91981  -44.485  1.830  45.842 0.0000000000
95138  -40.841  4.955  43.138 0.0000000000
96171  -40.632  6.571  43.894 0.0000000000
96170  -40.051  6.210  44.367 0.0000000000
97242  -39.150  7.351  45.205 0.0000000000
100513  -44.885  10.651  31.954 0.0000000000
99500  -46.064  9.270  31.485 0.0000000000
100524  -45.977  10.439  30.109 0.0000000000
99542  -46.957  10.425  28.664 0.0000000000
100548  -47.931  10.575  27.849 0.0000000000
100563  -49.160  11.040  26.813 0.0000000000
101520  -47.693  11.284  26.987 0.0000000000
102448  -47.331  12.475  25.970 0.0000000000
103347  -47.583  13.513  25.047 0.0000000000
104904  -47.759  15.082  41.580 0.0000000000
104909  -46.811  15.243  40.298 0.0000000000
104910  -47.785  15.724  40.525 0.0000000000
105763  -47.644  16.944  38.833 0.0000000000
106703  -48.460  17.764  37.654 0.0000000000
107670  -53.922  18.643  33.710 0.0000000000
107680  -52.109  18.617  33.075 0.0000000000
107695  -52.176  18.699  31.986 0.0000000000
107722  -51.109  18.705  30.112 0.0000000000
107749  -50.188  18.521  28.472 0.0000000000
106814  -49.691  17.892  26.954 0.0000000000
107765  -50.194  18.534  26.461 0.0000000000
107774  -50.076  18.645  25.322 0.0000000000
107791  -49.249  18.490  22.994 0.0000000000
107789  -48.193  18.477  22.905 0.0000000000
109349  -49.100  19.806  23.881 0.0000000000
110114  -48.719  20.857  24.754 0.0000000000
110106  -48.305  21.222  25.119 0.0000000000
110820  -47.357  21.640  31.370 0.0000000000
110043  -47.415  21.449  29.634 0.0000000000
110837  -46.372  21.417  30.231 0.0000000000
110853  -44.801  21.677  29.534 0.0000000000
110885  -43.594  22.889  27.708 0.0000000000
111658  -42.482  23.377  27.173 0.0000000000
110851  -42.934  22.848  29.260 0.0000000000
111631  -41.819  23.311  29.383 0.0000000000
110833  -41.236  23.078  30.552 0.0000000000
98386  -48.044  8.954  36.554 0.0000000000
99444  -47.855  9.594  35.305 0.0000000000
99426  -46.740  9.612  36.084 0.0000000000
99457  -45.898  9.570  34.570 0.0000000000
99471  -44.969  9.637  33.763 0.0000000000
100461  -43.373  10.846  35.825 0.0000000000
100488  -43.747  10.949  34.395 0.0000000000
100501  -44.591  10.374  32.799 0.0000000000
102411  -44.391  12.353  32.414 0.0000000000
103306  -44.597  12.933  32.024 0.0000000000
104131  -45.293  14.476  31.967 0.0000000000
106679  -53.106  17.378  42.005 0.0000000000
106683  -51.764  16.988  40.557 0.0000000000
106690  -52.579  17.469  39.440 0.0000000000
106699  -53.311  17.926  37.780 0.0000000000
107630  -53.743  18.520  37.159 0.0000000000
109229  -53.368  20.499  38.163 0.0000000000
108497  -53.824  19.342  36.500 0.0000000000
107644  -54.197  18.846  35.056 0.0000000000
107683  -54.562  19.063  33.162 0.0000000000
109271  -53.799  20.117  31.256 0.0000000000
110046  -52.734  21.426  30.171 0.0000000000
110859  -51.090  21.708  28.918 0.0000000000
110825  -52.114  21.931  30.597 0.0000000000
110824  -51.332  22.081  31.000 0.0000000000
110822  -49.887  21.888  31.653 0.0000000000
110748  -51.394  22.984  35.418 0.0000000000
110785  -50.090  22.350  33.342 0.0000000000
110784  -49.078  21.974  33.409 0.0000000000
110783  -47.907  21.989  33.464 0.0000000000
110782  -46.838  22.146  33.622 0.0000000000
110743  -45.697  22.501  35.425 0.0000000000
99375  -42.922  9.304  42.251 0.0000000000
101412  -42.689  11.378  41.397 0.0000000000
100400  -44.471  10.450  42.491 0.0000000000
101415  -45.205  11.587  42.285 0.0000000000
103244  -46.704  12.691  42.747 0.0000000000
102348  -46.152  12.339  44.257 0.0000000000
103241  -47.036  13.007  43.841 0.0000000000
103251  -47.014  13.223  42.686 0.0000000000
104062  -48.335  14.396  43.187 0.0000000000
104892  -49.854  15.549  44.080 0.0000000000
104893  -50.826  16.080  43.605 0.0000000000
105696  -48.395  16.612  47.155 0.0000000000
105698  -50.551  16.703  46.903 0.0000000000
105714  -51.503  16.839  46.035 0.0000000000
105738  -52.708  17.016  43.606 0.0000000000
106664  -53.658  17.958  43.440 0.0000000000
108453  -53.361  18.862  43.222 0.0000000000
109219  -52.501  20.273  41.445 0.0000000000
99416  -51.881  10.103  36.887 0.0000000000
99414  -50.038  9.408  36.709 0.0000000000
99386  -53.493  9.952  40.930 0.0000000000
99398  -53.546  10.588  39.427 0.0000000000
99396  -52.106  9.535  38.681 0.0000000000
98378  -50.722  9.125  37.256 0.0000000000
98377  -49.698  8.870  37.139 0.0000000000
98375  -47.677  8.647  37.080 0.0000000000
98365  -47.302  8.283  37.640 0.0000000000
98363  -45.712  8.387  38.139 0.0000000000
96225  -47.910  6.939  38.892 0.0000000000
97301  -45.667  7.773  38.703 0.0000000000
98362  -44.818  8.269  38.153 0.0000000000
98361  -43.764  8.318  38.171 0.0000000000
96137  -49.254  6.556  48.563 0.0000000000
93054  -46.886  4.038  47.646 0.0000000000
94076  -48.056  4.704  47.675 0.0000000000
95099  -50.047  5.655  47.672 0.0000000000
95108  -50.412  5.185  47.057 0.0000000000
94096  -51.020  4.749  45.628 0.0000000000
94105  -51.214  4.934  44.607 0.0000000000
94125  -49.514  4.464  42.540 0.0000000000
94134  -47.568  4.426  41.717 0.0000000000
94143  -46.217  4.740  40.841 0.0000000000
98338  -41.657  8.453  41.376 0.0000000000
98323  -42.618  8.429  42.944 0.0000000000
98316  -43.161  8.948  43.351 0.0000000000
100384  -42.315  10.275  44.321 0.0000000000
101383  -41.954  11.284  44.571 0.0000000000
99505  -54.408  8.759  30.726 0.0000000000
99519  -54.049  8.803  29.875 0.0000000000
99532  -53.538  9.107  28.850 0.0000000000
99460  -48.883  9.949  34.521 0.0000000000
99491  -49.399  9.493  33.248 0.0000000000
98438  -47.228  8.441  31.238 0.0000000000
98457  -49.821  9.027  30.872 0.0000000000
99516  -51.537  10.075  30.510 0.0000000000
99531  -51.956  10.489  29.607 0.0000000000
100538  -53.091  10.324  29.091 0.0000000000
99548  -53.345  9.272  27.905 0.0000000000
100568  -53.313  9.953  26.415 0.0000000000
100592  -52.638  9.785  25.377 0.0000000000
99585  -51.765  9.272  25.282 0.0000000000
100589  -50.624  11.766  25.542 0.0000000000
100590  -50.808  10.929  25.229 0.0000000000
99597  -50.376  10.236  24.138 0.0000000000
99596  -49.543  10.120  23.610 0.0000000000
99595  -48.457  10.235  23.569 0.0000000000
100600  -47.187  10.688  23.614 0.0000000000
102365  -42.457  12.326  40.440 0.0000000000
103265  -42.823  13.740  38.602 0.0000000000
104096  -43.273  14.355  36.852 0.0000000000
104915  -45.456  15.454  39.226 0.0000000000
104923  -44.558  15.953  37.222 0.0000000000
104105  -43.885  14.967  35.385 0.0000000000
104947  -44.686  15.469  34.194 0.0000000000
104957  -45.120  15.496  33.078 0.0000000000
104976  -46.258  15.332  31.289 0.0000000000
106696  -50.320  17.129  38.773 0.0000000000
106704  -49.554  17.795  37.761 0.0000000000
107652  -48.960  18.434  35.829 0.0000000000
107667  -50.974  18.465  34.348 0.0000000000
107677  -49.025  18.605  33.818 0.0000000000
107676  -48.027  18.429  33.932 0.0000000000
105823  -46.860  17.173  32.461 0.0000000000
105841  -46.673  15.870  30.896 0.0000000000
104990  -46.871  14.954  29.633 0.0000000000
104153  -47.248  14.942  28.446 0.0000000000
104186  -47.882  14.359  24.291 0.0000000000
105875  -48.473  16.768  25.775 0.0000000000
105032  -48.437  15.539  23.810 0.0000000000
104200  -48.920  14.371  22.999 0.0000000000
103373  -48.702  13.969  22.199 0.0000000000
101560  -47.448  12.671  22.250 0.0000000000
106826  -47.305  17.516  23.378 0.0000000000
110874  -50.339  21.817  27.707 0.0000000000
110904  -48.647  22.097  26.155 0.0000000000
110914  -46.895  21.891  25.939 0.0000000000
110871  -47.378  21.721  28.294 0.0000000000
110902  -46.637  22.253  26.435 0.0000000000
110104  -46.165  21.649  25.695 0.0000000000
109318  -45.512  20.529  26.420 0.0000000000
108566  -44.190  19.355  28.325 0.0000000000
107746  -43.567  18.811  28.953 0.0000000000
110087  -41.032  22.400  26.781 0.0000000000
110067  -39.990  21.319  27.835 0.0000000000
111586  -45.047  22.710  35.773 0.0000000000
110760  -43.280  22.063  34.788 0.0000000000
110001  -42.533  22.081  33.402 0.0000000000
110796  -40.937  22.514  32.462 0.0000000000
111620  -39.416  23.484  31.150 0.0000000000
99389  -41.623  9.427  40.767 0.0000000000
100413  -41.860  10.422  40.609 0.0000000000
96173  -52.514  6.596  44.449 0.0000000000
96179  -52.434  6.992  43.363 0.0000000000
96178  -51.896  6.253  43.307 0.0000000000
95140  -51.384  5.660  43.358 0.0000000000
93061  -39.232  3.726  45.698 0.0000000000
100448  -49.667  10.248  35.678 0.0000000000
103319  -45.720  13.059  29.798 0.0000000000
103320  -46.165  13.567  29.507 0.0000000000
102430  -46.099  12.972  28.791 0.0000000000
104907  -50.395  16.200  41.712 0.0000000000
105742  -50.383  16.298  41.300 0.0000000000
105750  -50.819  16.553  40.906 0.0000000000
109287  -52.885  20.364  29.376 0.0000000000
108557  -52.884  19.699  29.268 0.0000000000
108570  -52.269  19.718  28.414 0.0000000000
108580  -51.619  19.846  27.432 0.0000000000
109308  -51.396  20.554  27.669 0.0000000000
110082  -50.957  21.086  27.238 0.0000000000
110071  -51.243  21.094  28.118 0.0000000000
110004  -45.029  21.854  33.500 0.0000000000
110015  -44.841  21.763  32.763 0.0000000000
110014  -44.043  21.840  32.572 0.0000000000
110003  -44.336  21.813  33.425 0.0000000000
99410  -44.865  9.487  37.144 0.0000000000
103280  -42.647  13.427  35.878 0.0000000000
102391  -42.721  12.574  35.487 0.0000000000
103286  -42.950  13.491  35.077 0.0000000000
103291  -43.427  13.457  34.302 0.0000000000
104112  -43.467  14.279  34.778 0.0000000000
110751  -53.334  22.429  35.685 0.0000000000
110770  -53.253  21.930  34.502 0.0000000000
111554  -49.835  23.887  37.885 0.0000000000
111570  -49.228  23.296  37.211 0.0000000000
110728  -48.324  22.965  36.578 0.0000000000
111553  -48.679  23.782  37.875 0.0000000000
98503  -50.601  7.981  25.834 0.0000000000
98502  -49.646  8.060  25.691 0.0000000000
101385  -43.900  11.224  44.666 0.0000000000
104043  -47.412  14.588  47.126 0.0000000000
103228  -47.214  14.205  46.435 0.0000000000
104048  -48.473  14.745  46.466 0.0000000000
104044  -48.536  15.294  47.307 0.0000000000
108449  -50.357  18.878  44.065 0.0000000000
108450  -51.067  18.872  44.229 0.0000000000
101433  -54.101  11.313  39.026 0.0000000000
100421  -53.697  10.878  39.029 0.0000000000
97293  -50.628  7.811  39.233 0.0000000000
97292  -49.829  7.491  39.097 0.0000000000
96227  -49.281  7.304  38.679 0.0000000000
96216  -49.527  6.964  39.446 0.0000000000
95169  -46.565  5.407  40.550 0.0000000000
95183  -46.240  6.065  40.008 0.0000000000
95182  -45.556  5.818  39.893 0.0000000000
96211  -44.676  6.415  39.415 0.0000000000
95181  -44.606  5.678  39.908 0.0000000000
94072  -45.337  4.337  48.414 0.0000000000
91984  -47.289  2.582  45.903 0.0000000000
91997  -47.193  2.373  45.001 0.0000000000
93087  -48.078  2.572  45.093 0.0000000000
93086  -47.493  2.474  44.663 0.0000000000
93100  -47.204  2.421  43.963 0.0000000000
93099  -46.561  2.434  43.516 0.0000000000
96183  -41.436  6.346  42.551 0.0000000000
97258  -41.356  7.287  43.075 0.0000000000
96177  -41.018  6.207  43.249 0.0000000000
99504  -51.817  10.220  31.225 0.0000000000
99488  -45.813  9.250  32.417 0.0000000000
99545  -49.849  10.223  27.944 0.0000000000
99558  -50.837  11.197  27.469 0.0000000000
100565  -51.431  11.494  27.388 0.0000000000
99557  -50.254  11.044  27.115 0.0000000000
102457  -48.805  12.364  24.037 0.0000000000
102466  -48.733  12.742  23.347 0.0000000000
104066  -45.026  13.609  41.338 0.0000000000
106715  -46.847  17.378  36.738 0.0000000000
105781  -46.365  16.885  36.961 0.0000000000
106729  -46.778  17.553  35.776 0.0000000000
105801  -46.050  16.965  35.108 0.0000000000
107642  -52.693  18.094  35.710 0.0000000000
107641  -51.814  18.148  35.932 0.0000000000
106790  -49.388  18.263  29.334 0.0000000000
107720  -49.259  18.542  30.517 0.0000000000
106789  -48.817  17.702  29.511 0.0000000000
106788  -48.193  17.169  29.560 0.0000000000
105860  -48.383  16.916  28.481 0.0000000000
106843  -48.684  17.286  22.523 0.0000000000
106836  -48.965  17.098  23.156 0.0000000000
105905  -48.118  15.946  21.498 0.0000000000
105901  -47.837  16.448  21.796 0.0000000000
105900  -47.240  16.151  22.082 0.0000000000
108594  -47.248  19.638  25.097 0.0000000000
110839  -48.469  21.700  30.361 0.0000000000
111660  -43.793  22.871  26.720 0.0000000000
110900  -44.207  22.700  26.437 0.0000000000
110101  -43.224  22.172  25.573 0.0000000000
110100  -42.837  22.376  25.801 0.0000000000
110089  -42.452  21.963  25.968 0.0000000000
110898  -42.476  22.651  26.230 0.0000000000
112402  -40.264  24.138  28.903 0.0000000000
112410  -39.856  24.035  28.495 0.0000000000
99408  -43.075  9.533  37.498 0.0000000000
100426  -42.173  9.660  38.206 0.0000000000
102369  -41.506  11.666  38.853 0.0000000000
101435  -41.684  11.304  37.632 0.0000000000
102375  -41.733  12.146  37.712 0.0000000000
102376  -41.951  12.796  37.529 0.0000000000
110712  -53.018  22.770  40.169 0.0000000000
111547  -53.170  23.712  38.671 0.0000000000
111558  -53.083  23.722  37.483 0.0000000000
111574  -52.647  23.611  36.516 0.0000000000
112344  -52.671  24.201  37.912 0.0000000000
113065  -51.787  25.020  39.331 0.0000000000
112341  -50.600  24.373  38.140 0.0000000000
98479  -51.777  8.210  27.624 0.0000000000
98489  -51.645  8.311  27.006 0.0000000000
102337  -43.893  13.107  46.279 0.0000000000
102332  -43.642  13.441  47.166 0.0000000000
97266  -52.004  7.159  41.866 0.0000000000
96194  -51.368  6.866  41.205 0.0000000000
96193  -50.570  6.326  41.242 0.0000000000
95147  -49.836  5.030  42.092 0.0000000000
95160  -49.532  5.419  41.314 0.0000000000
95159  -48.501  5.175  41.150 0.0000000000
94135  -48.489  4.634  41.721 0.0000000000
92003  -41.512  2.899  43.676 0.0000000000
94110  -40.615  3.784  43.820 0.0000000000
94111  -40.928  4.045  43.356 0.0000000000
95137  -40.424  4.586  43.635 0.0000000000
96176  -40.436  5.608  43.684 0.0000000000
95129  -39.871  5.048  44.028 0.0000000000
96169  -39.367  6.345  44.987 0.0000000000
100514  -45.486  10.214  31.333 0.0000000000
101498  -45.519  11.432  30.563 0.0000000000
101506  -46.326  11.219  29.187 0.0000000000
100535  -46.271  10.866  29.481 0.0000000000
100536  -46.636  10.769  28.990 0.0000000000
99543  -47.455  10.150  28.504 0.0000000000
100547  -47.123  10.884  28.224 0.0000000000
100561  -47.594  11.059  27.500 0.0000000000
101519  -47.118  11.674  27.371 0.0000000000
102443  -46.821  12.566  26.904 0.0000000000
103337  -46.934  13.426  26.185 0.0000000000
103346  -47.293  13.020  25.577 0.0000000000
105756  -48.977  16.557  39.766 0.0000000000
105764  -48.570  16.940  39.073 0.0000000000
106694  -48.120  17.347  38.363 0.0000000000
106695  -49.096  17.341  38.494 0.0000000000
107682  -54.064  18.887  32.622 0.0000000000
107681  -53.154  18.511  32.819 0.0000000000
107696  -53.142  18.685  31.689 0.0000000000
107738  -51.890  18.942  28.874 0.0000000000
107723  -52.065  18.843  29.867 0.0000000000
107737  -51.038  18.789  29.126 0.0000000000
107758  -50.253  18.443  27.516 0.0000000000
107766  -50.583  19.302  26.049 0.0000000000
107775  -50.154  19.316  25.002 0.0000000000
107782  -49.845  18.856  24.140 0.0000000000
107783  -49.911  19.414  24.542 0.0000000000
108612  -49.399  19.282  23.612 0.0000000000
108603  -49.640  19.700  24.306 0.0000000000
110093  -50.151  21.532  25.752 0.0000000000
110115  -48.997  20.729  24.640 0.0000000000
110107  -49.320  21.313  25.139 0.0000000000
110916  -48.814  21.713  25.535 0.0000000000
110819  -46.326  21.625  31.764 0.0000000000
110041  -44.316  21.740  30.800 0.0000000000
110868  -44.064  22.306  28.294 0.0000000000
110852  -43.689  22.240  29.193 0.0000000000
110867  -43.365  22.843  28.406 0.0000000000
110027  -42.745  22.298  31.373 0.0000000000
110835  -42.633  22.797  29.986 0.0000000000
110834  -41.972  23.014  30.132 0.0000000000
111630  -41.277  23.423  29.717 0.0000000000
110816  -41.910  22.700  31.093 0.0000000000
99413  -47.389  9.222  36.516 0.0000000000
99427  -47.749  9.449  36.069 0.0000000000
99442  -45.857  9.716  35.428 0.0000000000
99456  -44.926  9.789  34.702 0.0000000000
100447  -43.871  10.208  36.224 0.0000000000
101476  -43.425  11.690  34.501 0.0000000000
100474  -43.568  10.906  35.068 0.0000000000
100489  -44.177  10.472  33.864 0.0000000000
101485  -44.107  11.411  32.962 0.0000000000
103299  -44.469  13.474  32.547 0.0000000000
103307  -45.004  13.470  31.560 0.0000000000
104130  -44.804  14.308  32.486 0.0000000000
106684  -52.615  17.205  40.790 0.0000000000
106680  -53.567  17.794  41.405 0.0000000000
106691  -53.350  17.919  38.952 0.0000000000
109969  -53.392  21.665  38.652 0.0000000000
108504  -54.329  19.254  35.386 0.0000000000
108505  -54.630  18.884  34.965 0.0000000000
107658  -54.449  18.776  34.482 0.0000000000
108519  -54.868  19.281  33.960 0.0000000000
110019  -53.439  21.200  32.607 0.0000000000
109265  -53.842  20.191  32.239 0.0000000000
110033  -53.430  20.949  31.644 0.0000000000
110047  -53.322  20.809  30.738 0.0000000000
110032  -52.933  21.619  31.128 0.0000000000
110787  -51.985  22.607  33.130 0.0000000000
110804  -51.275  22.454  32.134 0.0000000000
110823  -50.512  22.048  31.313 0.0000000000
110803  -50.427  22.240  32.362 0.0000000000
111587  -51.694  23.381  36.130 0.0000000000
110765  -48.512  22.162  34.451 0.0000000000
110764  -47.373  22.210  34.492 0.0000000000
110744  -46.753  22.423  35.420 0.0000000000
110763  -46.358  22.311  34.520 0.0000000000
98501  -48.618  8.082  25.584 0.0000000000
98512  -47.695  8.765  24.925 0.0000000000
99376  -43.595  9.783  42.656 0.0000000000
99384  -43.115  10.210  42.237 0.0000000000
100402  -45.649  10.471  43.105 0.0000000000
100401  -45.256  10.458  42.649 0.0000000000
101404  -45.636  11.318  42.778 0.0000000000
102354  -45.482  11.876  42.498 0.0000000000
101405  -46.312  11.855  43.214 0.0000000000
103235  -45.296  12.752  45.023 0.0000000000
103236  -45.776  12.966  44.911 0.0000000000
104051  -47.568  13.891  45.079 0.0000000000
103237  -46.713  13.267  44.688 0.0000000000
104057  -47.389  13.540  44.251 0.0000000000
103245  -47.090  12.808  43.205 0.0000000000
104061  -47.475  13.570  43.350 0.0000000000
104887  -50.759  15.850  44.791 0.0000000000
106646  -48.423  17.841  45.104 0.0000000000
106619  -48.210  16.880  46.716 0.0000000000
106620  -48.844  17.167  46.825 0.0000000000
105697  -49.350  16.625  47.557 0.0000000000
106621  -49.907  17.464  46.964 0.0000000000
107569  -51.793  18.248  45.838 0.0000000000
106623  -51.339  17.398  46.353 0.0000000000
105715  -52.110  17.408  45.827 0.0000000000
105725  -52.045  16.574  45.054 0.0000000000
105734  -52.727  17.046  44.598 0.0000000000
106663  -53.231  17.540  44.026 0.0000000000
106648  -53.110  17.793  45.003 0.0000000000
108466  -52.179  19.200  42.760 0.0000000000
108452  -52.830  19.085  43.555 0.0000000000
108467  -53.043  19.311  42.689 0.0000000000
108487  -53.126  19.646  41.850 0.0000000000
108486  -52.555  19.633  42.075 0.0000000000
100437  -53.569  10.922  37.097 0.0000000000
99405  -52.672  10.330  37.846 0.0000000000
99417  -52.623  10.443  37.285 0.0000000000
99415  -50.801  9.534  36.603 0.0000000000
98347  -52.468  9.112  40.066 0.0000000000
99385  -53.079  9.413  40.498 0.0000000000
99391  -53.063  9.680  39.930 0.0000000000
99392  -53.511  10.335  39.932 0.0000000000
99397  -53.000  10.100  38.929 0.0000000000
97306  -50.356  8.231  38.488 0.0000000000
98367  -50.743  8.620  38.040 0.0000000000
98366  -49.923  8.423  37.921 0.0000000000
98376  -48.708  8.602  36.953 0.0000000000
97309  -47.968  7.920  37.599 0.0000000000
98364  -46.597  8.339  37.930 0.0000000000
96215  -48.609  6.614  39.442 0.0000000000
96214  -47.557  6.658  39.443 0.0000000000
97289  -45.684  7.107  39.201 0.0000000000
97290  -46.547  7.210  39.103 0.0000000000
95110  -51.946  5.852  46.460 0.0000000000
95082  -47.376  5.821  48.672 0.0000000000
95083  -48.059  5.969  48.608 0.0000000000
96136  -48.410  6.883  48.825 0.0000000000
95084  -48.661  6.066  48.386 0.0000000000
91954  -45.725  3.204  47.437 0.0000000000
93053  -46.332  3.926  47.835 0.0000000000
93063  -46.646  3.337  47.366 0.0000000000
93065  -48.033  3.484  46.770 0.0000000000
94084  -47.839  4.121  47.287 0.0000000000
94085  -48.381  4.180  47.128 0.0000000000
95098  -49.217  5.483  47.838 0.0000000000
95107  -49.778  5.013  47.226 0.0000000000
94087  -50.006  4.510  46.535 0.0000000000
94095  -50.256  4.337  45.604 0.0000000000
94104  -50.462  4.404  44.606 0.0000000000
94113  -50.527  4.693  43.537 0.0000000000
94112  -49.868  3.975  43.634 0.0000000000
94123  -47.491  3.822  42.343 0.0000000000
94124  -48.421  4.121  42.382 0.0000000000
94133  -46.488  4.153  41.588 0.0000000000
96190  -41.739  6.382  41.810 0.0000000000
96197  -41.942  6.710  41.212 0.0000000000
98330  -41.700  8.089  42.041 0.0000000000
98331  -42.421  8.766  42.190 0.0000000000
97265  -41.912  8.225  42.564 0.0000000000
97253  -41.635  8.056  43.491 0.0000000000
98315  -42.526  8.576  43.644 0.0000000000
97251  -40.494  7.331  44.300 0.0000000000
100383  -41.408  10.336  44.524 0.0000000000
101382  -41.122  11.249  44.751 0.0000000000
101375  -41.578  12.059  45.434 0.0000000000
98443  -54.601  7.956  31.056 0.0000000000
99494  -54.631  8.625  31.575 0.0000000000
100527  -53.186  10.274  30.147 0.0000000000
100519  -54.012  9.413  30.359 0.0000000000
99518  -53.734  9.162  29.479 0.0000000000
99459  -48.019  9.519  34.486 0.0000000000
98413  -48.054  9.055  33.039 0.0000000000
98414  -48.493  9.168  33.220 0.0000000000
98454  -46.980  8.718  30.553 0.0000000000
99501  -46.545  8.907  30.971 0.0000000000
98455  -47.674  8.743  30.304 0.0000000000
99529  -50.333  9.642  29.196 0.0000000000
99514  -49.773  9.222  30.058 0.0000000000
99515  -50.677  9.489  30.602 0.0000000000
100551  -52.433  10.653  28.743 0.0000000000
100539  -53.440  9.912  28.435 0.0000000000
100553  -53.401  10.011  27.382 0.0000000000
100567  -53.048  10.740  26.810 0.0000000000
100579  -52.951  10.414  25.763 0.0000000000
100591  -52.060  10.310  25.130 0.0000000000
100574  -48.742  11.242  26.340 0.0000000000
100575  -49.497  11.315  26.014 0.0000000000
100588  -50.042  11.466  25.527 0.0000000000
101556  -49.813  11.426  24.118 0.0000000000
101547  -50.148  11.350  24.672 0.0000000000
99583  -49.679  9.379  24.293 0.0000000000
100602  -49.643  10.701  23.451 0.0000000000
100611  -48.515  11.014  22.977 0.0000000000
99603  -48.939  10.694  23.203 0.0000000000
100601  -47.819  10.637  23.368 0.0000000000
100610  -47.575  11.141  22.934 0.0000000000
101413  -43.626  11.388  41.747 0.0000000000
102359  -42.546  11.818  40.974 0.0000000000
102366  -43.399  12.564  40.708 0.0000000000
104077  -44.172  14.208  39.836 0.0000000000
104076  -43.537  13.820  39.463 0.0000000000
104081  -43.441  14.042  38.952 0.0000000000
104085  -43.163  14.077  37.892 0.0000000000
104079  -46.123  15.138  39.872 0.0000000000
105768  -45.224  16.393  37.015 0.0000000000
104924  -45.296  16.257  37.478 0.0000000000
104097  -43.839  15.060  36.455 0.0000000000
104933  -44.407  15.652  35.950 0.0000000000
104939  -44.467  15.464  35.014 0.0000000000
105788  -44.780  16.107  35.346 0.0000000000
105810  -45.445  16.244  33.407 0.0000000000
105821  -45.559  15.984  32.786 0.0000000000
104966  -45.665  15.456  32.214 0.0000000000
104967  -46.160  15.904  31.883 0.0000000000
106689  -51.421  17.075  39.770 0.0000000000
107639  -50.403  18.139  36.430 0.0000000000
106705  -50.640  17.634  37.711 0.0000000000
106718  -49.880  18.133  36.787 0.0000000000
106731  -49.200  18.348  36.433 0.0000000000
106732  -49.505  18.351  36.229 0.0000000000
107679  -51.040  18.534  33.305 0.0000000000
107692  -48.935  18.698  32.735 0.0000000000
107691  -48.292  18.468  33.157 0.0000000000
106747  -47.421  17.936  33.614 0.0000000000
106757  -47.537  17.769  32.710 0.0000000000
105850  -47.750  16.608  29.440 0.0000000000
105842  -47.153  16.510  30.619 0.0000000000
104983  -46.800  15.417  30.260 0.0000000000
104991  -47.275  15.524  29.193 0.0000000000
105006  -47.852  15.750  27.097 0.0000000000
105015  -47.771  15.431  25.918 0.0000000000
105023  -47.875  15.162  24.726 0.0000000000
106813  -49.024  17.377  26.395 0.0000000000
106820  -49.043  17.414  25.147 0.0000000000
105038  -48.844  15.577  22.790 0.0000000000
105882  -48.536  16.675  24.484 0.0000000000
104193  -48.861  14.915  23.058 0.0000000000
103371  -47.399  13.990  21.727 0.0000000000
102480  -47.711  13.189  22.053 0.0000000000
102479  -47.091  13.012  22.206 0.0000000000
101552  -47.161  12.020  22.545 0.0000000000
103363  -46.053  13.437  23.173 0.0000000000
106827  -47.788  18.051  23.040 0.0000000000
106812  -46.424  17.461  25.747 0.0000000000
110872  -48.494  21.994  28.095 0.0000000000
110890  -48.539  22.200  27.043 0.0000000000
110903  -47.686  22.086  26.378 0.0000000000
110058  -46.609  21.457  29.168 0.0000000000
110912  -44.757  22.321  25.890 0.0000000000
110913  -45.842  22.185  25.889 0.0000000000
109328  -45.395  21.428  25.810 0.0000000000
109327  -44.739  21.760  25.629 0.0000000000
109305  -43.479  20.728  26.869 0.0000000000
108576  -43.792  20.092  27.630 0.0000000000
108565  -43.088  19.569  28.274 0.0000000000
109303  -41.560  20.807  27.046 0.0000000000
108564  -41.778  19.686  28.069 0.0000000000
108563  -41.034  20.014  28.138 0.0000000000
109294  -40.509  20.646  27.950 0.0000000000
111657  -41.533  23.820  27.328 0.0000000000
110897  -41.489  22.803  26.627 0.0000000000
111664  -41.229  23.367  26.829 0.0000000000
110078  -39.758  22.324  27.567 0.0000000000
109293  -39.847  21.094  28.223 0.0000000000
109285  -39.582  20.663  29.017 0.0000000000
110740  -42.678  22.612  35.339 0.0000000000
109991  -43.087  21.948  34.050 0.0000000000
110759  -42.345  22.251  34.443 0.0000000000
110778  -41.187  22.445  33.488 0.0000000000
110814  -40.159  22.980  31.606 0.0000000000
99395  -41.657  9.095  39.530 0.0000000000
100425  -41.651  10.138  38.657 0.0000000000
101426  -41.479  11.176  39.320 0.0000000000
102370  -41.782  12.324  39.285 0.0000000000
112326  -53.063  24.697  39.345 0.0000000000
112334  -52.503  24.421  38.686 0.0000000000
112325  -52.453  24.907  39.279 0.0000000000
113055  -52.007  25.311  39.653 0.0000000000
113048  -51.680  25.985  40.385 0.0000000000
98490  -52.418  8.679  27.185 0.0000000000
103214  -42.435  13.296  48.385 0.0000000000
103221  -43.159  13.616  47.856 0.0000000000
96184  -50.943  5.898  41.942 0.0000000000
95148  -50.559  5.458  42.321 0.0000000000
93083  -39.991  3.759  44.581 0.0000000000
95128  -39.407  5.339  44.659 0.0000000000
94093  -39.131  4.504  45.205 0.0000000000
99430  -50.863  9.853  35.911 0.0000000000
100449  -50.065  10.225  35.671 0.0000000000
100464  -49.599  10.356  35.263 0.0000000000
100476  -49.353  10.320  34.743 0.0000000000
102417  -45.157  12.455  30.903 0.0000000000
102424  -45.590  12.446  30.078 0.0000000000
102436  -46.101  12.359  28.752 0.0000000000
104911  -48.986  15.840  40.824 0.0000000000
104912  -49.537  16.047  40.820 0.0000000000
105749  -50.014  16.342  40.693 0.0000000000
105766  -50.142  16.849  39.508 0.0000000000
108540  -53.937  19.435  30.811 0.0000000000
107725  -53.473  19.180  29.918 0.0000000000
107724  -52.879  19.156  29.677 0.0000000000
107751  -51.767  19.105  27.820 0.0000000000
107759  -50.861  18.899  27.125 0.0000000000
108589  -51.147  19.886  26.669 0.0000000000
108588  -50.755  20.107  26.038 0.0000000000
109333  -50.255  20.688  25.389 0.0000000000
109320  -50.601  20.813  26.047 0.0000000000
110094  -50.693  21.144  26.484 0.0000000000
110892  -50.041  21.974  26.400 0.0000000000
110799  -46.131  21.950  32.946 0.0000000000
110818  -45.468  21.715  32.245 0.0000000000
110040  -43.515  22.122  30.695 0.0000000000
110028  -43.739  21.918  31.620 0.0000000000
102403  -43.566  12.551  33.960 0.0000000000
102404  -43.985  12.482  33.158 0.0000000000
107621  -53.867  18.453  41.532 0.0000000000
106686  -53.815  18.367  40.845 0.0000000000
107623  -53.801  18.691  40.640 0.0000000000
108493  -53.554  19.489  38.864 0.0000000000
109978  -53.491  21.442  36.347 0.0000000000
109250  -54.123  20.230  34.056 0.0000000000
109995  -53.664  20.848  34.492 0.0000000000
110005  -53.509  21.077  33.680 0.0000000000
110806  -53.063  21.928  32.389 0.0000000000
111572  -51.313  23.474  36.703 0.0000000000
110730  -50.777  23.072  36.143 0.0000000000
110746  -49.067  22.541  35.416 0.0000000000
110716  -47.421  23.200  37.155 0.0000000000
99362  -44.525  9.630  43.927 0.0000000000
99370  -44.623  9.689  43.319 0.0000000000
100387  -45.243  10.194  44.280 0.0000000000
101387  -45.693  11.284  44.052 0.0000000000
103232  -46.113  13.637  45.757 0.0000000000
104052  -48.387  14.403  45.390 0.0000000000
104053  -49.227  14.975  45.826 0.0000000000
104880  -49.973  15.524  46.348 0.0000000000
106647  -49.095  18.140  45.374 0.0000000000
107567  -50.155  18.277  45.603 0.0000000000
107568  -51.014  18.293  45.761 0.0000000000
107577  -51.585  18.507  45.304 0.0000000000
107578  -52.456  18.409  45.259 0.0000000000
108441  -51.903  18.724  44.704 0.0000000000
108451  -52.050  18.991  43.858 0.0000000000
100428  -53.844  11.075  38.287 0.0000000000
99404  -52.061  9.848  37.966 0.0000000000
98346  -51.883  8.535  39.856 0.0000000000
98354  -51.730  8.832  39.010 0.0000000000
97310  -48.678  8.068  37.492 0.0000000000
96201  -47.594  6.156  40.172 0.0000000000
97288  -45.010  6.940  39.219 0.0000000000
96224  -44.394  7.030  39.021 0.0000000000
91982  -46.100  2.440  46.128 0.0000000000
91969  -46.929  2.858  46.646 0.0000000000
91971  -48.015  2.927  46.424 0.0000000000
93075  -48.360  2.952  46.200 0.0000000000
93076  -48.881  3.328  45.924 0.0000000000
93088  -49.078  3.147  44.854 0.0000000000
93102  -49.132  3.438  43.817 0.0000000000
93111  -47.374  3.168  43.067 0.0000000000
95154  -42.377  5.225  41.639 0.0000000000
97264  -41.532  7.420  42.388 0.0000000000
98423  -47.647  8.623  32.312 0.0000000000
99527  -47.704  9.388  29.202 0.0000000000
98469  -48.216  9.045  29.767 0.0000000000
100566  -52.149  11.228  27.519 0.0000000000
100577  -51.238  11.701  26.518 0.0000000000
101535  -48.341  12.040  25.260 0.0000000000
101536  -49.055  11.677  24.991 0.0000000000
101555  -49.394  11.557  23.801 0.0000000000
101554  -48.932  11.986  23.075 0.0000000000
101562  -48.416  12.505  22.585 0.0000000000
102367  -43.859  12.759  40.817 0.0000000000
104065  -44.573  13.409  41.176 0.0000000000
104071  -44.446  13.768  40.812 0.0000000000
105762  -46.876  16.565  38.590 0.0000000000
105761  -46.343  16.344  38.066 0.0000000000
105770  -46.719  16.816  37.720 0.0000000000
105780  -45.644  16.639  36.582 0.0000000000
105789  -45.411  16.620  35.657 0.0000000000
105811  -45.974  16.960  33.931 0.0000000000
106707  -52.568  17.722  37.233 0.0000000000
106706  -51.673  17.626  37.548 0.0000000000
106720  -51.750  17.856  36.698 0.0000000000
107640  -50.950  18.164  36.206 0.0000000000
107654  -50.927  18.375  35.350 0.0000000000
107706  -50.110  18.701  31.376 0.0000000000
107705  -49.074  18.770  31.598 0.0000000000
106779  -47.982  17.264  30.174 0.0000000000
105859  -47.770  16.196  28.635 0.0000000000
106829  -49.685  17.964  24.586 0.0000000000
106828  -48.980  17.389  23.947 0.0000000000
105896  -48.730  16.396  22.512 0.0000000000
105045  -48.888  15.527  22.049 0.0000000000
104207  -48.798  14.805  21.778 0.0000000000
105050  -48.537  15.439  21.560 0.0000000000
105048  -47.662  15.159  21.384 0.0000000000
104206  -46.819  14.665  21.885 0.0000000000
105037  -46.763  15.485  22.379 0.0000000000
108595  -47.756  19.559  24.201 0.0000000000
107780  -47.318  18.213  24.261 0.0000000000
107773  -47.492  18.924  24.493 0.0000000000
107772  -46.970  18.526  25.226 0.0000000000
110841  -50.430  21.957  30.123 0.0000000000
110857  -49.480  22.005  29.129 0.0000000000
110869  -45.051  22.025  28.130 0.0000000000
110887  -45.264  22.395  27.202 0.0000000000
110102  -44.193  22.027  25.567 0.0000000000
109316  -43.166  21.267  26.227 0.0000000000
109304  -42.544  20.735  26.830 0.0000000000
110088  -41.546  21.943  26.596 0.0000000000
112412  -41.070  24.131  28.201 0.0000000000
111656  -40.568  23.574  27.231 0.0000000000
112418  -40.169  23.908  27.841 0.0000000000
111655  -39.834  23.411  27.714 0.0000000000
110883  -39.420  22.779  27.901 0.0000000000
110065  -38.668  22.203  28.553 0.0000000000
110882  -38.909  22.990  28.344 0.0000000000
100434  -43.048  9.887  37.199 0.0000000000
100445  -42.333  10.847  36.930 0.0000000000
100432  -41.639  10.678  38.021 0.0000000000
101436  -41.978  10.960  37.177 0.0000000000
101446  -42.027  11.613  36.856 0.0000000000
102384  -42.092  12.612  36.827 0.0000000000
103279  -42.427  13.341  36.577 0.0000000000
104103  -42.765  13.925  36.408 0.0000000000
109967  -53.224  21.648  39.755 0.0000000000
111590  -53.134  23.105  35.638 0.0000000000
111589  -52.772  23.320  35.715 0.0000000000
111573  -52.045  23.544  36.666 0.0000000000
112343  -52.133  24.346  38.007 0.0000000000
111556  -51.734  23.915  37.378 0.0000000000
111555  -50.910  23.908  37.519 0.0000000000
112331  -49.761  24.806  38.574 0.0000000000
98516  -51.329  8.541  25.587 0.0000000000
102341  -43.315  12.664  45.537 0.0000000000
102345  -43.859  12.171  44.963 0.0000000000
103230  -44.473  13.135  46.063 0.0000000000
103222  -44.366  14.031  47.700 0.0000000000
103226  -45.451  13.988  46.939 0.0000000000
96205  -51.286  7.258  40.562 0.0000000000
95172  -49.209  5.848  40.591 0.0000000000
95170  -47.600  5.607  40.681 0.0000000000
93051  -44.732  3.877  48.101 0.0000000000
91952  -44.124  3.006  47.672 0.0000000000
91967  -44.973  2.285  46.768 0.0000000000
91966  -43.783  2.145  46.680 0.0000000000
90875  -45.628  2.289  46.290 0.0000000000
90889  -45.287  1.829  45.967 0.0000000000
97250  -39.843  7.281  44.718 0.0000000000
100502  -45.142  9.974  32.270 0.0000000000
99511  -46.106  9.602  30.746 0.0000000000
99512  -46.757  9.362  29.947 0.0000000000
100525  -46.454  10.272  29.493 0.0000000000
99526  -46.874  9.978  29.042 0.0000000000
100549  -48.875  10.602  27.547 0.0000000000
100562  -48.266  11.027  27.022 0.0000000000
101527  -47.967  11.580  26.093 0.0000000000
101526  -47.289  12.055  26.589 0.0000000000
102449  -47.922  12.276  25.425 0.0000000000
104068  -47.173  14.151  42.048 0.0000000000
104073  -46.251  14.596  40.765 0.0000000000
104074  -47.147  14.982  41.061 0.0000000000
104917  -47.436  16.158  39.725 0.0000000000
105747  -48.628  16.175  40.246 0.0000000000
105755  -48.040  16.473  39.674 0.0000000000
105754  -47.307  16.453  39.267 0.0000000000
106693  -47.575  17.241  38.288 0.0000000000
106702  -47.390  17.435  37.639 0.0000000000
106716  -47.737  18.028  36.601 0.0000000000
107669  -53.011  18.464  33.887 0.0000000000
107708  -52.156  18.788  30.901 0.0000000000
107707  -51.141  18.709  31.154 0.0000000000
107736  -50.054  18.617  29.388 0.0000000000
106798  -49.475  18.134  28.827 0.0000000000
106806  -49.628  17.964  27.967 0.0000000000
106844  -49.140  17.794  22.803 0.0000000000
107799  -48.785  17.921  22.518 0.0000000000
107798  -48.336  18.100  22.480 0.0000000000
107790  -48.702  18.565  22.733 0.0000000000
108611  -48.835  19.275  23.291 0.0000000000
108602  -48.567  19.623  23.625 0.0000000000
109341  -49.335  20.432  24.535 0.0000000000
109340  -48.593  20.204  24.184 0.0000000000
109339  -48.055  20.000  24.054 0.0000000000
109331  -48.344  20.729  24.677 0.0000000000
110105  -47.265  21.333  25.463 0.0000000000
110821  -48.216  21.657  31.104 0.0000000000
110838  -47.544  21.504  30.275 0.0000000000
110042  -47.045  21.348  29.682 0.0000000000
110854  -45.891  21.617  28.914 0.0000000000
111659  -43.347  23.084  27.046 0.0000000000
111666  -42.867  23.097  26.585 0.0000000000
111649  -42.986  23.245  27.720 0.0000000000
111641  -42.751  23.198  28.370 0.0000000000
111648  -42.268  23.585  27.867 0.0000000000
110055  -42.984  22.642  29.909 0.0000000000
110850  -42.326  23.082  29.507 0.0000000000
111639  -41.373  23.780  28.871 0.0000000000
111638  -40.778  23.957  29.328 0.0000000000
111629  -40.564  23.610  30.154 0.0000000000
98387  -48.708  9.178  36.514 0.0000000000
99443  -46.842  9.629  35.333 0.0000000000
99423  -44.075  9.817  36.686 0.0000000000
100462  -44.090  10.287  35.659 0.0000000000
100475  -44.188  10.323  34.881 0.0000000000
101491  -44.547  11.415  32.165 0.0000000000
102416  -44.701  12.355  31.694 0.0000000000
104137  -45.751  14.384  31.121 0.0000000000
105751  -51.702  16.798  41.201 0.0000000000
106685  -53.567  17.957  40.346 0.0000000000
106698  -52.569  17.594  38.246 0.0000000000
106708  -53.206  18.048  36.773 0.0000000000
106722  -53.103  18.015  36.177 0.0000000000
108495  -53.596  19.422  37.674 0.0000000000
109231  -53.476  20.398  36.991 0.0000000000
107643  -53.599  18.504  35.826 0.0000000000
107657  -53.727  18.606  34.659 0.0000000000
109258  -54.520  19.643  33.657 0.0000000000
108526  -54.287  19.454  32.895 0.0000000000
108533  -54.064  19.436  31.829 0.0000000000
109279  -53.699  20.065  30.362 0.0000000000
109278  -53.146  20.643  29.914 0.0000000000
110060  -52.395  21.082  29.330 0.0000000000
110860  -51.618  21.461  28.939 0.0000000000
110843  -51.942  21.759  29.588 0.0000000000
110842  -51.234  21.919  29.859 0.0000000000
110031  -49.359  21.756  31.371 0.0000000000
110749  -52.260  22.981  35.117 0.0000000000
110768  -51.639  22.733  34.242 0.0000000000
110767  -50.678  22.646  34.307 0.0000000000
110802  -49.588  21.886  32.426 0.0000000000
110016  -49.180  21.758  31.872 0.0000000000
110801  -48.429  21.793  32.215 0.0000000000
110781  -46.059  22.175  33.810 0.0000000000
110762  -45.404  22.190  34.419 0.0000000000
99383  -42.518  9.654  41.700 0.0000000000
100414  -42.355  10.581  41.226 0.0000000000
100408  -42.892  10.702  41.909 0.0000000000
100409  -43.653  10.632  42.299 0.0000000000
99377  -44.853  9.958  42.834 0.0000000000
101403  -44.972  11.006  42.304 0.0000000000
101414  -44.614  11.555  41.896 0.0000000000
102362  -45.195  12.293  42.016 0.0000000000
102363  -45.761  12.703  42.219 0.0000000000
103250  -46.339  13.092  42.212 0.0000000000
102346  -44.508  12.074  44.689 0.0000000000
102347  -45.300  12.216  44.477 0.0000000000
101388  -46.399  11.861  43.860 0.0000000000
102349  -46.828  12.394  44.078 0.0000000000
101389  -46.931  11.969  43.835 0.0000000000
102356  -46.789  12.243  43.065 0.0000000000
104069  -48.183  14.767  42.220 0.0000000000
104898  -48.835  14.988  42.646 0.0000000000
104063  -49.148  15.048  43.433 0.0000000000
104899  -49.661  15.583  42.757 0.0000000000
104900  -50.474  16.139  42.350 0.0000000000
105736  -51.316  16.387  42.768 0.0000000000
104873  -49.144  15.639  47.550 0.0000000000
104874  -49.799  15.803  47.297 0.0000000000
104875  -50.511  15.995  46.693 0.0000000000
106622  -50.775  17.438  46.609 0.0000000000
105713  -50.867  16.370  46.429 0.0000000000
104881  -50.739  16.012  45.872 0.0000000000
104888  -51.467  16.234  44.482 0.0000000000
104894  -51.510  16.292  43.939 0.0000000000
105737  -52.088  16.589  43.137 0.0000000000
105745  -52.644  16.966  42.628 0.0000000000
106673  -53.285  17.410  43.034 0.0000000000
106674  -53.748  17.921  42.384 0.0000000000
107579  -53.143  18.452  44.513 0.0000000000
107606  -53.742  18.479  42.900 0.0000000000
107607  -53.843  18.488  42.101 0.0000000000
108468  -53.663  19.028  42.293 0.0000000000
109220  -52.988  20.328  41.141 0.0000000000
100436  -52.727  10.628  36.801 0.0000000000
100435  -52.101  10.493  36.305 0.0000000000
99431  -51.621  10.188  36.019 0.0000000000
98388  -49.343  9.487  36.526 0.0000000000
98368  -51.505  9.196  38.018 0.0000000000
98374  -46.645  8.893  37.355 0.0000000000
98373  -45.764  9.022  37.631 0.0000000000
98372  -44.865  8.953  37.728 0.0000000000
97291  -47.236  7.250  38.866 0.0000000000
97302  -46.570  7.811  38.552 0.0000000000
98371  -44.165  8.789  37.753 0.0000000000
98360  -42.777  8.257  38.625 0.0000000000
95130  -51.870  5.713  44.559 0.0000000000
97219  -49.026  7.307  49.042 0.0000000000
97220  -49.681  7.216  49.049 0.0000000000
96138  -50.044  6.665  48.636 0.0000000000
93052  -45.632  3.734  47.891 0.0000000000
94075  -47.369  4.555  47.724 0.0000000000
93064  -47.381  3.567  47.224 0.0000000000
95097  -48.401  5.352  48.091 0.0000000000
96146  -49.794  6.132  48.178 0.0000000000
96147  -50.419  6.231  48.118 0.0000000000
95100  -50.672  5.796  47.534 0.0000000000
95109  -51.216  5.490  46.769 0.0000000000
94088  -50.642  4.768  46.371 0.0000000000
95119  -51.658  5.392  45.637 0.0000000000
94114  -51.247  5.161  43.785 0.0000000000
94126  -50.245  4.988  42.719 0.0000000000
93113  -49.096  3.835  43.027 0.0000000000
95157  -46.895  4.753  41.160 0.0000000000
92016  -45.786  2.446  43.315 0.0000000000
93119  -46.020  3.506  42.030 0.0000000000
93118  -45.215  3.497  42.207 0.0000000000
94132  -45.373  4.077  41.592 0.0000000000
94142  -45.480  4.619  41.009 0.0000000000
99382  -41.862  9.138  41.408 0.0000000000
98339  -42.041  8.999  41.698 0.0000000000
98332  -43.066  9.164  42.470 0.0000000000
98324  -43.209  8.985  42.805 0.0000000000
100385  -43.288  10.231  44.392 0.0000000000
101384  -42.907  11.142  44.645 0.0000000000
101376  -42.562  12.015  45.120 0.0000000000
102340  -42.357  12.736  45.937 0.0000000000
102335  -42.222  13.003  46.914 0.0000000000
101368  -41.074  12.261  46.299 0.0000000000
102334  -41.539  12.644  47.125 0.0000000000
102330  -42.103  12.987  47.786 0.0000000000
98458  -54.366  8.002  30.193 0.0000000000
98471  -53.923  8.054  29.517 0.0000000000
99533  -53.718  8.696  29.350 0.0000000000
98470  -53.404  8.294  29.093 0.0000000000
100463  -49.124  10.274  34.989 0.0000000000
99474  -48.366  9.362  33.732 0.0000000000
99475  -49.108  9.744  33.863 0.0000000000
99476  -49.750  10.157  33.757 0.0000000000
98439  -48.260  8.613  31.435 0.0000000000
98456  -48.876  8.948  30.473 0.0000000000
98441  -50.290  9.169  31.657 0.0000000000
99502  -50.734  9.525  31.481 0.0000000000
99517  -52.184  10.361  30.522 0.0000000000
100537  -52.617  10.439  29.770 0.0000000000
99561  -53.151  9.256  26.984 0.0000000000
99560  -52.663  9.023  26.591 0.0000000000
100580  -53.082  9.753  25.752 0.0000000000
99587  -52.792  9.452  25.806 0.0000000000
99586  -52.417  9.378  25.629 0.0000000000
99569  -50.337  11.403  26.721 0.0000000000
100576  -50.391  11.588  26.253 0.0000000000
101537  -50.055  11.527  25.046 0.0000000000
101538  -50.490  11.520  25.100 0.0000000000
99584  -50.875  9.586  24.672 0.0000000000
99582  -48.596  9.391  24.199 0.0000000000
99604  -49.237  10.550  23.334 0.0000000000
99581  -47.592  9.535  24.373 0.0000000000
101421  -42.173  11.327  40.692 0.0000000000
101427  -41.856  11.656  39.986 0.0000000000
103253  -43.110  12.921  40.248 0.0000000000
103257  -42.601  13.085  39.727 0.0000000000
103261  -42.304  13.258  38.890 0.0000000000
103264  -42.366  13.447  37.997 0.0000000000
104095  -42.708  13.849  37.073 0.0000000000
104078  -45.283  14.817  39.989 0.0000000000
104914  -44.635  15.011  39.287 0.0000000000
104920  -45.631  16.023  38.219 0.0000000000
104919  -44.589  15.478  38.431 0.0000000000
104086  -43.916  14.927  37.579 0.0000000000
104113  -44.128  14.848  34.441 0.0000000000
104956  -44.813  15.353  33.584 0.0000000000
104122  -45.039  14.898  32.588 0.0000000000
104975  -45.768  14.898  31.656 0.0000000000
104138  -46.316  14.736  30.633 0.0000000000
105759  -51.263  16.810  40.488 0.0000000000
106688  -50.614  16.897  39.513 0.0000000000
106717  -48.858  18.163  36.882 0.0000000000
107637  -48.389  18.281  36.456 0.0000000000
107651  -48.213  18.356  35.966 0.0000000000
107668  -52.002  18.547  34.121 0.0000000000
107666  -49.975  18.466  34.624 0.0000000000
107678  -49.993  18.556  33.554 0.0000000000
107665  -49.003  18.550  34.859 0.0000000000
107664  -48.130  18.421  35.069 0.0000000000
106739  -47.385  18.018  34.358 0.0000000000
106746  -46.820  17.485  33.503 0.0000000000
105833  -46.962  16.982  31.834 0.0000000000
105832  -46.538  16.215  31.491 0.0000000000
104145  -46.527  14.432  29.982 0.0000000000
104152  -46.809  14.465  29.061 0.0000000000
104160  -46.956  14.268  28.049 0.0000000000
104998  -47.624  15.584  28.176 0.0000000000
104179  -47.434  14.532  25.462 0.0000000000
103355  -48.433  13.600  23.753 0.0000000000
106805  -49.033  17.376  27.565 0.0000000000
105024  -48.171  15.982  25.173 0.0000000000
105031  -48.163  14.895  24.011 0.0000000000
104192  -48.514  14.512  23.476 0.0000000000
103365  -48.758  14.061  23.226 0.0000000000
103366  -48.809  13.749  22.975 0.0000000000
103372  -48.154  13.831  21.801 0.0000000000
101561  -47.881  12.526  22.298 0.0000000000
106835  -47.852  17.471  22.505 0.0000000000
105894  -46.995  16.445  22.836 0.0000000000
105888  -46.642  16.582  23.906 0.0000000000
110875  -51.039  21.479  28.363 0.0000000000
110891  -49.444  22.195  26.787 0.0000000000
110915  -47.928  21.778  25.738 0.0000000000
110855  -47.783  21.585  29.479 0.0000000000
110888  -46.415  22.219  27.212 0.0000000000
109319  -46.208  20.255  26.203 0.0000000000
109307  -45.204  20.138  27.059 0.0000000000
109306  -44.505  20.467  26.926 0.0000000000
108567  -45.148  19.033  28.085 0.0000000000
107747  -44.544  18.298  28.769 0.0000000000
107744  -41.841  19.043  29.010 0.0000000000
111665  -42.007  23.231  26.769 0.0000000000
110080  -41.115  21.444  27.037 0.0000000000
110896  -40.739  22.854  26.865 0.0000000000
110079  -40.414  21.846  27.203 0.0000000000
110053  -38.227  21.709  29.146 0.0000000000
111568  -46.206  22.839  36.664 0.0000000000
110726  -46.201  22.638  36.110 0.0000000000
109985  -44.627  22.081  34.742 0.0000000000
111585  -44.391  22.950  35.969 0.0000000000
109984  -44.162  21.993  34.828 0.0000000000
110002  -43.498  21.900  33.347 0.0000000000
110012  -42.038  22.215  32.406 0.0000000000
110779  -41.838  22.275  33.805 0.0000000000
110011  -41.497  22.325  32.902 0.0000000000
110797  -41.612  22.482  31.801 0.0000000000
110815  -41.079  22.774  31.390 0.0000000000
110832  -40.630  23.172  30.896 0.0000000000
90876  -45.906  2.426  46.225 0.0000000000
90890  -45.920  2.121  45.787 0.0000000000
91998  -47.608  2.496  45.478 0.0000000000
92015  -45.526  2.546  43.089 0.0000000000
93062  -46.090  3.317  47.541 0.0000000000
93066  -48.562  3.661  46.567 0.0000000000
93094  -41.113  3.296  43.688 0.0000000000
94077  -48.650  4.773  47.568 0.0000000000
94101  -39.650  4.389  44.574 0.0000000000
98468  -47.745  9.011  29.728 0.0000000000
99363  -45.266  9.693  43.776 0.0000000000
99378  -45.393  10.081  42.902 0.0000000000
99446  -49.428  10.236  35.621 0.0000000000
99490  -48.838  9.286  33.396 0.0000000000
99571  -51.815  8.985  25.790 0.0000000000
99572  -52.318  9.115  26.134 0.0000000000
99573  -52.982  9.398  26.220 0.0000000000
100394  -45.695  10.336  43.708 0.0000000000
100516  -52.399  10.365  31.459 0.0000000000
100529  -53.830  9.317  29.813 0.0000000000
100564  -49.934  11.151  26.649 0.0000000000
100593  -52.828  9.578  25.559 0.0000000000
100613  -49.693  11.320  23.784 0.0000000000
101396  -46.587  11.906  43.589 0.0000000000
101397  -47.003  11.983  43.609 0.0000000000
101402  -44.285  11.005  42.164 0.0000000000
101406  -46.840  11.999  43.395 0.0000000000
101432  -53.872  11.216  38.899 0.0000000000
101447  -42.462  11.088  36.583 0.0000000000
101457  -42.247  12.119  36.464 0.0000000000
101511  -45.975  12.014  29.030 0.0000000000
102331  -42.791  13.252  47.448 0.0000000000
102343  -44.924  12.598  45.061 0.0000000000
102352  -47.053  12.318  43.584 0.0000000000
102355  -46.004  12.291  42.680 0.0000000000
102360  -43.110  12.023  41.145 0.0000000000
102372  -41.593  11.913  38.361 0.0000000000
102383  -41.833  12.221  37.212 0.0000000000
102455  -47.659  12.759  25.292 0.0000000000
102481  -48.305  13.178  22.249 0.0000000000
103249  -45.499  13.091  41.820 0.0000000000
103254  -43.696  13.038  40.448 0.0000000000
103255  -44.190  13.129  40.919 0.0000000000
103258  -43.456  13.456  39.887 0.0000000000
103262  -42.991  13.629  39.272 0.0000000000
103300  -44.888  13.943  32.128 0.0000000000
103356  -48.704  13.253  23.361 0.0000000000
103377  -47.662  14.523  21.459 0.0000000000
103379  -48.489  14.374  21.636 0.0000000000
104045  -49.215  15.492  47.280 0.0000000000
104084  -42.620  13.704  37.539 0.0000000000
104144  -46.086  14.190  30.452 0.0000000000
104211  -47.434  14.791  21.487 0.0000000000
104212  -47.854  14.867  21.322 0.0000000000
104213  -48.367  14.880  21.362 0.0000000000
104861  -49.260  15.993  47.716 0.0000000000
104882  -51.362  16.242  45.283 0.0000000000
104921  -46.397  16.180  38.537 0.0000000000
104948  -45.025  15.788  33.743 0.0000000000
105007  -48.082  16.190  26.877 0.0000000000
105044  -47.841  15.840  21.485 0.0000000000
105049  -48.025  15.441  21.351 0.0000000000
105679  -48.513  16.272  47.643 0.0000000000
105680  -48.984  16.182  47.821 0.0000000000
105695  -47.584  16.554  46.811 0.0000000000
105699  -51.081  17.093  46.534 0.0000000000
105726  -52.445  17.208  45.458 0.0000000000
105732  -51.577  16.376  43.520 0.0000000000
105733  -52.062  16.556  44.072 0.0000000000
105743  -51.005  16.411  41.762 0.0000000000
105752  -52.429  16.998  41.767 0.0000000000
105757  -49.753  16.597  39.941 0.0000000000
105771  -47.218  17.044  38.233 0.0000000000
105799  -44.748  15.859  34.752 0.0000000000
105906  -48.315  15.759  21.500 0.0000000000
106633  -51.226  17.893  46.217 0.0000000000
106634  -51.871  17.698  46.042 0.0000000000
106649  -53.451  18.064  44.220 0.0000000000
106681  -53.829  18.248  41.176 0.0000000000
106756  -46.823  17.285  32.794 0.0000000000
106769  -48.271  18.243  31.943 0.0000000000
106834  -47.401  17.051  22.690 0.0000000000
107566  -49.517  18.254  45.393 0.0000000000
107570  -52.252  18.115  45.826 0.0000000000
107589  -49.769  18.672  44.212 0.0000000000
107590  -50.384  18.726  44.570 0.0000000000
107591  -53.457  18.455  43.746 0.0000000000
107620  -53.861  18.698  41.219 0.0000000000
107624  -53.851  18.503  41.099 0.0000000000
107638  -48.728  18.367  36.330 0.0000000000
107671  -54.657  18.912  33.715 0.0000000000
107710  -53.598  19.051  30.341 0.0000000000
107735  -49.464  18.438  29.778 0.0000000000
107739  -52.321  19.330  28.728 0.0000000000
107767  -50.889  19.672  26.417 0.0000000000
107800  -49.022  17.905  22.582 0.0000000000
108440  -51.358  18.656  44.881 0.0000000000
108443  -53.191  18.815  43.964 0.0000000000
108469  -53.835  18.769  41.737 0.0000000000
108489  -53.852  18.750  41.465 0.0000000000
108511  -54.672  19.455  34.997 0.0000000000
108512  -54.938  19.125  34.643 0.0000000000
108527  -54.682  19.222  33.480 0.0000000000
108548  -53.339  19.305  29.695 0.0000000000
108558  -53.374  19.555  29.680 0.0000000000
108569  -52.046  19.497  27.913 0.0000000000
108577  -44.835  19.861  27.631 0.0000000000
108581  -52.035  19.777  27.923 0.0000000000
108601  -48.272  19.398  23.523 0.0000000000
108604  -49.978  19.730  24.792 0.0000000000
108610  -48.513  18.954  23.034 0.0000000000
109245  -54.726  19.535  34.757 0.0000000000
109251  -54.663  19.623  34.344 0.0000000000
109288  -53.388  19.945  29.714 0.0000000000
109295  -41.181  20.221  27.733 0.0000000000
109297  -52.287  20.400  28.789 0.0000000000
109309  -51.914  20.152  28.081 0.0000000000
109315  -42.423  21.315  26.340 0.0000000000
109332  -49.772  20.811  24.966 0.0000000000
109342  -49.894  20.238  24.851 0.0000000000
109348  -48.765  19.731  23.713 0.0000000000
109992  -43.845  21.836  34.135 0.0000000000
109994  -45.184  22.014  33.934 0.0000000000
110000  -41.817  22.231  33.213 0.0000000000
110017  -49.554  21.804  31.846 0.0000000000
110030  -48.816  21.690  31.412 0.0000000000
110044  -48.632  21.642  30.948 0.0000000000
110056  -43.329  22.365  29.919 0.0000000000
110059  -47.187  21.465  29.111 0.0000000000
110068  -46.361  21.637  28.645 0.0000000000
110069  -46.750  21.597  28.602 0.0000000000
110072  -51.755  21.036  28.727 0.0000000000
110081  -50.559  21.593  26.827 0.0000000000
110091  -43.529  21.729  25.757 0.0000000000
110092  -49.664  21.641  25.503 0.0000000000
110717  -47.904  23.387  37.229 0.0000000000
110742  -44.748  22.319  35.208 0.0000000000
110761  -44.881  22.115  34.661 0.0000000000
110780  -45.549  22.031  33.600 0.0000000000
110817  -42.473  22.685  30.617 0.0000000000
110866  -38.930  22.529  28.338 0.0000000000
110876  -51.390  21.311  28.590 0.0000000000
110906  -49.919  21.895  25.903 0.0000000000
110910  -43.121  22.542  25.815 0.0000000000
110917  -49.207  21.675  25.460 0.0000000000
111621  -40.107  23.482  30.817 0.0000000000
111637  -40.171  24.040  29.573 0.0000000000
111640  -42.154  23.381  28.740 0.0000000000
111667  -43.537  22.915  26.530 0.0000000000
111668  -43.822  22.815  26.479 0.0000000000
112324  -52.162  24.947  39.314 0.0000000000
112345  -52.892  24.085  37.885 0.0000000000
112411  -40.483  24.135  28.248 0.0000000000
112417  -39.680  23.708  28.198 0.0000000000
112419  -40.818  24.079  27.676 0.0000000000
112420  -41.264  24.094  27.774 0.0000000000
