#!ascii label  , from subject A00074000 vox2ras=TkReg
1140
65284  32.248  -20.101  69.285 0.0000000000
85283  36.941  -4.645  53.969 0.0000000000
71532  31.421  -14.946  62.502 0.0000000000
55510  10.614  -27.807  74.799 0.0000000000
67732  24.270  -16.419  71.211 0.0000000000
75613  32.287  -11.696  59.310 0.0000000000
62830  15.082  -21.681  72.118 0.0000000000
55507  15.577  -27.608  74.828 0.0000000000
62880  19.838  -21.631  69.466 0.0000000000
84107  40.922  -5.207  54.755 0.0000000000
144915  32.389  -15.275  72.334 0.0000000000
72716  29.889  -14.459  68.642 0.0000000000
144891  35.934  -17.979  70.582 0.0000000000
88956  39.136  -0.800  51.136 0.0000000000
85365  42.723  -3.302  49.982 0.0000000000
86503  33.290  -2.594  57.009 0.0000000000
78277  39.401  -9.320  57.342 0.0000000000
76965  35.242  -10.218  56.995 0.0000000000
71529  36.617  -15.243  61.976 0.0000000000
62818  28.703  -21.638  72.183 0.0000000000
53051  8.949  -30.643  78.167 0.0000000000
49642  5.835  -31.859  76.727 0.0000000000
48463  2.733  -33.378  78.508 0.0000000000
66575  28.500  -18.389  69.902 0.0000000000
64001  24.686  -21.466  69.561 0.0000000000
76805  27.684  -10.665  65.391 0.0000000000
75498  32.770  -11.460  67.181 0.0000000000
91258  42.465  1.708  47.072 0.0000000000
85265  38.854  -5.273  54.697 0.0000000000
84076  39.666  -5.055  56.962 0.0000000000
144909  33.381  -17.754  70.420 0.0000000000
68912  33.790  -17.119  68.948 0.0000000000
63993  34.106  -19.811  70.589 0.0000000000
87729  35.784  -1.144  53.659 0.0000000000
90079  37.977  0.486  53.249 0.0000000000
86549  37.728  -2.884  52.190 0.0000000000
85319  39.380  -3.690  51.873 0.0000000000
44236  3.748  -37.207  80.414 0.0000000000
80712  33.826  -7.225  56.756 0.0000000000
80671  33.096  -7.496  58.551 0.0000000000
72860  31.191  -14.011  60.308 0.0000000000
71603  33.686  -14.103  59.055 0.0000000000
70198  34.348  -15.559  62.119 0.0000000000
72782  34.592  -14.432  64.731 0.0000000000
54274  13.169  -28.071  75.077 0.0000000000
54211  15.292  -29.090  77.482 0.0000000000
53093  12.436  -29.552  76.775 0.0000000000
53048  11.041  -30.215  78.535 0.0000000000
54235  9.693  -29.126  75.826 0.0000000000
53101  5.489  -30.035  76.368 0.0000000000
49638  3.690  -32.903  77.854 0.0000000000
67741  26.668  -16.960  69.663 0.0000000000
65309  26.218  -19.422  67.883 0.0000000000
65312  23.298  -18.805  67.936 0.0000000000
62799  19.409  -23.246  72.030 0.0000000000
62797  21.102  -23.338  73.041 0.0000000000
72670  33.730  -13.351  70.192 0.0000000000
75479  30.818  -12.618  67.529 0.0000000000
79458  33.799  -8.532  59.354 0.0000000000
75569  32.564  -11.078  61.309 0.0000000000
75571  30.179  -12.075  61.224 0.0000000000
60488  17.381  -24.206  72.238 0.0000000000
58092  17.594  -25.771  74.823 0.0000000000
58150  15.481  -24.849  72.718 0.0000000000
58116  13.402  -25.401  74.004 0.0000000000
56816  12.114  -25.471  74.725 0.0000000000
66598  20.611  -17.718  69.662 0.0000000000
66582  18.856  -17.763  71.048 0.0000000000
62883  17.265  -20.766  70.188 0.0000000000
71416  30.124  -13.978  72.656 0.0000000000
72689  28.420  -13.411  70.067 0.0000000000
71452  31.415  -15.222  69.310 0.0000000000
71439  33.898  -15.203  68.414 0.0000000000
88986  41.364  -0.975  48.770 0.0000000000
86576  40.542  -2.958  50.402 0.0000000000
84147  42.091  -4.489  52.562 0.0000000000
85286  34.585  -3.205  54.839 0.0000000000
82944  36.882  -5.725  56.247 0.0000000000
82946  35.228  -5.852  56.381 0.0000000000
78280  36.552  -9.413  57.152 0.0000000000
74258  37.881  -12.691  59.741 0.0000000000
75640  33.004  -11.540  57.692 0.0000000000
72877  35.637  -13.580  59.477 0.0000000000
62872  31.052  -21.423  70.114 0.0000000000
62814  32.685  -21.515  72.354 0.0000000000
88905  35.352  -0.388  56.006 0.0000000000
56821  7.976  -26.575  75.371 0.0000000000
53099  7.150  -29.603  75.643 0.0000000000
51988  7.679  -31.079  77.197 0.0000000000
49621  7.108  -32.599  79.070 0.0000000000
47398  5.674  -34.189  78.827 0.0000000000
46363  4.301  -35.336  78.263 0.0000000000
46365  2.322  -35.012  78.351 0.0000000000
46345  0.990  -34.949  78.670 0.0000000000
65286  30.849  -20.059  69.622 0.0000000000
64023  28.302  -20.635  69.480 0.0000000000
63961  26.912  -21.468  71.301 0.0000000000
64004  21.404  -21.093  69.199 0.0000000000
74218  28.773  -12.462  63.062 0.0000000000
72719  27.079  -13.453  67.649 0.0000000000
74180  29.132  -13.215  65.597 0.0000000000
72786  31.163  -13.615  64.728 0.0000000000
63942  35.643  -20.185  73.509 0.0000000000
90164  44.211  0.389  45.837 0.0000000000
86613  42.596  -1.680  47.729 0.0000000000
87791  45.413  -2.091  47.866 0.0000000000
85253  38.550  -5.226  55.662 0.0000000000
85254  37.737  -5.313  55.505 0.0000000000
66571  33.258  -18.555  70.234 0.0000000000
65270  33.958  -18.849  69.927 0.0000000000
63994  33.373  -20.214  70.193 0.0000000000
86540  35.657  -2.574  53.729 0.0000000000
87737  36.985  -1.798  52.589 0.0000000000
85302  37.236  -3.839  52.903 0.0000000000
85301  38.255  -4.479  52.744 0.0000000000
43077  3.164  -38.013  79.281 0.0000000000
82914  33.141  -5.517  58.947 0.0000000000
81771  33.892  -6.787  59.901 0.0000000000
71580  31.166  -14.497  60.962 0.0000000000
71556  32.379  -15.411  61.348 0.0000000000
71531  32.320  -15.478  62.345 0.0000000000
71509  34.442  -15.398  63.477 0.0000000000
71511  32.194  -15.162  63.384 0.0000000000
55533  12.309  -27.597  74.753 0.0000000000
54255  12.641  -28.567  75.545 0.0000000000
54257  10.989  -28.611  75.381 0.0000000000
53095  11.024  -29.650  76.780 0.0000000000
54258  10.061  -28.458  75.237 0.0000000000
67731  25.251  -16.337  70.916 0.0000000000
67774  24.850  -17.337  68.251 0.0000000000
67757  23.673  -16.834  69.513 0.0000000000
60473  19.117  -23.857  74.102 0.0000000000
76717  27.746  -10.443  70.703 0.0000000000
75426  33.519  -12.152  70.407 0.0000000000
75570  31.333  -11.277  61.140 0.0000000000
76865  31.336  -10.530  62.064 0.0000000000
61672  15.893  -22.796  71.354 0.0000000000
59303  16.661  -24.849  72.536 0.0000000000
60490  15.307  -23.637  72.334 0.0000000000
59273  14.060  -23.877  74.064 0.0000000000
58093  12.986  -24.403  74.854 0.0000000000
58117  12.782  -25.682  74.333 0.0000000000
66560  20.321  -17.019  71.536 0.0000000000
65230  15.803  -19.234  72.639 0.0000000000
65260  17.042  -19.385  70.938 0.0000000000
63982  16.149  -20.629  70.943 0.0000000000
61671  16.864  -22.817  71.092 0.0000000000
70118  30.296  -14.525  70.971 0.0000000000
144920  31.997  -15.269  71.114 0.0000000000
68902  34.903  -17.472  69.758 0.0000000000
70114  33.622  -16.000  68.430 0.0000000000
70093  35.694  -15.832  69.747 0.0000000000
71425  35.029  -14.663  69.688 0.0000000000
70092  36.528  -16.037  70.744 0.0000000000
90097  38.612  0.251  52.202 0.0000000000
87765  40.149  -1.755  50.164 0.0000000000
87766  39.659  -1.788  50.610 0.0000000000
84139  40.629  -4.551  52.964 0.0000000000
84149  40.564  -4.135  52.377 0.0000000000
84138  41.413  -4.774  53.251 0.0000000000
85271  33.654  -3.149  55.845 0.0000000000
84095  34.717  -5.028  56.023 0.0000000000
84096  33.642  -4.648  56.435 0.0000000000
79494  34.127  -8.496  56.933 0.0000000000
79503  34.691  -8.237  56.689 0.0000000000
76964  36.220  -10.308  57.276 0.0000000000
75625  37.274  -11.196  58.100 0.0000000000
75626  36.578  -11.526  57.956 0.0000000000
76933  33.096  -10.444  59.454 0.0000000000
76950  32.933  -10.271  58.512 0.0000000000
75628  32.565  -11.789  58.253 0.0000000000
71576  34.924  -14.621  60.378 0.0000000000
72878  34.684  -13.812  59.188 0.0000000000
71575  35.888  -14.338  60.381 0.0000000000
71573  37.471  -14.147  60.758 0.0000000000
62846  29.373  -21.630  71.244 0.0000000000
62816  30.706  -21.945  72.333 0.0000000000
87690  34.125  -1.765  58.200 0.0000000000
87699  33.920  -1.785  57.147 0.0000000000
87718  34.205  -1.658  55.477 0.0000000000
56815  16.744  -26.989  74.846 0.0000000000
55490  16.480  -27.819  75.793 0.0000000000
53049  10.273  -30.288  78.460 0.0000000000
53024  10.603  -30.403  79.442 0.0000000000
53025  9.828  -30.565  79.368 0.0000000000
51960  8.798  -31.120  79.143 0.0000000000
55492  6.464  -27.084  76.154 0.0000000000
54237  7.463  -28.569  75.396 0.0000000000
54238  6.328  -28.408  76.079 0.0000000000
52009  5.840  -31.090  76.114 0.0000000000
50889  6.660  -31.173  76.338 0.0000000000
50881  6.585  -31.623  76.831 0.0000000000
50860  7.540  -31.972  78.646 0.0000000000
49628  6.604  -32.992  78.375 0.0000000000
48470  6.066  -33.760  78.677 0.0000000000
48477  6.154  -33.279  77.929 0.0000000000
48472  3.221  -33.475  78.142 0.0000000000
47416  4.497  -34.447  77.540 0.0000000000
47401  3.166  -34.343  78.003 0.0000000000
46364  3.326  -35.189  77.974 0.0000000000
47402  2.724  -34.265  78.217 0.0000000000
65243  29.566  -19.181  71.322 0.0000000000
65257  30.171  -19.467  70.811 0.0000000000
66592  28.997  -19.456  69.334 0.0000000000
64022  29.192  -20.367  69.417 0.0000000000
65306  28.611  -19.794  68.821 0.0000000000
64026  25.465  -20.630  68.565 0.0000000000
63999  26.637  -20.880  69.846 0.0000000000
63980  25.424  -21.701  70.198 0.0000000000
64031  20.164  -19.527  69.070 0.0000000000
64030  21.009  -19.925  68.839 0.0000000000
64005  20.407  -20.719  69.161 0.0000000000
62796  22.057  -23.189  72.917 0.0000000000
80701  38.374  -7.546  57.283 0.0000000000
81794  38.769  -6.622  57.450 0.0000000000
79489  39.885  -8.453  57.306 0.0000000000
78165  28.347  -10.129  64.575 0.0000000000
76868  28.732  -11.148  63.048 0.0000000000
75540  28.108  -11.864  63.936 0.0000000000
72704  29.135  -14.061  69.684 0.0000000000
74101  27.198  -13.052  69.080 0.0000000000
72728  29.286  -14.274  67.799 0.0000000000
75499  31.809  -11.758  67.199 0.0000000000
74162  30.113  -12.756  66.648 0.0000000000
74179  30.206  -12.812  65.694 0.0000000000
74193  30.491  -13.139  65.065 0.0000000000
74177  32.215  -12.398  65.740 0.0000000000
72767  33.200  -13.391  65.171 0.0000000000
62786  34.098  -21.097  73.605 0.0000000000
90165  42.917  0.821  46.044 0.0000000000
86606  41.698  -1.908  48.797 0.0000000000
87792  41.896  -1.255  48.193 0.0000000000
86592  42.990  -2.996  49.136 0.0000000000
86603  44.498  -2.633  48.448 0.0000000000
86588  46.694  -2.632  49.459 0.0000000000
63945  15.042  -19.916  73.241 0.0000000000
62800  14.302  -21.766  73.235 0.0000000000
85264  40.008  -5.004  54.729 0.0000000000
85250  41.261  -4.725  56.448 0.0000000000
85251  40.328  -4.886  56.117 0.0000000000
144902  33.189  -16.316  71.277 0.0000000000
144916  32.916  -15.821  70.471 0.0000000000
67753  33.429  -16.914  69.556 0.0000000000
144889  35.519  -18.741  70.732 0.0000000000
90062  38.841  0.621  54.252 0.0000000000
88919  36.949  0.182  53.790 0.0000000000
88943  37.798  -1.186  52.420 0.0000000000
87747  38.269  -1.902  51.807 0.0000000000
86563  38.870  -2.339  51.425 0.0000000000
85320  38.485  -3.798  52.122 0.0000000000
85300  39.198  -4.498  52.578 0.0000000000
45323  4.396  -35.981  80.075 0.0000000000
85226  33.235  -3.546  58.423 0.0000000000
84079  33.110  -4.715  57.311 0.0000000000
82927  32.924  -5.347  57.939 0.0000000000
80689  33.086  -7.400  57.740 0.0000000000
78282  34.003  -9.114  57.105 0.0000000000
74281  31.796  -12.947  59.692 0.0000000000
74300  32.400  -12.850  58.793 0.0000000000
71594  32.324  -14.597  59.856 0.0000000000
71577  33.958  -14.996  60.513 0.0000000000
70197  35.161  -15.440  62.145 0.0000000000
71508  35.388  -15.352  63.567 0.0000000000
71492  36.028  -14.899  64.358 0.0000000000
62771  28.341  -22.096  74.216 0.0000000000
54272  14.712  -27.892  74.803 0.0000000000
54229  15.655  -28.430  76.166 0.0000000000
54254  13.663  -28.613  75.659 0.0000000000
54231  13.159  -29.327  76.651 0.0000000000
53070  13.175  -29.835  78.060 0.0000000000
53073  10.670  -30.038  77.581 0.0000000000
53074  9.912  -30.147  77.446 0.0000000000
53077  5.752  -28.635  76.631 0.0000000000
51989  4.985  -30.310  77.151 0.0000000000
50892  4.862  -31.766  77.000 0.0000000000
49636  5.246  -32.889  77.033 0.0000000000
50882  4.168  -31.601  77.585 0.0000000000
50873  3.422  -31.996  78.647 0.0000000000
48449  2.822  -32.191  79.107 0.0000000000
66576  27.667  -17.584  70.046 0.0000000000
66612  27.735  -19.037  68.525 0.0000000000
67772  26.327  -18.008  68.197 0.0000000000
65310  25.322  -19.184  67.643 0.0000000000
64027  24.157  -20.646  68.712 0.0000000000
62855  19.350  -22.414  70.212 0.0000000000
62854  20.383  -22.629  70.470 0.0000000000
62798  20.147  -23.329  72.613 0.0000000000
76947  39.368  -10.758  58.109 0.0000000000
76767  27.279  -10.541  67.327 0.0000000000
74100  31.787  -13.381  68.499 0.0000000000
75457  30.784  -13.131  67.790 0.0000000000
75439  32.273  -12.380  69.195 0.0000000000
75455  32.235  -11.651  68.734 0.0000000000
90152  42.186  0.697  47.216 0.0000000000
44261  1.308  -37.165  78.037 0.0000000000
78245  34.764  -9.216  59.964 0.0000000000
76913  33.495  -10.551  60.328 0.0000000000
75612  32.709  -11.122  60.064 0.0000000000
75594  31.837  -11.821  60.291 0.0000000000
74261  30.516  -12.902  60.988 0.0000000000
72831  30.338  -13.772  61.686 0.0000000000
60474  18.428  -24.263  73.659 0.0000000000
59257  18.111  -25.174  75.349 0.0000000000
59284  17.379  -24.985  73.139 0.0000000000
58115  16.691  -25.894  73.453 0.0000000000
56854  15.550  -26.276  73.352 0.0000000000
59286  14.864  -24.326  73.060 0.0000000000
59287  14.740  -25.095  73.151 0.0000000000
56835  14.410  -26.622  73.849 0.0000000000
56836  13.430  -26.546  74.198 0.0000000000
56837  12.608  -26.422  74.412 0.0000000000
56839  10.920  -26.194  74.627 0.0000000000
67759  21.978  -16.938  70.150 0.0000000000
66559  21.238  -16.830  71.513 0.0000000000
66599  20.005  -17.955  69.971 0.0000000000
65276  18.678  -18.658  70.150 0.0000000000
65259  17.912  -18.195  71.317 0.0000000000
65277  17.790  -19.190  70.347 0.0000000000
62881  18.767  -21.238  69.582 0.0000000000
62856  18.282  -22.078  70.189 0.0000000000
61633  18.324  -23.676  72.543 0.0000000000
75397  28.974  -11.846  72.992 0.0000000000
74067  28.477  -12.392  71.685 0.0000000000
72673  29.111  -13.179  71.729 0.0000000000
71441  29.806  -14.319  70.370 0.0000000000
71453  30.608  -14.974  69.432 0.0000000000
70135  32.975  -15.942  69.181 0.0000000000
71451  32.339  -15.394  68.785 0.0000000000
72701  32.253  -14.002  68.454 0.0000000000
72699  33.849  -14.340  68.950 0.0000000000
72683  34.872  -13.980  70.362 0.0000000000
88974  41.175  -0.493  49.384 0.0000000000
87778  40.631  -1.655  49.709 0.0000000000
86575  41.241  -3.044  50.167 0.0000000000
85338  40.385  -3.484  51.225 0.0000000000
85337  41.221  -3.633  51.294 0.0000000000
85285  35.153  -3.316  54.405 0.0000000000
84108  36.720  -5.179  55.648 0.0000000000
84110  35.245  -4.539  55.407 0.0000000000
82945  36.307  -5.971  56.444 0.0000000000
80703  36.617  -7.584  57.202 0.0000000000
81804  34.727  -6.567  56.620 0.0000000000
79493  36.256  -8.139  57.112 0.0000000000
78279  37.517  -9.334  57.353 0.0000000000
76948  38.497  -10.695  57.957 0.0000000000
74277  39.100  -12.010  59.640 0.0000000000
79459  33.334  -8.471  58.706 0.0000000000
78262  33.146  -9.382  58.222 0.0000000000
75639  33.805  -11.262  57.357 0.0000000000
74299  33.187  -12.716  58.109 0.0000000000
74298  34.226  -12.856  57.923 0.0000000000
74305  35.288  -11.871  57.666 0.0000000000
72876  36.687  -13.063  59.363 0.0000000000
63996  31.726  -20.858  69.664 0.0000000000
62870  32.730  -20.972  70.446 0.0000000000
62844  31.399  -21.786  71.200 0.0000000000
62788  32.128  -21.704  73.397 0.0000000000
88921  35.427  -0.567  55.059 0.0000000000
86530  35.048  -2.430  54.222 0.0000000000
56819  9.686  -25.991  74.966 0.0000000000
58084  8.587  -25.336  76.082 0.0000000000
55511  9.588  -27.210  74.884 0.0000000000
54259  9.133  -28.229  75.304 0.0000000000
54236  8.754  -29.077  75.559 0.0000000000
53098  8.366  -30.024  76.102 0.0000000000
53100  6.077  -29.519  76.000 0.0000000000
51997  7.714  -30.228  76.082 0.0000000000
51976  8.287  -31.081  77.923 0.0000000000
50859  8.115  -31.618  78.976 0.0000000000
50844  7.543  -32.196  79.878 0.0000000000
46322  5.022  -34.771  79.899 0.0000000000
48487  5.156  -34.038  77.225 0.0000000000
47400  4.873  -34.830  78.066 0.0000000000
46342  4.613  -35.476  79.268 0.0000000000
45340  4.188  -36.054  79.090 0.0000000000
45359  3.210  -36.434  78.130 0.0000000000
45360  2.180  -36.329  78.234 0.0000000000
47388  1.960  -33.831  78.437 0.0000000000
46366  1.575  -35.466  78.512 0.0000000000
45361  1.436  -36.324  78.271 0.0000000000
66572  32.497  -18.926  70.420 0.0000000000
65272  31.669  -19.479  70.009 0.0000000000
65285  31.747  -19.933  69.221 0.0000000000
62894  30.425  -21.041  69.659 0.0000000000
62895  29.668  -20.912  69.762 0.0000000000
62875  28.560  -20.958  70.373 0.0000000000
64046  27.165  -20.215  68.550 0.0000000000
63998  27.466  -20.801  70.052 0.0000000000
62819  27.806  -21.591  72.019 0.0000000000
66618  22.180  -18.107  68.541 0.0000000000
65292  22.681  -19.520  68.356 0.0000000000
64002  23.491  -21.300  69.451 0.0000000000
62853  21.360  -22.618  70.813 0.0000000000
62852  22.342  -22.443  71.068 0.0000000000
62823  24.052  -22.705  71.727 0.0000000000
84078  37.863  -5.690  56.557 0.0000000000
76866  30.085  -10.524  62.116 0.0000000000
75572  29.321  -11.935  61.981 0.0000000000
72810  29.754  -13.481  62.652 0.0000000000
75429  27.411  -11.915  70.264 0.0000000000
75458  26.895  -12.091  68.612 0.0000000000
75501  26.786  -11.862  66.389 0.0000000000
74163  28.923  -13.653  66.574 0.0000000000
74181  27.934  -13.394  65.637 0.0000000000
75525  27.287  -11.988  65.008 0.0000000000
74206  28.505  -12.635  63.698 0.0000000000
72797  29.596  -13.458  63.410 0.0000000000
71512  31.216  -14.552  63.483 0.0000000000
72784  33.094  -14.266  64.796 0.0000000000
63959  34.001  -20.626  71.830 0.0000000000
63973  34.903  -19.945  71.805 0.0000000000
144887  35.921  -19.269  72.234 0.0000000000
65224  36.391  -19.708  73.795 0.0000000000
144884  36.606  -18.120  71.643 0.0000000000
90174  45.008  0.969  45.552 0.0000000000
88997  42.065  -0.245  47.695 0.0000000000
87810  42.848  -1.021  46.971 0.0000000000
86591  43.981  -3.068  49.044 0.0000000000
86611  44.211  -2.195  47.739 0.0000000000
87808  44.253  -1.056  46.610 0.0000000000
87807  44.903  -0.940  46.591 0.0000000000
88996  46.115  -1.004  46.889 0.0000000000
85266  37.798  -5.239  54.745 0.0000000000
65271  32.689  -19.513  69.598 0.0000000000
85303  36.330  -3.615  53.634 0.0000000000
86539  36.551  -2.749  53.085 0.0000000000
43094  3.060  -38.040  78.936 0.0000000000
71558  30.902  -14.489  61.665 0.0000000000
71557  31.604  -15.017  61.551 0.0000000000
71510  33.311  -15.527  63.163 0.0000000000
55534  11.267  -27.197  74.522 0.0000000000
55509  11.518  -28.069  74.956 0.0000000000
67743  24.476  -16.551  70.229 0.0000000000
67744  23.460  -16.575  70.517 0.0000000000
60461  18.989  -23.997  74.860 0.0000000000
61613  19.598  -23.725  74.633 0.0000000000
76701  28.268  -10.245  71.779 0.0000000000
62859  15.471  -22.249  71.595 0.0000000000
60505  15.804  -23.423  71.709 0.0000000000
61673  15.322  -22.768  71.893 0.0000000000
63963  15.434  -20.663  72.036 0.0000000000
62858  15.759  -21.725  71.213 0.0000000000
70117  30.741  -14.655  71.515 0.0000000000
70113  34.463  -16.294  68.729 0.0000000000
68901  36.252  -17.058  70.542 0.0000000000
90116  38.766  -0.469  51.650 0.0000000000
90115  39.315  0.014  51.561 0.0000000000
88966  39.609  -1.190  50.636 0.0000000000
87757  39.188  -1.837  51.031 0.0000000000
84123  40.731  -4.919  53.875 0.0000000000
84122  41.574  -5.244  54.185 0.0000000000
47363  5.115  -34.993  81.304 0.0000000000
85255  33.325  -3.397  56.361 0.0000000000
84112  33.713  -3.755  55.838 0.0000000000
76976  34.648  -9.626  56.834 0.0000000000
78292  35.211  -9.194  56.700 0.0000000000
75636  36.623  -10.927  57.671 0.0000000000
75637  35.867  -11.232  57.469 0.0000000000
76934  32.607  -11.014  58.728 0.0000000000
71553  35.556  -14.910  61.014 0.0000000000
71552  36.491  -14.925  61.354 0.0000000000
62817  29.691  -21.827  72.286 0.0000000000
62791  29.032  -21.680  73.267 0.0000000000
86502  33.566  -2.253  57.783 0.0000000000
87709  33.715  -2.243  56.308 0.0000000000
55506  16.264  -27.345  74.938 0.0000000000
55505  16.849  -27.292  75.298 0.0000000000
55491  15.859  -27.852  75.382 0.0000000000
53050  9.572  -30.410  78.299 0.0000000000
53026  9.291  -30.674  78.943 0.0000000000
51959  9.331  -30.901  79.618 0.0000000000
50890  6.107  -31.406  76.372 0.0000000000
49634  6.870  -31.843  77.342 0.0000000000
49635  6.208  -32.472  77.210 0.0000000000
48473  2.935  -33.905  78.254 0.0000000000
66553  29.089  -18.702  70.695 0.0000000000
65258  29.540  -19.255  70.526 0.0000000000
66574  29.139  -19.195  69.825 0.0000000000
65288  28.898  -19.568  69.130 0.0000000000
66593  28.547  -19.098  69.060 0.0000000000
64000  25.810  -21.148  69.595 0.0000000000
62849  25.666  -21.934  70.900 0.0000000000
62850  24.610  -22.221  70.673 0.0000000000
64006  19.360  -19.935  69.341 0.0000000000
79490  38.914  -8.429  57.249 0.0000000000
78147  28.160  -9.773  65.746 0.0000000000
76828  27.852  -11.246  64.603 0.0000000000
72717  28.719  -14.279  68.525 0.0000000000
74161  30.963  -12.078  66.433 0.0000000000
74160  31.974  -11.910  66.416 0.0000000000
74178  31.201  -12.495  65.659 0.0000000000
74159  33.033  -11.931  66.428 0.0000000000
91268  42.757  2.059  46.240 0.0000000000
86593  41.705  -2.717  49.641 0.0000000000
63929  14.813  -19.565  74.390 0.0000000000
63930  14.387  -20.573  73.865 0.0000000000
85281  39.076  -5.131  53.536 0.0000000000
85240  39.275  -5.113  56.313 0.0000000000
85239  39.940  -4.818  56.601 0.0000000000
66610  33.333  -16.829  70.081 0.0000000000
144896  33.508  -17.503  69.942 0.0000000000
65269  34.815  -19.456  70.871 0.0000000000
65268  35.266  -19.262  71.009 0.0000000000
88920  36.018  -0.359  54.320 0.0000000000
88932  36.455  -0.808  53.335 0.0000000000
87748  37.657  -1.924  52.181 0.0000000000
45324  4.052  -36.707  79.822 0.0000000000
85212  33.462  -3.860  59.157 0.0000000000
84064  33.077  -4.354  57.951 0.0000000000
84053  33.153  -4.513  58.692 0.0000000000
81772  33.291  -6.587  59.164 0.0000000000
81785  32.898  -6.468  58.306 0.0000000000
79495  33.620  -8.247  57.348 0.0000000000
79475  33.171  -8.391  57.994 0.0000000000
72880  32.308  -13.885  59.272 0.0000000000
72881  31.687  -14.039  59.809 0.0000000000
70216  33.127  -15.530  61.363 0.0000000000
71578  32.924  -15.225  60.544 0.0000000000
70215  33.847  -15.470  61.298 0.0000000000
71555  34.309  -15.258  61.071 0.0000000000
70179  35.713  -15.525  62.814 0.0000000000
70180  34.859  -15.573  62.830 0.0000000000
71494  34.034  -14.975  64.081 0.0000000000
71493  34.979  -14.924  64.188 0.0000000000
72781  35.411  -14.442  64.789 0.0000000000
86492  33.728  -2.569  58.558 0.0000000000
54273  13.930  -28.085  74.884 0.0000000000
54253  14.633  -28.437  75.470 0.0000000000
54232  12.230  -29.236  76.169 0.0000000000
54213  13.223  -29.688  77.505 0.0000000000
53071  12.486  -29.851  77.565 0.0000000000
53094  11.843  -29.669  76.789 0.0000000000
54234  10.558  -29.154  75.983 0.0000000000
53096  10.224  -29.695  76.661 0.0000000000
53097  9.399  -29.817  76.426 0.0000000000
51979  4.214  -30.623  77.863 0.0000000000
52001  5.049  -31.068  76.787 0.0000000000
51990  4.613  -31.070  77.230 0.0000000000
49623  3.115  -32.182  78.925 0.0000000000
67730  26.419  -16.559  70.931 0.0000000000
66555  27.621  -17.017  71.191 0.0000000000
67740  27.256  -17.131  69.918 0.0000000000
66595  27.168  -17.652  69.216 0.0000000000
66616  23.990  -17.934  67.760 0.0000000000
66615  25.057  -18.207  67.702 0.0000000000
65311  24.302  -19.004  67.640 0.0000000000
65290  24.713  -19.989  67.918 0.0000000000
65291  23.668  -19.773  68.169 0.0000000000
62828  18.939  -22.880  71.051 0.0000000000
62827  19.870  -23.023  71.341 0.0000000000
78112  27.653  -9.849  67.868 0.0000000000
78102  27.585  -9.959  68.969 0.0000000000
74099  32.220  -13.188  68.946 0.0000000000
75440  31.915  -12.860  68.754 0.0000000000
74083  32.693  -13.000  69.532 0.0000000000
76716  33.392  -11.800  70.087 0.0000000000
76734  33.018  -11.536  69.667 0.0000000000
76932  33.892  -10.036  60.061 0.0000000000
75593  33.027  -11.004  60.793 0.0000000000
75595  30.874  -12.215  60.704 0.0000000000
75596  30.546  -12.398  60.972 0.0000000000
59272  17.835  -25.039  74.336 0.0000000000
59302  17.176  -24.711  72.591 0.0000000000
58149  15.952  -25.056  72.648 0.0000000000
59285  16.876  -25.228  72.937 0.0000000000
58134  16.413  -25.451  72.960 0.0000000000
56853  16.168  -25.997  73.263 0.0000000000
58135  15.453  -25.414  72.917 0.0000000000
61614  14.092  -22.390  74.002 0.0000000000
61634  14.410  -22.731  73.303 0.0000000000
60463  14.368  -23.284  73.668 0.0000000000
59274  14.163  -24.805  73.647 0.0000000000
58136  14.601  -25.788  73.313 0.0000000000
55531  14.139  -27.387  74.378 0.0000000000
58118  12.479  -25.657  74.463 0.0000000000
56838  11.777  -26.331  74.529 0.0000000000
66558  22.193  -16.674  71.508 0.0000000000
66561  19.488  -17.280  71.663 0.0000000000
66581  19.614  -17.755  70.643 0.0000000000
65275  19.515  -18.624  69.709 0.0000000000
63981  16.848  -20.389  70.492 0.0000000000
64008  17.432  -20.089  70.139 0.0000000000
64007  18.258  -19.990  69.764 0.0000000000
62882  17.820  -20.974  69.950 0.0000000000
60503  17.166  -23.487  71.595 0.0000000000
61654  17.750  -23.366  71.682 0.0000000000
74049  29.252  -12.528  73.200 0.0000000000
74066  29.012  -12.818  72.350 0.0000000000
72672  29.588  -13.440  72.457 0.0000000000
70137  30.485  -14.830  70.401 0.0000000000
70138  30.174  -14.631  70.336 0.0000000000
71454  30.085  -14.706  69.746 0.0000000000
68925  33.308  -16.497  69.369 0.0000000000
71450  33.146  -15.627  68.366 0.0000000000
71440  32.999  -15.091  68.237 0.0000000000
72713  32.500  -14.755  68.318 0.0000000000
72700  33.134  -14.316  68.497 0.0000000000
70076  36.234  -15.275  70.758 0.0000000000
90078  39.190  0.666  53.216 0.0000000000
88963  41.465  0.062  49.985 0.0000000000
88964  40.848  -0.269  50.117 0.0000000000
86594  40.771  -2.190  49.757 0.0000000000
86547  39.206  -3.264  51.596 0.0000000000
86562  39.551  -3.019  51.191 0.0000000000
85339  39.855  -3.526  51.552 0.0000000000
84148  41.198  -4.268  52.515 0.0000000000
85317  40.857  -3.892  51.879 0.0000000000
85316  41.627  -3.953  51.951 0.0000000000
85336  42.033  -3.733  51.347 0.0000000000
84125  35.374  -4.100  54.835 0.0000000000
85269  34.767  -3.795  55.031 0.0000000000
84094  35.698  -5.226  55.996 0.0000000000
81802  36.385  -6.524  56.875 0.0000000000
81803  35.697  -6.664  56.828 0.0000000000
82936  33.277  -5.539  57.015 0.0000000000
82948  33.720  -5.587  56.637 0.0000000000
81805  33.749  -6.469  56.699 0.0000000000
78291  35.928  -9.079  56.805 0.0000000000
79502  35.641  -8.334  56.818 0.0000000000
79501  36.271  -8.695  56.977 0.0000000000
79492  36.937  -8.465  57.204 0.0000000000
76962  38.058  -10.067  57.647 0.0000000000
76949  37.808  -10.684  57.952 0.0000000000
74294  37.758  -11.767  58.643 0.0000000000
75611  38.437  -11.577  58.676 0.0000000000
74278  38.349  -12.101  59.250 0.0000000000
80670  33.539  -7.604  59.269 0.0000000000
76968  32.795  -11.060  57.805 0.0000000000
76967  33.181  -10.474  57.749 0.0000000000
78283  33.537  -9.286  57.598 0.0000000000
72891  33.056  -13.761  58.734 0.0000000000
72889  34.922  -13.275  58.619 0.0000000000
74297  35.155  -12.583  58.038 0.0000000000
72888  35.798  -12.903  58.731 0.0000000000
72887  36.323  -12.678  58.751 0.0000000000
62871  31.964  -21.214  70.327 0.0000000000
62789  31.103  -21.762  73.384 0.0000000000
88904  36.026  0.098  55.491 0.0000000000
86531  34.469  -2.399  54.775 0.0000000000
87731  34.525  -1.564  54.870 0.0000000000
59245  18.527  -25.301  76.157 0.0000000000
58077  18.015  -25.941  75.671 0.0000000000
53023  11.340  -30.245  79.482 0.0000000000
56818  10.470  -25.573  75.050 0.0000000000
56808  7.312  -26.235  75.874 0.0000000000
56797  7.876  -25.506  76.548 0.0000000000
56807  8.118  -25.880  75.735 0.0000000000
56820  8.730  -26.256  75.204 0.0000000000
55512  8.505  -27.297  75.157 0.0000000000
50880  7.111  -31.328  76.904 0.0000000000
51998  7.156  -30.600  76.142 0.0000000000
51987  7.988  -30.578  76.782 0.0000000000
51977  7.862  -31.326  77.757 0.0000000000
49612  6.959  -32.647  79.920 0.0000000000
48460  5.814  -33.884  79.746 0.0000000000
47385  5.767  -34.081  79.182 0.0000000000
48461  5.451  -34.229  80.088 0.0000000000
47386  5.405  -34.408  79.503 0.0000000000
49637  4.373  -32.633  77.286 0.0000000000
48479  4.807  -33.669  77.125 0.0000000000
46387  3.861  -34.840  77.838 0.0000000000
46362  4.857  -35.067  78.659 0.0000000000
45358  3.827  -35.998  78.377 0.0000000000
47374  1.895  -32.796  78.727 0.0000000000
46344  1.695  -34.254  78.484 0.0000000000
46367  1.124  -35.708  78.490 0.0000000000
65273  30.559  -19.666  70.120 0.0000000000
65256  31.233  -19.390  71.156 0.0000000000
64020  31.146  -20.598  69.444 0.0000000000
62896  28.931  -20.747  69.891 0.0000000000
62874  29.156  -21.213  70.396 0.0000000000
62897  28.420  -20.815  70.150 0.0000000000
65308  27.038  -19.503  68.224 0.0000000000
65307  27.838  -19.742  68.353 0.0000000000
63978  26.801  -21.060  70.652 0.0000000000
63977  27.617  -21.016  70.933 0.0000000000
63960  27.436  -21.380  71.548 0.0000000000
62793  27.374  -22.359  72.647 0.0000000000
62820  27.103  -21.884  71.878 0.0000000000
66596  22.443  -17.520  68.893 0.0000000000
66597  21.595  -17.589  69.204 0.0000000000
64029  22.002  -20.280  68.706 0.0000000000
64028  23.059  -20.442  68.827 0.0000000000
64003  22.437  -21.230  69.348 0.0000000000
62826  20.786  -22.982  71.744 0.0000000000
62825  21.749  -22.901  71.990 0.0000000000
62795  22.594  -23.186  73.012 0.0000000000
62824  22.866  -22.819  72.241 0.0000000000
62851  23.408  -22.386  71.015 0.0000000000
84092  37.386  -5.445  56.023 0.0000000000
76849  30.712  -9.872  62.721 0.0000000000
76850  29.528  -10.024  62.910 0.0000000000
75554  28.576  -11.682  63.135 0.0000000000
76867  29.130  -11.148  62.519 0.0000000000
75553  28.899  -12.000  62.588 0.0000000000
74236  29.613  -12.838  61.881 0.0000000000
74217  29.157  -12.830  62.637 0.0000000000
74084  28.096  -12.694  70.640 0.0000000000
75428  27.739  -11.687  70.975 0.0000000000
72718  27.613  -13.853  68.253 0.0000000000
74119  26.845  -12.988  68.246 0.0000000000
76768  26.933  -11.353  67.661 0.0000000000
74120  26.766  -12.766  67.464 0.0000000000
74138  30.013  -13.605  67.462 0.0000000000
74182  27.182  -12.697  65.544 0.0000000000
74195  28.181  -12.908  64.580 0.0000000000
72787  30.021  -13.582  64.260 0.0000000000
72796  30.350  -14.028  63.571 0.0000000000
71497  31.547  -14.232  64.323 0.0000000000
71496  32.188  -14.620  64.256 0.0000000000
72785  32.242  -13.894  64.803 0.0000000000
74175  34.141  -13.026  65.743 0.0000000000
62842  33.264  -20.975  71.321 0.0000000000
62813  33.556  -21.075  72.540 0.0000000000
63943  34.876  -20.649  73.226 0.0000000000
63958  34.626  -20.390  72.208 0.0000000000
63957  35.201  -20.050  72.510 0.0000000000
65239  35.817  -19.606  72.750 0.0000000000
144883  36.567  -19.105  72.818 0.0000000000
67715  37.704  -17.493  72.863 0.0000000000
90175  44.001  1.248  45.504 0.0000000000
90163  45.259  0.241  45.998 0.0000000000
88973  41.741  0.184  49.536 0.0000000000
87802  42.495  -1.036  47.395 0.0000000000
87801  43.025  -1.491  47.194 0.0000000000
86602  45.428  -2.398  48.514 0.0000000000
86610  44.956  -2.258  47.902 0.0000000000
87800  43.870  -1.621  47.148 0.0000000000
87799  45.188  -1.589  47.184 0.0000000000
85282  37.971  -4.983  53.663 0.0000000000
144901  33.475  -18.192  70.070 0.0000000000
144897  33.610  -18.213  69.868 0.0000000000
144895  33.559  -18.445  69.933 0.0000000000
87739  35.613  -1.715  53.646 0.0000000000
87738  36.120  -1.782  53.245 0.0000000000
86538  37.078  -2.834  52.628 0.0000000000
85321  37.860  -3.806  52.380 0.0000000000
44247  3.479  -37.576  79.316 0.0000000000
84052  33.509  -4.612  59.534 0.0000000000
82913  33.666  -5.684  59.819 0.0000000000
71579  31.796  -14.826  60.543 0.0000000000
70199  33.502  -15.662  62.148 0.0000000000
70181  34.092  -15.636  62.765 0.0000000000
55508  12.083  -28.246  75.175 0.0000000000
54256  11.816  -28.680  75.521 0.0000000000
54233  11.406  -29.220  76.064 0.0000000000
50872  3.723  -31.296  78.515 0.0000000000
67742  25.545  -16.625  69.975 0.0000000000
67755  25.705  -17.026  68.934 0.0000000000
67756  24.678  -16.866  69.229 0.0000000000
67775  23.838  -17.220  68.565 0.0000000000
61632  19.338  -23.516  73.247 0.0000000000
76735  27.616  -10.114  69.980 0.0000000000
72669  34.307  -13.384  70.721 0.0000000000
74082  33.266  -12.848  70.092 0.0000000000
74065  33.784  -12.725  70.667 0.0000000000
75552  32.202  -10.857  61.855 0.0000000000
76889  30.483  -11.045  61.498 0.0000000000
60504  16.564  -23.510  71.579 0.0000000000
60489  16.208  -24.149  71.950 0.0000000000
59304  15.720  -24.520  72.466 0.0000000000
60445  13.910  -22.982  74.511 0.0000000000
59258  13.532  -23.529  75.004 0.0000000000
59259  13.437  -24.310  74.481 0.0000000000
65245  16.918  -18.521  72.199 0.0000000000
65246  16.202  -19.654  71.536 0.0000000000
65261  16.505  -19.978  70.907 0.0000000000
62857  17.034  -21.575  70.416 0.0000000000
71428  29.950  -14.139  71.622 0.0000000000
70096  30.469  -14.439  71.848 0.0000000000
70136  31.082  -15.023  70.670 0.0000000000
70134  33.623  -16.437  68.752 0.0000000000
71438  34.786  -15.341  68.984 0.0000000000
71426  34.416  -14.686  69.066 0.0000000000
90096  39.726  0.421  52.371 0.0000000000
88965  40.180  -0.713  50.337 0.0000000000
86577  39.765  -2.314  50.631 0.0000000000
85299  39.981  -4.274  52.497 0.0000000000
85318  40.165  -3.822  51.922 0.0000000000
84137  42.323  -5.076  53.465 0.0000000000
85270  34.087  -3.235  55.340 0.0000000000
84111  34.292  -4.224  55.583 0.0000000000
82947  34.258  -5.711  56.380 0.0000000000
80705  33.983  -7.803  56.880 0.0000000000
80711  34.338  -7.292  56.692 0.0000000000
78281  35.834  -9.659  56.953 0.0000000000
76963  37.135  -10.264  57.648 0.0000000000
74295  36.960  -11.938  58.481 0.0000000000
78246  33.963  -9.405  59.695 0.0000000000
78247  33.398  -9.437  58.943 0.0000000000
75641  32.665  -11.335  57.916 0.0000000000
71592  34.236  -14.324  59.534 0.0000000000
72879  34.228  -13.958  59.087 0.0000000000
71591  35.141  -14.071  59.843 0.0000000000
72859  35.883  -13.879  60.002 0.0000000000
72858  36.458  -13.771  60.068 0.0000000000
71574  36.982  -14.299  60.631 0.0000000000
62845  30.450  -21.847  71.275 0.0000000000
61669  30.996  -21.972  71.719 0.0000000000
62790  30.081  -21.676  73.368 0.0000000000
87689  34.672  -1.267  58.826 0.0000000000
87698  34.756  -0.983  57.804 0.0000000000
87707  34.545  -1.080  56.435 0.0000000000
86519  33.933  -2.405  55.635 0.0000000000
56814  17.280  -26.633  75.152 0.0000000000
56802  17.908  -26.776  76.213 0.0000000000
55489  17.266  -27.438  75.954 0.0000000000
53008  10.186  -30.620  80.354 0.0000000000
51942  9.592  -30.923  80.374 0.0000000000
56798  7.021  -25.880  77.005 0.0000000000
55513  7.577  -27.311  75.390 0.0000000000
51999  6.099  -30.711  75.933 0.0000000000
50871  7.468  -31.640  77.708 0.0000000000
49627  6.992  -32.256  78.043 0.0000000000
49622  6.527  -33.231  79.581 0.0000000000
48471  5.701  -34.096  78.370 0.0000000000
48480  3.984  -33.587  77.496 0.0000000000
47417  3.660  -34.275  77.722 0.0000000000
46326  1.038  -34.090  78.421 0.0000000000
65274  29.786  -19.520  70.097 0.0000000000
65287  29.521  -19.836  69.438 0.0000000000
64021  30.163  -20.469  69.459 0.0000000000
65305  29.041  -19.930  69.002 0.0000000000
64044  28.668  -20.264  68.987 0.0000000000
64048  25.919  -20.090  68.130 0.0000000000
64047  26.373  -20.125  68.348 0.0000000000
63979  26.112  -21.342  70.401 0.0000000000
63962  26.345  -21.559  70.996 0.0000000000
62821  26.267  -22.200  71.622 0.0000000000
65294  20.737  -18.689  68.920 0.0000000000
61630  21.751  -23.401  73.672 0.0000000000
81795  37.812  -6.719  57.224 0.0000000000
82933  38.226  -5.960  57.015 0.0000000000
80700  39.348  -7.513  57.410 0.0000000000
78164  28.875  -9.338  65.028 0.0000000000
78180  29.126  -9.482  63.936 0.0000000000
78181  28.625  -10.058  63.984 0.0000000000
76851  28.559  -10.690  63.552 0.0000000000
74085  27.676  -12.878  69.863 0.0000000000
72705  28.087  -13.740  69.301 0.0000000000
72729  28.465  -14.131  67.441 0.0000000000
75500  30.964  -12.030  67.166 0.0000000000
74194  29.313  -13.267  64.557 0.0000000000
74192  31.109  -12.982  65.176 0.0000000000
72769  31.594  -12.888  65.305 0.0000000000
72768  32.280  -13.095  65.223 0.0000000000
74176  33.207  -12.586  65.741 0.0000000000
62787  33.116  -21.429  73.486 0.0000000000
62785  34.817  -20.972  74.074 0.0000000000
90176  43.343  1.736  45.710 0.0000000000
87793  41.525  -1.438  48.750 0.0000000000
86605  42.494  -2.250  48.449 0.0000000000
86589  45.827  -2.629  49.366 0.0000000000
87790  46.048  -1.939  47.955 0.0000000000
86601  46.416  -2.288  48.717 0.0000000000
63964  15.107  -21.088  72.317 0.0000000000
65229  16.409  -18.395  73.313 0.0000000000
85263  40.789  -5.115  55.566 0.0000000000
85252  39.511  -5.040  55.727 0.0000000000
144910  33.002  -15.770  71.353 0.0000000000
67771  33.240  -16.380  70.217 0.0000000000
144890  36.059  -18.310  70.909 0.0000000000
90063  37.809  0.559  54.524 0.0000000000
88931  37.269  -0.461  52.888 0.0000000000
90098  37.929  -0.253  52.490 0.0000000000
88942  38.350  -0.788  52.041 0.0000000000
88957  38.711  -1.267  51.518 0.0000000000
87758  38.734  -1.844  51.445 0.0000000000
86548  38.730  -3.020  51.669 0.0000000000
85280  39.951  -4.830  53.331 0.0000000000
45307  4.573  -35.870  80.769 0.0000000000
86493  33.182  -2.857  57.869 0.0000000000
85241  33.041  -3.715  57.316 0.0000000000
81798  33.103  -6.424  57.408 0.0000000000
80706  33.491  -7.271  57.098 0.0000000000
76977  34.297  -9.477  56.948 0.0000000000
71593  33.184  -14.544  59.538 0.0000000000
70213  35.348  -15.212  61.537 0.0000000000
70196  36.055  -15.376  62.026 0.0000000000
71507  36.303  -15.362  63.497 0.0000000000
62792  28.165  -22.028  72.964 0.0000000000
54271  15.161  -27.737  74.791 0.0000000000
54252  15.283  -28.031  75.208 0.0000000000
54230  14.418  -28.951  76.517 0.0000000000
54212  14.024  -29.649  77.775 0.0000000000
53072  11.483  -30.012  77.619 0.0000000000
53075  9.183  -30.360  77.258 0.0000000000
53078  5.290  -29.130  77.174 0.0000000000
52000  5.432  -30.767  76.355 0.0000000000
49643  5.448  -32.146  76.858 0.0000000000
49644  4.960  -32.371  76.962 0.0000000000
49629  3.725  -32.181  78.026 0.0000000000
49630  3.311  -32.589  78.447 0.0000000000
48462  2.900  -32.614  78.856 0.0000000000
66554  28.391  -17.970  70.970 0.0000000000
66594  27.768  -18.320  69.138 0.0000000000
66613  26.889  -18.450  68.367 0.0000000000
66614  25.978  -18.464  67.859 0.0000000000
67773  25.780  -17.676  68.151 0.0000000000
61631  20.032  -23.465  73.396 0.0000000000
62774  20.422  -23.472  73.417 0.0000000000
76960  39.727  -10.079  57.586 0.0000000000
78128  27.844  -9.785  66.813 0.0000000000
76784  27.449  -10.460  66.319 0.0000000000
74117  31.317  -13.672  68.245 0.0000000000
74118  30.746  -13.706  68.044 0.0000000000
75456  31.506  -12.750  68.277 0.0000000000
75478  31.618  -11.910  67.841 0.0000000000
75477  32.547  -11.169  68.060 0.0000000000
85351  43.465  -3.625  50.633 0.0000000000
44260  1.977  -37.274  78.185 0.0000000000
79457  34.533  -8.564  59.815 0.0000000000
74259  31.555  -12.573  60.028 0.0000000000
74260  31.169  -12.984  60.284 0.0000000000
72861  30.737  -13.828  60.906 0.0000000000
60462  18.494  -24.557  75.010 0.0000000000
58133  16.951  -25.503  73.234 0.0000000000
56832  17.176  -26.204  74.484 0.0000000000
56833  16.511  -26.615  74.074 0.0000000000
55529  15.778  -27.188  74.385 0.0000000000
61655  14.800  -22.685  72.622 0.0000000000
60475  14.728  -23.354  72.991 0.0000000000
56834  15.407  -26.849  73.831 0.0000000000
55530  15.044  -27.387  74.354 0.0000000000
55532  13.277  -27.391  74.599 0.0000000000
67734  22.690  -16.599  71.463 0.0000000000
67746  21.955  -16.818  70.605 0.0000000000
66579  21.453  -16.986  70.504 0.0000000000
66580  20.490  -17.284  70.611 0.0000000000
65295  20.061  -18.594  69.368 0.0000000000
64032  19.736  -19.173  69.314 0.0000000000
66562  18.723  -17.479  71.782 0.0000000000
65244  17.616  -17.951  72.149 0.0000000000
61670  17.936  -22.763  70.927 0.0000000000
61653  18.650  -23.266  71.890 0.0000000000
75398  28.611  -11.298  72.530 0.0000000000
74050  28.809  -12.218  72.588 0.0000000000
72688  29.049  -13.356  70.763 0.0000000000
72687  29.489  -13.613  71.456 0.0000000000
71429  29.588  -13.861  70.883 0.0000000000
71442  29.416  -13.922  70.397 0.0000000000
72703  29.688  -14.488  69.564 0.0000000000
72715  30.959  -14.643  68.276 0.0000000000
72714  31.794  -14.851  68.190 0.0000000000
72702  31.607  -14.092  68.334 0.0000000000
72686  32.737  -13.597  68.929 0.0000000000
72685  33.374  -13.624  69.410 0.0000000000
72684  34.233  -13.996  69.758 0.0000000000
88975  40.559  -1.042  49.715 0.0000000000
87777  41.121  -1.577  49.258 0.0000000000
85366  42.097  -3.254  50.197 0.0000000000
86561  40.132  -3.203  50.916 0.0000000000
85354  40.912  -3.372  50.855 0.0000000000
85353  41.519  -3.322  50.550 0.0000000000
85352  42.474  -3.554  50.706 0.0000000000
85284  35.990  -4.245  54.425 0.0000000000
85267  36.845  -4.991  55.088 0.0000000000
85268  36.186  -4.644  55.005 0.0000000000
84109  36.154  -4.862  55.487 0.0000000000
84093  36.522  -5.385  55.982 0.0000000000
82935  36.727  -6.328  56.757 0.0000000000
80702  37.436  -7.590  57.210 0.0000000000
79491  37.947  -8.450  57.185 0.0000000000
80710  35.161  -7.439  56.779 0.0000000000
80704  35.911  -7.529  57.073 0.0000000000
78278  38.465  -9.295  57.347 0.0000000000
76961  38.925  -10.096  57.556 0.0000000000
75610  39.222  -11.491  58.920 0.0000000000
75624  38.086  -11.194  58.287 0.0000000000
75623  38.730  -11.178  58.364 0.0000000000
76966  34.112  -10.100  57.098 0.0000000000
75638  34.791  -11.138  57.321 0.0000000000
75627  32.898  -12.070  57.885 0.0000000000
74308  33.134  -12.142  57.758 0.0000000000
72890  34.004  -13.669  58.608 0.0000000000
74307  33.603  -12.137  57.620 0.0000000000
74306  34.477  -12.021  57.562 0.0000000000
74296  36.104  -12.201  58.182 0.0000000000
74280  36.696  -12.484  58.771 0.0000000000
74279  37.395  -12.444  59.125 0.0000000000
72875  37.402  -12.910  59.696 0.0000000000
64019  31.890  -20.400  69.328 0.0000000000
63995  32.418  -20.491  69.708 0.0000000000
62843  32.315  -21.507  71.257 0.0000000000
61647  31.371  -21.924  72.035 0.0000000000
62815  31.582  -21.874  72.200 0.0000000000
87717  34.741  -0.987  55.294 0.0000000000
87730  35.065  -1.420  54.217 0.0000000000
85304  35.762  -3.463  54.005 0.0000000000
56817  11.313  -25.160  75.182 0.0000000000
55536  9.981  -26.579  74.774 0.0000000000
58098  9.112  -25.457  75.532 0.0000000000
54260  8.272  -28.119  75.259 0.0000000000
54214  5.706  -27.907  76.872 0.0000000000
53076  8.597  -30.577  77.232 0.0000000000
50843  8.384  -31.706  80.061 0.0000000000
47371  5.178  -34.651  80.492 0.0000000000
48478  5.588  -33.786  77.624 0.0000000000
47431  4.863  -34.155  77.194 0.0000000000
47415  5.160  -34.427  77.672 0.0000000000
47399  5.335  -34.518  78.477 0.0000000000
46341  4.997  -34.924  79.340 0.0000000000
46323  4.798  -35.296  80.273 0.0000000000
45341  3.856  -36.643  78.869 0.0000000000
44259  2.804  -37.405  78.348 0.0000000000
48450  2.491  -32.289  79.054 0.0000000000
47387  2.295  -33.575  78.446 0.0000000000
46324  1.625  -33.447  78.486 0.0000000000
72658  29.683  -13.254  73.445 0.0000000000
62873  30.016  -21.448  70.319 0.0000000000
66611  28.214  -19.409  68.607 0.0000000000
64045  28.022  -20.344  68.688 0.0000000000
64024  27.342  -20.643  69.203 0.0000000000
63976  28.183  -20.970  70.680 0.0000000000
62847  28.376  -21.286  71.158 0.0000000000
67758  22.626  -16.960  69.689 0.0000000000
67776  23.051  -17.162  68.904 0.0000000000
66617  22.971  -17.846  68.261 0.0000000000
65293  21.707  -18.984  68.479 0.0000000000
65313  22.521  -18.667  68.239 0.0000000000
62876  23.810  -21.962  70.127 0.0000000000
62879  20.882  -21.960  69.687 0.0000000000
62878  21.891  -22.065  69.937 0.0000000000
62877  22.884  -21.967  70.138 0.0000000000
84091  38.058  -5.326  55.952 0.0000000000
84077  38.538  -5.410  56.488 0.0000000000
82932  39.241  -5.690  57.294 0.0000000000
78276  40.408  -9.452  57.439 0.0000000000
76891  29.370  -11.447  62.081 0.0000000000
76890  29.689  -11.310  61.792 0.0000000000
72832  29.945  -13.437  62.018 0.0000000000
71533  30.714  -14.400  62.495 0.0000000000
75416  28.079  -11.230  71.600 0.0000000000
76718  27.550  -11.194  70.425 0.0000000000
76736  27.434  -10.801  69.740 0.0000000000
75441  27.096  -11.949  69.430 0.0000000000
76751  27.118  -10.954  68.494 0.0000000000
76785  26.976  -11.174  66.805 0.0000000000
76806  27.068  -11.159  65.932 0.0000000000
74139  29.195  -14.013  67.240 0.0000000000
72747  28.114  -13.867  66.770 0.0000000000
74164  28.118  -13.687  66.320 0.0000000000
72748  27.548  -13.528  66.448 0.0000000000
74165  26.858  -12.525  66.079 0.0000000000
75511  26.943  -11.913  65.645 0.0000000000
76829  27.318  -11.361  65.276 0.0000000000
75524  27.680  -12.135  64.529 0.0000000000
72788  29.463  -13.399  63.925 0.0000000000
71513  30.591  -14.279  63.036 0.0000000000
71495  33.080  -15.023  64.194 0.0000000000
72783  33.787  -14.542  64.644 0.0000000000
72766  34.114  -13.804  65.129 0.0000000000
72765  35.216  -13.770  65.346 0.0000000000
63975  33.846  -20.347  71.009 0.0000000000
63944  34.222  -20.772  72.676 0.0000000000
63974  34.461  -20.062  71.349 0.0000000000
65255  34.890  -19.742  71.388 0.0000000000
65254  35.404  -19.495  71.624 0.0000000000
144888  36.000  -18.949  71.778 0.0000000000
63928  35.448  -20.758  74.154 0.0000000000
68890  37.125  -16.600  71.711 0.0000000000
90143  42.168  0.704  48.348 0.0000000000
89006  42.703  -0.349  46.815 0.0000000000
86604  43.553  -2.609  48.366 0.0000000000
86590  44.873  -2.914  49.322 0.0000000000
86612  43.266  -2.051  47.709 0.0000000000
87809  43.356  -1.031  46.755 0.0000000000
89005  43.645  -0.306  46.318 0.0000000000
89004  44.627  -0.393  46.270 0.0000000000
89003  45.543  -0.571  46.505 0.0000000000
46343  2.051  -34.250  78.488 0.0000000000
46388  3.514  -34.696  77.907 0.0000000000
47372  5.020  -35.168  80.881 0.0000000000
47430  5.021  -34.308  77.332 0.0000000000
48486  5.244  -34.158  77.438 0.0000000000
50870  7.910  -31.556  78.191 0.0000000000
50891  5.558  -31.432  76.516 0.0000000000
50899  6.112  -31.194  76.158 0.0000000000
50900  5.905  -31.293  76.250 0.0000000000
52008  6.082  -31.066  76.036 0.0000000000
54215  5.388  -28.255  77.226 0.0000000000
55535  10.414  -26.885  74.599 0.0000000000
56840  10.290  -26.242  74.779 0.0000000000
56855  14.988  -26.462  73.482 0.0000000000
58095  12.378  -25.069  74.832 0.0000000000
58096  10.656  -25.037  75.624 0.0000000000
58099  8.583  -25.670  75.583 0.0000000000
58114  17.259  -25.786  73.887 0.0000000000
61648  31.146  -21.981  72.021 0.0000000000
61668  31.289  -21.922  71.821 0.0000000000
62829  15.398  -21.343  71.763 0.0000000000
62848  27.782  -21.218  71.465 0.0000000000
63946  14.808  -20.918  72.777 0.0000000000
63997  28.116  -20.838  70.234 0.0000000000
64025  26.463  -20.679  68.971 0.0000000000
65289  25.541  -19.941  67.919 0.0000000000
66556  26.938  -16.640  71.690 0.0000000000
66577  27.240  -17.295  69.672 0.0000000000
66578  21.996  -16.757  70.887 0.0000000000
67729  27.197  -16.935  70.338 0.0000000000
67745  22.508  -16.680  70.819 0.0000000000
67754  26.492  -17.553  68.694 0.0000000000
70200  32.838  -15.614  61.920 0.0000000000
70212  35.870  -15.143  61.474 0.0000000000
70214  34.630  -15.335  61.532 0.0000000000
70229  33.517  -15.338  60.811 0.0000000000
70230  33.343  -15.441  60.990 0.0000000000
71530  32.976  -15.634  62.407 0.0000000000
71554  34.788  -15.066  61.004 0.0000000000
71590  35.616  -13.934  59.960 0.0000000000
71602  34.001  -14.029  59.052 0.0000000000
72730  27.610  -13.772  67.249 0.0000000000
72731  26.997  -13.325  66.965 0.0000000000
72749  26.969  -13.092  66.331 0.0000000000
72770  27.281  -13.187  65.947 0.0000000000
72771  26.999  -12.912  65.944 0.0000000000
72795  31.022  -14.193  64.086 0.0000000000
72809  30.240  -13.932  62.567 0.0000000000
74140  26.776  -12.603  66.734 0.0000000000
74196  27.607  -12.637  65.027 0.0000000000
74205  29.051  -13.092  63.508 0.0000000000
74235  30.045  -13.024  61.477 0.0000000000
74282  31.466  -13.511  60.027 0.0000000000
75427  33.031  -12.228  69.824 0.0000000000
75459  26.795  -12.107  67.915 0.0000000000
75480  26.739  -11.952  67.177 0.0000000000
76752  26.913  -11.598  68.187 0.0000000000
76951  32.627  -10.942  58.107 0.0000000000
78293  34.473  -9.037  56.804 0.0000000000
81796  36.926  -6.789  57.093 0.0000000000
81797  36.286  -6.988  57.129 0.0000000000
82934  37.281  -6.080  56.638 0.0000000000
84124  35.792  -4.465  55.034 0.0000000000
85225  33.784  -3.244  59.046 0.0000000000
86511  33.788  -2.296  55.986 0.0000000000
86512  33.622  -2.548  56.161 0.0000000000
86520  33.790  -2.827  55.717 0.0000000000
87700  33.657  -2.210  56.562 0.0000000000
87708  33.862  -1.983  56.198 0.0000000000
144903  33.560  -17.955  69.962 0.0000000000
