#!ascii label  , from subject A00074000 vox2ras=TkReg
746
112295  37.671  21.329  47.794 0.0000000000
110609  40.296  18.600  39.945 0.0000000000
115007  47.653  24.171  32.838 0.0000000000
105764  43.521  14.594  30.908 0.0000000000
107764  37.358  16.294  44.346 0.0000000000
112356  49.062  21.402  39.950 0.0000000000
108809  41.527  17.522  33.162 0.0000000000
112447  36.828  20.732  34.195 0.0000000000
110587  45.515  18.988  42.901 0.0000000000
110579  41.085  18.728  43.864 0.0000000000
104665  39.943  13.623  41.284 0.0000000000
114998  42.869  24.471  34.161 0.0000000000
112462  39.290  21.418  30.645 0.0000000000
112410  43.177  21.539  36.130 0.0000000000
111566  41.210  19.548  29.599 0.0000000000
113315  38.836  22.683  35.536 0.0000000000
113227  41.686  21.872  45.097 0.0000000000
112333  39.373  21.013  44.606 0.0000000000
105650  39.008  14.291  43.535 0.0000000000
114966  47.375  24.367  36.113 0.0000000000
115850  44.842  25.661  36.185 0.0000000000
115010  44.178  24.458  32.988 0.0000000000
114187  40.373  23.891  32.018 0.0000000000
115044  42.513  24.837  29.931 0.0000000000
110606  43.394  19.150  40.930 0.0000000000
111491  45.225  20.141  39.400 0.0000000000
111508  41.872  20.614  38.469 0.0000000000
107873  43.492  16.834  31.151 0.0000000000
109742  40.599  18.442  31.802 0.0000000000
107890  41.852  16.040  29.268 0.0000000000
106872  40.487  15.956  29.770 0.0000000000
104788  41.571  13.492  31.130 0.0000000000
103699  40.274  12.314  35.057 0.0000000000
110537  35.178  19.857  47.136 0.0000000000
110550  36.503  19.209  45.243 0.0000000000
113303  48.682  22.308  36.594 0.0000000000
107798  40.438  16.246  37.849 0.0000000000
109719  39.778  18.586  36.439 0.0000000000
107829  42.896  16.747  35.504 0.0000000000
107851  44.919  17.224  32.837 0.0000000000
112325  47.465  21.160  44.909 0.0000000000
112328  44.707  21.203  45.160 0.0000000000
109659  43.657  18.665  43.427 0.0000000000
108733  41.772  17.105  42.163 0.0000000000
109664  38.977  17.829  43.875 0.0000000000
107769  39.985  16.158  42.985 0.0000000000
107786  39.522  16.369  40.042 0.0000000000
105673  41.693  14.221  39.021 0.0000000000
110524  33.273  19.668  49.439 0.0000000000
115852  42.485  26.095  36.330 0.0000000000
114149  41.048  23.935  35.822 0.0000000000
114179  39.467  23.240  33.483 0.0000000000
113343  38.578  22.085  32.588 0.0000000000
108811  38.743  17.561  32.924 0.0000000000
110584  48.404  19.698  41.873 0.0000000000
112370  47.328  21.000  37.904 0.0000000000
113313  45.971  22.283  34.328 0.0000000000
111531  40.774  20.362  35.328 0.0000000000
112445  41.974  21.082  32.763 0.0000000000
113350  43.975  22.578  30.702 0.0000000000
111574  40.596  20.714  28.965 0.0000000000
108823  39.479  17.386  31.016 0.0000000000
113307  38.357  22.393  36.340 0.0000000000
114151  39.695  23.320  36.726 0.0000000000
113207  39.768  21.810  46.669 0.0000000000
112304  38.662  21.484  46.417 0.0000000000
114994  47.346  24.573  33.546 0.0000000000
114995  46.189  25.185  33.872 0.0000000000
115009  45.260  24.623  32.866 0.0000000000
115020  44.268  24.695  31.931 0.0000000000
115030  45.054  24.488  30.974 0.0000000000
110607  42.215  19.053  40.493 0.0000000000
111493  42.738  20.146  39.779 0.0000000000
110617  41.298  19.699  39.314 0.0000000000
106869  44.002  15.774  30.401 0.0000000000
107882  42.335  16.447  29.963 0.0000000000
105773  42.464  14.700  29.968 0.0000000000
105780  41.791  14.796  29.626 0.0000000000
104787  42.467  13.802  31.202 0.0000000000
104771  41.707  13.088  33.051 0.0000000000
104770  42.734  13.554  33.349 0.0000000000
109640  34.944  18.883  46.380 0.0000000000
113284  48.459  22.493  38.333 0.0000000000
112386  48.832  21.804  37.832 0.0000000000
106802  42.360  15.801  37.216 0.0000000000
107818  41.296  16.665  36.743 0.0000000000
106815  43.138  16.042  36.497 0.0000000000
107838  45.933  17.539  33.385 0.0000000000
108817  47.022  17.636  31.547 0.0000000000
107871  46.046  16.806  30.965 0.0000000000
111455  41.969  20.216  44.437 0.0000000000
111454  43.025  20.506  44.507 0.0000000000
110578  42.098  19.025  43.805 0.0000000000
109670  42.857  17.670  42.675 0.0000000000
108722  42.104  17.182  43.382 0.0000000000
109656  36.656  18.233  44.857 0.0000000000
110565  37.818  19.015  44.423 0.0000000000
108718  37.771  17.241  44.131 0.0000000000
105655  39.359  14.246  42.728 0.0000000000
106761  39.413  15.201  43.246 0.0000000000
106766  39.663  15.181  42.429 0.0000000000
107777  39.827  16.369  41.249 0.0000000000
106779  39.507  15.453  40.446 0.0000000000
106786  39.672  15.464  39.289 0.0000000000
105664  40.132  13.954  40.195 0.0000000000
104697  43.903  13.761  39.306 0.0000000000
115862  44.098  25.656  35.539 0.0000000000
115851  43.517  26.042  36.497 0.0000000000
115863  43.070  25.537  35.701 0.0000000000
115864  42.149  25.272  35.859 0.0000000000
114988  41.726  24.404  35.384 0.0000000000
114156  41.101  23.659  34.805 0.0000000000
114165  41.140  23.578  33.708 0.0000000000
113352  39.523  22.513  31.018 0.0000000000
114199  39.108  22.867  31.980 0.0000000000
113353  38.980  22.060  31.602 0.0000000000
110678  38.237  19.810  32.170 0.0000000000
110685  38.669  19.626  31.342 0.0000000000
111467  47.082  19.962  43.832 0.0000000000
111466  47.931  20.151  43.610 0.0000000000
110585  47.444  19.461  42.187 0.0000000000
112373  44.001  20.983  37.893 0.0000000000
111505  45.686  20.555  38.623 0.0000000000
112390  45.730  21.366  37.116 0.0000000000
112407  46.397  21.736  36.342 0.0000000000
112422  44.998  21.807  35.151 0.0000000000
108785  40.558  17.717  35.433 0.0000000000
110656  39.961  19.095  35.688 0.0000000000
109726  40.252  18.636  34.651 0.0000000000
109749  40.804  18.399  30.521 0.0000000000
111552  40.827  19.920  31.645 0.0000000000
111558  41.394  20.440  30.967 0.0000000000
112452  42.718  21.605  32.106 0.0000000000
112460  41.996  20.976  30.460 0.0000000000
112474  42.342  21.699  29.643 0.0000000000
110690  41.298  20.098  28.801 0.0000000000
105767  40.214  14.565  31.074 0.0000000000
107875  39.856  16.488  30.675 0.0000000000
105756  39.447  14.355  32.012 0.0000000000
106854  39.140  15.460  32.211 0.0000000000
112348  48.391  21.413  41.920 0.0000000000
113317  37.501  21.832  35.642 0.0000000000
113327  37.562  21.882  34.927 0.0000000000
113204  42.217  22.561  46.616 0.0000000000
113205  41.223  22.454  46.459 0.0000000000
112317  40.555  21.591  45.330 0.0000000000
111457  39.926  20.268  44.290 0.0000000000
106762  38.725  15.296  43.796 0.0000000000
114976  45.876  25.216  35.932 0.0000000000
115871  45.407  25.342  34.611 0.0000000000
114997  43.900  24.723  33.999 0.0000000000
114164  42.186  23.773  33.386 0.0000000000
115021  43.220  24.736  32.120 0.0000000000
114196  41.833  24.421  30.702 0.0000000000
114207  40.967  23.570  30.276 0.0000000000
110594  45.293  18.725  41.919 0.0000000000
110604  45.666  19.276  40.884 0.0000000000
111484  43.749  19.683  40.338 0.0000000000
111507  43.350  20.724  38.776 0.0000000000
112393  42.381  21.250  37.076 0.0000000000
108832  43.110  17.385  31.988 0.0000000000
108810  40.873  17.856  32.527 0.0000000000
108833  42.395  17.233  31.286 0.0000000000
108842  41.518  17.147  29.858 0.0000000000
108843  40.909  17.595  29.505 0.0000000000
109765  40.558  18.487  29.383 0.0000000000
107892  40.978  16.351  29.205 0.0000000000
105775  40.952  14.639  30.306 0.0000000000
103740  40.434  12.917  31.467 0.0000000000
103715  41.103  12.618  34.436 0.0000000000
111429  36.755  20.646  47.597 0.0000000000
111435  37.422  20.776  46.193 0.0000000000
110543  36.107  19.848  45.952 0.0000000000
109645  36.011  18.320  45.393 0.0000000000
107757  36.180  16.631  45.177 0.0000000000
114128  47.628  23.397  38.008 0.0000000000
114139  47.845  23.753  36.629 0.0000000000
114155  48.148  23.435  34.125 0.0000000000
108760  39.620  17.254  38.644 0.0000000000
110630  39.685  18.881  38.258 0.0000000000
108767  39.987  17.297  37.579 0.0000000000
108784  41.655  17.049  35.693 0.0000000000
108795  42.557  17.046  34.797 0.0000000000
107827  44.509  16.859  34.999 0.0000000000
107840  43.824  16.957  34.454 0.0000000000
108819  43.190  17.416  32.981 0.0000000000
107861  44.845  17.005  31.818 0.0000000000
106861  45.374  16.172  30.782 0.0000000000
105754  44.857  14.875  31.530 0.0000000000
105747  44.104  14.197  32.855 0.0000000000
112326  46.673  21.062  45.062 0.0000000000
111469  45.310  19.986  43.929 0.0000000000
112329  43.498  21.582  44.989 0.0000000000
110558  44.444  19.906  44.006 0.0000000000
110575  44.723  19.227  43.641 0.0000000000
109669  43.525  18.290  42.881 0.0000000000
109675  42.490  17.753  41.825 0.0000000000
109677  40.914  17.753  41.124 0.0000000000
111443  37.776  20.622  45.262 0.0000000000
111458  38.976  20.173  44.487 0.0000000000
110580  40.255  18.645  44.023 0.0000000000
107770  39.235  16.233  43.544 0.0000000000
108724  39.874  17.115  43.473 0.0000000000
109662  40.576  17.863  43.748 0.0000000000
108730  41.101  16.876  42.486 0.0000000000
108734  40.831  17.205  41.719 0.0000000000
109688  39.813  17.812  39.952 0.0000000000
107792  39.525  16.450  39.050 0.0000000000
106794  40.485  15.601  38.322 0.0000000000
106792  42.336  15.361  37.807 0.0000000000
104699  42.211  13.818  39.609 0.0000000000
105672  42.761  14.163  39.003 0.0000000000
111425  35.628  20.456  48.744 0.0000000000
110532  34.106  19.551  48.286 0.0000000000
109629  32.061  18.389  49.062 0.0000000000
115841  43.676  26.206  37.306 0.0000000000
116683  41.751  26.744  36.604 0.0000000000
114150  40.340  23.609  36.263 0.0000000000
114167  39.271  23.010  34.631 0.0000000000
113335  38.374  22.321  33.554 0.0000000000
114178  40.246  23.640  33.031 0.0000000000
114189  38.981  22.835  32.978 0.0000000000
113344  38.032  21.726  33.376 0.0000000000
111479  48.954  20.341  40.245 0.0000000000
110603  46.783  19.524  40.700 0.0000000000
111480  48.099  19.936  39.875 0.0000000000
111502  48.783  20.750  38.571 0.0000000000
112388  47.874  21.429  37.266 0.0000000000
113305  47.581  22.344  35.537 0.0000000000
113321  46.867  23.151  33.269 0.0000000000
110637  40.261  19.971  37.069 0.0000000000
111524  40.929  20.543  36.511 0.0000000000
112411  42.264  21.303  35.920 0.0000000000
110663  40.282  19.427  33.728 0.0000000000
111537  41.378  20.720  34.587 0.0000000000
112424  42.943  21.583  35.142 0.0000000000
113324  43.817  21.936  33.644 0.0000000000
113333  44.733  22.442  32.555 0.0000000000
113339  45.454  23.324  31.102 0.0000000000
113357  43.914  23.190  30.040 0.0000000000
113365  41.512  22.183  29.460 0.0000000000
112469  40.089  21.383  29.757 0.0000000000
109766  39.773  18.435  29.749 0.0000000000
109759  39.004  18.816  30.957 0.0000000000
108824  39.216  17.520  31.994 0.0000000000
103700  39.465  12.005  34.664 0.0000000000
114142  39.386  23.611  37.508 0.0000000000
114141  40.169  24.014  37.171 0.0000000000
112294  38.591  21.518  47.397 0.0000000000
112305  37.884  21.308  46.784 0.0000000000
115008  46.470  24.397  32.610 0.0000000000
115019  45.209  24.546  31.852 0.0000000000
115018  45.737  24.137  31.708 0.0000000000
110608  40.871  18.879  40.141 0.0000000000
110618  40.074  18.976  39.300 0.0000000000
105772  43.688  15.362  30.379 0.0000000000
106870  43.046  15.649  30.116 0.0000000000
105765  42.631  14.232  30.585 0.0000000000
104778  42.518  13.578  32.254 0.0000000000
104786  43.183  14.030  31.724 0.0000000000
112352  48.419  21.648  40.895 0.0000000000
112357  48.293  21.954  40.037 0.0000000000
113267  48.605  22.038  39.306 0.0000000000
112367  49.045  21.516  38.745 0.0000000000
106816  42.590  16.130  36.665 0.0000000000
108804  47.380  17.187  32.442 0.0000000000
108816  47.335  17.197  31.956 0.0000000000
107869  47.295  17.020  31.036 0.0000000000
111547  36.829  20.396  34.123 0.0000000000
111471  41.424  19.588  44.038 0.0000000000
110561  42.184  19.609  44.176 0.0000000000
109660  42.653  17.988  43.306 0.0000000000
109661  41.624  17.882  43.652 0.0000000000
108719  36.877  17.201  44.639 0.0000000000
109655  37.425  18.125  44.415 0.0000000000
105657  39.587  14.297  41.802 0.0000000000
106770  39.620  15.279  41.478 0.0000000000
105665  39.713  14.409  40.634 0.0000000000
105675  39.634  14.871  39.915 0.0000000000
114986  43.528  25.088  34.895 0.0000000000
114987  42.567  24.790  35.093 0.0000000000
114999  41.982  23.995  34.460 0.0000000000
111553  38.394  20.365  31.751 0.0000000000
111560  38.853  20.457  30.888 0.0000000000
110573  46.315  19.584  43.248 0.0000000000
110572  47.273  19.612  43.062 0.0000000000
110586  46.394  19.286  42.475 0.0000000000
112392  43.543  21.349  37.063 0.0000000000
112372  45.108  20.928  37.869 0.0000000000
112391  44.631  21.324  37.070 0.0000000000
112408  45.333  21.607  36.214 0.0000000000
112409  44.236  21.580  36.165 0.0000000000
108796  41.534  17.390  34.451 0.0000000000
108797  40.802  17.905  33.912 0.0000000000
110684  41.025  19.069  29.898 0.0000000000
111559  41.142  19.694  30.413 0.0000000000
111565  41.433  20.216  29.630 0.0000000000
104789  39.872  13.650  31.548 0.0000000000
104780  39.341  13.434  32.221 0.0000000000
113306  39.104  22.847  36.466 0.0000000000
113316  38.082  22.310  35.378 0.0000000000
113194  41.510  22.491  47.442 0.0000000000
113195  40.623  22.341  47.300 0.0000000000
112303  39.519  21.653  46.103 0.0000000000
112302  40.126  21.734  45.764 0.0000000000
112318  39.741  21.560  45.223 0.0000000000
112332  40.292  21.122  44.668 0.0000000000
114967  46.776  24.503  36.688 0.0000000000
114958  46.200  24.535  37.204 0.0000000000
115870  45.877  25.316  34.626 0.0000000000
114996  44.961  24.976  33.856 0.0000000000
115872  44.527  25.282  34.731 0.0000000000
115011  43.117  24.346  33.149 0.0000000000
115032  43.303  25.254  30.899 0.0000000000
114195  42.396  25.078  30.874 0.0000000000
115033  42.438  25.098  30.536 0.0000000000
114206  41.883  23.809  29.909 0.0000000000
110595  43.978  18.650  41.640 0.0000000000
110605  44.488  19.187  40.993 0.0000000000
111494  41.957  20.118  39.364 0.0000000000
112374  42.998  21.107  37.905 0.0000000000
107874  42.562  16.865  30.669 0.0000000000
107883  41.572  16.763  29.578 0.0000000000
108835  41.068  17.760  30.122 0.0000000000
108849  41.229  17.005  29.416 0.0000000000
108850  40.963  17.013  29.230 0.0000000000
107900  41.347  16.107  29.198 0.0000000000
104794  41.496  13.897  30.654 0.0000000000
105774  41.511  14.474  30.052 0.0000000000
104795  41.054  13.969  30.696 0.0000000000
103746  40.731  13.599  31.046 0.0000000000
103744  41.035  13.249  31.137 0.0000000000
103739  40.942  12.860  31.612 0.0000000000
104755  42.110  12.999  34.245 0.0000000000
104756  41.461  12.783  33.787 0.0000000000
111430  35.816  20.335  47.822 0.0000000000
111437  35.986  20.097  46.887 0.0000000000
109646  35.175  18.372  45.920 0.0000000000
108709  36.262  17.573  45.092 0.0000000000
108710  35.650  17.453  45.491 0.0000000000
113296  48.733  22.371  37.272 0.0000000000
114127  48.385  23.024  37.365 0.0000000000
114138  48.520  22.877  36.552 0.0000000000
114148  48.285  23.276  35.476 0.0000000000
114147  48.539  22.688  36.132 0.0000000000
108766  40.477  16.897  37.315 0.0000000000
107830  42.299  16.795  35.889 0.0000000000
108773  41.392  16.864  36.372 0.0000000000
106827  44.470  16.443  35.455 0.0000000000
107826  45.510  17.053  34.577 0.0000000000
107839  44.817  17.063  33.939 0.0000000000
107852  44.001  17.136  33.411 0.0000000000
107862  43.961  17.248  32.326 0.0000000000
106860  46.116  16.291  31.106 0.0000000000
105762  45.534  15.928  30.898 0.0000000000
105763  44.761  15.534  30.718 0.0000000000
112313  45.470  21.857  45.958 0.0000000000
112312  46.501  21.566  45.738 0.0000000000
112327  45.752  21.049  45.205 0.0000000000
111451  45.989  20.404  44.599 0.0000000000
111452  45.062  20.519  44.542 0.0000000000
113216  41.921  22.404  45.665 0.0000000000
113215  43.010  22.311  45.788 0.0000000000
113226  42.508  22.081  45.058 0.0000000000
110559  43.572  19.743  44.236 0.0000000000
110576  43.974  19.173  43.840 0.0000000000
109658  44.219  18.869  43.563 0.0000000000
109668  44.455  18.627  43.180 0.0000000000
108732  42.412  17.103  42.541 0.0000000000
109685  42.041  18.171  41.136 0.0000000000
109676  41.590  17.660  41.455 0.0000000000
111444  36.887  20.190  45.602 0.0000000000
111460  37.268  19.729  44.824 0.0000000000
109654  38.485  18.095  44.023 0.0000000000
110564  38.656  19.195  44.276 0.0000000000
109653  39.038  18.658  44.061 0.0000000000
110563  39.554  19.208  44.190 0.0000000000
109663  39.475  18.083  43.904 0.0000000000
107763  38.307  16.416  43.896 0.0000000000
108723  40.999  16.993  43.186 0.0000000000
107768  40.484  16.564  42.602 0.0000000000
107776  40.317  16.803  41.600 0.0000000000
108735  40.236  17.023  41.260 0.0000000000
108744  40.450  17.459  41.032 0.0000000000
108745  39.880  17.226  40.555 0.0000000000
108753  39.600  17.201  39.578 0.0000000000
105690  40.512  14.947  38.783 0.0000000000
106785  40.172  15.052  38.902 0.0000000000
105689  41.167  14.849  38.585 0.0000000000
106793  41.676  15.398  37.979 0.0000000000
105688  42.458  14.853  38.298 0.0000000000
104678  42.659  13.462  40.176 0.0000000000
105671  43.377  14.043  39.105 0.0000000000
105687  43.777  14.433  38.492 0.0000000000
110523  33.957  20.030  49.155 0.0000000000
111426  34.746  20.309  48.919 0.0000000000
110533  33.489  19.273  48.765 0.0000000000
109627  33.649  18.916  48.293 0.0000000000
116681  43.320  26.663  36.908 0.0000000000
116670  43.341  27.095  37.391 0.0000000000
116682  42.722  27.073  36.573 0.0000000000
114978  41.386  24.877  36.178 0.0000000000
114979  40.717  24.474  36.605 0.0000000000
114166  40.206  23.423  34.116 0.0000000000
114168  38.677  22.747  34.425 0.0000000000
114180  38.779  22.828  33.896 0.0000000000
114177  41.242  23.680  32.598 0.0000000000
112455  38.090  21.334  32.849 0.0000000000
111546  37.330  20.285  33.440 0.0000000000
111554  37.928  20.556  32.667 0.0000000000
109752  38.084  18.961  33.018 0.0000000000
112324  48.210  21.394  44.820 0.0000000000
111474  48.209  19.810  42.815 0.0000000000
111465  48.527  20.612  43.327 0.0000000000
111473  48.744  20.390  42.457 0.0000000000
111476  48.975  20.311  41.471 0.0000000000
111482  45.981  19.801  40.090 0.0000000000
111504  46.807  20.577  38.585 0.0000000000
111489  47.453  20.272  39.265 0.0000000000
111503  47.882  20.663  38.587 0.0000000000
111488  48.471  20.394  39.262 0.0000000000
112369  48.306  21.029  37.949 0.0000000000
112421  46.112  22.000  35.416 0.0000000000
112420  46.920  22.199  35.729 0.0000000000
113312  47.036  22.589  34.746 0.0000000000
113322  45.536  22.487  33.334 0.0000000000
109713  39.708  18.295  37.409 0.0000000000
110638  39.737  19.241  37.338 0.0000000000
110655  40.286  19.632  34.943 0.0000000000
110646  40.254  19.895  36.012 0.0000000000
111523  41.684  21.000  36.499 0.0000000000
111530  41.518  20.838  35.645 0.0000000000
109734  40.384  18.524  33.178 0.0000000000
110670  40.418  19.271  32.384 0.0000000000
111551  41.260  20.616  32.230 0.0000000000
111544  41.256  20.692  33.450 0.0000000000
112436  42.012  21.115  33.877 0.0000000000
112425  42.165  21.121  34.916 0.0000000000
112435  42.770  21.510  34.189 0.0000000000
112434  43.639  21.811  34.301 0.0000000000
112443  43.328  21.780  33.539 0.0000000000
113342  43.055  21.825  31.449 0.0000000000
113341  43.687  22.194  31.853 0.0000000000
113340  44.816  22.765  31.421 0.0000000000
113349  44.776  23.292  30.486 0.0000000000
112475  41.678  21.373  29.291 0.0000000000
113364  42.248  22.226  29.511 0.0000000000
112476  40.878  21.418  29.301 0.0000000000
112468  40.618  21.847  29.698 0.0000000000
112477  40.509  21.134  29.275 0.0000000000
108844  40.484  17.411  29.467 0.0000000000
108836  39.799  17.405  30.096 0.0000000000
109758  39.382  18.162  30.523 0.0000000000
109767  39.332  18.722  30.326 0.0000000000
109750  39.153  18.158  31.328 0.0000000000
105757  38.779  14.626  32.722 0.0000000000
106845  38.602  15.460  33.079 0.0000000000
103716  40.174  12.283  34.065 0.0000000000
113298  38.653  22.888  37.384 0.0000000000
113196  39.905  21.979  47.218 0.0000000000
112293  39.317  21.654  46.960 0.0000000000
112319  38.732  21.277  45.314 0.0000000000
114974  47.668  24.232  35.465 0.0000000000
114975  46.914  24.786  35.632 0.0000000000
114984  47.130  24.772  34.615 0.0000000000
115031  44.421  24.969  31.192 0.0000000000
115890  44.045  25.051  30.446 0.0000000000
111485  43.007  19.560  40.435 0.0000000000
110616  42.020  19.814  39.787 0.0000000000
110628  41.133  20.123  38.591 0.0000000000
107881  43.696  16.089  30.557 0.0000000000
106876  42.261  15.626  29.431 0.0000000000
106877  41.862  15.550  29.279 0.0000000000
105779  42.093  15.202  29.423 0.0000000000
104793  42.118  13.972  30.614 0.0000000000
104779  41.661  13.197  31.890 0.0000000000
110538  34.496  19.347  47.371 0.0000000000
110545  34.850  19.227  46.737 0.0000000000
109641  34.506  18.454  46.673 0.0000000000
113285  47.837  22.904  38.642 0.0000000000
113268  47.646  22.691  39.463 0.0000000000
112404  48.883  21.888  37.121 0.0000000000
106803  41.271  15.904  37.577 0.0000000000
107807  40.855  16.472  37.318 0.0000000000
107806  41.640  16.282  36.992 0.0000000000
107805  42.219  16.250  36.699 0.0000000000
107816  42.647  16.451  36.234 0.0000000000
107837  46.972  17.351  33.372 0.0000000000
108793  46.340  17.730  32.557 0.0000000000
107850  45.692  17.551  32.258 0.0000000000
107860  45.744  17.232  31.419 0.0000000000
108818  46.458  17.466  31.132 0.0000000000
107870  46.864  16.733  30.907 0.0000000000
112314  44.329  21.868  45.685 0.0000000000
112330  42.318  21.314  44.715 0.0000000000
110560  42.672  19.609  44.302 0.0000000000
110577  43.125  18.967  43.891 0.0000000000
108721  42.453  17.362  43.272 0.0000000000
108729  41.913  16.731  42.895 0.0000000000
110566  37.093  18.885  44.691 0.0000000000
107774  40.053  15.974  42.157 0.0000000000
105674  40.386  14.424  39.452 0.0000000000
104696  44.774  13.391  39.330 0.0000000000
114197  40.657  23.906  31.083 0.0000000000
114198  39.768  23.463  31.487 0.0000000000
112454  38.499  21.226  31.809 0.0000000000
109751  38.612  18.761  32.232 0.0000000000
111450  46.875  20.457  44.488 0.0000000000
111449  47.666  20.664  44.263 0.0000000000
111506  44.547  20.583  38.688 0.0000000000
112371  46.227  20.967  37.882 0.0000000000
112389  46.840  21.383  37.149 0.0000000000
108786  39.928  18.020  35.976 0.0000000000
110647  39.885  19.398  36.507 0.0000000000
109727  40.015  18.372  35.626 0.0000000000
110677  40.780  19.121  31.075 0.0000000000
112453  41.944  21.086  31.594 0.0000000000
112459  42.583  21.516  31.079 0.0000000000
112466  42.576  21.573  30.192 0.0000000000
113358  43.067  22.403  29.925 0.0000000000
112467  42.022  21.024  29.579 0.0000000000
111572  41.522  20.595  29.005 0.0000000000
110700  41.011  20.160  28.564 0.0000000000
106863  40.368  15.567  30.359 0.0000000000
107885  40.306  16.563  29.807 0.0000000000
106853  39.724  15.460  31.306 0.0000000000
107863  39.407  16.469  31.625 0.0000000000
104781  38.713  13.640  32.803 0.0000000000
113308  37.745  21.990  36.168 0.0000000000
113336  37.705  21.838  34.096 0.0000000000
113206  40.320  22.011  46.354 0.0000000000
113217  41.055  21.910  45.557 0.0000000000
113228  41.323  21.687  45.234 0.0000000000
112331  41.229  21.290  44.986 0.0000000000
111456  40.904  20.380  44.308 0.0000000000
110562  40.522  19.469  44.087 0.0000000000
106756  37.872  15.353  44.266 0.0000000000
105651  38.400  14.376  44.201 0.0000000000
104657  39.719  13.134  42.251 0.0000000000
104681  40.123  13.716  40.635 0.0000000000
114968  45.830  24.917  36.816 0.0000000000
114977  45.411  25.299  36.487 0.0000000000
114985  46.280  25.170  34.955 0.0000000000
115860  45.603  25.389  35.159 0.0000000000
115861  44.991  25.612  35.304 0.0000000000
114176  42.315  24.066  32.279 0.0000000000
114186  41.447  24.054  31.615 0.0000000000
114185  42.344  24.761  31.420 0.0000000000
114208  40.117  23.174  30.629 0.0000000000
113360  39.995  22.315  30.400 0.0000000000
111483  44.851  19.689  40.201 0.0000000000
111492  44.063  20.205  39.559 0.0000000000
108820  42.350  17.414  32.486 0.0000000000
108821  41.552  17.458  31.890 0.0000000000
108822  40.946  17.764  31.221 0.0000000000
108841  42.062  17.008  30.445 0.0000000000
108834  41.560  17.366  30.744 0.0000000000
109757  40.857  18.452  29.587 0.0000000000
108851  40.751  16.927  29.246 0.0000000000
107884  40.631  16.254  29.479 0.0000000000
106878  41.428  15.691  29.324 0.0000000000
105781  41.233  14.888  29.885 0.0000000000
106871  40.828  15.544  29.684 0.0000000000
105776  40.632  14.450  30.726 0.0000000000
103741  40.317  13.307  31.312 0.0000000000
103734  40.146  12.512  32.228 0.0000000000
103725  40.904  12.549  33.466 0.0000000000
103733  40.906  12.619  32.494 0.0000000000
111428  37.302  20.868  46.997 0.0000000000
111436  36.758  20.373  46.549 0.0000000000
110544  35.355  19.409  46.312 0.0000000000
110551  35.789  19.059  45.712 0.0000000000
107765  36.717  16.275  44.786 0.0000000000
114129  46.535  24.089  37.744 0.0000000000
114140  47.254  23.968  37.285 0.0000000000
114983  47.866  24.109  34.389 0.0000000000
115006  48.117  23.975  32.870 0.0000000000
109697  39.658  18.044  39.207 0.0000000000
109705  39.613  18.047  38.305 0.0000000000
108775  40.020  17.771  36.567 0.0000000000
108774  40.779  17.109  36.648 0.0000000000
106814  44.239  15.988  36.019 0.0000000000
107815  43.460  16.446  35.867 0.0000000000
107828  43.681  16.741  35.235 0.0000000000
107841  43.244  16.899  34.932 0.0000000000
108794  43.214  16.997  34.560 0.0000000000
108808  42.386  17.351  33.658 0.0000000000
107872  44.845  16.463  30.942 0.0000000000
107880  44.377  16.026  30.512 0.0000000000
106868  44.682  15.955  30.478 0.0000000000
105771  44.296  15.716  30.479 0.0000000000
105755  43.943  14.461  32.017 0.0000000000
105746  44.878  14.407  32.558 0.0000000000
111468  46.180  19.973  43.918 0.0000000000
110574  45.495  19.468  43.449 0.0000000000
113214  43.861  22.332  46.148 0.0000000000
112315  43.693  22.035  45.624 0.0000000000
111453  44.068  20.636  44.432 0.0000000000
110588  45.070  18.921  43.306 0.0000000000
109672  44.946  18.583  42.727 0.0000000000
109673  44.282  18.428  42.442 0.0000000000
109674  43.334  18.249  42.197 0.0000000000
110596  42.964  18.557  41.431 0.0000000000
110597  42.444  18.355  41.219 0.0000000000
109686  41.333  18.279  40.820 0.0000000000
109687  40.385  18.096  40.477 0.0000000000
112320  38.043  21.183  45.968 0.0000000000
111459  38.121  19.937  44.606 0.0000000000
111442  38.440  20.632  44.806 0.0000000000
112334  38.830  20.849  44.716 0.0000000000
108717  38.376  17.264  43.923 0.0000000000
108725  38.971  17.287  43.802 0.0000000000
107773  40.464  16.591  41.999 0.0000000000
109696  39.963  18.351  39.812 0.0000000000
107799  39.921  16.476  38.212 0.0000000000
106795  39.761  15.957  38.658 0.0000000000
106804  40.733  16.033  37.746 0.0000000000
105706  42.827  15.312  37.627 0.0000000000
104680  40.736  13.517  40.244 0.0000000000
104700  41.329  13.798  39.640 0.0000000000
104698  43.079  13.818  39.574 0.0000000000
105705  43.433  15.024  37.747 0.0000000000
112296  37.081  21.203  48.400 0.0000000000
111424  36.454  20.751  48.557 0.0000000000
111431  34.899  20.162  47.989 0.0000000000
110534  32.850  19.040  49.025 0.0000000000
109628  33.082  18.437  48.369 0.0000000000
108691  32.500  17.544  48.396 0.0000000000
116684  40.943  26.396  36.790 0.0000000000
114158  39.595  23.117  35.788 0.0000000000
114157  40.249  23.448  35.222 0.0000000000
113325  38.584  22.655  34.841 0.0000000000
113326  38.206  22.435  34.423 0.0000000000
114188  39.548  23.480  32.466 0.0000000000
112446  37.271  21.046  33.742 0.0000000000
110679  37.807  19.598  32.975 0.0000000000
111448  48.263  20.865  43.987 0.0000000000
112347  48.822  20.986  42.150 0.0000000000
112351  49.078  21.095  41.123 0.0000000000
110593  46.552  19.229  41.569 0.0000000000
110592  47.601  19.530  41.290 0.0000000000
111490  46.353  20.214  39.326 0.0000000000
111481  47.074  19.900  39.959 0.0000000000
110601  48.407  19.876  40.373 0.0000000000
111487  49.261  20.758  39.188 0.0000000000
111501  49.246  20.977  38.582 0.0000000000
112387  48.586  21.560  37.522 0.0000000000
112405  48.412  21.825  36.745 0.0000000000
112406  47.506  21.857  36.366 0.0000000000
113304  48.209  22.446  35.985 0.0000000000
113311  48.003  22.725  34.891 0.0000000000
113320  47.707  22.986  33.938 0.0000000000
113331  46.664  23.554  32.488 0.0000000000
110629  40.381  19.840  38.289 0.0000000000
111509  41.044  20.298  38.276 0.0000000000
111515  41.511  20.841  37.267 0.0000000000
111538  40.656  20.237  34.182 0.0000000000
111545  40.594  20.137  32.936 0.0000000000
112423  43.879  21.728  35.256 0.0000000000
112433  44.396  21.909  34.529 0.0000000000
113314  45.067  22.127  34.210 0.0000000000
112451  43.259  21.816  32.756 0.0000000000
113334  43.878  22.053  33.010 0.0000000000
113332  45.890  23.093  32.131 0.0000000000
114175  46.427  23.807  32.050 0.0000000000
114193  45.468  23.866  30.923 0.0000000000
114203  44.575  23.951  30.212 0.0000000000
114205  42.962  23.605  29.777 0.0000000000
114213  42.606  22.794  29.688 0.0000000000
114215  41.283  22.914  29.768 0.0000000000
113359  40.540  22.510  30.018 0.0000000000
112470  39.571  21.113  30.038 0.0000000000
110691  41.041  19.355  28.923 0.0000000000
110701  40.538  19.983  28.755 0.0000000000
110692  40.070  19.493  29.255 0.0000000000
111567  40.100  20.408  29.161 0.0000000000
111568  39.514  20.536  29.888 0.0000000000
107864  38.986  16.495  32.570 0.0000000000
104777  43.358  13.964  32.603 0.0000000000
104754  43.185  13.445  34.369 0.0000000000
103745  40.865  13.401  31.055 0.0000000000
104796  40.576  13.988  30.988 0.0000000000
105766  40.627  14.836  30.536 0.0000000000
106859  46.755  16.297  31.168 0.0000000000
106862  40.730  15.126  30.197 0.0000000000
106883  42.028  15.893  29.150 0.0000000000
106884  41.692  15.875  29.214 0.0000000000
106885  41.420  15.862  29.265 0.0000000000
107808  40.309  16.672  37.651 0.0000000000
107814  44.079  16.501  35.523 0.0000000000
107817  41.876  16.626  36.382 0.0000000000
107849  47.394  17.168  32.855 0.0000000000
107858  47.364  16.674  31.525 0.0000000000
107859  47.085  16.413  31.214 0.0000000000
107891  41.438  16.462  29.338 0.0000000000
107893  40.641  16.731  29.366 0.0000000000
107898  41.787  16.129  29.040 0.0000000000
107899  41.579  16.041  29.200 0.0000000000
108728  42.538  17.138  43.113 0.0000000000
108783  42.352  16.906  35.486 0.0000000000
108792  46.590  17.650  32.949 0.0000000000
108805  47.002  17.594  32.434 0.0000000000
108806  46.381  17.753  31.820 0.0000000000
108807  43.199  17.133  33.984 0.0000000000
108829  47.317  17.244  31.354 0.0000000000
108830  47.054  17.398  30.887 0.0000000000
108831  46.613  17.156  30.816 0.0000000000
109667  45.022  18.694  43.066 0.0000000000
110591  48.459  19.815  40.945 0.0000000000
110602  47.773  19.703  40.507 0.0000000000
110619  39.666  18.511  38.781 0.0000000000
110693  39.270  19.445  30.274 0.0000000000
110699  41.257  20.351  28.688 0.0000000000
111470  41.936  19.614  44.109 0.0000000000
111516  40.933  20.435  37.671 0.0000000000
111573  41.173  20.727  28.842 0.0000000000
112316  40.949  21.581  45.325 0.0000000000
112368  48.937  21.214  38.149 0.0000000000
112444  42.663  21.497  33.222 0.0000000000
112461  39.723  21.907  30.471 0.0000000000
113218  40.503  21.840  45.756 0.0000000000
113297  39.248  23.116  37.039 0.0000000000
113323  44.440  22.110  33.663 0.0000000000
113348  45.247  23.592  30.712 0.0000000000
113351  43.192  21.988  30.828 0.0000000000
113356  44.343  23.584  30.122 0.0000000000
113366  40.949  22.178  29.632 0.0000000000
114162  47.804  23.591  33.128 0.0000000000
114163  47.430  23.519  32.914 0.0000000000
114173  47.900  23.886  32.661 0.0000000000
114174  47.302  23.766  32.585 0.0000000000
114184  45.760  23.729  31.514 0.0000000000
114194  45.080  23.948  30.512 0.0000000000
114204  43.984  23.948  29.892 0.0000000000
114214  42.079  22.933  29.692 0.0000000000
114993  48.013  24.047  33.393 0.0000000000
115029  45.576  24.079  31.224 0.0000000000
115041  44.710  24.388  30.508 0.0000000000
115042  44.252  24.515  30.201 0.0000000000
115043  43.552  24.771  29.891 0.0000000000
115849  45.304  25.515  35.627 0.0000000000
115883  44.596  24.795  30.822 0.0000000000
115884  44.418  24.948  30.775 0.0000000000
115885  44.057  25.159  30.808 0.0000000000
115888  44.711  24.608  30.713 0.0000000000
115889  44.469  24.742  30.563 0.0000000000
