#!ascii label  , from subject A00073525 vox2ras=TkReg
1160
105923  -47.376  21.612  42.897 0.0000000000
119349  -41.379  43.419  40.789 0.0000000000
116338  -42.548  37.322  49.238 0.0000000000
111265  -49.294  29.335  43.524 0.0000000000
117056  -46.286  38.602  37.126 0.0000000000
115178  -44.725  35.894  41.893 0.0000000000
113869  -48.592  32.972  39.976 0.0000000000
109876  -44.491  27.459  42.619 0.0000000000
104454  -39.646  19.909  43.761 0.0000000000
107933  -43.731  24.163  44.483 0.0000000000
119941  -35.389  44.148  38.428 0.0000000000
119985  -41.869  44.458  36.007 0.0000000000
117072  -46.545  38.447  34.507 0.0000000000
110500  -46.263  28.936  51.125 0.0000000000
116995  -41.376  38.878  43.577 0.0000000000
112552  -44.244  30.852  46.388 0.0000000000
108596  -50.419  25.003  45.454 0.0000000000
107985  -46.736  24.659  38.953 0.0000000000
109941  -42.397  27.253  35.061 0.0000000000
105964  -47.571  21.608  39.120 0.0000000000
115205  -48.435  35.659  36.717 0.0000000000
115187  -47.560  35.313  39.406 0.0000000000
113898  -48.441  33.098  37.741 0.0000000000
112598  -46.312  31.083  40.203 0.0000000000
107273  -41.592  22.859  43.092 0.0000000000
108576  -41.217  25.736  46.663 0.0000000000
118265  -32.077  41.385  37.308 0.0000000000
118845  -44.591  41.931  35.384 0.0000000000
111888  -43.485  30.762  49.502 0.0000000000
113799  -44.255  33.523  49.894 0.0000000000
119329  -39.522  42.271  42.212 0.0000000000
118229  -41.130  40.997  41.581 0.0000000000
113204  -47.490  32.777  43.471 0.0000000000
113851  -43.922  33.535  43.303 0.0000000000
111936  -46.861  30.693  44.722 0.0000000000
110540  -47.990  28.254  46.612 0.0000000000
109860  -49.566  27.457  44.900 0.0000000000
107279  -49.603  24.440  41.777 0.0000000000
109238  -48.261  26.315  43.576 0.0000000000
109272  -43.062  26.162  39.081 0.0000000000
118825  -43.242  41.933  38.546 0.0000000000
117043  -41.579  39.029  39.526 0.0000000000
116426  -44.696  38.326  39.880 0.0000000000
115171  -47.490  35.000  42.018 0.0000000000
112586  -48.972  30.622  41.830 0.0000000000
110577  -47.509  28.532  42.478 0.0000000000
111960  -47.529  30.051  40.927 0.0000000000
111956  -43.472  30.176  41.909 0.0000000000
102925  -40.583  17.921  43.304 0.0000000000
105910  -44.098  21.323  43.584 0.0000000000
107250  -46.012  22.927  44.611 0.0000000000
117039  -32.823  38.524  39.444 0.0000000000
118246  -35.877  40.796  39.697 0.0000000000
119927  -38.763  44.449  39.881 0.0000000000
121612  -43.092  46.339  39.461 0.0000000000
119965  -45.614  43.213  36.730 0.0000000000
118280  -47.860  40.043  35.460 0.0000000000
115217  -48.666  35.367  35.201 0.0000000000
115245  -47.986  35.403  33.297 0.0000000000
109822  -42.496  27.620  47.807 0.0000000000
109196  -45.352  26.459  48.403 0.0000000000
107899  -47.596  24.734  47.391 0.0000000000
116961  -42.526  38.614  46.395 0.0000000000
115174  -40.814  36.079  41.621 0.0000000000
114497  -40.758  35.235  45.293 0.0000000000
114474  -43.344  34.900  47.726 0.0000000000
112523  -45.673  31.292  48.925 0.0000000000
109184  -49.164  25.866  49.216 0.0000000000
106590  -49.946  21.946  43.321 0.0000000000
106614  -50.050  22.302  39.168 0.0000000000
108025  -49.100  24.471  36.863 0.0000000000
108693  -46.720  25.803  34.581 0.0000000000
108621  -44.706  25.568  41.342 0.0000000000
108661  -44.520  25.608  37.284 0.0000000000
109318  -44.095  26.173  33.031 0.0000000000
105231  -45.884  20.510  42.250 0.0000000000
105934  -45.836  20.688  41.010 0.0000000000
105936  -47.773  21.471  41.018 0.0000000000
114581  -48.645  34.280  36.368 0.0000000000
114563  -48.507  34.172  37.355 0.0000000000
113269  -48.221  32.610  37.048 0.0000000000
113255  -47.480  31.883  38.022 0.0000000000
115115  -43.390  35.845  49.704 0.0000000000
119337  -40.113  43.133  41.877 0.0000000000
112573  -48.470  31.398  43.321 0.0000000000
112564  -47.279  31.415  44.209 0.0000000000
111939  -49.018  30.255  44.209 0.0000000000
111251  -49.057  29.081  45.227 0.0000000000
110564  -49.406  28.447  44.267 0.0000000000
109239  -49.142  26.370  43.792 0.0000000000
110567  -49.010  28.060  43.226 0.0000000000
118266  -44.846  40.485  37.824 0.0000000000
117662  -43.890  39.421  38.903 0.0000000000
117052  -45.227  38.558  38.634 0.0000000000
114533  -48.296  33.761  39.418 0.0000000000
115184  -47.586  35.453  40.409 0.0000000000
114523  -48.309  34.098  41.240 0.0000000000
113862  -48.555  32.820  41.978 0.0000000000
113223  -48.852  32.081  40.533 0.0000000000
111961  -48.414  30.059  40.991 0.0000000000
111977  -48.392  30.729  40.421 0.0000000000
112583  -45.391  30.967  40.966 0.0000000000
107943  -42.917  23.720  43.800 0.0000000000
105908  -42.750  21.704  42.991 0.0000000000
107265  -44.103  22.798  43.782 0.0000000000
106586  -45.116  21.856  44.050 0.0000000000
107934  -44.791  23.918  44.864 0.0000000000
119375  -33.970  42.584  37.908 0.0000000000
118256  -34.430  41.223  38.591 0.0000000000
119360  -36.208  42.579  38.984 0.0000000000
119362  -37.635  42.886  39.967 0.0000000000
119925  -37.079  44.403  39.273 0.0000000000
120552  -40.761  44.908  37.870 0.0000000000
121112  -40.623  46.197  38.891 0.0000000000
121131  -42.541  46.087  37.753 0.0000000000
121116  -44.399  45.383  38.330 0.0000000000
120583  -44.512  44.701  36.066 0.0000000000
117697  -46.296  39.432  34.657 0.0000000000
118279  -47.073  40.782  35.341 0.0000000000
117699  -48.037  39.153  34.843 0.0000000000
116441  -48.654  37.378  35.401 0.0000000000
116447  -48.379  37.271  34.852 0.0000000000
115230  -48.381  35.297  34.328 0.0000000000
115840  -47.622  36.110  33.922 0.0000000000
113828  -39.272  33.353  46.885 0.0000000000
112529  -38.970  31.911  46.000 0.0000000000
112531  -40.390  31.197  46.631 0.0000000000
110538  -41.355  28.769  47.048 0.0000000000
111898  -41.973  30.411  47.593 0.0000000000
111209  -44.825  29.893  50.496 0.0000000000
110517  -43.919  28.516  49.222 0.0000000000
109810  -45.570  27.368  49.966 0.0000000000
108555  -46.710  25.551  48.244 0.0000000000
108534  -47.389  25.894  49.906 0.0000000000
118206  -42.830  40.439  44.650 0.0000000000
117582  -43.306  39.826  45.665 0.0000000000
116978  -42.075  38.916  44.760 0.0000000000
115808  -42.564  37.016  40.528 0.0000000000
116414  -40.895  37.815  40.481 0.0000000000
115176  -42.561  35.706  41.616 0.0000000000
112561  -43.454  31.643  44.916 0.0000000000
113845  -41.595  33.716  44.145 0.0000000000
113842  -42.124  33.290  45.647 0.0000000000
114487  -41.771  34.936  46.350 0.0000000000
113175  -43.421  32.454  47.135 0.0000000000
113166  -44.601  32.979  48.492 0.0000000000
111900  -44.965  31.118  47.781 0.0000000000
109843  -49.482  27.229  46.341 0.0000000000
109825  -48.251  27.444  48.516 0.0000000000
108583  -50.231  25.240  46.953 0.0000000000
107879  -50.174  24.283  47.474 0.0000000000
107254  -50.622  23.138  44.014 0.0000000000
105932  -50.135  22.153  41.456 0.0000000000
107277  -50.711  23.085  42.154 0.0000000000
107973  -48.894  24.315  40.614 0.0000000000
108003  -49.394  24.264  38.854 0.0000000000
108015  -48.448  24.690  37.384 0.0000000000
108686  -47.902  25.253  35.124 0.0000000000
108014  -47.472  25.084  36.930 0.0000000000
110576  -46.534  28.519  42.627 0.0000000000
109863  -46.419  26.974  43.124 0.0000000000
109255  -44.287  26.201  41.738 0.0000000000
109280  -42.636  27.078  37.457 0.0000000000
108651  -43.733  25.775  38.583 0.0000000000
109297  -43.644  26.670  35.764 0.0000000000
109305  -44.877  26.242  34.945 0.0000000000
109952  -43.216  26.876  34.363 0.0000000000
108698  -43.065  25.543  33.570 0.0000000000
102931  -43.181  18.259  42.277 0.0000000000
106631  -46.943  22.126  37.513 0.0000000000
116437  -47.332  38.002  36.739 0.0000000000
115822  -46.802  36.700  38.437 0.0000000000
115823  -47.437  36.268  37.819 0.0000000000
114545  -48.344  33.803  38.383 0.0000000000
113880  -48.454  32.908  38.848 0.0000000000
112614  -48.293  31.386  39.153 0.0000000000
112628  -47.687  31.484  38.536 0.0000000000
105918  -40.409  21.558  42.895 0.0000000000
107247  -40.602  23.944  43.884 0.0000000000
108592  -42.659  25.517  45.920 0.0000000000
119959  -34.047  44.028  37.656 0.0000000000
120004  -43.664  43.820  35.677 0.0000000000
117071  -45.386  38.550  34.229 0.0000000000
116453  -46.293  36.968  33.746 0.0000000000
112508  -41.877  31.906  48.189 0.0000000000
113148  -44.037  32.597  49.939 0.0000000000
112487  -45.205  31.536  50.545 0.0000000000
117630  -41.521  40.050  42.511 0.0000000000
114518  -45.836  34.711  42.775 0.0000000000
114516  -43.759  34.237  42.815 0.0000000000
113852  -45.029  33.420  43.381 0.0000000000
113196  -44.940  31.920  44.025 0.0000000000
111935  -45.719  30.486  45.011 0.0000000000
111247  -45.688  29.618  46.614 0.0000000000
111249  -47.390  29.102  45.874 0.0000000000
110542  -49.357  27.797  45.813 0.0000000000
109232  -50.185  25.804  45.247 0.0000000000
107948  -50.317  24.388  43.552 0.0000000000
108608  -49.768  25.443  43.889 0.0000000000
107946  -48.628  24.830  43.103 0.0000000000
107953  -47.449  24.445  42.005 0.0000000000
109886  -43.111  27.011  41.562 0.0000000000
116936  -41.945  38.997  48.332 0.0000000000
119365  -42.457  43.465  39.353 0.0000000000
118814  -41.033  41.857  39.580 0.0000000000
117670  -42.391  40.675  38.616 0.0000000000
116425  -43.770  38.314  39.742 0.0000000000
115810  -44.696  37.110  40.870 0.0000000000
116428  -46.301  37.249  39.790 0.0000000000
115812  -46.475  36.927  40.878 0.0000000000
115179  -45.707  35.959  41.967 0.0000000000
113860  -47.392  34.187  42.795 0.0000000000
113210  -48.434  32.307  42.548 0.0000000000
111949  -49.096  30.129  42.719 0.0000000000
110579  -48.848  28.551  42.674 0.0000000000
111290  -48.782  29.520  42.149 0.0000000000
111272  -47.190  29.193  42.062 0.0000000000
111271  -46.070  29.521  42.115 0.0000000000
111975  -47.088  30.517  40.480 0.0000000000
111958  -45.908  30.336  41.390 0.0000000000
105223  -41.581  20.783  42.623 0.0000000000
104465  -42.826  19.607  42.896 0.0000000000
103701  -42.825  18.619  43.049 0.0000000000
104459  -44.488  19.681  43.005 0.0000000000
105219  -45.370  20.523  43.337 0.0000000000
106587  -47.065  22.055  43.954 0.0000000000
117029  -34.739  38.848  40.557 0.0000000000
117656  -34.197  39.902  39.097 0.0000000000
117645  -36.044  40.086  40.345 0.0000000000
118802  -37.733  41.890  40.529 0.0000000000
119336  -39.216  43.058  41.304 0.0000000000
120479  -40.357  44.720  41.169 0.0000000000
120512  -36.685  45.158  38.924 0.0000000000
120514  -38.781  45.077  39.363 0.0000000000
121081  -40.812  46.003  40.615 0.0000000000
120516  -42.598  44.998  40.448 0.0000000000
119931  -44.210  44.173  39.086 0.0000000000
119382  -44.781  42.620  37.983 0.0000000000
118834  -45.763  41.638  36.727 0.0000000000
120006  -45.717  43.073  35.697 0.0000000000
118838  -46.581  41.670  36.032 0.0000000000
117682  -47.137  39.591  36.351 0.0000000000
117061  -48.484  38.422  36.228 0.0000000000
115206  -48.816  35.361  36.113 0.0000000000
114608  -48.604  34.402  34.567 0.0000000000
114618  -48.455  34.435  33.565 0.0000000000
115243  -46.891  35.974  33.069 0.0000000000
109193  -42.048  26.770  47.377 0.0000000000
108578  -43.117  25.908  46.624 0.0000000000
111216  -43.106  29.719  48.807 0.0000000000
109823  -43.714  27.741  48.509 0.0000000000
108579  -44.265  25.944  46.861 0.0000000000
107897  -45.870  25.112  46.295 0.0000000000
107920  -47.011  24.390  46.045 0.0000000000
107252  -48.059  22.976  45.075 0.0000000000
116373  -42.474  37.768  47.469 0.0000000000
117648  -40.551  39.984  40.347 0.0000000000
117019  -40.468  38.833  41.793 0.0000000000
116390  -40.571  37.920  43.318 0.0000000000
114515  -42.539  34.296  42.735 0.0000000000
114513  -40.621  34.936  43.228 0.0000000000
115785  -40.557  36.452  44.589 0.0000000000
115782  -41.241  36.633  45.536 0.0000000000
115778  -42.348  36.772  47.103 0.0000000000
115127  -43.379  36.068  48.886 0.0000000000
113808  -44.563  34.212  48.918 0.0000000000
113156  -45.155  32.579  49.359 0.0000000000
111866  -46.911  30.374  50.646 0.0000000000
111226  -46.584  29.083  48.017 0.0000000000
110511  -47.485  28.807  49.769 0.0000000000
109794  -47.822  27.417  50.853 0.0000000000
108543  -48.712  24.888  49.465 0.0000000000
107236  -49.167  23.061  45.666 0.0000000000
106589  -49.004  22.204  43.637 0.0000000000
105937  -48.852  21.780  40.799 0.0000000000
105966  -49.114  22.271  39.116 0.0000000000
106633  -48.793  22.599  37.711 0.0000000000
107975  -50.292  23.913  40.953 0.0000000000
106634  -49.355  23.303  37.452 0.0000000000
106658  -48.074  23.233  35.483 0.0000000000
107339  -48.217  24.149  34.228 0.0000000000
108702  -47.323  25.598  33.365 0.0000000000
109865  -47.785  27.258  43.217 0.0000000000
109250  -46.688  25.886  43.047 0.0000000000
107960  -46.209  24.759  40.908 0.0000000000
108627  -44.029  25.793  40.589 0.0000000000
108629  -45.083  25.120  39.224 0.0000000000
107999  -45.916  25.186  37.605 0.0000000000
108683  -45.727  25.781  35.387 0.0000000000
109313  -45.918  26.152  34.119 0.0000000000
105928  -46.621  21.039  42.468 0.0000000000
105236  -45.720  20.417  41.771 0.0000000000
105935  -46.402  20.857  41.380 0.0000000000
105929  -47.540  21.483  42.072 0.0000000000
113928  -48.477  33.538  35.774 0.0000000000
113916  -48.484  33.390  36.719 0.0000000000
113276  -48.182  32.888  36.092 0.0000000000
115754  -42.965  36.824  49.120 0.0000000000
119339  -41.281  43.681  41.290 0.0000000000
119338  -40.997  42.893  41.684 0.0000000000
119348  -41.080  42.595  40.659 0.0000000000
111943  -49.153  30.111  43.641 0.0000000000
112566  -48.493  30.986  43.852 0.0000000000
111262  -49.236  29.464  44.544 0.0000000000
110568  -49.259  28.526  43.420 0.0000000000
117676  -45.158  39.717  37.643 0.0000000000
117054  -44.964  39.130  38.232 0.0000000000
117055  -45.512  38.753  37.665 0.0000000000
114527  -48.379  33.923  40.459 0.0000000000
113866  -48.587  33.205  41.248 0.0000000000
112601  -48.505  31.341  40.059 0.0000000000
105216  -39.974  20.714  43.249 0.0000000000
107917  -43.197  24.990  45.201 0.0000000000
107944  -43.711  23.427  43.885 0.0000000000
107248  -44.370  23.348  44.214 0.0000000000
107918  -44.307  24.773  45.399 0.0000000000
119376  -34.627  43.181  38.203 0.0000000000
118822  -34.965  42.295  38.577 0.0000000000
119377  -35.645  43.020  38.621 0.0000000000
119378  -36.295  43.187  38.886 0.0000000000
119942  -36.284  44.048  38.836 0.0000000000
119984  -41.126  44.168  36.317 0.0000000000
119983  -40.327  44.023  36.853 0.0000000000
120570  -41.593  44.770  36.725 0.0000000000
120553  -41.933  45.458  37.221 0.0000000000
120554  -42.606  45.595  37.051 0.0000000000
121144  -43.732  45.554  36.772 0.0000000000
120571  -42.853  45.081  36.316 0.0000000000
117698  -47.235  39.274  34.719 0.0000000000
117073  -47.506  38.365  34.711 0.0000000000
117074  -48.358  38.296  35.060 0.0000000000
116446  -47.822  37.487  34.596 0.0000000000
115832  -48.068  36.685  34.422 0.0000000000
116445  -46.861  37.375  34.382 0.0000000000
113815  -39.815  33.423  47.347 0.0000000000
113162  -40.413  32.498  47.287 0.0000000000
113173  -40.110  31.886  46.772 0.0000000000
112518  -40.657  31.672  46.981 0.0000000000
111909  -41.362  30.636  47.081 0.0000000000
110499  -45.529  29.335  50.870 0.0000000000
110509  -45.000  28.593  50.350 0.0000000000
110510  -45.661  28.663  50.773 0.0000000000
109173  -45.988  27.227  50.139 0.0000000000
109802  -46.583  27.469  50.721 0.0000000000
117621  -41.776  39.950  43.188 0.0000000000
117605  -42.436  39.914  44.118 0.0000000000
116979  -42.891  39.590  44.869 0.0000000000
115799  -43.121  36.373  41.148 0.0000000000
115177  -43.668  35.796  41.782 0.0000000000
112560  -42.970  31.995  44.964 0.0000000000
112550  -42.985  31.987  45.571 0.0000000000
113188  -42.614  32.673  46.143 0.0000000000
112534  -43.803  31.869  47.044 0.0000000000
112535  -44.513  31.407  47.459 0.0000000000
111910  -44.780  30.639  47.232 0.0000000000
109229  -50.214  25.648  46.021 0.0000000000
109218  -49.904  26.053  46.865 0.0000000000
109219  -50.220  25.463  46.556 0.0000000000
107923  -50.497  24.174  45.801 0.0000000000
107936  -50.529  24.197  44.784 0.0000000000
107986  -47.778  24.504  39.254 0.0000000000
108002  -48.578  24.487  38.489 0.0000000000
108001  -47.640  24.649  38.116 0.0000000000
108000  -46.669  24.877  37.857 0.0000000000
110575  -45.295  28.468  42.650 0.0000000000
109289  -42.807  27.215  36.459 0.0000000000
109290  -43.241  26.485  36.980 0.0000000000
109932  -42.838  27.251  35.459 0.0000000000
109942  -43.110  27.122  34.906 0.0000000000
109951  -42.746  27.060  34.596 0.0000000000
109310  -42.773  26.638  34.278 0.0000000000
109303  -42.448  27.006  34.639 0.0000000000
103711  -43.847  18.769  42.207 0.0000000000
105975  -47.042  21.814  38.177 0.0000000000
115825  -47.989  36.312  36.998 0.0000000000
116435  -47.535  36.876  37.222 0.0000000000
115195  -48.118  35.290  37.427 0.0000000000
114562  -48.096  34.569  38.072 0.0000000000
112629  -48.075  31.360  38.661 0.0000000000
113256  -48.222  32.012  38.237 0.0000000000
113254  -46.780  32.016  38.333 0.0000000000
107246  -39.913  23.818  43.902 0.0000000000
107916  -42.136  25.027  45.239 0.0000000000
108591  -41.693  25.423  45.987 0.0000000000
119958  -33.116  43.853  37.239 0.0000000000
117696  -45.161  39.774  34.671 0.0000000000
117080  -45.278  37.758  33.551 0.0000000000
117078  -43.497  38.973  33.668 0.0000000000
114457  -43.954  34.682  50.022 0.0000000000
113798  -43.296  33.613  49.781 0.0000000000
112501  -44.468  31.652  50.261 0.0000000000
113149  -45.028  32.487  50.267 0.0000000000
118227  -38.068  40.952  41.493 0.0000000000
117639  -41.256  40.063  42.077 0.0000000000
114511  -46.272  34.198  43.156 0.0000000000
114510  -45.440  34.109  43.136 0.0000000000
113203  -46.623  32.899  43.666 0.0000000000
111937  -47.820  30.749  44.553 0.0000000000
112563  -46.037  31.520  44.143 0.0000000000
111923  -46.560  29.885  45.414 0.0000000000
111924  -47.613  30.062  45.107 0.0000000000
110557  -49.313  28.353  45.269 0.0000000000
110556  -48.712  28.689  45.663 0.0000000000
109857  -49.498  27.496  45.581 0.0000000000
109231  -49.827  26.378  44.689 0.0000000000
108599  -49.867  25.837  44.339 0.0000000000
109240  -49.566  26.268  44.207 0.0000000000
108607  -48.888  25.486  43.528 0.0000000000
107945  -48.142  24.793  43.050 0.0000000000
107954  -48.064  24.550  42.576 0.0000000000
108618  -47.528  24.884  42.831 0.0000000000
119380  -42.743  42.932  38.820 0.0000000000
118824  -42.341  41.938  38.613 0.0000000000
118258  -42.724  41.178  38.569 0.0000000000
117046  -44.255  38.827  39.261 0.0000000000
117045  -43.395  38.910  39.224 0.0000000000
116417  -44.207  37.723  40.315 0.0000000000
116418  -45.164  37.731  40.425 0.0000000000
115820  -47.206  36.035  38.873 0.0000000000
116431  -46.278  37.308  38.799 0.0000000000
115819  -46.711  36.664  39.337 0.0000000000
115181  -47.415  35.512  41.490 0.0000000000
115813  -47.162  36.286  40.744 0.0000000000
115803  -46.838  36.348  41.405 0.0000000000
115802  -46.102  36.564  41.535 0.0000000000
115170  -47.087  35.268  42.292 0.0000000000
114519  -46.815  34.649  42.826 0.0000000000
114520  -47.463  34.564  42.387 0.0000000000
113213  -48.811  32.073  41.608 0.0000000000
112577  -48.889  31.062  42.276 0.0000000000
112578  -49.001  30.462  42.137 0.0000000000
111962  -48.918  30.063  41.882 0.0000000000
111288  -47.813  29.531  41.456 0.0000000000
112599  -47.399  30.871  39.766 0.0000000000
111957  -44.741  30.458  41.652 0.0000000000
107272  -41.347  22.735  42.985 0.0000000000
105919  -41.332  21.561  42.694 0.0000000000
106595  -41.904  22.310  42.919 0.0000000000
105909  -43.165  21.453  43.124 0.0000000000
105921  -42.897  20.824  42.856 0.0000000000
105217  -43.515  20.609  43.139 0.0000000000
104458  -43.448  19.617  42.962 0.0000000000
103702  -43.776  19.064  42.823 0.0000000000
105218  -44.363  20.484  43.377 0.0000000000
106569  -45.425  22.106  44.184 0.0000000000
105911  -45.165  21.411  43.916 0.0000000000
105901  -45.733  21.731  44.086 0.0000000000
105912  -46.175  21.476  43.704 0.0000000000
106570  -46.439  22.238  44.246 0.0000000000
117027  -32.111  37.963  39.994 0.0000000000
116412  -32.297  37.706  40.852 0.0000000000
117028  -33.386  38.043  40.673 0.0000000000
117040  -33.902  38.898  39.696 0.0000000000
118264  -31.681  40.954  37.403 0.0000000000
118254  -32.553  40.706  37.653 0.0000000000
118245  -34.724  40.818  39.027 0.0000000000
118244  -34.280  40.438  38.824 0.0000000000
117657  -35.059  40.073  39.593 0.0000000000
117644  -35.291  39.593  40.136 0.0000000000
118236  -36.216  40.545  40.079 0.0000000000
118237  -36.722  40.848  40.252 0.0000000000
118247  -36.516  41.244  39.802 0.0000000000
119908  -38.488  43.682  40.202 0.0000000000
119346  -38.330  43.155  40.383 0.0000000000
119909  -39.055  43.891  40.509 0.0000000000
119891  -39.794  43.904  41.186 0.0000000000
120478  -39.896  44.465  40.943 0.0000000000
120513  -37.654  45.291  39.086 0.0000000000
120531  -38.722  45.521  38.785 0.0000000000
121618  -41.610  46.605  39.347 0.0000000000
121617  -41.015  46.477  39.685 0.0000000000
121610  -41.482  46.476  40.082 0.0000000000
121082  -41.407  45.916  40.929 0.0000000000
121097  -43.078  45.840  40.161 0.0000000000
120517  -43.348  44.985  39.797 0.0000000000
120518  -44.106  44.861  39.315 0.0000000000
120555  -44.943  44.616  37.649 0.0000000000
119945  -44.625  43.682  38.461 0.0000000000
119964  -45.280  43.481  37.487 0.0000000000
118833  -44.938  41.509  37.608 0.0000000000
119423  -44.155  42.890  35.532 0.0000000000
119424  -45.234  42.762  35.446 0.0000000000
118848  -46.746  41.439  35.581 0.0000000000
118271  -46.935  40.675  35.959 0.0000000000
118272  -47.558  40.192  35.826 0.0000000000
117060  -47.744  38.619  36.487 0.0000000000
117683  -48.264  39.471  36.023 0.0000000000
115828  -48.793  36.412  35.692 0.0000000000
114596  -48.670  34.397  35.486 0.0000000000
113959  -48.533  33.613  32.882 0.0000000000
114627  -48.178  34.531  32.377 0.0000000000
115838  -46.249  36.591  33.252 0.0000000000
109840  -40.408  28.168  46.705 0.0000000000
110526  -41.916  28.628  47.546 0.0000000000
109821  -41.506  27.465  47.377 0.0000000000
109216  -42.567  26.251  47.139 0.0000000000
109194  -43.065  26.883  47.670 0.0000000000
112509  -42.557  31.604  48.731 0.0000000000
111899  -42.482  30.671  48.253 0.0000000000
111887  -43.026  30.490  48.855 0.0000000000
109824  -44.389  27.264  48.716 0.0000000000
109195  -44.257  26.712  47.966 0.0000000000
108553  -45.064  26.120  47.539 0.0000000000
108595  -45.329  25.206  46.150 0.0000000000
108580  -45.553  25.481  46.681 0.0000000000
108582  -47.075  25.208  47.877 0.0000000000
107234  -47.552  23.596  45.480 0.0000000000
107921  -48.119  23.992  46.296 0.0000000000
116951  -42.463  38.773  47.483 0.0000000000
117659  -40.975  39.999  39.476 0.0000000000
118248  -40.708  40.927  39.893 0.0000000000
117042  -40.731  39.226  39.891 0.0000000000
115806  -40.770  37.141  40.996 0.0000000000
116406  -40.445  37.861  41.305 0.0000000000
115796  -40.432  36.773  41.726 0.0000000000
116398  -40.303  37.824  42.276 0.0000000000
115793  -40.174  36.763  42.811 0.0000000000
114508  -44.079  33.936  43.077 0.0000000000
113858  -43.067  33.887  42.952 0.0000000000
114502  -40.951  34.365  44.625 0.0000000000
114506  -41.186  34.278  43.635 0.0000000000
114505  -40.450  34.915  44.082 0.0000000000
115160  -40.071  36.243  43.945 0.0000000000
115153  -40.750  35.745  45.208 0.0000000000
115154  -41.178  35.771  45.728 0.0000000000
114488  -42.561  34.879  46.987 0.0000000000
115151  -42.467  35.805  47.130 0.0000000000
115138  -43.159  35.757  47.915 0.0000000000
115139  -43.715  35.601  48.659 0.0000000000
114475  -44.021  34.909  48.442 0.0000000000
112522  -45.092  31.804  48.369 0.0000000000
113157  -45.616  32.064  49.559 0.0000000000
112502  -46.025  31.515  50.366 0.0000000000
111878  -46.457  30.899  50.174 0.0000000000
111235  -46.746  28.785  46.827 0.0000000000
111234  -45.925  29.508  47.341 0.0000000000
110529  -47.183  28.429  47.456 0.0000000000
109812  -48.666  26.941  48.875 0.0000000000
110520  -47.779  27.981  49.145 0.0000000000
109811  -48.343  27.382  49.479 0.0000000000
111211  -47.633  28.794  50.591 0.0000000000
109803  -48.425  27.061  50.243 0.0000000000
108535  -48.293  25.641  49.808 0.0000000000
108536  -49.019  25.456  49.686 0.0000000000
107219  -50.130  23.476  46.287 0.0000000000
107218  -49.532  23.423  46.420 0.0000000000
106558  -49.893  22.618  45.092 0.0000000000
106572  -48.901  22.568  44.787 0.0000000000
106597  -49.441  21.948  43.125 0.0000000000
105930  -48.656  21.818  41.835 0.0000000000
105915  -50.010  21.836  42.994 0.0000000000
105939  -50.204  22.307  40.582 0.0000000000
105938  -49.678  21.975  40.660 0.0000000000
106613  -49.573  22.205  39.295 0.0000000000
105977  -48.792  22.318  38.607 0.0000000000
106623  -49.943  22.789  38.374 0.0000000000
107956  -50.045  24.465  42.380 0.0000000000
107965  -50.420  23.929  41.795 0.0000000000
107974  -49.728  24.301  40.785 0.0000000000
108016  -49.187  24.295  37.844 0.0000000000
107300  -49.772  23.672  38.321 0.0000000000
107309  -49.337  23.898  37.289 0.0000000000
106645  -48.823  23.265  36.400 0.0000000000
107317  -48.889  24.150  35.997 0.0000000000
107328  -48.223  23.702  34.716 0.0000000000
107329  -48.424  24.167  34.968 0.0000000000
108685  -47.292  25.468  35.159 0.0000000000
108695  -48.044  25.252  34.293 0.0000000000
109315  -47.242  25.928  33.763 0.0000000000
108701  -46.898  25.992  32.878 0.0000000000
109321  -46.593  26.178  33.205 0.0000000000
110578  -48.256  28.527  42.486 0.0000000000
110566  -48.448  27.953  42.954 0.0000000000
109879  -47.843  28.008  42.774 0.0000000000
108616  -45.500  25.599  42.129 0.0000000000
109249  -45.994  26.069  42.793 0.0000000000
108623  -46.439  24.798  41.594 0.0000000000
107959  -45.447  24.971  40.898 0.0000000000
109260  -43.247  26.176  40.168 0.0000000000
108660  -43.750  25.850  37.610 0.0000000000
108641  -44.433  25.412  39.033 0.0000000000
108642  -44.967  25.266  38.571 0.0000000000
107984  -45.721  24.940  38.552 0.0000000000
108653  -45.187  25.400  37.890 0.0000000000
108012  -45.995  25.333  37.148 0.0000000000
108662  -45.416  25.482  37.037 0.0000000000
109312  -44.788  26.512  33.827 0.0000000000
109320  -45.612  26.412  33.126 0.0000000000
105230  -45.203  19.932  42.091 0.0000000000
105947  -45.141  20.941  39.932 0.0000000000
115196  -48.574  34.940  36.789 0.0000000000
113268  -47.689  32.254  37.295 0.0000000000
119330  -40.434  42.254  42.347 0.0000000000
112572  -47.746  31.898  43.705 0.0000000000
112571  -46.937  32.158  43.847 0.0000000000
112565  -48.107  31.230  44.037 0.0000000000
111938  -48.527  30.635  44.290 0.0000000000
111925  -48.316  30.262  44.812 0.0000000000
111250  -48.503  29.523  45.261 0.0000000000
111261  -48.830  30.101  44.686 0.0000000000
109867  -49.379  27.367  43.983 0.0000000000
109866  -48.707  27.244  43.469 0.0000000000
118260  -44.333  40.804  38.330 0.0000000000
117672  -43.714  40.180  38.639 0.0000000000
117673  -44.505  39.755  38.451 0.0000000000
117051  -44.694  39.006  38.802 0.0000000000
117047  -44.943  38.608  39.279 0.0000000000
115817  -47.221  36.128  39.844 0.0000000000
114532  -47.921  34.589  39.935 0.0000000000
114526  -47.992  34.730  40.905 0.0000000000
113865  -48.241  33.876  41.693 0.0000000000
112585  -48.896  30.965  41.136 0.0000000000
102924  -40.294  18.516  43.504 0.0000000000
107263  -42.177  22.985  43.278 0.0000000000
106582  -42.251  22.488  43.094 0.0000000000
107264  -43.229  22.880  43.508 0.0000000000
106584  -43.679  22.110  43.509 0.0000000000
107266  -44.597  22.791  44.073 0.0000000000
107249  -45.084  22.888  44.383 0.0000000000
107935  -45.600  23.639  44.946 0.0000000000
117038  -31.619  38.567  39.100 0.0000000000
118820  -33.419  41.789  37.724 0.0000000000
118821  -34.290  41.894  38.309 0.0000000000
118809  -34.785  41.597  38.698 0.0000000000
118810  -35.525  41.836  38.996 0.0000000000
118811  -36.476  41.880  39.451 0.0000000000
119361  -36.878  43.161  39.397 0.0000000000
119926  -38.089  44.003  39.735 0.0000000000
119963  -39.761  44.219  37.718 0.0000000000
120532  -39.918  45.475  38.684 0.0000000000
120533  -40.529  45.586  38.490 0.0000000000
121113  -41.840  46.390  38.538 0.0000000000
121626  -42.827  46.452  38.349 0.0000000000
121098  -43.907  45.800  39.237 0.0000000000
121115  -43.950  46.123  38.172 0.0000000000
121133  -44.382  45.586  37.312 0.0000000000
119986  -45.319  43.973  36.683 0.0000000000
118288  -45.550  40.562  34.996 0.0000000000
118278  -46.008  41.048  35.361 0.0000000000
118289  -46.242  40.320  34.956 0.0000000000
117689  -47.709  39.923  34.977 0.0000000000
117690  -48.340  39.587  35.253 0.0000000000
117691  -48.588  39.000  35.500 0.0000000000
117700  -48.396  39.058  35.138 0.0000000000
115833  -48.473  36.349  34.901 0.0000000000
115841  -48.135  35.960  34.206 0.0000000000
114472  -39.515  34.723  47.880 0.0000000000
113814  -38.996  33.944  47.092 0.0000000000
113172  -39.480  32.610  46.682 0.0000000000
110537  -40.841  28.823  46.665 0.0000000000
111908  -40.862  30.474  46.622 0.0000000000
111233  -41.428  29.599  46.991 0.0000000000
111223  -42.050  29.544  47.519 0.0000000000
111876  -44.108  30.639  50.053 0.0000000000
111217  -43.632  29.763  49.406 0.0000000000
110508  -44.311  29.167  49.877 0.0000000000
109809  -44.767  27.736  49.546 0.0000000000
109180  -44.873  26.963  48.844 0.0000000000
108554  -45.952  25.930  47.810 0.0000000000
109197  -46.276  26.150  48.761 0.0000000000
108541  -46.980  25.554  49.103 0.0000000000
108556  -47.354  25.090  48.438 0.0000000000
117606  -43.127  40.189  44.807 0.0000000000
116967  -42.673  39.102  45.434 0.0000000000
116966  -42.179  38.448  45.692 0.0000000000
116415  -41.913  37.880  39.863 0.0000000000
117032  -40.971  38.486  39.957 0.0000000000
115807  -41.498  37.042  40.605 0.0000000000
115798  -42.032  36.331  41.036 0.0000000000
115175  -41.470  35.791  41.569 0.0000000000
113200  -43.456  32.699  43.792 0.0000000000
113850  -42.601  33.467  43.464 0.0000000000
113199  -42.714  32.727  44.212 0.0000000000
113846  -42.057  33.134  44.576 0.0000000000
113841  -41.508  33.861  45.167 0.0000000000
113829  -41.866  34.220  46.134 0.0000000000
113830  -42.558  33.642  46.644 0.0000000000
113818  -43.399  33.933  47.556 0.0000000000
113819  -44.204  33.812  48.320 0.0000000000
113165  -43.783  32.942  47.660 0.0000000000
111901  -45.478  30.579  48.073 0.0000000000
109842  -48.870  27.513  46.996 0.0000000000
109841  -48.291  27.566  47.585 0.0000000000
109827  -49.346  26.823  47.303 0.0000000000
109826  -48.809  26.992  47.999 0.0000000000
109199  -49.338  26.136  48.230 0.0000000000
108544  -49.335  25.178  48.922 0.0000000000
108557  -49.926  25.094  47.731 0.0000000000
107220  -50.360  23.733  46.046 0.0000000000
106559  -50.296  22.673  44.537 0.0000000000
105926  -50.110  21.985  42.331 0.0000000000
106591  -50.528  22.347  43.010 0.0000000000
106600  -50.629  22.790  42.068 0.0000000000
106605  -50.567  22.754  40.431 0.0000000000
107988  -49.545  24.257  39.833 0.0000000000
107987  -48.728  24.393  39.561 0.0000000000
108024  -48.341  24.981  36.159 0.0000000000
108023  -47.771  25.230  36.201 0.0000000000
108675  -47.176  25.289  35.985 0.0000000000
109878  -47.083  27.791  42.900 0.0000000000
109877  -45.961  27.262  42.987 0.0000000000
109248  -44.902  26.271  42.320 0.0000000000
109281  -43.106  26.333  38.024 0.0000000000
108671  -43.852  25.952  36.727 0.0000000000
108672  -44.616  25.864  36.314 0.0000000000
109304  -43.876  26.719  34.546 0.0000000000
109311  -43.768  26.422  33.698 0.0000000000
108699  -43.636  25.739  33.093 0.0000000000
108691  -43.191  26.099  33.758 0.0000000000
108690  -42.678  25.819  34.114 0.0000000000
102930  -42.768  18.023  42.496 0.0000000000
116433  -46.045  38.182  37.602 0.0000000000
116434  -46.776  37.533  37.478 0.0000000000
115190  -47.679  35.290  38.399 0.0000000000
114544  -47.914  34.498  38.926 0.0000000000
113239  -48.567  32.066  39.434 0.0000000000
112613  -47.809  31.127  39.076 0.0000000000
112612  -46.971  31.445  39.067 0.0000000000
112627  -47.279  31.637  38.456 0.0000000000
106581  -40.070  22.387  43.096 0.0000000000
107262  -40.910  23.324  43.260 0.0000000000
107930  -40.531  24.369  44.570 0.0000000000
107941  -41.090  24.079  43.966 0.0000000000
107942  -41.884  23.929  43.798 0.0000000000
107932  -42.583  24.465  44.465 0.0000000000
118831  -32.172  42.124  37.105 0.0000000000
119394  -33.460  42.958  37.469 0.0000000000
119395  -34.042  43.178  37.799 0.0000000000
119940  -34.752  44.280  38.093 0.0000000000
120003  -42.573  43.946  35.785 0.0000000000
118277  -45.065  41.078  35.112 0.0000000000
117688  -45.080  40.467  34.884 0.0000000000
116444  -45.993  37.672  33.974 0.0000000000
113147  -43.320  32.518  49.693 0.0000000000
112500  -43.629  31.635  49.788 0.0000000000
111877  -44.800  30.898  50.528 0.0000000000
111864  -45.516  30.687  50.839 0.0000000000
117009  -41.347  39.447  42.822 0.0000000000
115168  -45.281  35.313  42.395 0.0000000000
115167  -44.248  35.164  42.327 0.0000000000
114517  -44.858  34.613  42.781 0.0000000000
114509  -44.525  33.994  43.095 0.0000000000
112570  -46.334  32.300  43.789 0.0000000000
113202  -45.660  32.615  43.701 0.0000000000
113201  -44.500  32.669  43.673 0.0000000000
113195  -43.957  31.912  44.140 0.0000000000
112562  -44.521  31.079  44.866 0.0000000000
111934  -44.930  30.447  45.677 0.0000000000
111921  -44.884  30.307  46.438 0.0000000000
111922  -45.542  29.905  45.985 0.0000000000
111248  -46.254  29.368  46.270 0.0000000000
111236  -47.352  28.618  46.482 0.0000000000
110555  -48.172  28.865  45.778 0.0000000000
109228  -49.808  26.580  45.650 0.0000000000
108600  -50.177  25.260  44.494 0.0000000000
108609  -50.159  25.033  43.975 0.0000000000
107947  -49.543  24.887  43.149 0.0000000000
107955  -49.215  24.509  42.536 0.0000000000
107962  -48.088  24.268  41.447 0.0000000000
107971  -46.886  24.504  40.106 0.0000000000
109253  -42.689  26.799  40.747 0.0000000000
109259  -42.461  26.712  39.623 0.0000000000
109271  -42.480  26.841  38.501 0.0000000000
109931  -42.286  27.617  35.883 0.0000000000
119364  -41.610  43.022  39.604 0.0000000000
119363  -40.944  42.395  40.003 0.0000000000
118823  -41.597  41.924  38.938 0.0000000000
118249  -41.262  40.969  39.114 0.0000000000
117660  -42.023  40.065  38.878 0.0000000000
117661  -43.061  39.611  38.775 0.0000000000
117044  -42.506  39.079  39.231 0.0000000000
116424  -42.828  38.375  39.572 0.0000000000
116416  -43.172  37.689  40.081 0.0000000000
115809  -43.678  37.032  40.679 0.0000000000
115800  -44.186  36.489  41.344 0.0000000000
116430  -45.817  37.981  38.251 0.0000000000
116427  -45.582  37.948  39.472 0.0000000000
116419  -45.984  37.475  40.395 0.0000000000
116420  -46.400  37.147  40.349 0.0000000000
115811  -45.629  37.169  41.030 0.0000000000
115801  -45.187  36.557  41.469 0.0000000000
115169  -46.243  35.341  42.405 0.0000000000
113854  -47.134  33.758  43.319 0.0000000000
113861  -47.975  33.570  42.412 0.0000000000
113209  -47.968  32.874  42.983 0.0000000000
113205  -48.069  32.280  43.238 0.0000000000
111948  -48.880  30.651  43.119 0.0000000000
110580  -49.151  28.590  42.941 0.0000000000
111275  -49.100  29.222  42.642 0.0000000000
111274  -48.627  29.078  42.257 0.0000000000
111289  -48.452  29.586  41.794 0.0000000000
111273  -48.014  29.070  42.052 0.0000000000
112600  -48.106  30.909  39.737 0.0000000000
111976  -47.869  30.453  40.321 0.0000000000
111959  -46.786  30.242  41.116 0.0000000000
112584  -46.045  30.766  40.842 0.0000000000
111974  -46.457  30.600  40.796 0.0000000000
111286  -46.462  29.973  41.528 0.0000000000
105222  -40.794  20.789  42.730 0.0000000000
104462  -41.125  20.341  42.665 0.0000000000
104463  -41.588  20.041  42.671 0.0000000000
105920  -42.351  21.491  42.792 0.0000000000
105224  -42.298  20.485  42.696 0.0000000000
104456  -41.601  19.314  42.919 0.0000000000
102926  -41.914  17.767  42.895 0.0000000000
102927  -42.712  18.018  42.854 0.0000000000
103705  -42.974  18.186  42.756 0.0000000000
103703  -44.167  19.293  42.718 0.0000000000
104466  -44.449  19.406  42.529 0.0000000000
104460  -45.112  19.922  43.018 0.0000000000
105220  -45.988  20.997  43.281 0.0000000000
105922  -46.540  21.253  43.150 0.0000000000
105913  -47.162  21.810  43.492 0.0000000000
117654  -32.373  39.111  38.683 0.0000000000
118255  -33.875  40.677  38.404 0.0000000000
117669  -33.629  39.882  38.647 0.0000000000
117041  -34.649  39.417  39.803 0.0000000000
117030  -35.629  39.298  40.693 0.0000000000
117634  -36.347  39.449  41.032 0.0000000000
117647  -37.319  40.151  41.175 0.0000000000
118238  -37.527  40.744  40.970 0.0000000000
118794  -38.524  41.831  41.594 0.0000000000
118803  -38.534  42.607  40.928 0.0000000000
119892  -40.642  43.931  41.508 0.0000000000
120501  -41.508  44.599  41.273 0.0000000000
120498  -39.178  44.698  39.935 0.0000000000
121111  -39.553  45.781  39.049 0.0000000000
121095  -39.970  45.611  39.605 0.0000000000
120499  -39.795  44.895  40.435 0.0000000000
121065  -40.924  45.427  41.165 0.0000000000
120481  -41.603  44.995  41.256 0.0000000000
119912  -42.100  44.436  40.537 0.0000000000
119929  -42.578  44.081  39.881 0.0000000000
119943  -43.015  43.658  39.300 0.0000000000
119381  -43.942  42.718  38.643 0.0000000000
120534  -44.513  44.680  38.655 0.0000000000
118826  -44.178  41.768  38.363 0.0000000000
118267  -45.417  40.624  37.080 0.0000000000
117677  -46.008  39.623  36.742 0.0000000000
120582  -43.924  44.572  35.916 0.0000000000
120005  -44.896  43.876  35.855 0.0000000000
119987  -45.833  43.352  36.137 0.0000000000
118847  -46.346  41.724  35.599 0.0000000000
119410  -46.227  42.571  35.831 0.0000000000
119397  -46.002  42.553  36.412 0.0000000000
118270  -46.204  40.757  36.396 0.0000000000
117678  -46.596  39.090  36.705 0.0000000000
117059  -46.940  38.535  36.695 0.0000000000
116438  -47.958  37.478  36.724 0.0000000000
115826  -48.520  36.453  36.387 0.0000000000
116439  -48.716  37.446  36.084 0.0000000000
113949  -48.727  33.548  33.881 0.0000000000
115839  -46.808  36.334  33.682 0.0000000000
115244  -47.306  35.839  33.219 0.0000000000
109192  -41.116  26.490  47.188 0.0000000000
110525  -41.080  28.173  47.106 0.0000000000
109215  -41.712  26.116  47.056 0.0000000000
108577  -42.151  25.777  46.611 0.0000000000
108593  -43.720  25.482  45.983 0.0000000000
112520  -42.098  31.246  48.006 0.0000000000
111224  -42.584  29.608  48.198 0.0000000000
110527  -42.847  28.481  48.292 0.0000000000
110516  -43.211  29.065  48.788 0.0000000000
110528  -43.414  28.438  48.688 0.0000000000
109217  -43.437  26.346  47.243 0.0000000000
108594  -44.799  25.316  46.103 0.0000000000
107919  -45.633  24.722  45.756 0.0000000000
107233  -46.489  23.755  45.206 0.0000000000
107898  -46.397  25.021  46.559 0.0000000000
107251  -47.056  23.080  44.711 0.0000000000
106571  -47.602  22.541  44.413 0.0000000000
106588  -47.966  22.244  43.923 0.0000000000
117543  -42.737  39.816  47.411 0.0000000000
116937  -42.272  38.610  48.215 0.0000000000
116357  -42.460  37.786  48.543 0.0000000000
118813  -40.805  41.777  40.373 0.0000000000
117638  -40.842  39.994  41.469 0.0000000000
117031  -40.558  38.871  40.719 0.0000000000
117629  -41.014  39.544  42.238 0.0000000000
117008  -40.772  38.748  42.756 0.0000000000
116994  -40.879  38.539  43.218 0.0000000000
115166  -43.128  35.057  42.242 0.0000000000
115165  -41.945  35.108  42.142 0.0000000000
115164  -40.673  35.598  42.319 0.0000000000
114507  -41.873  34.025  43.175 0.0000000000
114514  -41.420  34.626  42.803 0.0000000000
115790  -40.238  36.731  43.799 0.0000000000
116391  -40.966  38.129  43.861 0.0000000000
115786  -41.015  37.346  44.811 0.0000000000
116383  -41.542  37.923  45.274 0.0000000000
116379  -41.961  37.675  46.203 0.0000000000
115150  -41.769  35.800  46.399 0.0000000000
115777  -41.803  36.723  46.341 0.0000000000
116380  -42.308  37.731  46.823 0.0000000000
115769  -42.881  36.861  48.223 0.0000000000
115128  -43.949  35.496  49.224 0.0000000000
114465  -44.391  34.790  49.454 0.0000000000
114458  -44.375  34.144  49.722 0.0000000000
113820  -44.557  33.674  48.737 0.0000000000
113809  -44.715  33.534  49.121 0.0000000000
113800  -44.620  33.391  49.631 0.0000000000
113139  -45.600  31.913  50.416 0.0000000000
112488  -45.740  31.448  50.679 0.0000000000
111199  -46.963  29.770  51.268 0.0000000000
111911  -45.212  29.934  46.979 0.0000000000
111218  -46.433  30.062  48.994 0.0000000000
110519  -47.186  28.609  48.624 0.0000000000
111219  -46.762  29.688  49.250 0.0000000000
111890  -46.652  30.203  49.481 0.0000000000
111210  -47.295  29.630  50.441 0.0000000000
111200  -47.428  29.080  51.059 0.0000000000
110501  -47.046  28.677  51.316 0.0000000000
109169  -47.338  27.113  50.867 0.0000000000
108542  -47.874  25.054  49.233 0.0000000000
107877  -48.597  24.420  48.226 0.0000000000
107878  -49.583  24.211  48.159 0.0000000000
107900  -48.927  24.003  47.148 0.0000000000
107922  -48.880  23.558  46.248 0.0000000000
107253  -48.665  22.928  45.333 0.0000000000
105914  -48.006  21.999  43.352 0.0000000000
105924  -48.535  21.913  42.806 0.0000000000
105950  -48.169  21.617  39.968 0.0000000000
105931  -49.554  21.906  41.634 0.0000000000
105951  -49.125  22.049  39.813 0.0000000000
105965  -48.479  22.000  39.145 0.0000000000
105976  -48.075  22.057  38.350 0.0000000000
106632  -47.582  22.284  37.505 0.0000000000
107957  -50.494  23.888  42.510 0.0000000000
107281  -50.658  23.289  41.290 0.0000000000
106615  -50.476  22.854  39.409 0.0000000000
108004  -50.047  24.008  39.184 0.0000000000
107301  -50.201  23.638  38.895 0.0000000000
107327  -47.594  23.463  34.599 0.0000000000
107338  -47.894  23.980  33.901 0.0000000000
108032  -48.334  24.752  35.135 0.0000000000
108703  -48.081  24.959  33.704 0.0000000000
109237  -47.252  26.266  43.348 0.0000000000
109864  -46.826  27.042  43.166 0.0000000000
108605  -47.103  25.573  43.102 0.0000000000
108617  -46.796  25.058  42.466 0.0000000000
107961  -47.072  24.491  41.290 0.0000000000
109247  -43.877  26.728  42.046 0.0000000000
108640  -43.833  25.729  39.599 0.0000000000
108628  -44.691  25.377  40.047 0.0000000000
107969  -45.084  25.122  40.567 0.0000000000
107970  -45.699  24.845  39.910 0.0000000000
108013  -46.498  25.185  37.145 0.0000000000
108674  -46.308  25.427  36.028 0.0000000000
108684  -46.572  25.561  35.308 0.0000000000
108682  -45.055  25.958  35.704 0.0000000000
109306  -45.659  25.992  34.790 0.0000000000
103699  -40.800  18.835  43.188 0.0000000000
103706  -43.390  18.495  42.511 0.0000000000
103707  -44.023  19.057  42.475 0.0000000000
104455  -40.637  19.837  42.969 0.0000000000
104457  -42.493  19.172  42.964 0.0000000000
104464  -42.314  19.739  42.786 0.0000000000
105225  -42.919  20.115  42.860 0.0000000000
105226  -45.447  20.157  42.753 0.0000000000
105227  -45.977  20.714  42.907 0.0000000000
105900  -45.449  21.715  44.073 0.0000000000
105916  -50.193  21.909  42.863 0.0000000000
105925  -49.638  21.895  42.704 0.0000000000
105948  -45.668  20.906  40.361 0.0000000000
105952  -49.856  22.167  39.854 0.0000000000
105953  -50.238  22.445  39.860 0.0000000000
106557  -49.517  22.754  45.369 0.0000000000
106568  -45.083  22.357  44.197 0.0000000000
106573  -49.832  22.307  44.251 0.0000000000
106574  -50.381  22.362  43.874 0.0000000000
106583  -42.654  22.155  43.118 0.0000000000
106585  -44.723  22.158  43.969 0.0000000000
106592  -50.654  22.713  42.496 0.0000000000
106594  -40.979  22.352  42.835 0.0000000000
106596  -42.317  22.001  42.908 0.0000000000
106598  -49.738  21.873  43.084 0.0000000000
106599  -50.437  22.424  42.147 0.0000000000
106602  -50.552  22.624  41.383 0.0000000000
106603  -50.718  22.976  41.741 0.0000000000
106622  -49.421  22.415  38.713 0.0000000000
106624  -50.282  23.281  38.817 0.0000000000
106646  -49.209  23.713  36.729 0.0000000000
106659  -48.537  23.683  35.485 0.0000000000
107235  -48.438  23.339  45.678 0.0000000000
107237  -49.871  22.925  45.815 0.0000000000
107238  -50.342  23.315  45.328 0.0000000000
107267  -50.718  23.217  42.784 0.0000000000
107268  -50.728  22.975  42.395 0.0000000000
107274  -49.657  24.475  42.031 0.0000000000
107275  -49.960  24.517  42.005 0.0000000000
107276  -50.650  23.429  42.061 0.0000000000
107280  -49.796  24.503  41.818 0.0000000000
107282  -50.680  23.191  41.818 0.0000000000
107284  -50.530  23.407  40.232 0.0000000000
107292  -50.371  23.542  39.404 0.0000000000
107318  -49.226  24.055  36.687 0.0000000000
107350  -48.121  24.162  33.869 0.0000000000
107870  -48.077  24.746  48.969 0.0000000000
107871  -48.374  24.638  48.952 0.0000000000
107872  -48.988  24.519  48.863 0.0000000000
107876  -47.973  24.712  48.581 0.0000000000
107901  -49.919  23.698  47.176 0.0000000000
107902  -50.383  24.071  46.670 0.0000000000
107963  -49.171  24.321  41.697 0.0000000000
107964  -49.935  24.371  41.630 0.0000000000
107972  -47.916  24.325  40.367 0.0000000000
107989  -50.150  23.958  40.050 0.0000000000
108040  -48.254  24.612  34.334 0.0000000000
108050  -48.133  24.432  33.801 0.0000000000
108537  -49.173  25.545  49.395 0.0000000000
108552  -41.080  26.000  47.013 0.0000000000
108558  -50.317  24.692  47.089 0.0000000000
108581  -46.575  25.377  47.405 0.0000000000
108584  -50.399  24.895  46.379 0.0000000000
108606  -47.815  25.231  43.216 0.0000000000
108615  -44.998  25.789  41.963 0.0000000000
108622  -45.825  25.106  41.585 0.0000000000
108652  -44.441  25.565  38.171 0.0000000000
108663  -46.093  25.393  36.711 0.0000000000
108664  -46.734  25.253  36.569 0.0000000000
108673  -45.534  25.634  36.205 0.0000000000
108676  -47.767  25.274  35.729 0.0000000000
108692  -46.126  25.836  34.811 0.0000000000
108694  -47.381  25.660  34.301 0.0000000000
109168  -47.069  27.215  50.875 0.0000000000
109174  -46.761  26.958  50.456 0.0000000000
109175  -47.907  26.494  50.537 0.0000000000
109176  -48.772  26.178  49.818 0.0000000000
109177  -49.065  25.750  49.578 0.0000000000
109181  -45.761  26.861  49.486 0.0000000000
109182  -46.614  26.226  49.602 0.0000000000
109183  -48.963  26.435  49.070 0.0000000000
109198  -48.955  26.627  48.552 0.0000000000
109214  -41.304  26.040  47.035 0.0000000000
109236  -46.512  26.591  43.099 0.0000000000
109296  -42.887  27.267  35.866 0.0000000000
109298  -44.523  26.174  35.661 0.0000000000
109314  -46.881  26.085  33.916 0.0000000000
109322  -47.087  26.049  33.530 0.0000000000
109792  -46.574  28.274  51.112 0.0000000000
109793  -46.993  27.655  51.029 0.0000000000
109800  -45.190  28.025  50.182 0.0000000000
109801  -45.928  27.867  50.540 0.0000000000
109804  -48.659  26.800  49.542 0.0000000000
109808  -44.133  27.983  49.069 0.0000000000
110502  -47.576  28.285  50.983 0.0000000000
110512  -48.029  28.011  50.262 0.0000000000
110518  -44.468  28.476  49.760 0.0000000000
110530  -47.679  27.924  47.970 0.0000000000
110539  -47.304  28.473  46.809 0.0000000000
110541  -49.045  28.042  46.140 0.0000000000
111197  -45.467  29.984  50.921 0.0000000000
111198  -46.053  29.964  51.131 0.0000000000
111208  -44.205  29.865  49.959 0.0000000000
111225  -46.215  29.902  48.499 0.0000000000
111232  -40.572  29.666  46.336 0.0000000000
111865  -46.410  30.869  51.005 0.0000000000
111879  -46.844  30.303  49.892 0.0000000000
111889  -46.311  30.536  49.220 0.0000000000
111942  -48.772  30.663  43.736 0.0000000000
112510  -43.153  31.298  49.256 0.0000000000
112511  -45.551  31.905  49.185 0.0000000000
112512  -45.967  31.536  49.645 0.0000000000
112521  -44.418  32.240  47.772 0.0000000000
112532  -40.991  31.150  46.868 0.0000000000
112533  -43.149  32.145  46.535 0.0000000000
112551  -43.596  31.470  45.880 0.0000000000
113138  -45.436  31.865  50.480 0.0000000000
113150  -45.654  32.100  49.980 0.0000000000
113161  -39.927  32.864  47.060 0.0000000000
113164  -43.417  33.283  47.471 0.0000000000
113174  -43.060  32.956  47.151 0.0000000000
113193  -42.551  32.477  45.059 0.0000000000
113194  -43.142  32.183  44.459 0.0000000000
113849  -41.777  33.802  43.564 0.0000000000
113853  -46.042  33.536  43.442 0.0000000000
113855  -47.691  33.289  43.102 0.0000000000
113859  -43.347  33.762  43.102 0.0000000000
114466  -44.550  34.066  49.410 0.0000000000
114498  -41.133  34.955  45.617 0.0000000000
114501  -40.559  35.073  44.948 0.0000000000
114522  -47.850  34.498  41.751 0.0000000000
115116  -44.042  35.286  49.727 0.0000000000
115156  -40.183  36.107  44.208 0.0000000000
115157  -40.337  35.655  44.464 0.0000000000
115161  -40.142  35.812  43.581 0.0000000000
115180  -46.621  35.935  41.962 0.0000000000
115260  -47.085  35.925  32.731 0.0000000000
115781  -40.817  36.270  45.127 0.0000000000
115784  -40.321  36.279  44.341 0.0000000000
115789  -40.233  36.359  44.149 0.0000000000
115797  -41.096  36.461  41.183 0.0000000000
115816  -46.733  36.761  40.185 0.0000000000
115831  -47.438  36.762  34.290 0.0000000000
116386  -40.727  37.470  44.140 0.0000000000
116387  -41.273  38.142  44.403 0.0000000000
116423  -42.192  38.570  39.515 0.0000000000
116950  -42.272  39.155  47.830 0.0000000000
116960  -42.247  38.257  46.094 0.0000000000
117065  -48.812  38.297  35.709 0.0000000000
117646  -36.847  40.128  40.829 0.0000000000
117655  -33.332  39.313  38.959 0.0000000000
117658  -35.562  40.116  39.940 0.0000000000
117663  -44.324  39.222  38.844 0.0000000000
117671  -42.900  40.435  38.603 0.0000000000
117681  -46.605  40.190  36.331 0.0000000000
117684  -48.672  38.879  35.910 0.0000000000
118230  -41.422  40.634  42.160 0.0000000000
118257  -41.978  41.106  38.602 0.0000000000
118259  -43.525  41.047  38.539 0.0000000000
118263  -31.053  40.899  37.430 0.0000000000
118290  -46.982  39.997  34.929 0.0000000000
118793  -37.960  41.350  41.160 0.0000000000
118801  -36.972  41.566  39.897 0.0000000000
118812  -37.211  42.228  39.748 0.0000000000
118819  -32.632  41.637  37.401 0.0000000000
118832  -32.852  42.303  37.328 0.0000000000
118839  -46.834  41.175  35.646 0.0000000000
118846  -45.606  41.896  35.352 0.0000000000
119347  -38.808  43.157  40.778 0.0000000000
119379  -41.988  42.504  38.854 0.0000000000
119396  -45.443  42.529  37.151 0.0000000000
119425  -45.915  42.468  35.537 0.0000000000
119890  -39.382  43.599  41.009 0.0000000000
119893  -41.251  44.043  41.501 0.0000000000
119910  -39.640  44.290  40.791 0.0000000000
119911  -41.580  44.183  40.973 0.0000000000
119928  -41.812  43.878  40.340 0.0000000000
119930  -43.539  44.209  39.450 0.0000000000
119944  -43.727  43.535  39.030 0.0000000000
120480  -41.132  44.772  41.450 0.0000000000
120500  -40.442  45.357  40.774 0.0000000000
120502  -41.940  44.897  40.975 0.0000000000
120515  -39.419  45.177  39.683 0.0000000000
120569  -40.974  44.456  36.908 0.0000000000
120572  -44.076  45.110  36.292 0.0000000000
120573  -44.875  44.951  36.506 0.0000000000
120581  -43.270  44.402  35.858 0.0000000000
121066  -41.514  45.360  41.157 0.0000000000
121067  -41.804  45.252  41.076 0.0000000000
121080  -40.313  45.628  40.275 0.0000000000
121083  -42.150  45.703  40.838 0.0000000000
121094  -39.330  45.521  39.312 0.0000000000
121096  -40.567  46.141  39.896 0.0000000000
121099  -44.350  45.230  38.935 0.0000000000
121110  -39.061  45.602  39.093 0.0000000000
121114  -42.435  46.425  38.389 0.0000000000
121129  -40.834  45.655  38.352 0.0000000000
121130  -41.418  45.823  38.091 0.0000000000
121132  -43.514  45.973  37.469 0.0000000000
121143  -43.061  45.684  37.037 0.0000000000
121145  -44.315  45.377  36.658 0.0000000000
121598  -41.003  46.252  40.493 0.0000000000
121599  -41.244  46.267  40.535 0.0000000000
121600  -41.746  46.264  40.566 0.0000000000
121609  -40.988  46.359  40.243 0.0000000000
121611  -42.296  46.427  39.994 0.0000000000
121619  -42.512  46.609  38.965 0.0000000000
121620  -43.315  46.390  38.714 0.0000000000
121627  -43.256  46.295  38.062 0.0000000000
