#!ascii label  , from subject A00073525 vox2ras=TkReg
1067
58616  -40.636  -24.821  68.450 0.0000000000
52225  -20.060  -31.850  70.266 0.0000000000
53313  -30.791  -30.533  67.535 0.0000000000
78855  -44.427  -7.122  51.095 0.0000000000
78904  -52.327  -7.629  46.439 0.0000000000
51015  -11.636  -31.992  75.486 0.0000000000
76775  -41.007  -9.631  53.704 0.0000000000
65292  -40.552  -19.600  67.088 0.0000000000
56514  -35.737  -28.008  67.894 0.0000000000
52198  -15.459  -31.497  71.406 0.0000000000
48764  -16.406  -35.092  75.726 0.0000000000
59680  -36.250  -24.274  64.974 0.0000000000
63134  -37.636  -20.801  66.243 0.0000000000
53261  -25.095  -31.014  68.985 0.0000000000
58642  -31.923  -25.444  66.513 0.0000000000
66489  -37.767  -18.388  55.436 0.0000000000
71313  -41.590  -14.941  54.079 0.0000000000
74745  -45.753  -12.137  51.870 0.0000000000
44147  -9.615  -39.324  78.585 0.0000000000
43128  -7.711  -40.237  82.534 0.0000000000
64283  -32.761  -20.592  64.485 0.0000000000
67547  -31.217  -18.872  60.486 0.0000000000
68749  -32.944  -16.635  57.107 0.0000000000
46456  -12.616  -37.276  76.811 0.0000000000
51127  -19.653  -32.755  72.388 0.0000000000
52181  -22.192  -32.230  72.022 0.0000000000
56517  -37.984  -26.672  68.229 0.0000000000
54353  -17.503  -28.911  69.728 0.0000000000
52222  -17.321  -31.396  70.443 0.0000000000
51095  -17.751  -33.172  72.315 0.0000000000
59629  -35.778  -24.529  67.811 0.0000000000
59678  -34.281  -24.734  65.366 0.0000000000
70059  -37.312  -15.175  55.208 0.0000000000
68782  -40.405  -17.019  54.923 0.0000000000
71311  -39.402  -14.501  54.057 0.0000000000
74759  -42.343  -11.222  51.823 0.0000000000
75830  -44.263  -10.130  50.285 0.0000000000
75814  -47.134  -10.749  51.286 0.0000000000
76844  -45.603  -9.109  49.225 0.0000000000
76856  -47.686  -9.105  48.393 0.0000000000
65287  -34.548  -19.841  67.703 0.0000000000
64264  -35.287  -20.516  65.188 0.0000000000
64241  -32.018  -20.522  66.578 0.0000000000
67513  -28.877  -17.702  62.828 0.0000000000
71167  -29.603  -15.078  60.003 0.0000000000
68737  -31.175  -16.777  58.581 0.0000000000
72392  -31.116  -13.481  58.738 0.0000000000
72425  -33.113  -13.489  56.663 0.0000000000
53287  -27.765  -31.591  67.707 0.0000000000
47611  -10.337  -35.551  76.885 0.0000000000
47628  -11.656  -35.276  75.354 0.0000000000
41244  -7.359  -42.323  84.662 0.0000000000
40272  -5.511  -42.042  84.034 0.0000000000
73637  -39.748  -11.656  55.651 0.0000000000
66326  -38.989  -18.294  66.848 0.0000000000
55480  -33.761  -29.436  68.078 0.0000000000
52144  -12.887  -31.727  73.781 0.0000000000
49900  -13.701  -34.524  73.578 0.0000000000
49929  -15.556  -33.713  72.591 0.0000000000
77906  -53.750  -8.697  45.825 0.0000000000
58665  -38.618  -25.105  65.778 0.0000000000
60754  -39.582  -23.438  65.911 0.0000000000
61928  -37.791  -23.020  65.420 0.0000000000
54388  -19.600  -28.788  68.349 0.0000000000
53258  -22.271  -30.930  68.984 0.0000000000
54410  -22.868  -28.831  67.256 0.0000000000
54431  -25.147  -28.889  66.159 0.0000000000
55536  -28.316  -28.365  65.351 0.0000000000
56534  -29.117  -26.324  67.043 0.0000000000
55539  -30.943  -28.106  66.115 0.0000000000
56579  -33.196  -26.870  65.405 0.0000000000
56561  -36.223  -26.578  66.040 0.0000000000
65418  -38.605  -19.819  57.887 0.0000000000
73653  -41.203  -12.626  53.067 0.0000000000
72466  -44.337  -13.704  53.113 0.0000000000
76858  -49.046  -9.341  47.748 0.0000000000
43141  -8.306  -39.657  81.025 0.0000000000
41261  -9.643  -41.775  83.500 0.0000000000
64268  -39.342  -20.439  64.931 0.0000000000
66364  -36.890  -19.029  64.507 0.0000000000
67479  -34.736  -18.342  64.556 0.0000000000
65334  -29.297  -19.656  64.956 0.0000000000
65362  -31.324  -19.985  61.950 0.0000000000
67496  -33.759  -17.916  63.210 0.0000000000
68696  -34.118  -17.440  61.413 0.0000000000
68726  -35.247  -17.539  59.866 0.0000000000
66453  -35.923  -18.824  58.656 0.0000000000
67592  -34.835  -17.916  55.655 0.0000000000
71272  -35.930  -14.020  55.977 0.0000000000
52209  -25.545  -32.269  71.269 0.0000000000
47599  -8.827  -35.897  78.123 0.0000000000
45266  -11.096  -38.491  77.923 0.0000000000
47631  -14.587  -36.069  75.632 0.0000000000
40270  -4.294  -42.294  83.361 0.0000000000
52203  -19.740  -32.077  71.069 0.0000000000
52180  -21.234  -32.342  71.964 0.0000000000
52205  -21.638  -31.950  71.167 0.0000000000
57571  -39.149  -26.038  68.240 0.0000000000
53254  -18.030  -30.096  69.470 0.0000000000
53253  -17.507  -29.875  69.723 0.0000000000
52224  -19.146  -31.662  70.152 0.0000000000
52202  -18.865  -32.103  70.932 0.0000000000
70037  -37.795  -14.011  55.748 0.0000000000
71295  -38.635  -14.599  54.545 0.0000000000
71296  -38.746  -13.505  54.819 0.0000000000
77853  -43.551  -7.829  51.373 0.0000000000
76822  -42.713  -9.115  50.619 0.0000000000
77863  -43.746  -8.241  50.322 0.0000000000
76824  -44.403  -9.323  49.823 0.0000000000
77870  -44.934  -8.202  49.239 0.0000000000
77871  -45.713  -8.235  48.985 0.0000000000
64223  -33.391  -20.455  67.164 0.0000000000
71141  -29.352  -14.598  62.138 0.0000000000
71187  -30.360  -14.218  59.323 0.0000000000
72371  -30.838  -13.180  59.836 0.0000000000
72372  -31.607  -12.520  59.195 0.0000000000
53311  -29.423  -30.830  66.925 0.0000000000
53265  -29.469  -31.582  68.611 0.0000000000
53290  -30.696  -30.858  68.085 0.0000000000
49824  -10.603  -33.323  76.464 0.0000000000
49877  -11.348  -33.604  75.289 0.0000000000
77904  -51.742  -8.482  46.251 0.0000000000
40273  -6.149  -41.950  84.308 0.0000000000
64200  -41.530  -20.689  69.027 0.0000000000
66327  -39.762  -18.863  67.107 0.0000000000
55481  -34.678  -28.893  68.184 0.0000000000
55462  -35.507  -29.171  69.131 0.0000000000
54312  -15.481  -29.911  71.344 0.0000000000
53192  -14.093  -29.897  72.740 0.0000000000
53182  -13.785  -29.572  73.752 0.0000000000
53191  -14.130  -31.054  72.512 0.0000000000
51121  -14.428  -33.125  72.525 0.0000000000
51122  -15.416  -32.727  71.872 0.0000000000
51065  -18.953  -33.386  73.595 0.0000000000
49903  -18.481  -33.760  73.964 0.0000000000
58674  -37.557  -24.853  64.646 0.0000000000
60764  -38.373  -23.829  64.638 0.0000000000
60751  -37.608  -23.490  64.848 0.0000000000
56503  -20.753  -27.918  68.123 0.0000000000
54390  -21.615  -29.186  67.864 0.0000000000
55478  -21.734  -28.015  68.004 0.0000000000
56550  -24.533  -27.496  66.995 0.0000000000
55518  -25.585  -28.161  65.997 0.0000000000
55519  -26.451  -28.354  65.494 0.0000000000
56572  -27.046  -27.632  65.528 0.0000000000
57566  -31.306  -25.504  68.252 0.0000000000
57583  -30.445  -25.910  66.812 0.0000000000
57598  -29.629  -26.770  65.814 0.0000000000
57616  -31.390  -26.522  65.750 0.0000000000
56578  -32.244  -27.130  65.674 0.0000000000
57617  -32.363  -26.310  65.412 0.0000000000
59679  -35.122  -24.614  65.182 0.0000000000
57620  -35.171  -25.832  64.818 0.0000000000
57621  -36.156  -25.782  64.853 0.0000000000
57604  -37.466  -25.816  65.857 0.0000000000
65435  -38.049  -19.212  56.334 0.0000000000
65438  -39.691  -19.646  57.045 0.0000000000
66480  -39.128  -19.128  56.002 0.0000000000
68799  -40.813  -16.338  54.614 0.0000000000
68783  -41.286  -17.056  55.117 0.0000000000
75757  -40.383  -10.661  55.106 0.0000000000
73645  -39.766  -12.130  54.045 0.0000000000
75777  -40.639  -10.750  53.399 0.0000000000
74743  -43.687  -12.073  51.731 0.0000000000
73664  -43.443  -12.587  52.180 0.0000000000
72477  -44.851  -13.362  52.563 0.0000000000
72467  -45.345  -13.797  53.209 0.0000000000
76857  -48.159  -8.951  48.079 0.0000000000
77880  -48.328  -8.150  47.510 0.0000000000
77892  -49.194  -8.093  47.073 0.0000000000
45238  -7.929  -37.598  79.206 0.0000000000
44121  -7.851  -38.780  80.079 0.0000000000
43153  -8.637  -39.661  80.103 0.0000000000
41270  -10.503  -41.499  83.006 0.0000000000
41236  -9.104  -41.970  85.179 0.0000000000
63147  -38.105  -21.410  64.932 0.0000000000
63148  -39.118  -21.317  64.910 0.0000000000
64263  -34.350  -20.603  65.243 0.0000000000
64287  -36.370  -20.194  64.608 0.0000000000
65338  -34.901  -19.609  64.268 0.0000000000
66363  -36.062  -18.943  64.258 0.0000000000
65337  -34.053  -19.660  64.088 0.0000000000
67475  -28.843  -17.680  65.096 0.0000000000
66421  -29.664  -18.330  60.809 0.0000000000
65374  -29.402  -19.178  61.867 0.0000000000
66423  -30.681  -19.304  61.029 0.0000000000
66386  -32.636  -19.220  62.192 0.0000000000
67534  -32.350  -18.889  61.365 0.0000000000
68679  -33.834  -17.741  62.076 0.0000000000
68708  -32.687  -17.963  60.366 0.0000000000
68748  -32.115  -16.465  57.548 0.0000000000
68724  -33.142  -17.482  59.352 0.0000000000
68740  -33.642  -17.602  58.116 0.0000000000
67564  -35.492  -17.897  59.409 0.0000000000
67573  -34.102  -18.371  57.987 0.0000000000
66466  -35.041  -19.242  57.493 0.0000000000
68759  -33.409  -16.386  56.188 0.0000000000
72395  -34.483  -11.950  58.013 0.0000000000
72427  -34.748  -13.578  56.216 0.0000000000
72413  -35.794  -13.033  56.990 0.0000000000
53260  -24.032  -30.878  68.897 0.0000000000
52229  -24.094  -31.582  70.508 0.0000000000
53234  -25.473  -31.688  69.690 0.0000000000
46466  -11.026  -36.567  76.574 0.0000000000
46455  -10.210  -36.658  77.016 0.0000000000
45289  -12.147  -37.594  77.039 0.0000000000
48773  -14.500  -35.159  73.974 0.0000000000
47637  -14.087  -35.837  74.616 0.0000000000
48763  -15.561  -35.668  75.942 0.0000000000
51067  -20.587  -33.143  74.161 0.0000000000
51099  -21.163  -32.771  73.466 0.0000000000
51101  -23.002  -32.565  73.746 0.0000000000
52158  -23.541  -32.234  72.977 0.0000000000
56492  -37.228  -27.761  68.553 0.0000000000
55464  -37.116  -28.260  69.070 0.0000000000
54336  -16.584  -28.508  70.935 0.0000000000
54335  -16.242  -29.771  70.708 0.0000000000
52199  -16.196  -31.554  71.028 0.0000000000
51123  -16.494  -32.846  71.788 0.0000000000
51142  -17.412  -32.423  71.353 0.0000000000
51126  -18.971  -32.851  72.169 0.0000000000
59662  -36.266  -24.148  66.030 0.0000000000
60728  -36.830  -23.789  66.233 0.0000000000
58627  -32.436  -25.238  67.455 0.0000000000
58643  -32.882  -25.124  66.337 0.0000000000
59644  -34.946  -24.590  66.670 0.0000000000
68779  -37.695  -16.395  54.941 0.0000000000
67610  -39.111  -17.622  55.083 0.0000000000
68780  -38.632  -16.531  54.690 0.0000000000
70075  -39.440  -15.540  54.303 0.0000000000
71312  -40.624  -14.683  53.917 0.0000000000
75793  -41.243  -10.544  52.660 0.0000000000
76808  -41.703  -9.522  52.034 0.0000000000
75810  -43.100  -10.770  50.861 0.0000000000
74762  -44.908  -11.507  51.248 0.0000000000
74763  -45.948  -11.478  51.313 0.0000000000
75813  -46.082  -10.815  50.915 0.0000000000
75832  -46.258  -10.337  50.358 0.0000000000
76827  -47.257  -9.990  49.743 0.0000000000
76845  -46.463  -9.212  49.116 0.0000000000
77878  -46.794  -7.628  48.377 0.0000000000
44123  -11.634  -39.722  79.753 0.0000000000
43143  -10.570  -40.529  80.604 0.0000000000
43136  -11.787  -40.161  81.576 0.0000000000
64224  -36.749  -19.861  66.646 0.0000000000
64266  -37.059  -20.582  65.219 0.0000000000
65308  -34.805  -20.182  66.892 0.0000000000
64243  -34.119  -20.606  66.196 0.0000000000
64261  -32.364  -20.699  65.488 0.0000000000
68634  -28.933  -16.835  64.348 0.0000000000
69917  -29.045  -15.272  63.456 0.0000000000
69934  -28.965  -16.161  61.684 0.0000000000
68707  -29.400  -16.912  60.547 0.0000000000
68722  -30.989  -17.508  59.227 0.0000000000
69971  -29.899  -16.035  59.296 0.0000000000
71213  -30.541  -15.411  58.431 0.0000000000
71242  -31.734  -14.439  57.273 0.0000000000
70032  -32.875  -14.991  56.309 0.0000000000
72410  -32.421  -13.210  57.310 0.0000000000
53286  -26.599  -31.304  67.883 0.0000000000
53262  -26.222  -31.604  69.069 0.0000000000
53263  -27.394  -31.758  68.781 0.0000000000
47617  -11.100  -35.501  76.105 0.0000000000
47618  -12.159  -36.207  75.767 0.0000000000
42199  -7.576  -41.106  82.924 0.0000000000
43126  -6.555  -40.140  83.436 0.0000000000
42197  -6.142  -40.574  83.668 0.0000000000
42196  -5.368  -40.640  83.803 0.0000000000
42195  -4.673  -40.606  83.832 0.0000000000
67454  -36.677  -17.837  66.415 0.0000000000
54418  -32.156  -29.730  67.469 0.0000000000
54394  -31.963  -30.488  67.980 0.0000000000
52126  -12.703  -30.144  75.076 0.0000000000
52134  -12.283  -31.445  74.587 0.0000000000
51063  -12.448  -33.023  74.022 0.0000000000
51094  -13.324  -32.969  73.337 0.0000000000
49917  -14.347  -34.143  73.211 0.0000000000
48783  -15.999  -34.592  74.011 0.0000000000
49930  -16.506  -33.486  72.408 0.0000000000
49919  -16.607  -34.173  73.489 0.0000000000
49879  -17.041  -34.520  75.615 0.0000000000
78905  -53.282  -7.749  46.438 0.0000000000
58632  -39.266  -25.368  67.310 0.0000000000
59649  -40.080  -24.029  67.285 0.0000000000
60740  -39.482  -23.984  66.031 0.0000000000
60752  -38.620  -23.231  64.865 0.0000000000
61917  -38.259  -22.091  65.840 0.0000000000
61907  -37.899  -23.075  67.549 0.0000000000
63121  -38.039  -21.227  67.446 0.0000000000
64225  -37.486  -20.411  67.001 0.0000000000
65268  -35.971  -19.830  68.299 0.0000000000
53256  -20.506  -30.715  68.836 0.0000000000
52252  -21.235  -31.378  69.437 0.0000000000
53281  -21.029  -30.041  68.268 0.0000000000
53282  -22.186  -30.228  68.349 0.0000000000
53306  -24.007  -29.836  67.326 0.0000000000
55497  -23.408  -28.128  67.063 0.0000000000
54411  -23.645  -29.004  66.993 0.0000000000
53307  -24.911  -30.255  67.164 0.0000000000
54414  -26.202  -30.088  66.230 0.0000000000
53327  -27.894  -30.543  66.104 0.0000000000
54435  -29.332  -29.904  66.168 0.0000000000
56533  -28.295  -26.730  66.953 0.0000000000
56554  -28.453  -26.993  65.942 0.0000000000
55537  -29.186  -28.372  65.587 0.0000000000
55521  -30.779  -28.827  66.549 0.0000000000
55522  -31.721  -28.380  66.509 0.0000000000
55524  -33.362  -28.138  66.682 0.0000000000
56536  -34.152  -27.846  66.837 0.0000000000
57618  -33.236  -26.025  65.102 0.0000000000
57601  -34.780  -26.453  65.355 0.0000000000
56538  -36.386  -26.953  66.957 0.0000000000
56539  -37.130  -26.480  67.159 0.0000000000
57587  -38.298  -25.757  67.111 0.0000000000
54370  -18.904  -29.025  68.828 0.0000000000
66492  -40.405  -18.323  55.723 0.0000000000
72453  -39.337  -13.053  54.350 0.0000000000
72462  -39.894  -13.206  53.680 0.0000000000
71330  -41.814  -14.332  53.688 0.0000000000
73662  -41.818  -12.241  52.685 0.0000000000
73654  -42.140  -12.899  52.843 0.0000000000
71331  -42.808  -14.276  53.621 0.0000000000
71316  -44.580  -14.898  54.279 0.0000000000
76868  -50.832  -9.807  47.412 0.0000000000
76872  -50.480  -8.729  46.648 0.0000000000
78893  -50.809  -7.186  46.784 0.0000000000
44097  -7.832  -38.927  81.710 0.0000000000
43134  -8.422  -40.214  81.864 0.0000000000
42212  -9.846  -40.944  81.706 0.0000000000
42206  -9.381  -41.223  82.153 0.0000000000
42205  -8.424  -41.164  82.494 0.0000000000
41245  -8.428  -42.188  84.454 0.0000000000
61918  -40.461  -22.354  66.683 0.0000000000
63136  -40.621  -21.364  66.504 0.0000000000
64247  -40.502  -20.591  66.134 0.0000000000
64288  -37.176  -20.230  64.678 0.0000000000
65343  -38.902  -19.837  64.840 0.0000000000
66350  -39.031  -18.914  65.682 0.0000000000
66348  -37.820  -18.628  65.216 0.0000000000
67468  -36.616  -18.285  65.569 0.0000000000
67467  -35.889  -17.971  65.582 0.0000000000
64259  -30.232  -20.279  65.932 0.0000000000
64282  -31.576  -20.827  64.463 0.0000000000
66371  -28.930  -18.738  63.273 0.0000000000
64312  -29.760  -20.369  63.459 0.0000000000
65335  -32.321  -20.544  63.561 0.0000000000
66373  -32.993  -19.147  63.099 0.0000000000
67478  -34.128  -17.981  64.098 0.0000000000
68709  -33.319  -17.670  60.323 0.0000000000
68710  -34.123  -17.462  60.450 0.0000000000
66454  -37.101  -19.486  58.270 0.0000000000
66468  -37.150  -19.486  57.068 0.0000000000
67607  -36.013  -17.621  55.082 0.0000000000
68775  -33.987  -15.944  55.503 0.0000000000
68776  -34.861  -16.365  55.254 0.0000000000
68777  -35.863  -16.224  54.989 0.0000000000
70058  -36.569  -15.130  55.365 0.0000000000
70011  -37.145  -13.512  56.627 0.0000000000
52227  -22.065  -31.581  70.229 0.0000000000
52183  -24.070  -32.058  72.161 0.0000000000
52210  -26.532  -32.275  71.343 0.0000000000
45264  -9.004  -37.721  78.142 0.0000000000
47610  -9.437  -35.615  77.539 0.0000000000
46454  -9.404  -36.839  77.569 0.0000000000
44175  -10.150  -38.794  78.170 0.0000000000
44149  -11.845  -39.345  79.099 0.0000000000
48771  -12.606  -34.656  74.155 0.0000000000
47629  -12.608  -35.816  75.053 0.0000000000
46469  -13.515  -36.816  76.634 0.0000000000
40262  -4.741  -42.719  84.331 0.0000000000
41255  -4.382  -41.347  83.553 0.0000000000
42194  -4.060  -40.441  83.764 0.0000000000
52204  -20.658  -32.025  71.167 0.0000000000
58615  -40.007  -25.534  68.548 0.0000000000
53230  -19.105  -31.059  69.683 0.0000000000
53229  -18.529  -30.892  69.746 0.0000000000
70013  -38.149  -13.058  56.569 0.0000000000
71274  -38.293  -13.864  55.273 0.0000000000
70038  -38.265  -13.242  55.957 0.0000000000
78854  -43.962  -7.564  50.965 0.0000000000
78865  -44.162  -7.655  50.395 0.0000000000
77864  -44.325  -8.256  49.738 0.0000000000
78866  -44.552  -7.240  50.020 0.0000000000
72356  -30.516  -12.838  60.900 0.0000000000
53312  -30.309  -30.620  67.359 0.0000000000
53289  -29.848  -31.090  67.936 0.0000000000
49825  -11.053  -32.657  75.990 0.0000000000
49850  -11.459  -33.036  75.373 0.0000000000
76874  -52.217  -9.390  46.371 0.0000000000
77905  -52.682  -8.539  46.024 0.0000000000
65270  -41.068  -19.713  68.443 0.0000000000
55482  -35.530  -28.475  68.245 0.0000000000
53205  -14.836  -30.658  71.827 0.0000000000
54287  -15.031  -29.360  72.228 0.0000000000
53204  -14.573  -31.336  72.047 0.0000000000
52175  -14.435  -31.990  72.151 0.0000000000
52176  -14.983  -31.709  71.759 0.0000000000
58673  -37.178  -24.652  64.585 0.0000000000
59695  -37.487  -24.276  64.597 0.0000000000
60750  -36.892  -23.851  64.911 0.0000000000
56504  -21.251  -27.760  68.239 0.0000000000
56531  -26.174  -27.208  67.404 0.0000000000
56551  -25.375  -27.463  66.674 0.0000000000
56552  -26.386  -27.355  66.206 0.0000000000
56532  -27.209  -27.082  67.174 0.0000000000
57584  -31.160  -25.583  67.169 0.0000000000
57600  -31.141  -25.830  66.205 0.0000000000
57599  -30.439  -26.264  65.987 0.0000000000
58657  -31.808  -25.856  65.730 0.0000000000
58661  -35.665  -25.109  64.799 0.0000000000
58662  -36.772  -25.053  64.650 0.0000000000
66479  -38.266  -18.975  55.934 0.0000000000
66490  -38.682  -18.405  55.435 0.0000000000
70077  -41.203  -15.602  54.350 0.0000000000
68800  -41.755  -16.407  54.780 0.0000000000
70079  -43.226  -15.825  54.445 0.0000000000
76756  -40.754  -10.132  54.935 0.0000000000
75776  -40.152  -11.048  54.056 0.0000000000
74744  -44.653  -12.123  51.745 0.0000000000
73665  -44.313  -12.741  52.093 0.0000000000
73666  -45.361  -12.836  52.214 0.0000000000
72478  -45.817  -13.341  52.844 0.0000000000
77891  -48.711  -7.563  47.359 0.0000000000
44146  -8.436  -38.730  78.969 0.0000000000
44122  -8.326  -39.187  79.633 0.0000000000
43167  -9.128  -39.655  79.302 0.0000000000
63146  -37.685  -21.042  65.434 0.0000000000
64284  -33.716  -20.390  64.470 0.0000000000
64285  -34.620  -20.250  64.527 0.0000000000
67546  -29.931  -18.066  60.278 0.0000000000
66422  -30.090  -18.876  60.790 0.0000000000
67533  -31.737  -19.113  61.010 0.0000000000
68694  -32.821  -18.316  61.005 0.0000000000
67548  -32.179  -18.437  60.440 0.0000000000
68739  -32.953  -17.237  58.269 0.0000000000
68750  -33.592  -17.445  56.960 0.0000000000
53233  -24.568  -31.312  69.736 0.0000000000
45308  -12.094  -37.259  76.588 0.0000000000
45307  -11.634  -37.202  76.625 0.0000000000
46444  -12.900  -37.362  77.732 0.0000000000
48774  -15.643  -35.183  74.670 0.0000000000
47638  -14.928  -35.677  74.910 0.0000000000
44093  -7.410  -38.829  82.705 0.0000000000
44092  -7.129  -39.045  83.052 0.0000000000
63110  -41.231  -21.517  68.272 0.0000000000
51098  -20.248  -32.918  73.068 0.0000000000
52156  -21.712  -32.495  72.781 0.0000000000
52157  -22.606  -32.237  72.925 0.0000000000
56493  -37.919  -27.263  68.740 0.0000000000
56466  -37.747  -27.931  69.331 0.0000000000
55402  -17.309  -27.891  70.750 0.0000000000
55425  -17.268  -28.506  70.126 0.0000000000
53228  -17.474  -30.533  69.911 0.0000000000
54351  -16.825  -30.072  70.194 0.0000000000
53227  -16.731  -30.653  70.362 0.0000000000
53218  -16.196  -30.716  70.789 0.0000000000
52221  -16.673  -31.266  70.667 0.0000000000
52200  -17.039  -31.869  70.952 0.0000000000
52201  -17.945  -32.168  70.971 0.0000000000
52178  -19.380  -32.465  71.686 0.0000000000
52177  -18.680  -32.519  71.492 0.0000000000
51097  -19.342  -33.077  72.987 0.0000000000
59645  -35.715  -24.469  66.808 0.0000000000
59646  -36.500  -24.193  67.116 0.0000000000
58628  -33.485  -25.142  67.324 0.0000000000
58630  -35.211  -24.726  67.466 0.0000000000
70060  -38.069  -15.155  54.865 0.0000000000
71310  -39.008  -15.070  54.233 0.0000000000
70076  -40.245  -15.517  54.250 0.0000000000
76809  -42.104  -9.094  51.472 0.0000000000
76823  -43.510  -9.214  50.170 0.0000000000
75828  -42.497  -9.928  50.769 0.0000000000
75829  -43.304  -10.056  50.401 0.0000000000
75811  -44.090  -10.868  50.689 0.0000000000
75812  -45.090  -10.827  50.807 0.0000000000
76825  -45.443  -9.684  49.754 0.0000000000
76826  -46.367  -9.832  49.730 0.0000000000
78873  -45.768  -7.078  49.158 0.0000000000
65288  -35.424  -19.780  67.548 0.0000000000
65309  -35.638  -19.990  66.719 0.0000000000
64222  -32.802  -20.423  67.224 0.0000000000
64242  -33.150  -20.613  66.443 0.0000000000
64262  -33.394  -20.660  65.360 0.0000000000
71150  -29.497  -14.590  61.447 0.0000000000
69935  -29.029  -15.259  62.319 0.0000000000
69950  -29.160  -15.862  61.029 0.0000000000
68693  -29.189  -16.558  61.074 0.0000000000
69961  -29.545  -16.180  60.076 0.0000000000
71186  -30.135  -15.205  58.885 0.0000000000
71214  -30.863  -14.695  58.188 0.0000000000
70007  -31.442  -15.556  57.515 0.0000000000
72409  -31.514  -13.677  57.864 0.0000000000
73570  -32.487  -12.075  58.600 0.0000000000
52258  -29.947  -31.657  69.300 0.0000000000
52257  -29.178  -31.820  69.464 0.0000000000
48760  -11.280  -34.281  75.273 0.0000000000
48748  -10.802  -34.299  75.969 0.0000000000
47627  -11.138  -34.855  75.629 0.0000000000
41259  -7.522  -41.875  83.669 0.0000000000
42198  -6.814  -40.946  83.315 0.0000000000
41258  -6.648  -41.681  84.011 0.0000000000
41257  -5.811  -41.403  83.868 0.0000000000
41256  -5.076  -41.395  83.620 0.0000000000
66312  -39.784  -18.590  68.121 0.0000000000
66311  -39.102  -18.240  67.751 0.0000000000
67439  -38.418  -18.054  67.437 0.0000000000
66325  -38.180  -18.224  66.719 0.0000000000
54419  -32.768  -29.630  67.610 0.0000000000
54395  -33.051  -30.042  68.173 0.0000000000
55479  -33.120  -29.555  67.728 0.0000000000
53181  -13.461  -30.656  73.532 0.0000000000
53167  -13.193  -29.861  74.514 0.0000000000
52135  -12.703  -30.720  74.497 0.0000000000
51064  -12.751  -32.446  73.792 0.0000000000
49928  -14.924  -33.894  72.782 0.0000000000
48782  -15.223  -34.773  73.721 0.0000000000
49918  -15.455  -34.279  73.233 0.0000000000
51124  -17.273  -32.811  71.803 0.0000000000
49931  -17.153  -33.206  72.258 0.0000000000
49881  -18.499  -33.878  75.077 0.0000000000
49902  -17.715  -34.050  74.260 0.0000000000
49901  -17.014  -34.297  74.638 0.0000000000
58647  -38.844  -25.100  66.316 0.0000000000
59663  -39.335  -24.650  66.482 0.0000000000
59683  -38.946  -24.628  65.452 0.0000000000
60765  -38.839  -23.662  64.738 0.0000000000
61929  -38.328  -22.467  65.154 0.0000000000
60729  -37.277  -23.565  67.008 0.0000000000
64213  -37.454  -20.900  68.357 0.0000000000
64226  -37.634  -20.700  67.695 0.0000000000
64212  -37.264  -20.352  67.903 0.0000000000
65290  -37.050  -19.872  67.404 0.0000000000
53280  -19.976  -29.816  68.401 0.0000000000
54409  -22.258  -28.785  67.619 0.0000000000
54391  -22.554  -29.506  67.662 0.0000000000
53283  -23.350  -30.253  68.028 0.0000000000
54392  -23.248  -29.531  67.362 0.0000000000
55517  -24.674  -28.157  66.410 0.0000000000
55498  -24.039  -28.467  66.746 0.0000000000
54412  -24.486  -29.220  66.635 0.0000000000
54413  -25.375  -29.757  66.431 0.0000000000
53308  -25.877  -30.662  66.998 0.0000000000
55535  -27.412  -28.437  65.287 0.0000000000
54433  -27.070  -29.698  65.563 0.0000000000
54449  -27.973  -29.139  65.366 0.0000000000
54434  -28.312  -29.876  65.761 0.0000000000
54450  -28.805  -29.150  65.588 0.0000000000
57564  -29.789  -26.096  67.463 0.0000000000
56513  -29.958  -26.114  68.534 0.0000000000
56512  -29.026  -26.529  68.095 0.0000000000
57581  -29.007  -26.603  66.323 0.0000000000
56576  -30.400  -27.606  65.781 0.0000000000
56575  -29.570  -27.576  65.661 0.0000000000
55538  -30.130  -28.461  65.866 0.0000000000
55500  -31.490  -29.113  67.076 0.0000000000
55540  -31.388  -27.940  66.175 0.0000000000
56558  -33.223  -27.672  66.223 0.0000000000
55523  -32.820  -28.310  66.610 0.0000000000
56559  -34.270  -27.074  66.078 0.0000000000
58659  -33.588  -25.180  65.365 0.0000000000
57602  -35.737  -26.364  65.358 0.0000000000
56560  -35.451  -26.872  66.129 0.0000000000
57585  -36.885  -26.333  66.390 0.0000000000
58646  -38.267  -25.464  66.133 0.0000000000
57605  -37.871  -25.727  66.490 0.0000000000
58631  -38.679  -25.440  66.720 0.0000000000
57588  -38.797  -25.869  67.655 0.0000000000
55475  -19.691  -28.102  68.479 0.0000000000
55452  -19.248  -28.053  69.030 0.0000000000
53279  -19.387  -29.514  68.646 0.0000000000
65404  -38.681  -19.914  58.733 0.0000000000
66481  -40.346  -19.223  56.592 0.0000000000
66469  -40.663  -19.706  57.893 0.0000000000
68781  -39.558  -16.928  54.774 0.0000000000
67611  -39.994  -17.711  55.202 0.0000000000
72443  -39.431  -11.909  55.667 0.0000000000
72442  -38.948  -12.471  55.349 0.0000000000
73636  -39.445  -11.968  55.191 0.0000000000
73652  -40.192  -12.556  53.500 0.0000000000
73651  -39.668  -12.641  53.964 0.0000000000
72463  -40.820  -13.706  53.458 0.0000000000
75794  -41.867  -10.757  52.094 0.0000000000
74741  -41.966  -11.556  52.313 0.0000000000
72475  -43.275  -12.942  52.504 0.0000000000
73663  -42.646  -12.541  52.442 0.0000000000
72465  -43.114  -13.432  52.969 0.0000000000
71332  -43.882  -14.219  53.703 0.0000000000
71317  -45.609  -14.810  54.423 0.0000000000
74764  -46.704  -11.218  51.535 0.0000000000
76847  -48.427  -10.000  48.654 0.0000000000
76848  -49.749  -10.279  48.852 0.0000000000
76859  -50.221  -9.915  48.030 0.0000000000
78892  -49.810  -7.146  47.043 0.0000000000
77893  -50.113  -8.097  46.671 0.0000000000
77903  -50.897  -8.261  46.418 0.0000000000
44106  -7.845  -38.968  80.934 0.0000000000
45187  -7.361  -38.038  81.109 0.0000000000
42214  -11.221  -40.560  81.213 0.0000000000
42213  -10.522  -40.827  81.449 0.0000000000
41268  -9.193  -41.657  82.809 0.0000000000
41260  -8.584  -41.905  83.366 0.0000000000
41235  -8.346  -42.033  85.586 0.0000000000
60741  -39.966  -23.432  66.541 0.0000000000
61931  -39.760  -22.814  65.840 0.0000000000
63149  -40.131  -21.669  65.595 0.0000000000
64269  -39.903  -20.476  65.284 0.0000000000
64265  -36.180  -20.401  65.186 0.0000000000
65340  -36.615  -19.639  64.393 0.0000000000
65341  -37.473  -19.664  64.482 0.0000000000
65324  -38.795  -19.348  65.090 0.0000000000
66366  -38.184  -18.937  64.877 0.0000000000
66349  -38.580  -18.926  65.309 0.0000000000
66365  -37.679  -19.001  64.679 0.0000000000
66362  -35.204  -18.936  64.225 0.0000000000
66346  -36.331  -18.491  64.898 0.0000000000
66345  -35.475  -18.358  64.785 0.0000000000
65322  -29.596  -19.711  66.092 0.0000000000
64280  -29.811  -20.213  65.359 0.0000000000
64281  -30.470  -20.667  64.956 0.0000000000
68658  -28.866  -16.803  63.405 0.0000000000
67494  -28.807  -17.747  63.888 0.0000000000
65361  -30.449  -20.062  62.079 0.0000000000
65360  -29.492  -19.712  62.571 0.0000000000
64314  -31.085  -20.442  62.474 0.0000000000
64304  -31.315  -20.778  63.252 0.0000000000
65350  -31.972  -20.256  62.620 0.0000000000
65351  -32.699  -19.946  63.065 0.0000000000
66372  -32.590  -19.689  62.538 0.0000000000
67514  -33.188  -18.530  62.551 0.0000000000
67495  -33.549  -18.431  63.435 0.0000000000
67465  -34.430  -17.522  64.626 0.0000000000
68615  -34.429  -17.210  64.498 0.0000000000
68680  -34.346  -17.262  62.415 0.0000000000
68723  -32.178  -17.655  59.407 0.0000000000
68725  -34.079  -17.618  59.430 0.0000000000
68711  -35.048  -17.174  60.594 0.0000000000
67575  -35.716  -18.215  59.113 0.0000000000
67565  -36.274  -18.025  59.637 0.0000000000
67566  -36.819  -18.420  59.866 0.0000000000
66438  -36.924  -18.949  59.306 0.0000000000
66439  -37.890  -19.472  59.293 0.0000000000
66475  -34.533  -18.851  56.655 0.0000000000
66467  -36.113  -19.516  57.357 0.0000000000
66476  -35.408  -19.017  56.263 0.0000000000
66477  -36.472  -19.188  56.261 0.0000000000
67593  -35.504  -18.357  55.542 0.0000000000
71243  -32.535  -14.261  56.625 0.0000000000
70033  -33.497  -15.257  55.897 0.0000000000
71269  -33.337  -14.276  56.220 0.0000000000
71271  -35.150  -14.004  55.815 0.0000000000
71293  -34.938  -14.605  55.496 0.0000000000
70057  -35.683  -14.916  55.450 0.0000000000
70034  -36.079  -14.346  55.814 0.0000000000
52253  -21.969  -31.226  69.412 0.0000000000
53231  -22.683  -31.156  69.651 0.0000000000
52207  -23.613  -31.809  71.314 0.0000000000
52208  -24.548  -32.054  71.285 0.0000000000
52184  -24.979  -32.543  72.041 0.0000000000
52255  -27.207  -31.974  69.743 0.0000000000
52254  -26.527  -32.016  69.892 0.0000000000
52232  -26.973  -32.010  70.602 0.0000000000
53268  -31.991  -31.110  69.278 0.0000000000
45239  -8.421  -37.608  78.595 0.0000000000
46442  -8.754  -36.755  78.269 0.0000000000
48737  -10.000  -34.761  77.457 0.0000000000
48722  -9.366  -34.342  78.005 0.0000000000
45288  -11.192  -37.594  77.034 0.0000000000
45287  -10.313  -37.558  77.396 0.0000000000
45265  -9.781  -37.922  77.834 0.0000000000
45240  -11.599  -39.053  78.584 0.0000000000
49899  -12.906  -34.106  73.736 0.0000000000
49898  -12.178  -33.925  74.203 0.0000000000
47636  -13.274  -35.737  74.615 0.0000000000
47630  -13.656  -36.272  75.271 0.0000000000
47619  -13.154  -36.635  75.807 0.0000000000
47620  -14.099  -36.498  76.413 0.0000000000
41254  -3.812  -41.162  83.344 0.0000000000
52179  -20.266  -32.453  72.012 0.0000000000
52155  -20.922  -32.579  72.670 0.0000000000
57554  -38.690  -26.706  68.807 0.0000000000
54369  -18.091  -29.185  69.240 0.0000000000
54368  -17.617  -29.488  69.629 0.0000000000
52223  -18.203  -31.550  70.253 0.0000000000
58614  -35.809  -24.621  68.664 0.0000000000
77852  -42.738  -8.307  51.363 0.0000000000
77862  -43.124  -8.424  50.639 0.0000000000
76843  -44.851  -9.001  49.362 0.0000000000
78872  -45.166  -7.422  49.373 0.0000000000
65286  -33.554  -20.057  67.791 0.0000000000
65285  -32.415  -20.099  67.981 0.0000000000
65305  -31.448  -20.234  67.348 0.0000000000
71168  -30.107  -13.897  60.505 0.0000000000
72357  -31.267  -12.115  60.220 0.0000000000
53310  -28.318  -31.149  66.814 0.0000000000
53288  -28.935  -31.508  67.715 0.0000000000
53266  -30.316  -31.325  68.722 0.0000000000
53236  -30.738  -31.628  69.517 0.0000000000
49849  -11.043  -33.512  75.705 0.0000000000
75878  -51.873  -10.006  46.924 0.0000000000
40266  -7.018  -42.371  85.138 0.0000000000
40274  -6.540  -42.034  84.370 0.0000000000
40265  -6.581  -42.284  84.782 0.0000000000
40264  -5.860  -42.284  84.722 0.0000000000
66328  -40.165  -18.991  67.641 0.0000000000
55502  -33.764  -28.531  67.198 0.0000000000
55439  -35.690  -29.621  69.888 0.0000000000
54313  -15.861  -28.943  71.612 0.0000000000
54263  -14.546  -28.706  73.369 0.0000000000
52154  -13.685  -31.911  72.902 0.0000000000
49921  -18.438  -33.514  73.338 0.0000000000
49920  -17.684  -33.649  73.054 0.0000000000
58664  -38.330  -25.135  65.273 0.0000000000
59682  -38.588  -24.839  65.075 0.0000000000
59696  -38.286  -24.574  64.722 0.0000000000
55476  -20.186  -28.078  68.036 0.0000000000
54389  -20.527  -29.043  67.976 0.0000000000
55477  -21.096  -28.296  67.965 0.0000000000
55495  -21.841  -28.443  67.855 0.0000000000
56529  -24.261  -27.309  67.812 0.0000000000
56530  -25.192  -27.258  67.659 0.0000000000
54432  -25.896  -29.180  65.847 0.0000000000
57565  -30.549  -25.795  67.830 0.0000000000
57582  -29.701  -26.231  66.505 0.0000000000
57615  -30.522  -26.940  65.747 0.0000000000
56577  -31.321  -27.475  65.898 0.0000000000
58660  -34.639  -25.184  64.954 0.0000000000
57603  -36.601  -26.186  65.521 0.0000000000
57622  -36.944  -25.714  65.084 0.0000000000
58663  -37.599  -25.377  65.043 0.0000000000
65426  -37.938  -19.398  56.792 0.0000000000
65428  -39.220  -19.819  57.392 0.0000000000
65436  -38.525  -19.377  56.449 0.0000000000
65437  -39.251  -19.584  56.708 0.0000000000
74701  -40.025  -11.377  55.554 0.0000000000
74715  -39.638  -11.742  55.074 0.0000000000
74716  -39.834  -11.541  54.612 0.0000000000
74727  -40.032  -11.788  53.869 0.0000000000
74728  -40.500  -11.719  53.368 0.0000000000
74760  -42.945  -11.410  51.390 0.0000000000
74742  -42.849  -11.905  51.976 0.0000000000
72476  -43.885  -13.154  52.528 0.0000000000
72468  -46.195  -13.704  53.380 0.0000000000
77879  -47.384  -8.157  48.125 0.0000000000
77881  -48.911  -8.627  47.374 0.0000000000
76866  -49.241  -8.823  47.277 0.0000000000
78891  -49.064  -7.011  47.391 0.0000000000
44145  -7.765  -38.212  79.487 0.0000000000
43152  -8.136  -39.287  80.543 0.0000000000
41246  -9.470  -41.877  84.402 0.0000000000
61930  -39.240  -22.505  65.150 0.0000000000
63158  -38.625  -21.006  64.726 0.0000000000
64286  -35.506  -20.190  64.563 0.0000000000
65339  -35.765  -19.635  64.249 0.0000000000
66361  -34.409  -18.885  64.131 0.0000000000
66344  -29.047  -18.778  65.605 0.0000000000
67532  -29.084  -17.674  61.858 0.0000000000
66384  -29.100  -18.641  62.251 0.0000000000
66403  -29.467  -18.656  61.346 0.0000000000
65375  -29.922  -19.474  61.535 0.0000000000
66385  -32.109  -19.706  61.992 0.0000000000
66406  -32.181  -19.315  61.713 0.0000000000
67515  -33.593  -17.950  62.554 0.0000000000
68660  -34.022  -17.510  62.887 0.0000000000
68678  -33.265  -18.265  61.803 0.0000000000
68695  -33.410  -17.916  61.146 0.0000000000
68747  -31.508  -16.353  57.959 0.0000000000
68738  -32.165  -17.004  58.462 0.0000000000
67563  -34.574  -17.947  59.006 0.0000000000
67574  -35.060  -18.392  58.811 0.0000000000
66451  -34.318  -18.696  57.937 0.0000000000
67584  -34.025  -18.205  56.728 0.0000000000
68760  -34.010  -17.096  55.948 0.0000000000
72411  -33.552  -12.603  57.313 0.0000000000
72426  -33.965  -13.472  56.450 0.0000000000
72412  -34.867  -12.836  56.925 0.0000000000
71244  -35.483  -13.448  56.393 0.0000000000
71273  -36.379  -13.727  56.358 0.0000000000
53259  -23.020  -30.844  68.895 0.0000000000
53232  -23.605  -31.128  69.733 0.0000000000
52230  -25.022  -31.926  70.438 0.0000000000
45267  -12.222  -37.972  77.873 0.0000000000
45241  -12.366  -38.753  78.789 0.0000000000
48772  -13.377  -35.120  74.040 0.0000000000
64214  -41.062  -20.599  67.835 0.0000000000
51039  -20.023  -33.535  74.949 0.0000000000
51068  -21.486  -32.958  74.403 0.0000000000
51069  -22.422  -32.858  74.546 0.0000000000
51100  -22.074  -32.672  73.636 0.0000000000
56515  -36.421  -27.720  67.884 0.0000000000
55483  -36.158  -28.215  68.314 0.0000000000
54352  -17.033  -29.334  70.070 0.0000000000
54334  -15.851  -30.276  70.971 0.0000000000
53217  -15.619  -30.764  71.169 0.0000000000
51140  -15.923  -32.213  71.414 0.0000000000
51141  -16.716  -32.319  71.347 0.0000000000
51125  -18.095  -32.825  71.788 0.0000000000
51096  -18.486  -33.231  72.746 0.0000000000
51066  -19.726  -33.351  73.873 0.0000000000
60738  -36.834  -23.777  65.397 0.0000000000
59647  -36.987  -24.106  67.865 0.0000000000
58626  -31.716  -25.357  67.591 0.0000000000
58658  -32.571  -25.580  65.593 0.0000000000
58644  -33.611  -24.816  66.135 0.0000000000
59643  -34.201  -24.758  66.538 0.0000000000
59660  -34.652  -24.512  65.870 0.0000000000
59661  -35.473  -24.378  65.883 0.0000000000
67608  -37.212  -17.483  55.081 0.0000000000
67609  -38.181  -17.496  55.077 0.0000000000
70074  -38.798  -15.548  54.451 0.0000000000
68797  -39.264  -16.194  54.502 0.0000000000
68798  -39.954  -16.283  54.518 0.0000000000
76795  -41.456  -9.527  52.788 0.0000000000
75808  -41.609  -10.136  52.169 0.0000000000
75809  -42.152  -10.394  51.472 0.0000000000
74761  -43.892  -11.545  51.160 0.0000000000
75831  -45.256  -10.222  50.287 0.0000000000
76846  -47.349  -9.522  48.855 0.0000000000
77872  -46.564  -8.255  48.581 0.0000000000
77873  -47.240  -8.779  48.475 0.0000000000
43168  -10.035  -40.019  79.097 0.0000000000
43155  -10.811  -40.176  79.732 0.0000000000
64246  -36.937  -20.215  65.945 0.0000000000
64245  -36.012  -20.191  66.014 0.0000000000
64244  -35.047  -20.464  66.053 0.0000000000
65307  -33.963  -20.386  67.077 0.0000000000
68659  -28.922  -16.024  63.922 0.0000000000
68677  -28.844  -15.966  63.100 0.0000000000
69936  -29.260  -14.749  63.059 0.0000000000
68676  -28.905  -16.613  62.374 0.0000000000
68692  -29.114  -16.828  61.467 0.0000000000
67545  -29.317  -17.651  60.992 0.0000000000
67560  -30.743  -17.996  59.817 0.0000000000
68721  -30.043  -17.093  59.657 0.0000000000
68736  -30.460  -16.691  59.022 0.0000000000
69986  -30.398  -16.003  58.613 0.0000000000
69987  -30.908  -15.806  58.129 0.0000000000
70008  -32.277  -15.455  56.830 0.0000000000
72393  -31.927  -12.851  58.225 0.0000000000
73592  -32.681  -12.437  57.828 0.0000000000
73610  -33.129  -12.364  57.645 0.0000000000
72394  -33.815  -12.049  57.700 0.0000000000
73572  -34.416  -11.382  58.940 0.0000000000
53285  -25.538  -30.882  68.049 0.0000000000
52256  -28.188  -31.945  69.603 0.0000000000
53264  -28.493  -31.804  68.637 0.0000000000
48738  -10.449  -34.305  76.915 0.0000000000
46467  -11.895  -36.753  76.281 0.0000000000
46468  -12.818  -36.975  76.330 0.0000000000
49851  -16.956  -34.758  76.647 0.0000000000
43127  -6.982  -39.810  83.086 0.0000000000
42187  -5.633  -39.934  83.937 0.0000000000
42186  -5.054  -39.944  84.176 0.0000000000
73623  -39.974  -11.506  55.998 0.0000000000
75740  -40.511  -10.833  55.682 0.0000000000
75758  -41.177  -10.100  55.394 0.0000000000
76757  -41.183  -9.748  54.768 0.0000000000
54417  -30.980  -29.900  67.172 0.0000000000
54393  -31.163  -30.555  67.759 0.0000000000
54372  -32.695  -30.699  69.140 0.0000000000
55463  -36.422  -28.653  69.020 0.0000000000
51016  -11.929  -31.521  75.055 0.0000000000
51036  -11.848  -32.843  74.790 0.0000000000
52143  -12.411  -32.124  74.111 0.0000000000
49916  -13.451  -33.848  73.439 0.0000000000
48775  -16.466  -34.698  74.799 0.0000000000
48784  -16.533  -34.431  74.231 0.0000000000
59632  -40.082  -24.764  67.774 0.0000000000
59648  -39.707  -24.606  67.115 0.0000000000
59664  -39.688  -24.130  66.708 0.0000000000
60753  -39.241  -23.558  65.253 0.0000000000
59697  -38.851  -24.101  64.800 0.0000000000
63135  -38.057  -21.461  66.116 0.0000000000
60739  -37.318  -23.339  65.794 0.0000000000
61916  -37.915  -22.859  66.199 0.0000000000
61898  -38.009  -22.689  68.536 0.0000000000
61908  -38.178  -22.257  66.939 0.0000000000
65289  -36.287  -19.800  67.333 0.0000000000
52251  -20.231  -31.393  69.483 0.0000000000
53257  -21.521  -30.799  68.841 0.0000000000
53284  -24.487  -30.561  68.054 0.0000000000
56527  -22.663  -27.542  68.013 0.0000000000
55496  -22.479  -28.038  67.638 0.0000000000
56549  -23.875  -27.591  67.215 0.0000000000
53309  -27.040  -30.890  66.651 0.0000000000
53328  -28.770  -30.502  66.325 0.0000000000
54415  -29.543  -30.369  66.529 0.0000000000
54416  -29.966  -30.160  66.772 0.0000000000
56553  -27.494  -27.104  66.139 0.0000000000
56573  -27.867  -27.575  65.450 0.0000000000
56555  -29.051  -27.143  65.774 0.0000000000
56574  -28.717  -27.630  65.560 0.0000000000
54451  -29.634  -29.074  65.870 0.0000000000
54436  -30.260  -29.421  66.395 0.0000000000
54437  -30.750  -29.304  66.802 0.0000000000
55499  -31.093  -29.258  67.115 0.0000000000
55501  -32.700  -29.106  67.228 0.0000000000
56557  -32.148  -27.813  66.145 0.0000000000
55503  -34.796  -28.244  67.567 0.0000000000
55504  -35.332  -28.082  67.744 0.0000000000
56580  -33.918  -26.435  65.333 0.0000000000
57619  -34.178  -25.858  64.930 0.0000000000
56537  -35.353  -27.729  67.073 0.0000000000
56516  -37.228  -26.972  67.921 0.0000000000
57586  -37.531  -26.015  66.792 0.0000000000
57569  -37.735  -26.302  67.574 0.0000000000
57570  -38.431  -26.214  67.957 0.0000000000
55426  -17.882  -28.171  69.958 0.0000000000
55451  -18.484  -28.315  69.318 0.0000000000
53255  -19.186  -30.360  69.118 0.0000000000
65420  -40.003  -19.868  58.385 0.0000000000
66491  -39.632  -18.484  55.565 0.0000000000
67594  -41.139  -18.282  56.083 0.0000000000
67612  -40.818  -17.695  55.436 0.0000000000
71275  -38.653  -12.709  55.720 0.0000000000
73644  -39.565  -12.206  54.542 0.0000000000
72454  -39.942  -13.878  53.756 0.0000000000
71329  -41.202  -14.440  53.742 0.0000000000
74740  -41.150  -11.580  52.816 0.0000000000
72464  -41.978  -13.551  53.267 0.0000000000
71314  -42.529  -15.013  54.075 0.0000000000
71315  -43.567  -15.012  54.137 0.0000000000
71333  -44.941  -14.271  53.755 0.0000000000
76867  -49.938  -9.131  47.038 0.0000000000
76873  -51.106  -9.273  46.675 0.0000000000
78903  -51.498  -7.661  46.443 0.0000000000
79891  -51.351  -6.356  47.486 0.0000000000
45162  -7.457  -37.868  82.200 0.0000000000
43154  -9.730  -40.271  79.904 0.0000000000
43142  -9.372  -40.509  80.973 0.0000000000
43135  -9.243  -40.804  81.627 0.0000000000
59633  -40.706  -24.104  67.962 0.0000000000
64227  -40.796  -20.711  66.955 0.0000000000
65312  -40.094  -19.880  65.879 0.0000000000
64267  -37.573  -20.815  64.874 0.0000000000
64289  -38.000  -20.453  64.572 0.0000000000
64290  -38.805  -20.385  64.721 0.0000000000
65311  -39.906  -19.301  66.379 0.0000000000
66338  -39.347  -18.839  66.196 0.0000000000
66337  -38.716  -18.528  66.087 0.0000000000
66336  -38.012  -18.430  65.924 0.0000000000
66347  -37.095  -18.628  65.079 0.0000000000
66335  -37.251  -18.416  65.819 0.0000000000
67455  -37.495  -18.183  66.497 0.0000000000
64240  -30.861  -20.297  66.562 0.0000000000
65303  -29.543  -19.404  66.681 0.0000000000
64239  -30.290  -20.040  66.523 0.0000000000
64260  -31.249  -20.630  65.665 0.0000000000
66359  -28.966  -18.729  64.434 0.0000000000
65349  -29.247  -19.669  63.830 0.0000000000
64302  -29.730  -20.383  64.400 0.0000000000
64303  -30.487  -20.788  63.873 0.0000000000
65336  -33.198  -19.907  63.726 0.0000000000
66360  -33.679  -18.867  63.749 0.0000000000
67477  -33.762  -18.377  63.745 0.0000000000
67466  -34.890  -17.495  65.212 0.0000000000
67452  -35.212  -17.141  65.833 0.0000000000
68661  -34.437  -16.986  63.214 0.0000000000
67562  -32.185  -18.087  59.949 0.0000000000
66455  -38.041  -19.635  58.359 0.0000000000
66488  -36.819  -18.484  55.486 0.0000000000
70009  -32.959  -15.747  56.382 0.0000000000
71270  -34.238  -14.358  55.816 0.0000000000
70055  -34.126  -15.129  55.577 0.0000000000
67606  -35.367  -17.051  55.162 0.0000000000
68778  -36.786  -16.347  54.973 0.0000000000
70035  -36.530  -14.062  56.055 0.0000000000
70036  -37.158  -14.192  55.900 0.0000000000
70012  -37.596  -13.501  56.501 0.0000000000
52226  -21.005  -31.824  70.263 0.0000000000
52206  -22.641  -31.823  71.238 0.0000000000
52228  -23.131  -31.464  70.472 0.0000000000
52182  -23.116  -31.936  72.149 0.0000000000
53235  -26.047  -31.939  69.719 0.0000000000
52231  -26.036  -32.089  70.422 0.0000000000
52211  -27.488  -32.289  71.369 0.0000000000
52185  -25.996  -32.613  72.064 0.0000000000
53291  -31.387  -30.824  68.257 0.0000000000
53267  -31.250  -31.222  68.863 0.0000000000
46435  -8.267  -36.745  79.094 0.0000000000
44174  -9.281  -38.473  78.282 0.0000000000
47609  -9.089  -36.173  77.700 0.0000000000
46453  -8.961  -36.432  77.885 0.0000000000
46443  -9.196  -37.326  77.880 0.0000000000
44148  -10.925  -39.560  78.693 0.0000000000
51062  -12.009  -33.340  74.439 0.0000000000
49878  -11.643  -33.663  74.803 0.0000000000
48761  -11.993  -34.751  74.645 0.0000000000
48762  -12.750  -35.245  74.461 0.0000000000
46457  -13.291  -36.985  77.224 0.0000000000
48750  -16.314  -35.292  76.841 0.0000000000
48749  -15.646  -35.682  77.232 0.0000000000
46458  -13.930  -36.665  77.346 0.0000000000
40263  -5.259  -42.490  84.575 0.0000000000
40271  -4.887  -42.172  83.728 0.0000000000
40269  -3.790  -41.861  82.874 0.0000000000
41243  -6.788  -42.122  84.427 0.0000000000
41269  -9.972  -41.616  82.855 0.0000000000
43166  -8.599  -39.370  79.468 0.0000000000
44173  -8.747  -38.162  78.423 0.0000000000
51037  -12.015  -32.127  74.635 0.0000000000
51093  -13.032  -33.478  73.625 0.0000000000
51139  -15.431  -32.044  71.583 0.0000000000
52250  -19.524  -31.341  69.666 0.0000000000
53329  -29.285  -30.433  66.446 0.0000000000
54371  -31.893  -30.924  68.675 0.0000000000
54452  -29.916  -28.937  65.924 0.0000000000
55401  -16.959  -28.494  70.404 0.0000000000
55516  -24.074  -27.926  66.821 0.0000000000
55520  -30.306  -28.926  66.200 0.0000000000
56478  -20.671  -27.615  68.508 0.0000000000
56491  -36.685  -28.155  68.555 0.0000000000
56535  -33.617  -28.017  66.748 0.0000000000
56556  -31.631  -27.886  66.174 0.0000000000
57597  -29.008  -26.851  65.941 0.0000000000
57614  -30.012  -27.195  65.672 0.0000000000
58609  -31.622  -25.347  68.027 0.0000000000
58610  -31.922  -25.268  68.210 0.0000000000
58645  -37.938  -25.489  65.551 0.0000000000
58675  -37.979  -25.044  64.840 0.0000000000
59659  -34.086  -24.640  65.859 0.0000000000
59677  -33.849  -24.774  65.610 0.0000000000
59681  -37.008  -24.036  64.709 0.0000000000
59694  -36.927  -24.449  64.649 0.0000000000
60763  -37.933  -24.007  64.521 0.0000000000
63120  -37.802  -20.789  66.875 0.0000000000
63157  -38.395  -20.830  64.691 0.0000000000
64258  -29.860  -20.097  65.784 0.0000000000
64313  -30.361  -20.547  62.864 0.0000000000
65291  -40.087  -19.247  66.855 0.0000000000
65306  -32.184  -20.359  67.282 0.0000000000
65310  -36.196  -19.879  66.640 0.0000000000
65323  -30.029  -19.942  66.438 0.0000000000
65325  -39.309  -19.610  65.301 0.0000000000
65326  -39.809  -19.973  65.449 0.0000000000
65342  -38.459  -19.541  64.740 0.0000000000
65376  -30.708  -19.672  61.488 0.0000000000
65389  -30.183  -19.236  61.142 0.0000000000
65390  -30.364  -19.423  61.283 0.0000000000
65417  -37.898  -19.572  57.587 0.0000000000
65427  -38.562  -19.648  57.118 0.0000000000
65429  -39.897  -19.773  57.559 0.0000000000
66313  -40.426  -19.028  68.283 0.0000000000
66404  -29.885  -19.088  61.162 0.0000000000
66405  -31.561  -19.432  61.330 0.0000000000
66437  -36.502  -18.523  59.373 0.0000000000
66452  -34.733  -18.776  58.127 0.0000000000
66465  -34.307  -18.829  57.535 0.0000000000
66478  -37.481  -19.069  56.171 0.0000000000
66487  -36.003  -18.661  55.571 0.0000000000
67561  -31.592  -18.139  59.821 0.0000000000
68706  -29.236  -16.972  61.004 0.0000000000
69949  -29.101  -16.324  61.318 0.0000000000
70010  -36.848  -13.671  56.487 0.0000000000
70056  -34.653  -15.295  55.375 0.0000000000
71245  -36.176  -13.437  56.618 0.0000000000
71292  -34.464  -14.850  55.558 0.0000000000
71294  -35.455  -14.382  55.642 0.0000000000
72428  -38.856  -12.448  55.718 0.0000000000
72429  -39.198  -12.049  55.970 0.0000000000
73593  -33.394  -11.919  57.983 0.0000000000
73594  -33.918  -11.588  58.446 0.0000000000
73609  -32.933  -12.614  57.516 0.0000000000
74700  -39.725  -11.684  55.328 0.0000000000
74702  -40.736  -10.788  56.002 0.0000000000
75741  -41.005  -10.448  55.822 0.0000000000
76774  -40.565  -10.253  54.312 0.0000000000
78882  -48.378  -6.967  47.637 0.0000000000
