#!ascii label  , from subject A00073525 vox2ras=TkReg
771
51651  29.707  -38.673  78.202 0.0000000000
68429  45.794  -22.912  59.665 0.0000000000
66206  53.778  -24.293  54.090 0.0000000000
63966  46.404  -26.310  70.528 0.0000000000
50679  35.424  -39.143  72.237 0.0000000000
46130  33.753  -40.979  76.142 0.0000000000
70847  50.698  -21.169  57.206 0.0000000000
68329  50.504  -22.825  62.634 0.0000000000
60733  43.364  -29.538  71.923 0.0000000000
50657  40.295  -38.754  71.972 0.0000000000
67344  54.747  -23.765  45.853 0.0000000000
66249  52.563  -24.633  50.626 0.0000000000
68285  42.716  -23.863  66.508 0.0000000000
69590  47.149  -22.004  65.516 0.0000000000
50623  32.700  -39.240  75.750 0.0000000000
48320  31.612  -39.820  77.124 0.0000000000
68465  47.858  -22.627  58.468 0.0000000000
69681  50.680  -21.905  60.235 0.0000000000
69667  48.865  -22.165  61.627 0.0000000000
54098  44.122  -34.456  70.773 0.0000000000
48359  36.865  -41.158  73.722 0.0000000000
50676  38.292  -39.458  71.880 0.0000000000
47254  38.884  -40.969  72.300 0.0000000000
67329  54.415  -23.746  47.304 0.0000000000
65283  53.632  -25.619  46.065 0.0000000000
65269  53.629  -24.937  47.306 0.0000000000
69792  52.482  -21.647  53.754 0.0000000000
68582  52.121  -22.991  51.874 0.0000000000
67275  53.586  -23.928  52.549 0.0000000000
63145  52.630  -26.585  50.278 0.0000000000
64201  52.461  -26.214  52.543 0.0000000000
63931  44.496  -26.863  71.677 0.0000000000
63981  43.496  -26.746  69.133 0.0000000000
67041  44.675  -24.234  69.208 0.0000000000
69580  44.068  -22.472  66.487 0.0000000000
68248  46.755  -23.943  68.337 0.0000000000
67082  48.601  -23.830  66.748 0.0000000000
63978  47.968  -25.554  68.028 0.0000000000
49533  35.172  -40.003  75.435 0.0000000000
69776  49.618  -21.402  54.978 0.0000000000
70864  52.774  -21.688  55.550 0.0000000000
70827  52.588  -22.015  58.410 0.0000000000
68375  52.101  -23.435  60.554 0.0000000000
55245  41.611  -34.777  72.327 0.0000000000
57612  43.464  -32.528  72.922 0.0000000000
59656  44.724  -30.865  72.029 0.0000000000
59670  45.380  -29.448  70.279 0.0000000000
61816  45.921  -28.105  68.524 0.0000000000
54100  40.246  -36.111  71.227 0.0000000000
51753  41.524  -37.463  72.250 0.0000000000
68676  53.461  -23.075  44.608 0.0000000000
66261  52.087  -24.897  48.665 0.0000000000
64252  52.793  -26.413  48.657 0.0000000000
63159  50.970  -27.341  48.674 0.0000000000
68352  46.373  -22.764  62.223 0.0000000000
69601  48.944  -22.147  63.993 0.0000000000
65074  50.341  -24.547  64.668 0.0000000000
48307  29.717  -39.526  78.087 0.0000000000
50577  31.046  -38.894  78.130 0.0000000000
48321  30.884  -40.109  77.192 0.0000000000
68447  47.305  -22.759  59.030 0.0000000000
68426  48.308  -22.517  60.093 0.0000000000
68406  47.087  -22.656  60.655 0.0000000000
47256  37.539  -41.318  73.021 0.0000000000
67330  53.257  -23.765  47.501 0.0000000000
66265  54.069  -24.570  47.177 0.0000000000
68537  53.837  -23.104  53.949 0.0000000000
67256  53.532  -23.386  52.793 0.0000000000
66220  53.679  -24.152  53.171 0.0000000000
64199  53.618  -25.145  52.701 0.0000000000
63949  45.267  -26.517  71.402 0.0000000000
66026  44.718  -25.672  70.689 0.0000000000
66047  45.706  -24.817  70.214 0.0000000000
68229  45.592  -23.840  69.133 0.0000000000
67038  46.488  -24.406  69.582 0.0000000000
66066  47.664  -24.627  68.592 0.0000000000
63964  47.313  -25.804  69.291 0.0000000000
50621  34.187  -39.807  75.751 0.0000000000
48334  34.605  -40.405  75.986 0.0000000000
46149  35.599  -41.024  74.949 0.0000000000
69739  48.885  -21.856  56.599 0.0000000000
69755  48.624  -21.658  55.710 0.0000000000
70856  50.358  -21.164  56.451 0.0000000000
70866  51.558  -20.998  55.627 0.0000000000
70854  51.841  -21.070  56.425 0.0000000000
70843  52.783  -22.005  57.343 0.0000000000
70837  52.100  -21.383  57.926 0.0000000000
69664  51.029  -21.997  61.062 0.0000000000
68376  51.666  -22.738  60.728 0.0000000000
68347  51.593  -23.372  61.328 0.0000000000
66128  52.011  -24.619  61.423 0.0000000000
66120  51.483  -24.354  62.171 0.0000000000
54067  42.867  -35.385  72.925 0.0000000000
56436  42.218  -33.440  73.010 0.0000000000
54066  43.517  -35.021  72.415 0.0000000000
57636  44.588  -32.788  71.443 0.0000000000
59662  45.096  -30.416  71.137 0.0000000000
50658  39.384  -39.359  72.014 0.0000000000
51808  39.357  -37.949  71.149 0.0000000000
52973  40.449  -36.962  71.650 0.0000000000
52958  41.463  -36.723  72.316 0.0000000000
50656  40.998  -38.511  72.008 0.0000000000
68645  55.671  -22.176  47.066 0.0000000000
68671  54.695  -23.386  45.371 0.0000000000
65276  53.039  -26.267  46.305 0.0000000000
67277  52.574  -23.691  51.361 0.0000000000
67279  50.908  -23.425  50.869 0.0000000000
67295  51.974  -24.062  50.696 0.0000000000
66258  51.588  -24.380  49.285 0.0000000000
66257  52.217  -24.884  49.566 0.0000000000
65266  52.511  -25.399  48.877 0.0000000000
65262  52.665  -25.389  49.876 0.0000000000
63136  51.765  -26.844  50.508 0.0000000000
62058  51.742  -27.426  49.223 0.0000000000
59663  42.396  -30.213  71.468 0.0000000000
60757  42.706  -29.232  69.868 0.0000000000
66080  43.197  -24.940  68.151 0.0000000000
63999  42.771  -26.605  67.514 0.0000000000
69578  45.908  -22.109  66.548 0.0000000000
69593  44.218  -22.411  65.588 0.0000000000
69605  45.525  -22.277  64.734 0.0000000000
68333  45.155  -22.738  63.154 0.0000000000
69619  46.738  -22.183  63.820 0.0000000000
69618  47.654  -22.004  63.680 0.0000000000
69589  47.895  -22.188  65.456 0.0000000000
65053  48.920  -24.939  66.829 0.0000000000
67093  49.297  -23.862  65.657 0.0000000000
65059  49.855  -25.018  65.707 0.0000000000
62922  50.453  -25.962  64.306 0.0000000000
49502  32.522  -39.672  76.692 0.0000000000
48337  32.684  -40.209  76.874 0.0000000000
46132  32.394  -41.040  76.195 0.0000000000
47211  31.874  -40.643  76.545 0.0000000000
69722  49.419  -21.835  57.459 0.0000000000
69696  51.114  -21.640  58.979 0.0000000000
69697  50.106  -21.869  59.441 0.0000000000
69682  49.916  -22.032  60.534 0.0000000000
69641  50.094  -22.182  62.211 0.0000000000
50642  36.645  -40.002  73.399 0.0000000000
50677  37.250  -39.588  72.028 0.0000000000
49556  37.455  -40.212  72.734 0.0000000000
49555  38.504  -40.140  72.434 0.0000000000
49554  39.546  -39.668  72.063 0.0000000000
48393  40.892  -39.899  71.753 0.0000000000
47286  39.713  -40.871  71.695 0.0000000000
67338  54.973  -23.785  46.984 0.0000000000
66278  54.287  -24.674  45.986 0.0000000000
66272  54.523  -24.332  46.725 0.0000000000
65274  53.801  -25.082  47.020 0.0000000000
65275  53.352  -25.882  46.856 0.0000000000
68539  50.898  -22.220  53.303 0.0000000000
68561  52.559  -22.458  52.548 0.0000000000
68581  52.905  -22.938  51.943 0.0000000000
66248  53.138  -24.817  51.162 0.0000000000
65261  52.959  -25.784  50.263 0.0000000000
64219  53.367  -25.662  51.933 0.0000000000
63120  52.608  -26.410  51.697 0.0000000000
62853  43.797  -28.073  71.652 0.0000000000
62879  43.342  -27.728  70.546 0.0000000000
63951  43.774  -26.817  71.014 0.0000000000
66050  44.024  -25.676  69.421 0.0000000000
68253  43.803  -23.836  68.169 0.0000000000
69567  43.280  -23.240  66.833 0.0000000000
68271  44.192  -23.115  68.080 0.0000000000
69548  45.271  -22.598  68.090 0.0000000000
68282  47.065  -22.891  67.266 0.0000000000
68294  47.969  -22.653  66.361 0.0000000000
68266  47.853  -23.639  67.326 0.0000000000
66079  48.448  -24.474  67.377 0.0000000000
63986  48.393  -25.656  67.251 0.0000000000
51705  33.304  -39.254  74.827 0.0000000000
50645  34.541  -39.410  74.340 0.0000000000
50644  35.290  -39.622  74.072 0.0000000000
49531  36.049  -40.414  74.352 0.0000000000
46173  36.441  -41.284  73.810 0.0000000000
69774  51.125  -21.328  54.419 0.0000000000
70877  52.740  -21.471  54.669 0.0000000000
69753  53.492  -22.617  55.396 0.0000000000
69736  53.349  -22.565  56.290 0.0000000000
68463  53.385  -23.335  57.307 0.0000000000
68443  53.147  -23.576  58.134 0.0000000000
69695  51.813  -21.701  59.205 0.0000000000
68402  52.475  -23.099  59.506 0.0000000000
56469  41.204  -33.991  71.210 0.0000000000
57626  41.691  -32.727  72.044 0.0000000000
58645  42.010  -32.097  72.297 0.0000000000
59652  43.225  -30.721  72.592 0.0000000000
55243  44.319  -33.941  71.732 0.0000000000
57610  44.420  -32.172  72.258 0.0000000000
60720  44.139  -30.175  72.349 0.0000000000
61787  44.947  -28.715  72.048 0.0000000000
62849  45.427  -28.131  71.326 0.0000000000
61799  45.759  -27.843  70.582 0.0000000000
62887  46.574  -26.837  69.211 0.0000000000
60755  45.518  -28.913  69.524 0.0000000000
55246  41.262  -35.481  71.906 0.0000000000
54069  41.784  -35.799  72.529 0.0000000000
51751  42.610  -37.063  72.262 0.0000000000
49563  41.487  -39.069  71.734 0.0000000000
49570  42.147  -38.829  71.219 0.0000000000
69899  54.764  -22.023  44.326 0.0000000000
66268  51.874  -24.084  47.819 0.0000000000
65271  52.535  -25.145  48.276 0.0000000000
65270  52.935  -25.498  47.805 0.0000000000
63177  52.555  -27.037  47.605 0.0000000000
64242  52.846  -26.340  49.740 0.0000000000
63157  52.147  -27.374  48.845 0.0000000000
63168  51.518  -27.416  47.773 0.0000000000
62897  43.176  -27.591  68.737 0.0000000000
68382  44.836  -22.984  61.398 0.0000000000
68407  46.213  -22.834  60.568 0.0000000000
68379  47.552  -22.389  61.545 0.0000000000
69643  48.726  -22.109  62.590 0.0000000000
68330  50.099  -22.499  63.188 0.0000000000
68304  48.906  -22.966  65.184 0.0000000000
68302  49.732  -23.460  64.598 0.0000000000
67109  50.352  -23.553  63.798 0.0000000000
65086  51.125  -25.042  63.353 0.0000000000
62894  47.073  -26.409  68.646 0.0000000000
63988  47.173  -26.467  67.793 0.0000000000
49473  29.421  -39.154  78.566 0.0000000000
50579  29.238  -38.744  78.671 0.0000000000
50578  30.168  -38.914  78.114 0.0000000000
49472  30.209  -39.228  78.031 0.0000000000
68448  46.405  -22.863  58.843 0.0000000000
68428  46.710  -22.778  59.774 0.0000000000
67331  52.306  -23.755  47.615 0.0000000000
68536  53.802  -23.530  54.115 0.0000000000
67234  53.778  -23.661  53.808 0.0000000000
67233  53.791  -23.917  54.016 0.0000000000
65209  53.764  -24.631  53.649 0.0000000000
65192  53.759  -24.727  54.146 0.0000000000
63948  45.971  -26.440  71.034 0.0000000000
65012  45.567  -25.826  71.173 0.0000000000
66024  45.954  -25.194  70.845 0.0000000000
66046  46.244  -24.788  70.097 0.0000000000
65028  46.466  -25.576  70.416 0.0000000000
65027  47.147  -25.446  69.680 0.0000000000
63965  46.758  -26.313  69.945 0.0000000000
47209  33.553  -40.674  76.325 0.0000000000
49500  33.999  -40.062  76.266 0.0000000000
47208  34.222  -40.783  76.061 0.0000000000
46151  33.927  -41.192  75.685 0.0000000000
69721  50.091  -21.400  57.157 0.0000000000
69738  49.682  -21.505  56.527 0.0000000000
70855  51.096  -20.999  56.438 0.0000000000
70846  51.382  -21.048  57.207 0.0000000000
70845  52.013  -21.191  57.227 0.0000000000
70839  50.991  -21.178  57.792 0.0000000000
68349  50.873  -22.523  61.845 0.0000000000
68377  51.295  -22.431  61.182 0.0000000000
68348  51.273  -22.918  61.549 0.0000000000
67118  51.448  -23.771  61.872 0.0000000000
68328  50.884  -23.143  62.224 0.0000000000
52955  43.186  -36.166  72.406 0.0000000000
55220  43.231  -34.347  72.950 0.0000000000
54083  43.771  -35.736  72.114 0.0000000000
50674  39.920  -38.537  71.899 0.0000000000
50675  39.241  -38.843  71.769 0.0000000000
51783  39.911  -37.846  71.655 0.0000000000
51782  40.486  -37.790  71.933 0.0000000000
51754  40.997  -37.689  72.136 0.0000000000
67337  55.097  -23.587  46.514 0.0000000000
68663  55.685  -22.573  46.595 0.0000000000
66250  51.941  -24.335  50.042 0.0000000000
63137  51.043  -26.970  50.346 0.0000000000
63148  50.909  -27.235  49.510 0.0000000000
60741  42.358  -29.865  71.029 0.0000000000
60740  42.864  -29.503  71.395 0.0000000000
66085  42.852  -24.832  67.373 0.0000000000
66086  42.601  -24.802  66.613 0.0000000000
69591  46.234  -22.033  65.620 0.0000000000
69592  45.210  -22.199  65.613 0.0000000000
69620  45.835  -22.440  63.923 0.0000000000
69604  46.491  -22.087  64.710 0.0000000000
69603  47.421  -22.011  64.639 0.0000000000
63985  48.940  -25.301  66.739 0.0000000000
65060  49.427  -24.914  66.314 0.0000000000
63994  49.404  -25.436  66.045 0.0000000000
62912  49.753  -25.904  65.097 0.0000000000
49486  31.269  -39.405  77.276 0.0000000000
50591  31.844  -39.481  76.916 0.0000000000
49485  32.186  -39.901  77.136 0.0000000000
49484  32.585  -39.970  77.127 0.0000000000
47195  32.126  -40.236  76.880 0.0000000000
47196  31.357  -40.233  76.936 0.0000000000
68466  47.146  -22.695  58.019 0.0000000000
68485  46.684  -22.563  57.240 0.0000000000
69723  48.282  -22.349  57.650 0.0000000000
69709  48.369  -22.467  58.505 0.0000000000
69708  49.117  -22.166  58.740 0.0000000000
68404  48.538  -22.293  60.803 0.0000000000
68425  48.829  -22.292  60.251 0.0000000000
69683  49.188  -22.120  60.778 0.0000000000
69666  49.675  -22.131  61.484 0.0000000000
49544  36.435  -40.256  73.680 0.0000000000
49557  36.960  -39.999  73.275 0.0000000000
49543  37.413  -40.489  72.919 0.0000000000
47255  38.352  -41.132  72.862 0.0000000000
49542  38.241  -40.687  72.759 0.0000000000
48376  38.677  -40.905  72.500 0.0000000000
48395  39.115  -40.389  72.164 0.0000000000
47270  39.359  -40.906  71.903 0.0000000000
68647  53.869  -22.824  47.509 0.0000000000
68646  54.951  -22.579  47.409 0.0000000000
67328  55.370  -23.197  47.149 0.0000000000
69813  51.691  -21.998  53.278 0.0000000000
69812  52.162  -22.007  53.220 0.0000000000
68560  53.277  -22.739  52.693 0.0000000000
67276  53.329  -23.595  52.036 0.0000000000
66237  53.073  -24.251  51.408 0.0000000000
66236  53.483  -24.453  51.865 0.0000000000
65254  53.257  -25.328  51.270 0.0000000000
65242  53.593  -24.866  52.114 0.0000000000
63102  53.016  -26.048  52.713 0.0000000000
63119  53.039  -26.194  52.142 0.0000000000
63121  52.068  -26.508  51.352 0.0000000000
63104  52.317  -26.334  52.074 0.0000000000
62852  44.115  -27.748  71.896 0.0000000000
62867  43.845  -27.405  71.538 0.0000000000
63932  44.060  -26.834  71.621 0.0000000000
66048  45.103  -24.979  70.040 0.0000000000
66027  44.440  -25.882  70.578 0.0000000000
67042  44.314  -24.630  69.184 0.0000000000
66069  43.750  -25.093  68.956 0.0000000000
67062  44.083  -24.245  68.750 0.0000000000
68252  44.146  -23.564  68.353 0.0000000000
67061  44.383  -23.796  68.738 0.0000000000
68249  46.042  -23.741  68.855 0.0000000000
68270  45.483  -22.860  68.406 0.0000000000
68269  45.703  -22.944  68.335 0.0000000000
69546  46.184  -22.650  67.731 0.0000000000
68268  46.374  -23.119  67.917 0.0000000000
68267  47.272  -23.791  67.686 0.0000000000
65044  47.737  -25.277  68.677 0.0000000000
66065  48.086  -24.689  67.991 0.0000000000
65043  48.133  -25.132  68.074 0.0000000000
65054  48.524  -25.032  67.439 0.0000000000
51687  32.571  -39.160  75.537 0.0000000000
51706  32.528  -38.977  74.884 0.0000000000
51686  33.097  -39.409  75.485 0.0000000000
50620  34.819  -39.943  75.653 0.0000000000
50633  34.250  -39.461  74.860 0.0000000000
50632  35.230  -39.827  75.016 0.0000000000
50631  35.778  -39.768  74.422 0.0000000000
49532  35.595  -40.200  74.876 0.0000000000
69775  50.682  -21.395  54.553 0.0000000000
70865  52.284  -21.206  55.585 0.0000000000
70878  52.026  -20.999  54.859 0.0000000000
70876  53.090  -21.939  54.911 0.0000000000
70863  53.183  -22.152  55.447 0.0000000000
68501  53.602  -23.189  55.513 0.0000000000
70851  53.255  -22.303  55.870 0.0000000000
70835  52.665  -21.973  58.112 0.0000000000
69720  53.118  -22.443  57.092 0.0000000000
68444  53.069  -22.916  57.981 0.0000000000
69680  51.334  -21.904  60.004 0.0000000000
68403  52.142  -22.715  60.055 0.0000000000
67166  52.662  -23.683  59.204 0.0000000000
67151  52.534  -24.110  59.962 0.0000000000
55264  41.311  -34.402  71.748 0.0000000000
57627  41.372  -33.179  71.501 0.0000000000
56453  41.779  -33.551  72.536 0.0000000000
56435  42.943  -33.466  73.098 0.0000000000
57614  42.055  -32.608  72.689 0.0000000000
57613  42.704  -32.500  73.048 0.0000000000
58644  42.488  -31.541  72.512 0.0000000000
58643  43.261  -31.596  72.949 0.0000000000
54082  44.012  -34.858  71.841 0.0000000000
54081  44.191  -34.313  71.308 0.0000000000
57623  44.726  -32.064  71.492 0.0000000000
57624  44.588  -32.382  71.887 0.0000000000
58641  44.419  -31.622  72.293 0.0000000000
59650  44.217  -30.905  72.483 0.0000000000
60719  44.479  -30.340  72.224 0.0000000000
61775  44.486  -29.499  72.196 0.0000000000
60731  44.934  -29.759  71.948 0.0000000000
59671  45.314  -30.131  70.450 0.0000000000
60739  45.309  -29.424  71.025 0.0000000000
61800  45.511  -28.491  70.912 0.0000000000
62865  45.721  -27.676  71.092 0.0000000000
61809  45.569  -28.334  70.537 0.0000000000
61808  45.693  -28.086  69.993 0.0000000000
60746  45.430  -29.005  70.078 0.0000000000
54114  39.732  -36.341  70.728 0.0000000000
55284  39.931  -35.324  70.330 0.0000000000
55265  40.961  -35.110  71.360 0.0000000000
54085  40.931  -36.098  71.712 0.0000000000
52957  41.901  -36.521  72.553 0.0000000000
52956  42.459  -36.332  72.617 0.0000000000
51752  42.070  -37.218  72.384 0.0000000000
49552  41.041  -39.383  71.814 0.0000000000
50672  42.466  -37.924  71.720 0.0000000000
68675  54.464  -22.990  44.799 0.0000000000
69900  53.908  -22.290  44.250 0.0000000000
68563  50.559  -22.779  52.418 0.0000000000
68583  51.178  -23.097  51.716 0.0000000000
67309  50.861  -23.595  48.905 0.0000000000
66262  51.596  -24.321  48.357 0.0000000000
67321  51.397  -23.677  48.022 0.0000000000
66267  52.472  -24.598  47.812 0.0000000000
65265  52.859  -25.870  49.195 0.0000000000
64263  52.864  -26.492  47.669 0.0000000000
63166  52.591  -27.030  48.323 0.0000000000
64232  53.047  -26.086  50.797 0.0000000000
62067  51.468  -27.513  48.894 0.0000000000
63158  51.692  -27.545  48.495 0.0000000000
63167  52.164  -27.392  48.013 0.0000000000
62889  43.331  -27.636  69.711 0.0000000000
69581  43.375  -22.752  66.389 0.0000000000
69622  43.611  -22.703  63.840 0.0000000000
68332  46.113  -22.667  63.083 0.0000000000
68354  44.460  -22.900  62.311 0.0000000000
68353  45.454  -22.879  62.269 0.0000000000
68381  45.807  -22.933  61.402 0.0000000000
68380  46.682  -22.699  61.422 0.0000000000
68351  47.058  -22.426  62.140 0.0000000000
69617  48.526  -22.047  63.494 0.0000000000
69616  49.364  -22.190  63.377 0.0000000000
68331  49.675  -22.499  63.801 0.0000000000
68280  48.184  -23.462  66.883 0.0000000000
68305  48.463  -22.627  65.432 0.0000000000
68293  48.649  -23.371  66.009 0.0000000000
66091  49.905  -24.234  65.177 0.0000000000
67102  49.590  -23.687  64.999 0.0000000000
67101  49.951  -23.766  64.660 0.0000000000
68313  49.984  -23.441  64.316 0.0000000000
66113  50.531  -24.077  63.899 0.0000000000
66112  50.816  -24.183  63.295 0.0000000000
66101  50.602  -24.504  64.014 0.0000000000
62932  50.669  -26.444  63.590 0.0000000000
61815  45.839  -27.949  69.153 0.0000000000
62888  46.296  -27.376  68.686 0.0000000000
50592  31.135  -39.089  77.336 0.0000000000
48305  30.974  -39.548  77.438 0.0000000000
49471  30.733  -39.317  77.699 0.0000000000
48306  30.422  -39.520  77.713 0.0000000000
68467  46.115  -22.841  57.881 0.0000000000
68446  48.194  -22.578  59.194 0.0000000000
68427  47.570  -22.676  59.911 0.0000000000
68405  47.873  -22.498  60.727 0.0000000000
47257  36.871  -41.304  73.377 0.0000000000
48378  37.615  -41.129  73.103 0.0000000000
46193  38.056  -41.706  73.111 0.0000000000
66266  53.517  -24.552  47.421 0.0000000000
69791  53.081  -21.826  53.887 0.0000000000
69810  53.335  -22.352  53.394 0.0000000000
68559  53.589  -22.923  53.342 0.0000000000
67255  53.681  -23.697  53.266 0.0000000000
66235  53.631  -24.170  52.595 0.0000000000
65241  53.631  -24.440  52.580 0.0000000000
65224  53.702  -24.535  53.115 0.0000000000
64181  53.474  -25.344  53.214 0.0000000000
63950  44.852  -26.629  71.567 0.0000000000
64998  44.343  -26.486  71.526 0.0000000000
65013  44.783  -26.167  71.394 0.0000000000
66025  45.329  -25.403  70.803 0.0000000000
68230  45.130  -23.697  69.074 0.0000000000
67040  45.382  -24.309  69.511 0.0000000000
67039  45.969  -24.285  69.486 0.0000000000
67059  46.804  -24.169  69.114 0.0000000000
67058  47.255  -24.275  68.351 0.0000000000
66067  47.307  -24.478  69.053 0.0000000000
66044  47.467  -24.954  69.206 0.0000000000
50622  33.365  -39.585  75.808 0.0000000000
50605  33.752  -39.909  76.197 0.0000000000
49519  34.369  -39.968  75.971 0.0000000000
49518  35.029  -40.181  75.997 0.0000000000
49517  35.266  -40.256  75.422 0.0000000000
48347  35.068  -40.409  75.639 0.0000000000
69740  47.938  -22.008  56.507 0.0000000000
69754  49.343  -21.510  55.888 0.0000000000
70868  49.986  -21.246  55.695 0.0000000000
70880  50.355  -21.219  55.157 0.0000000000
70867  50.744  -21.048  55.685 0.0000000000
70853  52.391  -21.450  56.406 0.0000000000
70852  52.912  -21.978  56.366 0.0000000000
70844  52.450  -21.592  57.227 0.0000000000
70836  52.467  -21.681  57.962 0.0000000000
70829  52.195  -21.611  58.545 0.0000000000
69663  51.429  -22.223  60.572 0.0000000000
67135  52.274  -24.159  60.836 0.0000000000
67127  51.845  -23.949  61.375 0.0000000000
65097  51.662  -25.078  61.969 0.0000000000
55221  42.315  -34.542  73.017 0.0000000000
55244  41.919  -34.062  72.823 0.0000000000
56434  43.632  -33.409  72.795 0.0000000000
55263  44.330  -33.731  70.878 0.0000000000
58650  44.833  -31.429  71.494 0.0000000000
59655  44.945  -30.435  71.625 0.0000000000
58660  45.082  -31.307  70.750 0.0000000000
58669  45.293  -31.259  70.044 0.0000000000
50659  38.423  -39.783  72.243 0.0000000000
51834  39.074  -37.750  70.522 0.0000000000
52996  39.484  -37.104  70.568 0.0000000000
52984  39.890  -37.041  71.175 0.0000000000
52972  40.996  -36.884  72.044 0.0000000000
68670  55.420  -22.639  45.560 0.0000000000
65284  52.757  -25.892  45.772 0.0000000000
67278  51.650  -23.584  51.162 0.0000000000
67296  51.179  -23.863  50.130 0.0000000000
63135  52.381  -26.643  50.811 0.0000000000
63146  52.142  -27.072  49.807 0.0000000000
63147  51.498  -27.238  49.761 0.0000000000
62059  51.321  -27.402  49.218 0.0000000000
59664  41.964  -30.614  71.063 0.0000000000
65055  43.333  -25.813  68.635 0.0000000000
63989  43.047  -26.631  68.295 0.0000000000
65061  42.902  -25.725  67.750 0.0000000000
65068  42.372  -25.711  66.299 0.0000000000
69579  44.934  -22.220  66.537 0.0000000000
69606  44.429  -22.504  64.545 0.0000000000
68318  44.409  -22.644  63.951 0.0000000000
68334  44.146  -22.794  63.326 0.0000000000
68317  44.922  -22.601  63.957 0.0000000000
69645  46.954  -22.337  62.927 0.0000000000
69602  48.429  -22.163  64.548 0.0000000000
66078  48.860  -24.553  66.809 0.0000000000
67094  48.872  -23.823  66.260 0.0000000000
66084  49.324  -24.362  66.159 0.0000000000
66083  49.715  -24.607  65.729 0.0000000000
65066  50.184  -24.882  65.182 0.0000000000
65073  50.544  -25.069  64.397 0.0000000000
64004  50.197  -25.468  64.928 0.0000000000
51673  32.017  -38.901  76.055 0.0000000000
50607  32.191  -39.183  76.431 0.0000000000
49501  33.053  -39.892  76.676 0.0000000000
48336  33.272  -40.227  76.587 0.0000000000
47210  32.739  -40.602  76.567 0.0000000000
46131  33.208  -40.981  76.157 0.0000000000
69707  50.333  -21.522  58.141 0.0000000000
68445  48.764  -22.365  59.638 0.0000000000
69698  49.332  -22.147  59.906 0.0000000000
69665  50.361  -22.076  61.240 0.0000000000
69640  50.569  -22.215  61.756 0.0000000000
68350  50.392  -22.459  62.319 0.0000000000
52970  43.915  -35.951  71.534 0.0000000000
50661  36.277  -39.643  73.067 0.0000000000
50678  36.300  -39.346  72.192 0.0000000000
50660  36.903  -39.897  72.818 0.0000000000
49553  40.271  -39.512  71.957 0.0000000000
48394  40.396  -39.989  72.130 0.0000000000
47285  40.391  -40.559  71.634 0.0000000000
66277  54.699  -24.076  46.357 0.0000000000
66271  54.780  -23.987  46.573 0.0000000000
65282  53.996  -25.172  46.501 0.0000000000
64277  52.791  -26.708  46.937 0.0000000000
68562  51.608  -22.448  52.709 0.0000000000
65255  52.953  -25.245  50.651 0.0000000000
63134  52.854  -26.320  51.284 0.0000000000
63122  51.330  -26.637  51.153 0.0000000000
61790  43.459  -28.716  71.524 0.0000000000
61801  43.105  -28.542  70.964 0.0000000000
62868  43.512  -27.753  71.192 0.0000000000
63952  43.530  -27.267  70.774 0.0000000000
63968  43.713  -26.883  70.138 0.0000000000
65014  44.280  -26.235  71.158 0.0000000000
65030  44.034  -26.133  69.922 0.0000000000
65045  43.750  -26.050  69.343 0.0000000000
67077  43.139  -24.236  67.591 0.0000000000
68284  43.097  -23.599  66.888 0.0000000000
68272  43.710  -23.342  67.670 0.0000000000
69550  43.978  -22.913  67.654 0.0000000000
69565  43.995  -22.646  67.214 0.0000000000
68251  44.660  -23.335  68.592 0.0000000000
69535  45.012  -22.883  68.385 0.0000000000
69564  44.699  -22.392  67.351 0.0000000000
69563  45.540  -22.263  67.371 0.0000000000
69577  47.037  -22.231  66.514 0.0000000000
69576  47.566  -22.198  65.997 0.0000000000
68295  47.485  -22.701  66.850 0.0000000000
68281  47.663  -23.205  67.078 0.0000000000
67076  47.579  -24.196  67.853 0.0000000000
67075  48.114  -24.036  67.510 0.0000000000
67074  48.620  -24.173  67.028 0.0000000000
50662  35.522  -39.299  73.110 0.0000000000
50634  33.652  -39.472  75.197 0.0000000000
51728  34.843  -39.373  73.727 0.0000000000
50643  36.119  -39.963  73.954 0.0000000000
49545  36.055  -39.868  74.141 0.0000000000
48360  36.366  -40.687  74.009 0.0000000000
48361  35.882  -40.588  74.676 0.0000000000
47243  36.125  -41.008  74.438 0.0000000000
47242  36.590  -41.261  73.919 0.0000000000
69793  51.466  -21.569  53.912 0.0000000000
70894  52.253  -21.239  54.239 0.0000000000
70879  51.212  -21.120  54.804 0.0000000000
70893  52.709  -21.444  54.110 0.0000000000
69773  53.218  -21.993  54.379 0.0000000000
69772  53.508  -22.453  54.642 0.0000000000
68519  53.707  -23.257  54.665 0.0000000000
67202  53.562  -24.089  54.880 0.0000000000
67217  53.603  -23.569  55.016 0.0000000000
67203  53.522  -23.836  55.418 0.0000000000
68484  53.512  -23.289  56.337 0.0000000000
69737  53.031  -22.222  56.776 0.0000000000
69719  53.369  -22.857  56.909 0.0000000000
69706  51.003  -21.297  58.262 0.0000000000
70830  51.795  -21.453  58.559 0.0000000000
69694  52.293  -21.911  59.065 0.0000000000
69679  51.867  -22.182  59.873 0.0000000000
69678  52.312  -22.394  59.436 0.0000000000
69693  52.621  -22.361  58.595 0.0000000000
68424  52.787  -23.230  58.654 0.0000000000
57638  41.226  -33.089  70.831 0.0000000000
57637  41.558  -32.423  71.247 0.0000000000
58653  41.950  -31.582  71.747 0.0000000000
58652  42.313  -31.049  72.047 0.0000000000
59657  42.759  -30.408  72.033 0.0000000000
60722  43.406  -30.084  72.233 0.0000000000
55219  43.744  -34.122  72.519 0.0000000000
56433  44.074  -33.399  72.393 0.0000000000
56451  44.490  -33.234  71.619 0.0000000000
57625  44.320  -32.922  72.217 0.0000000000
57611  44.152  -32.522  72.489 0.0000000000
58642  43.912  -31.661  72.718 0.0000000000
59651  43.776  -30.836  72.667 0.0000000000
60732  43.727  -29.615  72.170 0.0000000000
61776  44.141  -29.447  72.270 0.0000000000
61788  44.375  -28.670  72.148 0.0000000000
62851  44.672  -27.824  71.891 0.0000000000
60730  45.137  -29.751  71.461 0.0000000000
62850  45.217  -27.918  71.535 0.0000000000
62866  45.446  -27.134  71.336 0.0000000000
63947  46.217  -26.896  70.594 0.0000000000
62878  46.167  -27.211  70.176 0.0000000000
60756  45.649  -28.690  68.931 0.0000000000
59691  45.474  -29.723  69.428 0.0000000000
60766  45.550  -29.354  69.040 0.0000000000
50689  38.182  -39.033  71.056 0.0000000000
56470  40.693  -34.525  70.648 0.0000000000
54084  41.408  -35.973  72.157 0.0000000000
55222  41.943  -35.187  72.779 0.0000000000
54068  42.191  -35.627  72.798 0.0000000000
51781  43.161  -37.005  71.995 0.0000000000
50655  41.730  -38.252  72.027 0.0000000000
49562  41.825  -38.897  71.580 0.0000000000
50673  41.895  -38.584  71.789 0.0000000000
63178  52.152  -27.170  47.210 0.0000000000
63156  52.584  -26.888  49.267 0.0000000000
63179  51.413  -27.100  46.898 0.0000000000
68430  44.823  -23.046  59.592 0.0000000000
61810  43.008  -28.455  70.210 0.0000000000
61817  42.995  -28.462  69.311 0.0000000000
68409  44.283  -23.098  60.489 0.0000000000
68408  45.281  -23.002  60.517 0.0000000000
68378  48.201  -22.274  61.329 0.0000000000
69644  47.799  -22.096  62.610 0.0000000000
69668  48.221  -22.151  61.940 0.0000000000
69642  49.465  -22.162  62.387 0.0000000000
69615  49.820  -22.150  62.839 0.0000000000
68316  48.795  -22.530  64.918 0.0000000000
68292  49.024  -23.422  65.438 0.0000000000
68303  49.355  -23.298  64.908 0.0000000000
68315  49.210  -22.539  64.389 0.0000000000
68314  49.834  -23.018  64.096 0.0000000000
67110  50.170  -23.002  63.615 0.0000000000
67120  50.598  -23.354  62.938 0.0000000000
67108  50.672  -23.727  63.149 0.0000000000
66111  51.211  -24.534  62.837 0.0000000000
65098  51.477  -25.533  62.443 0.0000000000
64034  50.749  -25.689  63.874 0.0000000000
64050  51.305  -25.973  62.913 0.0000000000
63980  47.017  -26.251  69.313 0.0000000000
62886  46.997  -26.414  68.921 0.0000000000
63979  47.348  -26.104  68.781 0.0000000000
62895  46.811  -26.700  68.316 0.0000000000
63987  47.587  -26.157  67.877 0.0000000000
63996  48.272  -26.050  66.866 0.0000000000
47225  35.661  -41.014  75.144 0.0000000000
47226  35.184  -40.737  75.382 0.0000000000
47241  37.186  -41.081  73.802 0.0000000000
47269  40.170  -40.657  71.660 0.0000000000
47271  38.824  -41.045  72.406 0.0000000000
48318  32.826  -40.016  76.916 0.0000000000
48319  32.371  -39.967  77.002 0.0000000000
48335  34.028  -40.372  76.235 0.0000000000
48346  35.457  -40.474  75.183 0.0000000000
48377  38.272  -40.856  72.744 0.0000000000
48379  36.832  -40.705  73.419 0.0000000000
48396  38.484  -40.486  72.557 0.0000000000
49499  34.413  -40.193  76.098 0.0000000000
50654  42.232  -37.636  72.161 0.0000000000
54065  43.842  -34.507  72.214 0.0000000000
55218  44.096  -34.039  72.133 0.0000000000
55242  44.360  -33.690  71.356 0.0000000000
56452  44.365  -33.336  72.021 0.0000000000
56454  41.415  -33.749  71.966 0.0000000000
56468  44.502  -33.154  71.179 0.0000000000
58651  44.674  -31.580  71.951 0.0000000000
59649  44.473  -30.919  72.298 0.0000000000
59658  42.222  -30.747  71.710 0.0000000000
60721  43.796  -30.064  72.361 0.0000000000
60747  45.401  -28.982  70.511 0.0000000000
60748  42.721  -29.260  70.662 0.0000000000
61777  43.936  -29.500  72.241 0.0000000000
61786  45.322  -28.739  71.462 0.0000000000
61789  43.882  -28.898  72.029 0.0000000000
62066  51.781  -27.544  48.855 0.0000000000
62068  51.234  -27.452  48.952 0.0000000000
62864  45.977  -27.392  70.630 0.0000000000
62913  49.612  -26.109  65.026 0.0000000000
63103  52.741  -26.237  52.460 0.0000000000
63930  44.974  -27.132  71.584 0.0000000000
63967  43.933  -26.509  70.430 0.0000000000
63993  49.672  -25.209  65.834 0.0000000000
64005  49.955  -25.505  65.211 0.0000000000
64006  49.387  -25.876  65.590 0.0000000000
64012  42.590  -26.611  67.072 0.0000000000
64019  50.354  -25.547  64.628 0.0000000000
64020  50.222  -25.806  64.697 0.0000000000
64180  53.647  -25.062  53.144 0.0000000000
64198  53.786  -24.970  52.857 0.0000000000
64200  53.252  -25.745  52.661 0.0000000000
64217  53.665  -24.689  52.599 0.0000000000
64218  53.643  -24.971  52.464 0.0000000000
64997  44.541  -26.467  71.555 0.0000000000
65011  46.019  -25.697  70.970 0.0000000000
65026  47.464  -25.365  69.227 0.0000000000
65029  44.173  -26.162  70.515 0.0000000000
65065  50.291  -25.255  64.886 0.0000000000
65067  42.618  -26.100  67.050 0.0000000000
65085  51.420  -24.905  62.569 0.0000000000
65225  53.679  -24.400  52.857 0.0000000000
65240  53.680  -24.560  52.798 0.0000000000
66045  46.919  -24.745  69.684 0.0000000000
66049  44.408  -25.360  69.722 0.0000000000
66068  44.128  -24.809  69.124 0.0000000000
66092  49.568  -24.264  65.709 0.0000000000
66093  42.280  -24.746  65.765 0.0000000000
66102  50.313  -24.098  64.405 0.0000000000
66121  51.130  -24.211  62.718 0.0000000000
66198  53.645  -24.287  54.563 0.0000000000
66219  53.747  -24.252  53.632 0.0000000000
67057  47.716  -24.404  68.027 0.0000000000
67060  46.355  -24.176  69.290 0.0000000000
67063  43.569  -24.329  68.246 0.0000000000
67081  48.944  -24.091  66.487 0.0000000000
67083  42.802  -24.198  66.899 0.0000000000
67084  42.529  -24.176  66.271 0.0000000000
67092  49.691  -23.901  65.145 0.0000000000
67119  51.018  -23.777  62.536 0.0000000000
67121  50.348  -23.030  63.261 0.0000000000
67150  52.597  -24.343  59.637 0.0000000000
67177  52.956  -24.139  58.444 0.0000000000
67216  53.653  -23.888  54.584 0.0000000000
67254  53.777  -23.882  53.661 0.0000000000
68228  45.835  -23.958  69.179 0.0000000000
68247  47.051  -24.136  68.073 0.0000000000
68250  45.343  -23.189  68.687 0.0000000000
68273  43.470  -23.835  67.740 0.0000000000
68283  43.427  -23.278  67.129 0.0000000000
68296  42.757  -23.375  66.302 0.0000000000
68327  51.249  -23.398  61.910 0.0000000000
68423  52.862  -23.776  58.712 0.0000000000
68464  53.216  -22.764  57.425 0.0000000000
68518  53.738  -23.673  54.306 0.0000000000
68538  51.436  -22.051  53.302 0.0000000000
69534  45.247  -22.859  68.395 0.0000000000
69547  45.974  -22.497  67.918 0.0000000000
69549  44.509  -22.754  67.983 0.0000000000
69562  46.343  -22.451  67.377 0.0000000000
69566  43.549  -23.018  67.046 0.0000000000
69621  44.146  -22.673  63.932 0.0000000000
69705  52.927  -22.371  57.761 0.0000000000
69790  53.543  -22.379  53.910 0.0000000000
69811  52.904  -22.075  53.191 0.0000000000
70828  52.472  -21.834  58.468 0.0000000000
70838  51.514  -21.237  58.020 0.0000000000
70881  49.976  -21.293  55.271 0.0000000000
70895  51.757  -21.147  54.426 0.0000000000
