#!ascii label  , from subject A00073525 vox2ras=TkReg
1164
55296  20.046  -34.110  70.601 0.0000000000
56422  32.513  -31.424  73.659 0.0000000000
70952  38.444  -17.521  50.866 0.0000000000
69675  29.627  -22.075  62.179 0.0000000000
62918  34.478  -26.447  67.703 0.0000000000
79561  50.383  -11.406  43.459 0.0000000000
71938  39.306  -17.253  56.259 0.0000000000
71975  34.040  -17.513  54.080 0.0000000000
56479  14.923  -33.263  71.541 0.0000000000
55270  26.274  -33.623  71.240 0.0000000000
57667  28.053  -31.429  69.003 0.0000000000
57712  21.731  -30.518  67.325 0.0000000000
76329  43.131  -14.590  47.097 0.0000000000
57588  25.738  -31.918  74.585 0.0000000000
60727  23.303  -29.340  72.910 0.0000000000
72026  42.648  -16.698  50.987 0.0000000000
62815  18.687  -28.658  74.722 0.0000000000
57568  13.411  -31.488  78.659 0.0000000000
73002  32.946  -17.312  61.566 0.0000000000
67115  32.464  -23.636  65.307 0.0000000000
60844  33.457  -28.862  62.220 0.0000000000
57748  30.978  -32.339  64.806 0.0000000000
73056  38.776  -16.646  58.626 0.0000000000
71940  36.820  -16.988  56.086 0.0000000000
73078  36.548  -16.747  57.686 0.0000000000
71910  41.056  -17.056  58.395 0.0000000000
56542  17.305  -32.891  68.294 0.0000000000
56544  15.359  -33.992  68.519 0.0000000000
55298  17.958  -33.997  71.139 0.0000000000
55293  23.097  -33.191  70.480 0.0000000000
56536  23.875  -31.131  69.731 0.0000000000
56539  21.143  -31.978  69.019 0.0000000000
57715  19.198  -32.132  65.732 0.0000000000
72050  38.643  -17.081  48.688 0.0000000000
71993  41.003  -17.689  53.422 0.0000000000
70949  40.923  -17.004  50.958 0.0000000000
73202  40.993  -16.187  48.679 0.0000000000
63971  22.102  -26.039  70.913 0.0000000000
61797  21.127  -28.891  72.468 0.0000000000
63974  19.591  -26.491  70.391 0.0000000000
63850  14.094  -26.827  77.405 0.0000000000
63830  15.734  -27.687  77.826 0.0000000000
58576  14.031  -30.304  80.888 0.0000000000
57522  13.081  -31.488  81.658 0.0000000000
59562  13.612  -30.387  84.276 0.0000000000
68299  34.048  -22.250  67.400 0.0000000000
65079  33.885  -24.786  66.536 0.0000000000
64077  33.134  -26.130  63.490 0.0000000000
61866  33.044  -27.686  65.123 0.0000000000
57733  26.615  -29.044  66.320 0.0000000000
57704  30.384  -32.471  66.866 0.0000000000
58766  27.605  -30.033  63.751 0.0000000000
58795  28.916  -31.449  61.946 0.0000000000
73004  30.956  -18.570  62.457 0.0000000000
73064  30.281  -18.038  58.409 0.0000000000
70832  28.536  -20.653  59.771 0.0000000000
80621  52.970  -10.828  42.247 0.0000000000
79583  51.693  -11.862  41.654 0.0000000000
70883  39.163  -17.728  53.705 0.0000000000
70901  36.492  -17.939  53.206 0.0000000000
71936  40.998  -17.313  55.860 0.0000000000
55248  29.380  -33.013  72.648 0.0000000000
56489  30.967  -32.866  71.003 0.0000000000
55309  27.254  -31.695  70.916 0.0000000000
57687  25.292  -29.941  68.554 0.0000000000
58729  22.340  -29.443  65.815 0.0000000000
75246  45.971  -14.791  48.920 0.0000000000
76326  45.816  -14.157  47.401 0.0000000000
78419  46.178  -12.837  45.763 0.0000000000
79564  48.097  -12.161  43.122 0.0000000000
55230  22.636  -34.285  73.238 0.0000000000
55187  20.999  -32.434  73.544 0.0000000000
58634  24.371  -31.378  74.191 0.0000000000
54072  24.864  -34.627  72.799 0.0000000000
74278  43.075  -15.804  49.058 0.0000000000
55189  18.956  -31.796  73.289 0.0000000000
55192  16.156  -31.379  73.700 0.0000000000
56415  13.769  -33.076  75.431 0.0000000000
64989  16.919  -26.687  73.675 0.0000000000
57565  15.462  -30.761  77.062 0.0000000000
60611  10.734  -30.087  86.794 0.0000000000
72982  35.492  -16.697  61.651 0.0000000000
71894  31.081  -19.447  64.112 0.0000000000
70792  32.657  -21.177  66.829 0.0000000000
68363  31.247  -23.230  63.483 0.0000000000
66140  32.689  -24.717  61.859 0.0000000000
62995  33.511  -27.224  60.387 0.0000000000
60883  30.555  -29.513  58.795 0.0000000000
56527  32.617  -32.319  69.519 0.0000000000
58697  32.059  -30.568  68.401 0.0000000000
59719  32.825  -29.282  66.286 0.0000000000
59750  32.462  -30.553  63.411 0.0000000000
59808  29.124  -30.526  60.053 0.0000000000
73081  33.456  -17.297  57.646 0.0000000000
73141  30.711  -18.075  54.581 0.0000000000
73038  38.122  -16.427  59.282 0.0000000000
73077  37.527  -16.686  57.817 0.0000000000
73039  37.169  -16.591  59.273 0.0000000000
73016  39.690  -16.133  59.906 0.0000000000
56514  19.029  -33.284  69.500 0.0000000000
56515  18.038  -33.301  69.747 0.0000000000
55297  18.988  -34.142  70.898 0.0000000000
55295  21.124  -34.093  70.243 0.0000000000
55334  21.714  -32.193  69.704 0.0000000000
55335  20.808  -32.643  69.541 0.0000000000
56541  18.973  -33.143  68.640 0.0000000000
70968  38.779  -17.333  50.177 0.0000000000
70918  39.955  -17.809  52.297 0.0000000000
70917  40.658  -17.684  52.195 0.0000000000
70951  39.414  -17.567  50.939 0.0000000000
72037  39.972  -17.005  49.766 0.0000000000
63813  13.853  -27.350  79.342 0.0000000000
63794  15.017  -27.696  79.791 0.0000000000
60652  14.605  -29.639  81.890 0.0000000000
57521  13.491  -30.941  81.452 0.0000000000
59571  15.017  -30.236  82.563 0.0000000000
57510  13.034  -31.131  82.768 0.0000000000
66094  34.749  -24.170  67.535 0.0000000000
64029  34.117  -25.405  66.796 0.0000000000
64045  33.605  -25.799  65.647 0.0000000000
62929  33.777  -26.547  66.378 0.0000000000
56437  33.186  -31.304  72.697 0.0000000000
58748  24.975  -28.635  64.500 0.0000000000
58746  27.102  -29.382  65.109 0.0000000000
58767  26.285  -29.593  63.468 0.0000000000
58783  25.951  -30.170  62.291 0.0000000000
71903  29.726  -20.100  61.795 0.0000000000
71906  29.586  -19.549  61.121 0.0000000000
79547  49.217  -11.622  45.214 0.0000000000
79552  50.337  -11.120  44.455 0.0000000000
79560  51.041  -11.053  43.499 0.0000000000
79571  51.797  -11.321  42.686 0.0000000000
79572  51.076  -11.557  42.555 0.0000000000
71971  38.362  -17.588  54.503 0.0000000000
70900  37.381  -18.038  53.084 0.0000000000
71972  37.458  -17.612  54.463 0.0000000000
71954  35.937  -17.011  55.285 0.0000000000
71996  35.552  -17.618  53.391 0.0000000000
71997  34.507  -17.824  53.118 0.0000000000
71929  40.240  -17.294  57.051 0.0000000000
71937  40.213  -17.416  56.088 0.0000000000
71950  40.204  -17.500  55.158 0.0000000000
56495  15.681  -33.290  70.485 0.0000000000
56463  13.889  -33.208  72.446 0.0000000000
55269  27.370  -33.671  71.734 0.0000000000
55288  27.623  -32.222  71.382 0.0000000000
55289  26.465  -32.694  71.458 0.0000000000
56563  22.410  -30.954  68.888 0.0000000000
56561  24.455  -30.503  69.322 0.0000000000
57711  22.735  -30.155  67.793 0.0000000000
58710  23.822  -29.374  67.092 0.0000000000
57736  21.381  -30.097  66.437 0.0000000000
57737  20.575  -30.818  65.712 0.0000000000
66149  32.297  -24.686  60.620 0.0000000000
75256  44.702  -14.772  48.272 0.0000000000
75255  45.670  -14.562  48.338 0.0000000000
76327  44.943  -14.204  47.192 0.0000000000
78425  45.355  -12.759  44.828 0.0000000000
78432  45.593  -12.718  43.362 0.0000000000
79556  47.597  -12.165  43.912 0.0000000000
55205  22.935  -34.088  73.954 0.0000000000
56406  22.674  -32.352  74.071 0.0000000000
57601  24.938  -31.844  74.472 0.0000000000
55203  25.279  -34.154  74.597 0.0000000000
55229  23.466  -34.384  73.396 0.0000000000
74269  44.479  -15.873  50.078 0.0000000000
73185  43.297  -15.960  49.746 0.0000000000
74307  40.643  -15.854  47.691 0.0000000000
57590  21.948  -31.412  74.104 0.0000000000
55188  19.986  -32.093  73.373 0.0000000000
57591  20.986  -30.972  73.957 0.0000000000
62842  19.797  -28.677  73.217 0.0000000000
57576  18.979  -30.412  74.712 0.0000000000
56362  17.160  -30.740  75.189 0.0000000000
55194  14.812  -31.808  74.511 0.0000000000
56363  16.305  -30.983  75.608 0.0000000000
66002  15.832  -26.208  72.837 0.0000000000
59610  15.063  -30.121  78.767 0.0000000000
62773  16.428  -28.234  77.155 0.0000000000
57567  13.984  -31.378  78.155 0.0000000000
56366  13.790  -32.297  76.878 0.0000000000
72975  31.698  -18.492  64.124 0.0000000000
68322  33.047  -23.202  66.387 0.0000000000
69598  33.309  -21.750  67.108 0.0000000000
68323  32.458  -22.800  65.828 0.0000000000
69627  31.623  -22.186  65.059 0.0000000000
68362  31.754  -23.783  63.971 0.0000000000
67131  31.936  -24.247  62.967 0.0000000000
67130  32.180  -24.339  63.753 0.0000000000
62968  33.716  -27.593  62.320 0.0000000000
62982  33.633  -26.577  62.294 0.0000000000
61915  33.313  -28.473  60.930 0.0000000000
61929  32.279  -28.802  59.524 0.0000000000
60846  32.084  -29.613  60.486 0.0000000000
56508  29.655  -32.495  70.100 0.0000000000
56506  31.791  -32.722  70.243 0.0000000000
56529  30.552  -32.542  69.216 0.0000000000
57729  29.958  -32.422  65.983 0.0000000000
57703  31.561  -32.387  67.066 0.0000000000
57727  32.549  -31.925  66.360 0.0000000000
58705  32.475  -29.594  67.233 0.0000000000
58744  32.647  -31.126  65.290 0.0000000000
59733  32.997  -29.849  65.010 0.0000000000
58762  31.574  -31.720  63.765 0.0000000000
58817  27.462  -31.020  60.956 0.0000000000
59782  28.609  -31.088  60.946 0.0000000000
73001  34.069  -17.005  61.313 0.0000000000
73042  34.154  -17.042  59.485 0.0000000000
73043  32.966  -17.326  59.632 0.0000000000
73085  29.318  -18.368  57.023 0.0000000000
73084  30.226  -17.859  57.263 0.0000000000
80626  53.585  -10.721  41.782 0.0000000000
71930  39.322  -17.048  57.412 0.0000000000
71953  37.194  -17.326  55.258 0.0000000000
73094  38.031  -16.738  57.258 0.0000000000
73096  36.169  -16.840  56.730 0.0000000000
73117  34.968  -17.219  55.977 0.0000000000
73035  40.953  -16.837  59.067 0.0000000000
71922  39.847  -16.964  58.216 0.0000000000
56543  16.092  -32.984  68.325 0.0000000000
56516  16.542  -33.129  69.482 0.0000000000
56477  16.892  -33.301  71.547 0.0000000000
54117  24.330  -33.126  71.286 0.0000000000
55312  24.840  -31.895  70.647 0.0000000000
55314  23.240  -32.352  70.282 0.0000000000
56538  22.017  -31.494  69.322 0.0000000000
56587  21.188  -31.265  67.667 0.0000000000
57714  20.032  -31.623  66.229 0.0000000000
56566  19.726  -32.554  67.725 0.0000000000
56567  18.455  -32.771  67.413 0.0000000000
77335  42.790  -14.218  45.823 0.0000000000
59637  26.381  -30.348  74.427 0.0000000000
71992  41.781  -17.559  53.275 0.0000000000
72013  41.897  -17.580  52.548 0.0000000000
72027  41.851  -16.952  51.098 0.0000000000
72046  41.634  -16.632  49.849 0.0000000000
72036  40.641  -16.897  49.967 0.0000000000
73189  39.932  -16.597  48.733 0.0000000000
62872  23.070  -27.542  71.173 0.0000000000
60728  22.507  -29.165  73.025 0.0000000000
62873  21.888  -27.929  71.173 0.0000000000
62874  20.600  -27.612  71.125 0.0000000000
63920  18.973  -27.294  72.567 0.0000000000
64973  15.466  -26.364  74.259 0.0000000000
63849  14.913  -26.962  77.392 0.0000000000
61687  15.257  -28.740  79.507 0.0000000000
57541  13.564  -31.087  79.890 0.0000000000
57542  12.968  -31.455  80.306 0.0000000000
67105  33.800  -23.595  66.759 0.0000000000
66117  33.137  -24.654  65.450 0.0000000000
66125  32.866  -24.755  64.698 0.0000000000
65092  33.259  -25.228  65.024 0.0000000000
62955  33.023  -26.966  64.221 0.0000000000
61880  33.185  -28.238  63.604 0.0000000000
57707  27.523  -29.944  67.281 0.0000000000
57683  28.704  -31.858  68.433 0.0000000000
57731  28.249  -30.529  66.060 0.0000000000
57750  28.562  -31.427  64.980 0.0000000000
57764  28.983  -32.118  63.890 0.0000000000
58764  29.892  -32.153  63.322 0.0000000000
58781  28.196  -31.285  63.092 0.0000000000
58797  26.783  -30.779  61.473 0.0000000000
73003  31.792  -17.766  61.943 0.0000000000
73044  31.520  -17.924  59.825 0.0000000000
71905  30.273  -18.480  60.692 0.0000000000
71914  29.436  -18.902  59.600 0.0000000000
80617  52.833  -10.503  43.288 0.0000000000
79582  52.477  -11.475  41.694 0.0000000000
70920  38.236  -18.020  52.319 0.0000000000
70953  37.288  -17.619  50.593 0.0000000000
70939  37.266  -17.994  51.433 0.0000000000
71973  36.403  -17.591  54.114 0.0000000000
70923  35.447  -18.228  52.128 0.0000000000
71909  41.714  -17.113  58.236 0.0000000000
71919  41.679  -17.098  57.442 0.0000000000
71935  41.739  -17.206  55.568 0.0000000000
71949  41.021  -17.369  54.949 0.0000000000
70882  39.806  -17.718  53.575 0.0000000000
56440  31.298  -32.160  73.523 0.0000000000
56458  31.673  -32.317  72.678 0.0000000000
55266  30.315  -32.800  71.911 0.0000000000
56492  28.449  -31.781  71.066 0.0000000000
56532  27.651  -31.065  69.853 0.0000000000
56513  25.426  -31.459  70.487 0.0000000000
56534  25.755  -30.892  70.061 0.0000000000
57686  26.497  -29.997  68.588 0.0000000000
57708  26.332  -29.417  67.363 0.0000000000
58727  25.299  -28.798  65.846 0.0000000000
58749  23.312  -28.917  64.807 0.0000000000
77322  46.834  -13.350  47.429 0.0000000000
76344  44.947  -13.777  46.617 0.0000000000
77331  45.971  -13.497  46.582 0.0000000000
78413  47.473  -12.810  47.099 0.0000000000
78417  48.476  -12.101  45.742 0.0000000000
78422  48.371  -12.040  44.786 0.0000000000
79563  48.871  -11.917  43.284 0.0000000000
79574  49.550  -12.028  42.409 0.0000000000
55274  20.844  -34.351  71.317 0.0000000000
55275  19.798  -34.253  71.602 0.0000000000
55207  21.354  -33.117  73.195 0.0000000000
57589  22.586  -31.707  74.285 0.0000000000
59647  23.991  -30.420  73.784 0.0000000000
59645  25.895  -30.351  73.926 0.0000000000
61792  24.932  -28.168  72.436 0.0000000000
63936  23.851  -26.739  71.935 0.0000000000
56400  31.909  -31.264  74.818 0.0000000000
55197  30.683  -32.221  74.119 0.0000000000
55225  29.250  -33.334  73.429 0.0000000000
55250  27.636  -34.328  72.900 0.0000000000
54070  26.834  -34.629  73.593 0.0000000000
54087  25.446  -34.554  72.000 0.0000000000
54104  24.209  -34.022  71.045 0.0000000000
54106  22.866  -34.460  71.157 0.0000000000
74268  45.250  -15.789  50.203 0.0000000000
74288  44.500  -15.082  48.772 0.0000000000
75273  42.935  -15.256  47.692 0.0000000000
73201  41.913  -16.202  48.729 0.0000000000
74305  42.220  -15.484  47.759 0.0000000000
76330  42.495  -14.840  47.055 0.0000000000
55254  18.518  -34.018  72.749 0.0000000000
55255  17.710  -33.375  72.363 0.0000000000
55256  16.823  -32.772  71.956 0.0000000000
58627  20.506  -30.483  73.997 0.0000000000
55190  17.891  -31.510  73.256 0.0000000000
55237  15.670  -32.408  73.001 0.0000000000
55238  15.003  -32.371  73.536 0.0000000000
56445  13.160  -33.288  73.948 0.0000000000
65018  18.010  -26.610  71.579 0.0000000000
63908  17.896  -27.427  73.711 0.0000000000
63868  17.291  -27.821  75.263 0.0000000000
61729  17.795  -28.748  75.811 0.0000000000
56365  14.329  -31.681  76.418 0.0000000000
59558  12.076  -30.020  85.731 0.0000000000
74184  36.600  -16.192  60.496 0.0000000000
74161  32.812  -17.390  63.217 0.0000000000
72986  31.417  -18.311  63.149 0.0000000000
71899  30.626  -19.503  63.289 0.0000000000
70817  30.536  -20.642  63.875 0.0000000000
70794  31.600  -20.693  65.607 0.0000000000
69628  31.198  -21.774  64.684 0.0000000000
68364  30.671  -22.702  63.144 0.0000000000
68390  31.349  -23.780  62.670 0.0000000000
66141  32.244  -24.418  61.453 0.0000000000
65126  33.160  -25.432  60.493 0.0000000000
65114  32.983  -25.364  63.087 0.0000000000
64100  33.672  -26.228  60.839 0.0000000000
64101  33.255  -26.287  59.878 0.0000000000
61944  32.509  -28.122  59.085 0.0000000000
61946  31.325  -29.114  58.433 0.0000000000
61834  34.184  -27.278  68.278 0.0000000000
56473  32.755  -31.798  71.953 0.0000000000
56504  32.849  -31.494  70.719 0.0000000000
57656  33.398  -30.546  70.495 0.0000000000
56582  31.266  -32.516  67.788 0.0000000000
57665  33.070  -32.024  68.679 0.0000000000
58688  33.262  -30.268  69.559 0.0000000000
58695  33.188  -29.367  68.778 0.0000000000
59709  33.260  -28.645  67.982 0.0000000000
60797  33.497  -27.935  66.984 0.0000000000
60807  33.022  -28.526  65.547 0.0000000000
60819  33.137  -28.905  64.182 0.0000000000
60830  33.106  -29.661  62.475 0.0000000000
58779  30.343  -31.759  62.641 0.0000000000
59765  31.246  -31.111  62.137 0.0000000000
59780  31.361  -30.249  60.661 0.0000000000
59807  30.277  -30.124  59.784 0.0000000000
73040  36.219  -16.649  59.296 0.0000000000
73080  34.513  -17.053  57.641 0.0000000000
73098  34.230  -17.228  56.757 0.0000000000
73062  32.576  -17.406  58.644 0.0000000000
73100  32.142  -17.700  56.603 0.0000000000
73139  32.439  -17.725  55.084 0.0000000000
79584  50.988  -12.197  41.671 0.0000000000
73017  38.348  -16.096  60.201 0.0000000000
73018  37.331  -16.325  59.964 0.0000000000
55318  19.240  -33.500  70.130 0.0000000000
55316  21.443  -33.069  69.856 0.0000000000
55317  20.398  -33.254  70.124 0.0000000000
55336  19.793  -33.012  69.496 0.0000000000
72039  38.201  -17.237  49.305 0.0000000000
70969  37.692  -17.446  49.862 0.0000000000
70937  39.227  -17.817  51.624 0.0000000000
70936  40.042  -17.633  51.625 0.0000000000
63796  13.884  -27.614  80.288 0.0000000000
63795  14.548  -27.766  80.262 0.0000000000
62710  14.347  -28.629  81.377 0.0000000000
59570  14.853  -29.995  82.291 0.0000000000
60640  15.318  -29.676  82.823 0.0000000000
58557  14.497  -30.770  82.952 0.0000000000
64014  35.136  -25.399  67.995 0.0000000000
65069  34.975  -24.820  67.715 0.0000000000
62928  34.151  -26.070  66.981 0.0000000000
62919  34.089  -26.663  67.167 0.0000000000
56398  32.912  -31.076  74.023 0.0000000000
56421  33.056  -31.254  73.348 0.0000000000
58747  26.353  -29.051  64.696 0.0000000000
58768  25.282  -29.181  63.042 0.0000000000
70821  29.740  -20.789  62.384 0.0000000000
79553  49.721  -11.455  44.385 0.0000000000
79546  49.751  -11.348  45.312 0.0000000000
71951  39.312  -17.451  55.286 0.0000000000
71952  38.315  -17.366  55.330 0.0000000000
71955  34.637  -17.095  55.015 0.0000000000
71974  35.249  -17.279  54.091 0.0000000000
71998  33.375  -18.164  53.323 0.0000000000
56478  16.151  -33.321  71.443 0.0000000000
56496  14.373  -33.568  70.381 0.0000000000
56480  13.814  -33.483  71.349 0.0000000000
56462  15.004  -33.199  72.465 0.0000000000
56586  22.058  -30.831  68.116 0.0000000000
56585  22.739  -30.520  68.508 0.0000000000
57713  20.819  -31.003  66.793 0.0000000000
65127  32.700  -25.460  59.739 0.0000000000
75272  43.945  -14.753  47.758 0.0000000000
75271  44.857  -14.483  47.748 0.0000000000
76328  44.067  -14.276  47.190 0.0000000000
78431  46.482  -12.604  42.805 0.0000000000
55184  24.564  -33.339  74.742 0.0000000000
56405  23.909  -32.387  74.423 0.0000000000
73172  43.813  -16.580  50.974 0.0000000000
73176  43.440  -16.283  50.436 0.0000000000
72033  42.886  -16.442  50.565 0.0000000000
59640  22.338  -30.814  74.007 0.0000000000
58626  21.757  -30.970  74.107 0.0000000000
59630  21.770  -30.757  74.059 0.0000000000
62829  19.320  -28.851  74.042 0.0000000000
59624  18.844  -29.908  74.977 0.0000000000
61745  19.146  -29.148  74.629 0.0000000000
59625  18.082  -29.766  75.718 0.0000000000
66003  15.183  -26.082  72.694 0.0000000000
57555  13.807  -31.187  79.029 0.0000000000
57554  14.302  -30.916  78.479 0.0000000000
56348  13.409  -32.096  77.911 0.0000000000
68340  32.116  -23.557  64.769 0.0000000000
68361  32.072  -24.015  64.264 0.0000000000
67125  32.481  -24.191  64.704 0.0000000000
61897  33.547  -28.027  62.834 0.0000000000
61914  33.586  -28.235  61.685 0.0000000000
60845  32.925  -29.243  61.141 0.0000000000
56531  28.227  -31.689  69.610 0.0000000000
56530  29.234  -32.233  69.092 0.0000000000
57728  31.288  -32.419  66.050 0.0000000000
57747  32.024  -32.081  65.388 0.0000000000
58724  32.671  -30.753  66.468 0.0000000000
58745  32.015  -31.812  64.648 0.0000000000
73022  33.503  -17.152  60.500 0.0000000000
73075  39.246  -16.848  58.168 0.0000000000
71931  38.560  -16.847  57.241 0.0000000000
73076  38.528  -16.723  57.875 0.0000000000
73095  37.220  -16.743  56.969 0.0000000000
73116  35.690  -17.033  56.149 0.0000000000
73097  35.195  -17.049  56.799 0.0000000000
73014  41.491  -16.744  59.756 0.0000000000
73037  39.125  -16.467  59.251 0.0000000000
73036  40.104  -16.635  59.071 0.0000000000
56493  17.870  -33.447  70.609 0.0000000000
56494  17.041  -33.382  70.773 0.0000000000
55299  17.296  -33.764  71.553 0.0000000000
55292  23.808  -32.688  70.841 0.0000000000
56564  21.564  -31.383  68.521 0.0000000000
56565  20.681  -31.931  68.125 0.0000000000
56588  20.272  -31.753  67.210 0.0000000000
71968  41.055  -17.487  54.181 0.0000000000
70935  40.760  -17.422  51.566 0.0000000000
70916  41.329  -17.581  52.048 0.0000000000
70934  41.377  -17.247  51.449 0.0000000000
72023  41.960  -17.406  51.806 0.0000000000
70948  41.384  -17.005  51.140 0.0000000000
72035  41.301  -16.808  50.396 0.0000000000
70965  40.808  -16.934  50.430 0.0000000000
72049  39.559  -16.843  49.082 0.0000000000
73190  39.235  -16.850  48.366 0.0000000000
63956  22.703  -26.520  71.234 0.0000000000
63957  22.026  -27.035  70.795 0.0000000000
62882  20.875  -26.959  70.617 0.0000000000
63958  20.128  -26.993  70.717 0.0000000000
62861  19.750  -27.592  71.937 0.0000000000
63959  19.439  -26.865  71.003 0.0000000000
64956  14.182  -26.379  75.022 0.0000000000
64938  14.569  -26.540  75.689 0.0000000000
62725  14.995  -28.424  80.223 0.0000000000
63811  15.222  -27.673  79.094 0.0000000000
60660  14.755  -29.327  80.310 0.0000000000
58588  14.075  -30.472  79.843 0.0000000000
58589  13.771  -30.662  80.318 0.0000000000
57530  13.377  -30.947  80.715 0.0000000000
57531  12.895  -31.441  81.077 0.0000000000
58553  13.687  -30.740  83.539 0.0000000000
58554  12.722  -31.030  83.367 0.0000000000
58547  13.398  -30.611  84.028 0.0000000000
66095  34.197  -24.159  67.036 0.0000000000
67097  34.605  -23.420  67.484 0.0000000000
66105  33.786  -24.214  66.553 0.0000000000
67113  33.513  -24.054  66.344 0.0000000000
66116  33.470  -24.457  66.098 0.0000000000
65091  33.486  -25.065  65.834 0.0000000000
62942  33.386  -26.674  65.215 0.0000000000
62954  33.221  -26.429  64.558 0.0000000000
62943  33.205  -27.131  64.962 0.0000000000
61896  33.070  -27.639  63.523 0.0000000000
61879  32.883  -27.960  64.220 0.0000000000
57732  27.453  -29.523  65.934 0.0000000000
57752  27.846  -29.680  64.707 0.0000000000
57751  28.296  -30.246  64.930 0.0000000000
57766  28.265  -30.065  64.137 0.0000000000
57765  28.297  -31.019  64.011 0.0000000000
57781  28.468  -31.693  63.598 0.0000000000
58765  27.985  -30.897  63.668 0.0000000000
58782  26.949  -30.816  62.742 0.0000000000
73024  31.133  -18.174  61.281 0.0000000000
70831  28.939  -20.102  60.676 0.0000000000
71915  28.635  -19.757  59.005 0.0000000000
79570  52.382  -10.950  42.929 0.0000000000
70898  39.106  -17.809  53.029 0.0000000000
70899  38.246  -17.904  53.047 0.0000000000
70921  37.328  -18.213  52.257 0.0000000000
70922  36.403  -18.252  52.209 0.0000000000
70903  35.070  -17.776  52.862 0.0000000000
70902  35.574  -17.850  52.852 0.0000000000
70942  34.297  -18.661  51.085 0.0000000000
73034  41.681  -17.032  58.999 0.0000000000
71928  40.988  -17.234  56.805 0.0000000000
71927  41.705  -17.096  56.525 0.0000000000
71969  40.176  -17.607  54.263 0.0000000000
56441  30.828  -32.502  73.323 0.0000000000
56459  30.914  -32.592  72.879 0.0000000000
55247  30.254  -32.834  72.442 0.0000000000
55287  28.773  -32.197  71.530 0.0000000000
56510  27.877  -31.492  70.610 0.0000000000
56511  27.030  -31.398  70.452 0.0000000000
55331  24.272  -31.611  70.188 0.0000000000
55330  24.607  -31.556  70.316 0.0000000000
57688  24.181  -30.091  68.516 0.0000000000
56560  25.465  -30.439  69.420 0.0000000000
56559  26.241  -30.506  69.439 0.0000000000
57709  24.977  -29.654  67.640 0.0000000000
58728  23.701  -28.979  66.249 0.0000000000
58709  24.548  -29.261  66.917 0.0000000000
74267  46.392  -15.229  49.783 0.0000000000
76310  46.095  -14.355  48.124 0.0000000000
76309  46.679  -14.153  48.333 0.0000000000
77311  47.153  -13.653  48.220 0.0000000000
76325  46.334  -13.934  47.622 0.0000000000
77333  44.131  -13.493  45.741 0.0000000000
78420  45.612  -13.033  45.824 0.0000000000
77330  46.512  -13.066  46.519 0.0000000000
78418  47.194  -12.532  46.155 0.0000000000
78423  47.778  -12.245  44.845 0.0000000000
79555  48.274  -12.018  44.075 0.0000000000
79554  48.933  -11.780  44.427 0.0000000000
55251  21.519  -34.488  72.025 0.0000000000
55231  21.638  -34.203  73.011 0.0000000000
57602  23.448  -31.712  74.354 0.0000000000
58635  23.124  -31.226  74.177 0.0000000000
59639  23.845  -30.847  74.050 0.0000000000
60705  26.345  -29.615  74.565 0.0000000000
61767  25.822  -28.686  73.779 0.0000000000
61779  25.142  -28.677  72.834 0.0000000000
62857  24.712  -27.581  72.302 0.0000000000
63935  24.365  -27.109  72.161 0.0000000000
56424  31.390  -31.697  74.427 0.0000000000
55226  28.513  -34.073  73.585 0.0000000000
54059  25.986  -34.507  74.058 0.0000000000
54071  25.792  -34.814  73.070 0.0000000000
54088  24.534  -34.426  71.883 0.0000000000
54090  23.086  -34.609  71.851 0.0000000000
54091  22.494  -34.654  71.886 0.0000000000
55273  21.987  -34.449  71.033 0.0000000000
74277  44.212  -15.585  49.477 0.0000000000
74289  43.567  -15.490  48.672 0.0000000000
75257  43.838  -15.178  48.238 0.0000000000
75258  43.245  -15.524  48.209 0.0000000000
73187  41.546  -16.453  49.237 0.0000000000
75275  40.793  -15.491  47.037 0.0000000000
74306  41.549  -15.604  47.769 0.0000000000
75274  41.817  -15.104  47.085 0.0000000000
55232  20.421  -33.800  73.218 0.0000000000
55253  19.566  -34.153  72.540 0.0000000000
55233  19.421  -33.367  72.907 0.0000000000
55209  19.256  -32.511  72.983 0.0000000000
55234  18.487  -33.016  72.641 0.0000000000
55210  18.261  -32.188  72.859 0.0000000000
55235  17.569  -32.547  72.383 0.0000000000
61768  21.821  -29.289  73.150 0.0000000000
59641  21.496  -30.230  73.917 0.0000000000
60708  20.952  -29.776  73.754 0.0000000000
56387  17.902  -30.912  74.583 0.0000000000
56411  17.163  -31.067  73.954 0.0000000000
55212  16.296  -31.736  73.008 0.0000000000
56443  14.891  -33.080  73.236 0.0000000000
55213  15.415  -31.781  73.487 0.0000000000
56414  14.461  -32.317  74.895 0.0000000000
56426  13.878  -33.075  74.489 0.0000000000
56427  13.016  -33.261  74.818 0.0000000000
65004  16.532  -26.107  72.130 0.0000000000
65003  17.443  -26.556  72.502 0.0000000000
65002  17.916  -26.706  72.116 0.0000000000
63922  17.599  -26.963  73.318 0.0000000000
64954  15.505  -26.763  74.953 0.0000000000
64935  15.758  -27.162  75.591 0.0000000000
61715  16.586  -28.642  77.066 0.0000000000
63846  16.911  -27.900  76.096 0.0000000000
61730  17.161  -28.540  76.367 0.0000000000
62803  17.712  -28.187  75.479 0.0000000000
58607  16.137  -30.324  76.977 0.0000000000
57564  16.292  -30.622  76.477 0.0000000000
57580  15.156  -31.030  76.763 0.0000000000
60622  12.548  -29.601  85.226 0.0000000000
61630  12.378  -29.177  85.843 0.0000000000
60616  11.148  -29.881  86.635 0.0000000000
59552  11.480  -30.246  85.981 0.0000000000
72973  34.475  -17.360  62.772 0.0000000000
72985  32.400  -17.509  62.589 0.0000000000
74162  32.084  -17.810  63.389 0.0000000000
71898  30.955  -18.940  63.453 0.0000000000
71895  30.711  -20.002  63.964 0.0000000000
69611  32.538  -21.745  66.419 0.0000000000
70793  32.088  -20.853  66.232 0.0000000000
68342  31.298  -22.607  64.243 0.0000000000
69651  31.095  -22.439  64.086 0.0000000000
69652  30.635  -21.913  63.804 0.0000000000
66133  32.404  -24.546  62.496 0.0000000000
67138  32.255  -24.447  62.330 0.0000000000
66148  33.041  -24.935  61.010 0.0000000000
65113  33.036  -25.615  63.641 0.0000000000
65104  32.766  -24.995  63.473 0.0000000000
62983  33.849  -27.124  61.636 0.0000000000
64090  33.693  -26.091  61.818 0.0000000000
62996  33.042  -27.278  59.402 0.0000000000
60882  31.314  -29.250  58.886 0.0000000000
61945  31.828  -28.776  58.814 0.0000000000
56475  31.112  -32.840  71.964 0.0000000000
56474  32.125  -32.328  71.941 0.0000000000
56488  31.929  -32.624  71.158 0.0000000000
56528  31.635  -32.632  69.341 0.0000000000
56505  32.592  -32.268  70.497 0.0000000000
56526  33.094  -31.858  70.054 0.0000000000
57649  32.927  -30.781  70.890 0.0000000000
57657  33.081  -31.145  70.194 0.0000000000
57705  29.046  -32.123  67.282 0.0000000000
56558  29.648  -32.244  68.022 0.0000000000
56583  30.537  -32.476  67.560 0.0000000000
57702  32.576  -31.712  67.418 0.0000000000
57681  32.674  -32.018  68.101 0.0000000000
57680  32.382  -31.115  68.843 0.0000000000
57679  32.836  -30.706  69.342 0.0000000000
58687  33.419  -29.623  69.298 0.0000000000
58696  32.580  -29.853  68.634 0.0000000000
58722  32.575  -29.552  66.726 0.0000000000
59710  32.868  -28.946  67.513 0.0000000000
60790  33.300  -28.393  67.356 0.0000000000
60789  33.592  -28.124  67.825 0.0000000000
60798  33.191  -28.359  66.496 0.0000000000
59734  32.735  -30.724  64.456 0.0000000000
60808  32.949  -28.926  64.988 0.0000000000
59749  33.210  -29.807  64.035 0.0000000000
60820  33.245  -29.621  63.440 0.0000000000
58780  29.208  -31.933  62.854 0.0000000000
58794  29.771  -31.564  62.083 0.0000000000
59781  30.012  -31.164  61.062 0.0000000000
59764  32.250  -30.164  61.774 0.0000000000
74175  36.274  -16.199  61.252 0.0000000000
73019  36.464  -16.395  59.964 0.0000000000
73020  35.547  -16.522  60.133 0.0000000000
73061  33.771  -17.197  58.590 0.0000000000
73060  34.838  -16.865  58.522 0.0000000000
73063  31.446  -17.717  58.548 0.0000000000
73121  30.876  -17.826  55.485 0.0000000000
73101  31.085  -17.737  56.458 0.0000000000
73120  31.873  -17.759  55.690 0.0000000000
73140  31.674  -17.787  54.812 0.0000000000
81627  53.997  -10.346  41.361 0.0000000000
82663  54.048  -10.048  40.868 0.0000000000
82662  54.246  -9.535  41.215 0.0000000000
79573  50.335  -11.804  42.490 0.0000000000
79585  50.245  -12.410  41.628 0.0000000000
73057  37.857  -16.576  58.560 0.0000000000
73058  36.888  -16.745  58.530 0.0000000000
55319  18.410  -33.616  70.531 0.0000000000
55294  22.256  -33.816  69.863 0.0000000000
55315  22.378  -32.672  70.087 0.0000000000
56540  20.292  -32.710  68.703 0.0000000000
70897  40.023  -17.801  53.054 0.0000000000
70896  40.585  -17.767  52.770 0.0000000000
70950  40.203  -17.344  50.983 0.0000000000
70966  40.381  -17.100  50.398 0.0000000000
70967  39.670  -17.272  50.312 0.0000000000
72038  39.162  -17.104  49.570 0.0000000000
65034  21.611  -25.521  70.929 0.0000000000
63972  21.561  -26.392  70.683 0.0000000000
66053  21.107  -25.168  70.702 0.0000000000
62726  14.633  -28.278  80.585 0.0000000000
59579  14.493  -29.757  81.415 0.0000000000
58577  13.752  -30.579  81.128 0.0000000000
58565  14.296  -30.214  81.614 0.0000000000
58566  14.188  -30.561  81.951 0.0000000000
58567  13.600  -31.015  81.944 0.0000000000
58558  13.731  -30.791  82.520 0.0000000000
58552  14.476  -30.735  83.574 0.0000000000
59567  14.483  -30.368  84.090 0.0000000000
66087  35.203  -24.154  68.021 0.0000000000
65070  34.426  -24.810  67.185 0.0000000000
64044  33.751  -25.384  66.250 0.0000000000
64030  33.861  -25.839  66.406 0.0000000000
61865  33.297  -27.232  65.335 0.0000000000
58726  26.376  -28.933  65.733 0.0000000000
58725  26.945  -29.088  65.761 0.0000000000
58784  25.201  -29.588  62.172 0.0000000000
71902  30.201  -19.390  62.058 0.0000000000
78416  49.285  -11.683  46.117 0.0000000000
79559  51.696  -10.793  43.655 0.0000000000
70884  38.311  -17.754  53.774 0.0000000000
70885  37.487  -17.804  53.824 0.0000000000
72015  34.288  -18.179  52.666 0.0000000000
71921  40.354  -17.136  57.897 0.0000000000
71920  41.021  -17.165  57.669 0.0000000000
71970  39.274  -17.596  54.450 0.0000000000
56517  15.298  -33.261  69.348 0.0000000000
55249  28.534  -33.732  72.644 0.0000000000
55268  28.477  -32.804  72.105 0.0000000000
55310  26.673  -31.899  70.971 0.0000000000
56537  22.954  -31.255  69.516 0.0000000000
56562  23.377  -30.595  69.078 0.0000000000
57689  23.338  -30.215  68.384 0.0000000000
57710  23.819  -29.762  67.711 0.0000000000
57735  22.485  -29.765  66.876 0.0000000000
58730  21.287  -29.919  65.392 0.0000000000
58731  20.747  -30.474  64.880 0.0000000000
74287  45.140  -14.822  48.647 0.0000000000
75270  45.395  -14.359  47.664 0.0000000000
77342  44.795  -12.949  44.986 0.0000000000
78426  44.721  -12.918  44.524 0.0000000000
78424  46.637  -12.376  44.368 0.0000000000
79565  47.274  -12.348  43.088 0.0000000000
55206  22.432  -33.434  73.263 0.0000000000
55185  23.316  -33.136  73.903 0.0000000000
54061  24.387  -34.527  73.393 0.0000000000
55204  24.048  -34.258  74.100 0.0000000000
73175  44.400  -16.244  50.510 0.0000000000
74292  40.463  -16.156  48.122 0.0000000000
55208  20.257  -32.833  73.139 0.0000000000
56408  20.677  -31.743  73.708 0.0000000000
56409  19.624  -31.471  73.704 0.0000000000
61784  20.689  -28.982  72.910 0.0000000000
61757  20.395  -29.494  73.698 0.0000000000
60709  19.781  -29.487  74.046 0.0000000000
57594  17.822  -30.695  75.127 0.0000000000
56388  16.691  -30.938  74.845 0.0000000000
55193  15.309  -31.566  74.178 0.0000000000
56389  15.676  -31.296  75.269 0.0000000000
56390  14.707  -31.665  75.575 0.0000000000
65020  16.494  -25.779  71.023 0.0000000000
64990  16.450  -26.357  73.202 0.0000000000
61699  15.791  -28.660  78.434 0.0000000000
63847  16.202  -27.600  76.655 0.0000000000
59609  15.504  -29.653  78.471 0.0000000000
58597  15.610  -30.226  77.956 0.0000000000
57566  14.597  -31.058  77.473 0.0000000000
56347  14.099  -31.597  77.281 0.0000000000
74140  32.290  -17.694  64.005 0.0000000000
72960  32.024  -18.373  64.874 0.0000000000
71884  31.659  -19.563  65.197 0.0000000000
68309  33.593  -22.668  66.893 0.0000000000
69597  33.810  -22.086  67.311 0.0000000000
68310  32.943  -22.243  66.660 0.0000000000
69612  31.830  -21.720  65.583 0.0000000000
68324  31.876  -22.386  65.285 0.0000000000
68341  31.656  -22.822  64.673 0.0000000000
67132  31.579  -23.966  62.829 0.0000000000
66132  32.581  -24.716  62.962 0.0000000000
62967  33.254  -27.006  62.826 0.0000000000
64089  33.343  -26.077  62.611 0.0000000000
61927  33.535  -27.918  60.900 0.0000000000
61928  33.034  -28.339  60.122 0.0000000000
60860  32.376  -29.115  60.155 0.0000000000
60861  31.510  -29.449  59.618 0.0000000000
56490  29.952  -32.549  71.022 0.0000000000
56507  30.731  -32.786  70.114 0.0000000000
58707  32.572  -31.176  66.965 0.0000000000
58706  32.250  -30.518  67.511 0.0000000000
58723  32.484  -29.891  66.581 0.0000000000
59720  32.710  -29.782  65.946 0.0000000000
58743  32.712  -30.232  65.875 0.0000000000
58761  32.307  -31.199  64.293 0.0000000000
59783  27.936  -31.052  60.933 0.0000000000
59832  29.459  -30.122  59.261 0.0000000000
59833  28.579  -30.282  59.026 0.0000000000
73000  35.044  -16.779  61.049 0.0000000000
73021  34.577  -16.825  60.316 0.0000000000
73065  29.562  -18.275  57.895 0.0000000000
71939  38.137  -16.960  56.432 0.0000000000
71941  36.164  -17.010  56.048 0.0000000000
73015  40.696  -16.475  59.810 0.0000000000
71911  40.423  -16.939  58.525 0.0000000000
54116  24.842  -33.008  71.453 0.0000000000
55290  25.425  -32.869  71.448 0.0000000000
55291  24.554  -32.545  71.078 0.0000000000
55313  24.065  -32.166  70.427 0.0000000000
55332  23.515  -31.738  69.962 0.0000000000
55333  22.622  -31.887  69.856 0.0000000000
56589  19.320  -32.241  66.731 0.0000000000
76346  43.257  -14.225  46.420 0.0000000000
57600  25.863  -31.664  74.466 0.0000000000
58632  26.657  -30.579  74.642 0.0000000000
71947  42.441  -17.382  54.441 0.0000000000
71966  42.402  -17.423  53.733 0.0000000000
72014  41.224  -17.704  52.734 0.0000000000
72012  42.548  -17.332  52.304 0.0000000000
72022  42.582  -17.055  51.589 0.0000000000
72034  42.167  -16.619  50.376 0.0000000000
72047  41.012  -16.662  49.607 0.0000000000
73188  40.651  -16.461  49.004 0.0000000000
72048  40.300  -16.726  49.341 0.0000000000
73203  40.222  -16.382  48.447 0.0000000000
73204  39.600  -16.633  48.119 0.0000000000
60737  23.577  -28.917  72.405 0.0000000000
61781  22.903  -28.895  72.594 0.0000000000
61805  22.765  -28.272  71.524 0.0000000000
61806  22.206  -28.466  71.628 0.0000000000
62859  21.405  -28.480  71.644 0.0000000000
62881  21.405  -27.226  70.750 0.0000000000
62860  20.633  -28.455  72.068 0.0000000000
62843  19.366  -28.036  72.789 0.0000000000
62830  18.815  -28.307  73.819 0.0000000000
64974  14.791  -26.203  74.146 0.0000000000
64937  15.124  -26.719  75.721 0.0000000000
63871  15.303  -26.964  76.427 0.0000000000
63810  15.532  -27.750  78.495 0.0000000000
62758  15.689  -27.936  78.545 0.0000000000
61686  15.471  -28.787  78.957 0.0000000000
57540  14.015  -30.893  79.456 0.0000000000
56326  12.580  -32.107  79.878 0.0000000000
68308  34.194  -23.032  67.156 0.0000000000
67106  33.367  -23.350  66.530 0.0000000000
67114  32.974  -23.892  65.925 0.0000000000
67124  32.825  -24.411  65.191 0.0000000000
65103  32.966  -25.279  64.043 0.0000000000
64076  33.108  -25.801  63.988 0.0000000000
64060  33.325  -25.900  64.634 0.0000000000
64061  33.151  -26.229  64.171 0.0000000000
57685  27.507  -30.491  68.239 0.0000000000
57684  28.122  -31.254  68.176 0.0000000000
57706  28.299  -30.883  67.200 0.0000000000
57730  28.651  -31.854  66.069 0.0000000000
57749  29.505  -32.275  64.949 0.0000000000
57763  30.173  -32.281  64.031 0.0000000000
57780  28.648  -31.903  63.351 0.0000000000
58796  27.797  -31.241  61.715 0.0000000000
58818  27.038  -30.798  60.618 0.0000000000
73023  32.298  -17.546  60.765 0.0000000000
73045  30.625  -18.086  59.267 0.0000000000
71913  30.445  -18.229  59.864 0.0000000000
71923  29.502  -18.532  58.530 0.0000000000
70938  38.272  -17.835  51.577 0.0000000000
70886  36.966  -17.803  53.908 0.0000000000
71995  36.066  -17.737  53.398 0.0000000000
71948  41.752  -17.346  54.718 0.0000000000
71994  40.447  -17.665  53.723 0.0000000000
70919  39.144  -17.897  52.351 0.0000000000
56423  31.941  -31.591  74.018 0.0000000000
56439  32.076  -31.826  73.196 0.0000000000
56476  30.462  -32.379  71.613 0.0000000000
55267  29.631  -32.416  71.945 0.0000000000
55286  29.400  -32.198  71.410 0.0000000000
56509  28.656  -32.089  70.257 0.0000000000
57668  27.481  -30.921  69.032 0.0000000000
55311  25.792  -32.010  70.967 0.0000000000
56512  26.184  -31.388  70.514 0.0000000000
56535  24.789  -31.150  70.091 0.0000000000
56533  26.743  -30.837  69.853 0.0000000000
57669  26.905  -30.466  69.080 0.0000000000
58708  25.701  -29.140  66.662 0.0000000000
59735  24.090  -28.921  63.550 0.0000000000
57738  19.877  -31.640  65.288 0.0000000000
77310  47.681  -13.310  48.238 0.0000000000
76345  44.115  -13.895  46.550 0.0000000000
76343  45.459  -13.703  46.648 0.0000000000
77332  45.005  -13.136  45.866 0.0000000000
77323  46.221  -13.830  47.260 0.0000000000
77321  47.843  -12.909  47.672 0.0000000000
78412  48.084  -12.606  46.944 0.0000000000
79562  49.645  -11.685  43.410 0.0000000000
55252  20.613  -34.315  72.349 0.0000000000
55186  22.149  -32.571  73.450 0.0000000000
56407  21.673  -32.047  73.822 0.0000000000
56383  22.086  -32.129  74.088 0.0000000000
58625  22.560  -31.324  74.214 0.0000000000
60706  23.167  -30.516  73.812 0.0000000000
58633  25.935  -31.241  74.216 0.0000000000
59638  25.234  -30.966  73.919 0.0000000000
60713  25.810  -29.707  73.816 0.0000000000
59646  24.911  -30.578  73.655 0.0000000000
60714  24.704  -30.165  73.329 0.0000000000
60726  24.437  -29.540  72.832 0.0000000000
60736  24.056  -29.110  72.507 0.0000000000
61803  24.067  -27.965  71.697 0.0000000000
63955  23.404  -27.024  71.411 0.0000000000
63937  23.213  -26.005  72.385 0.0000000000
65016  22.494  -25.615  72.032 0.0000000000
57598  33.186  -30.645  74.787 0.0000000000
55223  30.780  -32.427  73.571 0.0000000000
55224  30.247  -32.738  73.315 0.0000000000
55198  29.804  -32.735  74.115 0.0000000000
54101  26.573  -34.123  71.527 0.0000000000
54086  26.559  -34.513  72.237 0.0000000000
54102  25.946  -34.231  71.340 0.0000000000
54103  25.011  -33.888  70.947 0.0000000000
54118  23.756  -33.410  70.907 0.0000000000
54089  23.756  -34.465  71.856 0.0000000000
54105  23.598  -34.273  71.103 0.0000000000
55272  22.850  -34.203  70.356 0.0000000000
74276  45.449  -15.078  49.157 0.0000000000
73178  42.120  -16.499  49.733 0.0000000000
73186  42.472  -16.239  49.301 0.0000000000
74279  42.507  -16.055  48.821 0.0000000000
74291  41.337  -15.944  48.275 0.0000000000
74290  42.507  -15.788  48.316 0.0000000000
76347  42.215  -14.661  46.023 0.0000000000
55276  18.762  -34.202  71.846 0.0000000000
55277  17.767  -34.146  72.089 0.0000000000
55278  17.185  -33.450  71.969 0.0000000000
56460  16.610  -33.065  71.838 0.0000000000
56461  15.883  -33.192  72.193 0.0000000000
60707  22.279  -30.162  73.765 0.0000000000
59631  21.184  -30.477  73.989 0.0000000000
58628  19.514  -30.279  74.392 0.0000000000
56386  19.150  -31.067  74.236 0.0000000000
55211  17.281  -31.836  72.740 0.0000000000
55236  16.573  -32.255  72.455 0.0000000000
56442  15.568  -33.055  72.804 0.0000000000
56444  13.913  -33.063  73.562 0.0000000000
55214  14.744  -31.998  74.056 0.0000000000
56464  13.201  -33.295  73.183 0.0000000000
65037  18.518  -26.157  70.320 0.0000000000
63939  18.321  -26.875  72.208 0.0000000000
63921  18.218  -27.200  72.993 0.0000000000
62831  18.197  -27.830  74.027 0.0000000000
65986  15.360  -26.222  73.523 0.0000000000
65985  15.864  -26.259  73.650 0.0000000000
63891  16.233  -27.467  75.436 0.0000000000
64971  16.525  -27.051  74.421 0.0000000000
63889  17.580  -27.639  74.473 0.0000000000
62816  18.116  -28.018  74.702 0.0000000000
61746  18.599  -28.833  75.143 0.0000000000
58618  16.875  -30.410  76.292 0.0000000000
56364  15.204  -31.199  76.106 0.0000000000
56391  14.196  -32.443  75.984 0.0000000000
60626  13.908  -29.726  84.606 0.0000000000
59563  13.058  -29.949  84.649 0.0000000000
59557  12.253  -30.058  84.945 0.0000000000
58541  11.935  -30.452  84.646 0.0000000000
61622  12.022  -29.446  86.281 0.0000000000
74183  37.175  -16.022  60.678 0.0000000000
72983  34.676  -17.086  61.950 0.0000000000
72984  33.624  -17.292  62.440 0.0000000000
72987  30.919  -18.761  63.091 0.0000000000
70820  30.192  -20.673  63.142 0.0000000000
71883  31.806  -20.233  65.845 0.0000000000
70805  31.218  -20.552  64.953 0.0000000000
69613  31.405  -21.219  65.278 0.0000000000
70806  30.845  -20.606  64.393 0.0000000000
69629  30.761  -21.256  64.258 0.0000000000
69674  30.063  -22.029  62.979 0.0000000000
68391  30.694  -23.384  62.154 0.0000000000
67139  31.828  -24.196  62.116 0.0000000000
67154  31.927  -24.236  61.347 0.0000000000
66126  32.596  -24.725  63.911 0.0000000000
66139  32.920  -25.001  62.491 0.0000000000
65120  33.250  -25.383  62.178 0.0000000000
65121  33.342  -25.413  61.323 0.0000000000
61966  32.165  -28.088  58.360 0.0000000000
61967  31.702  -28.534  57.946 0.0000000000
62908  34.778  -26.526  68.669 0.0000000000
56438  32.735  -31.657  72.974 0.0000000000
56456  32.937  -31.597  72.405 0.0000000000
56472  33.114  -31.307  72.047 0.0000000000
56487  32.626  -32.005  71.296 0.0000000000
56485  33.342  -30.936  71.903 0.0000000000
57655  33.820  -30.323  71.007 0.0000000000
56557  30.472  -32.460  68.339 0.0000000000
56556  31.588  -32.459  68.434 0.0000000000
57664  33.217  -31.486  69.361 0.0000000000
58682  33.528  -30.480  69.985 0.0000000000
58681  33.869  -30.100  70.202 0.0000000000
59685  34.149  -29.594  70.693 0.0000000000
59701  33.551  -28.846  68.728 0.0000000000
60780  34.123  -27.935  69.075 0.0000000000
60781  33.855  -28.070  68.515 0.0000000000
61835  33.845  -27.695  67.967 0.0000000000
61843  34.164  -26.932  67.584 0.0000000000
61844  33.845  -27.336  67.261 0.0000000000
61851  33.444  -27.472  66.057 0.0000000000
59732  32.951  -29.116  65.451 0.0000000000
60818  32.866  -28.381  64.808 0.0000000000
60829  33.521  -28.886  63.158 0.0000000000
58763  30.711  -32.079  63.390 0.0000000000
58778  31.101  -31.592  62.983 0.0000000000
59751  31.610  -31.255  63.052 0.0000000000
59766  30.359  -31.433  61.956 0.0000000000
59779  32.194  -29.876  60.979 0.0000000000
59806  30.992  -29.901  59.876 0.0000000000
60862  30.821  -29.733  59.510 0.0000000000
59831  29.948  -29.836  59.161 0.0000000000
73059  35.889  -16.759  58.499 0.0000000000
73041  35.199  -16.691  59.370 0.0000000000
73079  35.529  -16.826  57.624 0.0000000000
73118  33.951  -17.389  55.846 0.0000000000
73083  31.262  -17.663  57.487 0.0000000000
73082  32.354  -17.505  57.598 0.0000000000
73099  33.192  -17.449  56.686 0.0000000000
73119  32.904  -17.649  55.696 0.0000000000
71956  33.566  -17.496  54.968 0.0000000000
54060  25.053  -34.564  73.715 0.0000000000
54073  24.006  -34.609  72.782 0.0000000000
54074  23.218  -34.547  72.636 0.0000000000
54075  22.500  -34.510  72.531 0.0000000000
54076  22.030  -34.537  72.311 0.0000000000
54092  22.076  -34.603  71.793 0.0000000000
54107  22.365  -34.574  71.494 0.0000000000
54119  23.590  -34.049  70.381 0.0000000000
55191  16.957  -31.367  73.246 0.0000000000
55228  23.971  -34.461  73.456 0.0000000000
55257  16.085  -32.749  72.522 0.0000000000
55271  25.676  -33.717  71.015 0.0000000000
56346  14.638  -31.272  76.813 0.0000000000
56382  22.922  -32.018  74.328 0.0000000000
56384  21.339  -31.505  73.915 0.0000000000
56385  20.282  -31.137  73.846 0.0000000000
56399  32.470  -31.080  74.549 0.0000000000
56410  18.481  -31.293  73.854 0.0000000000
56412  16.002  -31.273  74.477 0.0000000000
56413  15.117  -31.622  74.840 0.0000000000
56425  14.649  -32.821  74.073 0.0000000000
56455  33.231  -31.219  72.287 0.0000000000
56457  32.410  -31.973  72.530 0.0000000000
56471  33.433  -31.050  72.118 0.0000000000
56486  32.905  -31.173  71.523 0.0000000000
56491  29.182  -32.057  70.937 0.0000000000
56555  32.337  -32.347  68.768 0.0000000000
56584  29.890  -32.368  67.415 0.0000000000
57553  14.853  -30.760  77.799 0.0000000000
57577  18.184  -30.466  75.212 0.0000000000
57578  17.062  -30.664  75.780 0.0000000000
57579  15.927  -30.907  76.316 0.0000000000
57592  19.714  -30.644  74.164 0.0000000000
57593  18.651  -30.682  74.697 0.0000000000
57616  33.536  -30.905  73.029 0.0000000000
57640  33.736  -30.822  71.916 0.0000000000
57663  33.252  -30.797  69.809 0.0000000000
57666  28.447  -31.831  68.988 0.0000000000
57670  16.594  -32.782  67.996 0.0000000000
57682  31.979  -32.315  67.712 0.0000000000
57701  32.145  -31.131  68.127 0.0000000000
57734  23.284  -29.590  67.213 0.0000000000
57762  30.910  -32.232  63.956 0.0000000000
58587  14.560  -30.325  79.320 0.0000000000
58598  14.819  -30.538  78.423 0.0000000000
58599  14.324  -30.687  79.100 0.0000000000
58606  17.108  -30.047  76.417 0.0000000000
58608  15.373  -30.571  77.650 0.0000000000
58616  18.710  -30.116  75.003 0.0000000000
58617  17.720  -30.281  75.790 0.0000000000
58636  22.556  -30.836  74.302 0.0000000000
59548  10.874  -30.273  86.506 0.0000000000
59566  15.018  -30.599  83.469 0.0000000000
59580  14.566  -29.919  81.815 0.0000000000
59581  14.581  -30.278  82.052 0.0000000000
59590  14.458  -29.698  80.925 0.0000000000
59591  14.339  -29.989  80.871 0.0000000000
59600  15.200  -29.513  78.993 0.0000000000
59601  14.860  -29.728  79.643 0.0000000000
59602  14.284  -30.118  80.111 0.0000000000
59617  17.237  -29.674  76.412 0.0000000000
59618  16.399  -29.652  77.155 0.0000000000
59632  19.683  -30.041  74.340 0.0000000000
59702  33.079  -29.104  68.368 0.0000000000
60612  10.296  -29.918  86.892 0.0000000000
60615  11.854  -29.770  86.239 0.0000000000
60617  10.709  -29.841  86.764 0.0000000000
60623  12.386  -29.688  85.943 0.0000000000
60631  14.638  -29.715  84.265 0.0000000000
60639  14.847  -29.731  82.351 0.0000000000
60651  14.504  -29.545  81.323 0.0000000000
60668  15.370  -29.146  78.923 0.0000000000
60669  15.094  -29.234  79.623 0.0000000000
60677  16.097  -29.143  77.901 0.0000000000
60685  17.315  -29.188  76.384 0.0000000000
60686  16.574  -29.128  77.100 0.0000000000
60693  18.883  -29.653  74.945 0.0000000000
60694  18.416  -29.282  75.423 0.0000000000
60699  20.687  -30.242  74.103 0.0000000000
60700  19.448  -29.513  74.412 0.0000000000
60701  18.712  -29.033  75.118 0.0000000000
60715  23.428  -30.031  73.431 0.0000000000
60716  22.228  -29.624  73.363 0.0000000000
60717  21.322  -29.526  73.468 0.0000000000
60884  29.640  -29.862  58.775 0.0000000000
61629  12.567  -29.344  85.215 0.0000000000
61653  14.801  -29.457  82.351 0.0000000000
61665  14.506  -29.301  81.328 0.0000000000
61666  14.585  -29.248  81.769 0.0000000000
61667  14.500  -28.800  82.150 0.0000000000
61675  14.620  -29.054  80.767 0.0000000000
61676  14.487  -28.745  80.905 0.0000000000
61700  15.627  -28.268  78.751 0.0000000000
61714  17.226  -28.751  76.392 0.0000000000
61758  19.409  -29.088  74.260 0.0000000000
61759  18.983  -28.948  74.734 0.0000000000
61769  20.993  -29.323  73.284 0.0000000000
61770  19.938  -28.908  73.460 0.0000000000
61780  24.558  -28.984  72.523 0.0000000000
61782  22.178  -29.012  72.670 0.0000000000
61783  21.453  -29.089  72.784 0.0000000000
61793  24.311  -28.453  72.095 0.0000000000
61794  23.280  -28.613  72.009 0.0000000000
61795  22.515  -28.733  72.070 0.0000000000
61796  21.679  -28.774  72.025 0.0000000000
61804  23.590  -28.110  71.567 0.0000000000
61852  33.163  -27.990  65.804 0.0000000000
62727  14.263  -28.186  80.901 0.0000000000
62741  15.374  -28.111  79.383 0.0000000000
62742  15.104  -27.880  79.935 0.0000000000
62743  14.679  -27.981  80.402 0.0000000000
62757  16.053  -28.231  77.904 0.0000000000
62759  15.366  -27.868  79.247 0.0000000000
62774  16.216  -28.027  77.442 0.0000000000
62785  17.590  -28.488  75.849 0.0000000000
62786  17.066  -28.306  76.341 0.0000000000
62787  16.415  -27.920  76.879 0.0000000000
62802  17.928  -28.522  75.546 0.0000000000
62814  19.164  -28.899  74.406 0.0000000000
62858  24.260  -27.319  71.914 0.0000000000
62870  24.304  -27.761  71.854 0.0000000000
62871  23.839  -27.477  71.588 0.0000000000
62875  19.807  -27.245  71.295 0.0000000000
63848  15.530  -27.286  77.124 0.0000000000
63869  16.535  -27.648  75.752 0.0000000000
63870  15.882  -27.285  76.003 0.0000000000
63872  14.662  -26.755  76.476 0.0000000000
63890  16.682  -27.504  74.881 0.0000000000
63907  18.579  -27.669  73.322 0.0000000000
63909  17.187  -27.219  74.077 0.0000000000
63938  19.232  -26.998  71.759 0.0000000000
63940  17.882  -26.926  72.760 0.0000000000
63960  18.764  -26.697  71.254 0.0000000000
63975  19.075  -26.571  70.707 0.0000000000
64015  34.638  -25.561  67.459 0.0000000000
64936  15.551  -27.003  75.649 0.0000000000
64952  16.356  -27.278  74.750 0.0000000000
64955  14.959  -26.544  74.962 0.0000000000
65033  22.203  -25.749  71.325 0.0000000000
65035  20.920  -25.654  70.422 0.0000000000
71912  40.006  -16.835  58.592 0.0000000000
71957  32.940  -17.692  54.997 0.0000000000
72025  43.206  -16.529  50.841 0.0000000000
72028  41.366  -16.891  50.914 0.0000000000
72032  43.178  -16.407  50.627 0.0000000000
72999  35.860  -16.383  60.774 0.0000000000
73055  39.543  -16.751  58.640 0.0000000000
73177  42.719  -16.310  50.030 0.0000000000
73184  43.978  -15.960  50.067 0.0000000000
74182  37.718  -15.786  60.937 0.0000000000
74275  46.118  -14.951  49.187 0.0000000000
75254  46.235  -14.459  48.449 0.0000000000
