#!ascii label  , from subject A00073525 vox2ras=TkReg
339
85330  25.193  -6.702  -4.982 0.0000000000
76869  22.199  -15.730  0.628 0.0000000000
90356  21.972  -2.500  -3.448 0.0000000000
99643  19.726  8.078  -5.917 0.0000000000
74827  19.795  -17.656  0.561 0.0000000000
93197  24.111  -0.070  -5.458 0.0000000000
95808  23.245  3.567  -5.052 0.0000000000
83217  22.725  -9.149  -4.004 0.0000000000
81145  23.249  -11.170  -2.091 0.0000000000
84262  26.803  -8.035  -3.375 0.0000000000
87347  27.754  -4.504  -6.938 0.0000000000
85347  29.819  -7.005  -7.030 0.0000000000
88313  23.284  -4.937  -4.419 0.0000000000
90397  26.228  -2.545  -6.458 0.0000000000
98555  20.356  6.141  -5.045 0.0000000000
97599  23.412  5.572  -6.634 0.0000000000
80060  23.706  -13.440  -0.105 0.0000000000
94945  22.640  2.501  -3.727 0.0000000000
95786  22.129  3.505  -3.877 0.0000000000
84286  23.679  -8.203  -4.686 0.0000000000
84264  24.887  -8.398  -4.167 0.0000000000
85299  26.035  -7.393  -4.460 0.0000000000
75879  20.509  -16.753  0.416 0.0000000000
89331  23.436  -3.586  -3.757 0.0000000000
89348  24.812  -3.808  -4.355 0.0000000000
90354  23.821  -2.641  -3.957 0.0000000000
93227  24.295  0.502  -7.558 0.0000000000
92359  24.782  -0.277  -7.719 0.0000000000
99644  17.809  7.543  -6.718 0.0000000000
97578  18.860  5.485  -6.766 0.0000000000
130097  21.035  7.901  -5.268 0.0000000000
129999  19.468  7.717  -9.817 0.0000000000
97621  21.274  6.443  -9.317 0.0000000000
98590  23.424  6.534  -6.768 0.0000000000
96738  21.514  4.927  -9.389 0.0000000000
96726  22.524  4.704  -7.982 0.0000000000
82139  24.959  -10.247  -1.779 0.0000000000
81131  23.113  -12.046  -1.165 0.0000000000
72673  19.794  -19.526  0.639 0.0000000000
92314  23.118  -0.703  -3.617 0.0000000000
94080  23.143  0.904  -3.951 0.0000000000
94105  23.678  1.894  -5.160 0.0000000000
94981  23.683  2.374  -6.534 0.0000000000
82155  21.756  -10.897  -3.463 0.0000000000
82168  23.113  -9.768  -3.761 0.0000000000
83197  25.070  -9.422  -2.848 0.0000000000
83195  26.557  -9.194  -1.930 0.0000000000
86366  26.294  -5.527  -5.117 0.0000000000
86351  27.547  -6.082  -5.041 0.0000000000
86382  28.571  -5.525  -7.523 0.0000000000
85333  22.821  -7.107  -5.035 0.0000000000
87334  22.029  -5.969  -5.149 0.0000000000
87331  24.964  -5.490  -5.052 0.0000000000
88328  26.494  -4.209  -5.579 0.0000000000
89378  26.998  -3.591  -6.534 0.0000000000
90407  27.327  -3.084  -8.312 0.0000000000
92337  25.050  -0.862  -5.774 0.0000000000
91393  25.971  -1.498  -7.953 0.0000000000
97566  20.674  5.348  -4.584 0.0000000000
130074  22.920  8.759  -6.565 0.0000000000
130077  23.132  8.657  -5.065 0.0000000000
99606  22.283  6.708  -3.994 0.0000000000
97551  22.798  5.210  -3.919 0.0000000000
96704  23.411  4.549  -5.417 0.0000000000
94995  22.789  3.007  -8.280 0.0000000000
77870  21.404  -14.502  -0.386 0.0000000000
81146  22.419  -12.083  -1.884 0.0000000000
85311  28.715  -7.173  -4.521 0.0000000000
84261  27.896  -8.288  -3.076 0.0000000000
94947  20.683  2.951  -4.044 0.0000000000
95787  21.311  3.659  -3.785 0.0000000000
85315  24.878  -7.346  -4.967 0.0000000000
84284  25.312  -7.753  -4.608 0.0000000000
85314  25.744  -6.943  -4.847 0.0000000000
71601  19.012  -20.309  1.138 0.0000000000
72674  19.028  -19.750  1.085 0.0000000000
76870  21.138  -15.754  0.266 0.0000000000
89332  22.353  -3.492  -3.594 0.0000000000
90355  22.955  -2.606  -3.519 0.0000000000
94124  23.990  1.120  -7.796 0.0000000000
93236  24.171  0.408  -8.433 0.0000000000
98576  19.216  6.607  -6.534 0.0000000000
97611  21.971  5.661  -9.056 0.0000000000
96749  20.476  4.690  -10.217 0.0000000000
82124  25.521  -10.879  -0.836 0.0000000000
81130  24.367  -11.427  -0.894 0.0000000000
76871  20.205  -16.102  -0.089 0.0000000000
92316  21.376  -0.344  -3.417 0.0000000000
93187  22.017  0.505  -3.308 0.0000000000
94957  22.864  2.806  -4.148 0.0000000000
94944  23.249  1.720  -3.875 0.0000000000
94968  23.427  2.638  -5.484 0.0000000000
94967  23.911  1.980  -5.758 0.0000000000
130089  19.910  9.316  -6.144 0.0000000000
82169  22.647  -10.039  -3.706 0.0000000000
84248  25.196  -8.680  -3.527 0.0000000000
83215  24.489  -9.040  -3.670 0.0000000000
84247  25.885  -8.587  -3.032 0.0000000000
83179  25.435  -9.559  -2.126 0.0000000000
84246  26.862  -8.656  -2.488 0.0000000000
73819  20.246  -18.574  0.528 0.0000000000
87328  27.768  -4.938  -6.241 0.0000000000
87346  28.103  -5.041  -6.997 0.0000000000
88314  22.235  -4.991  -4.338 0.0000000000
87318  22.846  -5.678  -4.884 0.0000000000
86355  23.639  -6.033  -4.816 0.0000000000
87317  23.902  -5.560  -4.535 0.0000000000
88329  25.477  -4.608  -5.184 0.0000000000
91359  25.675  -2.713  -5.465 0.0000000000
89362  26.639  -3.621  -5.928 0.0000000000
90386  26.657  -3.353  -6.310 0.0000000000
89390  27.427  -3.591  -7.820 0.0000000000
90408  27.032  -2.883  -7.646 0.0000000000
93198  23.829  0.000  -4.757 0.0000000000
92325  24.329  -0.915  -4.984 0.0000000000
92358  25.449  -1.104  -7.350 0.0000000000
90426  26.532  -2.273  -9.419 0.0000000000
98568  19.479  6.161  -6.105 0.0000000000
97577  19.355  5.363  -5.846 0.0000000000
97567  19.975  5.315  -5.240 0.0000000000
98554  20.945  6.263  -4.584 0.0000000000
130007  21.091  7.285  -9.072 0.0000000000
130022  20.725  7.999  -9.013 0.0000000000
130055  22.856  8.380  -7.116 0.0000000000
130050  22.823  7.885  -7.319 0.0000000000
97600  23.073  5.799  -7.408 0.0000000000
99641  23.742  7.073  -5.722 0.0000000000
98575  23.696  6.419  -5.476 0.0000000000
98538  22.269  6.154  -3.879 0.0000000000
97576  23.540  5.664  -4.960 0.0000000000
96680  23.132  4.915  -4.030 0.0000000000
96714  23.300  4.551  -6.324 0.0000000000
95853  21.705  3.328  -9.589 0.0000000000
95831  22.888  3.655  -7.845 0.0000000000
95008  22.720  2.323  -8.703 0.0000000000
78994  21.415  -13.899  -0.955 0.0000000000
81159  22.960  -11.108  -3.019 0.0000000000
81160  22.235  -11.618  -2.890 0.0000000000
80073  23.761  -12.730  -0.386 0.0000000000
80074  22.771  -12.846  -0.855 0.0000000000
78992  23.102  -13.417  -0.240 0.0000000000
78993  22.296  -13.566  -0.649 0.0000000000
86363  29.306  -6.433  -6.122 0.0000000000
85312  27.670  -6.865  -4.552 0.0000000000
86349  29.337  -6.950  -5.302 0.0000000000
94082  21.806  1.620  -3.396 0.0000000000
94946  21.573  2.688  -3.719 0.0000000000
95797  23.019  3.599  -4.555 0.0000000000
84287  22.797  -8.303  -4.481 0.0000000000
84266  23.375  -8.718  -4.226 0.0000000000
84285  24.502  -8.080  -4.771 0.0000000000
84263  25.793  -7.995  -3.883 0.0000000000
74826  20.899  -17.618  0.548 0.0000000000
74825  21.964  -17.592  0.689 0.0000000000
88360  27.937  -4.367  -8.053 0.0000000000
87357  28.241  -4.801  -7.935 0.0000000000
88296  21.722  -4.281  -3.867 0.0000000000
88294  23.605  -4.391  -3.996 0.0000000000
88312  24.279  -4.738  -4.252 0.0000000000
89330  24.121  -4.026  -3.973 0.0000000000
90372  24.632  -2.763  -4.412 0.0000000000
91360  25.211  -1.903  -5.076 0.0000000000
93208  24.299  0.067  -6.258 0.0000000000
93217  24.424  0.145  -7.024 0.0000000000
92369  24.674  -0.567  -8.716 0.0000000000
99642  19.921  6.885  -6.068 0.0000000000
99622  20.882  7.035  -5.024 0.0000000000
130028  19.717  6.893  -9.910 0.0000000000
130031  21.961  6.899  -8.965 0.0000000000
98611  22.214  6.907  -8.449 0.0000000000
97610  22.428  5.929  -8.275 0.0000000000
96737  22.062  4.787  -8.806 0.0000000000
95844  21.697  4.047  -9.309 0.0000000000
81144  24.079  -10.768  -1.704 0.0000000000
73820  18.915  -18.678  0.979 0.0000000000
91349  21.593  -1.455  -3.475 0.0000000000
91348  22.580  -1.600  -3.384 0.0000000000
92315  22.280  -0.553  -3.255 0.0000000000
93185  23.387  0.135  -4.117 0.0000000000
94093  23.913  0.537  -5.088 0.0000000000
94081  22.660  1.259  -3.559 0.0000000000
94094  23.612  1.119  -4.591 0.0000000000
94104  24.013  1.048  -5.633 0.0000000000
94115  24.008  1.064  -6.794 0.0000000000
94116  23.714  1.761  -7.399 0.0000000000
94125  23.494  1.625  -8.071 0.0000000000
130108  17.630  8.291  -6.849 0.0000000000
130111  18.797  8.809  -6.404 0.0000000000
102374  22.206  10.023  -5.489 0.0000000000
82154  22.558  -10.807  -3.442 0.0000000000
82153  23.391  -10.278  -3.139 0.0000000000
83216  23.611  -9.344  -3.793 0.0000000000
83198  24.138  -9.598  -3.218 0.0000000000
82152  24.245  -9.937  -2.611 0.0000000000
83178  25.949  -9.603  -1.693 0.0000000000
82138  26.175  -10.318  -1.180 0.0000000000
86352  26.532  -6.142  -4.953 0.0000000000
86365  27.332  -5.353  -5.394 0.0000000000
86364  28.400  -5.570  -6.162 0.0000000000
86381  29.140  -6.202  -7.198 0.0000000000
86404  28.656  -6.356  -8.863 0.0000000000
86393  28.833  -6.338  -8.182 0.0000000000
85358  29.529  -6.954  -7.998 0.0000000000
85317  23.268  -7.637  -4.860 0.0000000000
85331  24.530  -6.838  -5.113 0.0000000000
86369  23.172  -6.430  -5.035 0.0000000000
86368  24.211  -6.245  -4.951 0.0000000000
86367  25.238  -6.025  -4.999 0.0000000000
87329  27.115  -4.601  -5.701 0.0000000000
88327  27.071  -4.099  -5.862 0.0000000000
89363  26.011  -3.817  -5.526 0.0000000000
88347  27.008  -3.822  -5.995 0.0000000000
88361  27.643  -4.108  -7.493 0.0000000000
88373  27.740  -4.111  -8.399 0.0000000000
88385  27.871  -4.277  -9.555 0.0000000000
91347  23.387  -1.702  -3.868 0.0000000000
91361  24.147  -1.807  -4.481 0.0000000000
91374  25.414  -1.562  -5.706 0.0000000000
92347  24.972  -0.513  -6.762 0.0000000000
92346  25.502  -1.322  -6.495 0.0000000000
91383  26.236  -1.948  -6.991 0.0000000000
90418  26.973  -2.448  -8.453 0.0000000000
96694  20.618  4.477  -4.336 0.0000000000
130064  22.452  9.204  -7.180 0.0000000000
130090  22.324  8.970  -5.238 0.0000000000
130081  22.230  8.695  -4.646 0.0000000000
100582  21.815  7.882  -4.588 0.0000000000
99651  23.632  7.365  -6.266 0.0000000000
130070  23.288  7.912  -4.799 0.0000000000
99621  21.407  6.891  -4.475 0.0000000000
98553  21.400  6.253  -4.146 0.0000000000
97553  21.363  5.350  -4.018 0.0000000000
96683  21.092  4.468  -3.955 0.0000000000
96681  22.685  4.394  -3.968 0.0000000000
96693  22.941  3.962  -4.308 0.0000000000
95819  23.220  3.519  -5.943 0.0000000000
96725  23.109  4.628  -7.212 0.0000000000
95830  23.183  3.532  -6.927 0.0000000000
94994  23.200  2.526  -7.757 0.0000000000
95007  23.135  1.940  -8.316 0.0000000000
77854  21.133  -15.012  -0.151 0.0000000000
77853  21.868  -14.815  0.182 0.0000000000
80075  21.922  -12.990  -1.491 0.0000000000
81132  22.567  -12.507  -1.374 0.0000000000
78978  21.905  -14.142  -0.322 0.0000000000
85313  26.699  -6.832  -4.725 0.0000000000
85298  26.764  -7.382  -4.096 0.0000000000
85297  27.795  -7.526  -3.819 0.0000000000
85310  29.920  -7.795  -4.792 0.0000000000
85296  28.933  -7.860  -3.677 0.0000000000
84245  27.945  -9.110  -2.466 0.0000000000
82140  23.927  -10.423  -2.228 0.0000000000
82170  22.142  -10.346  -3.593 0.0000000000
83196  25.881  -9.045  -2.253 0.0000000000
84265  24.093  -8.694  -4.300 0.0000000000
85316  24.083  -7.580  -5.108 0.0000000000
85318  22.520  -7.745  -4.923 0.0000000000
85332  23.673  -6.996  -5.206 0.0000000000
85365  29.892  -7.554  -8.536 0.0000000000
86350  28.554  -6.379  -5.195 0.0000000000
86353  25.760  -6.271  -4.965 0.0000000000
86354  24.056  -5.978  -4.715 0.0000000000
86370  22.366  -6.582  -5.228 0.0000000000
86394  28.510  -5.649  -8.497 0.0000000000
87330  25.922  -5.060  -5.234 0.0000000000
87332  24.398  -5.743  -4.766 0.0000000000
87333  22.620  -6.185  -5.126 0.0000000000
87358  27.893  -4.408  -7.630 0.0000000000
88295  22.779  -4.326  -3.958 0.0000000000
88311  24.951  -4.482  -4.740 0.0000000000
88330  24.648  -5.129  -4.827 0.0000000000
88346  27.368  -4.016  -6.480 0.0000000000
88372  28.068  -4.561  -8.713 0.0000000000
89347  25.392  -3.889  -5.040 0.0000000000
89349  24.188  -3.379  -4.054 0.0000000000
89377  27.357  -3.757  -7.083 0.0000000000
89391  27.109  -3.405  -7.172 0.0000000000
89398  27.539  -3.599  -8.753 0.0000000000
90370  25.734  -3.344  -5.397 0.0000000000
90371  25.333  -3.079  -4.891 0.0000000000
90373  21.291  -2.338  -3.932 0.0000000000
90387  26.246  -3.054  -5.944 0.0000000000
90396  26.648  -2.963  -6.811 0.0000000000
91362  20.981  -1.668  -3.986 0.0000000000
91373  25.687  -2.112  -6.062 0.0000000000
91382  26.661  -2.507  -7.317 0.0000000000
91392  26.632  -2.135  -7.811 0.0000000000
92326  23.688  -0.832  -4.313 0.0000000000
92336  25.462  -1.450  -6.002 0.0000000000
93186  22.797  0.265  -3.598 0.0000000000
93237  23.693  0.810  -8.739 0.0000000000
94133  23.753  1.084  -8.389 0.0000000000
94134  23.236  1.347  -8.801 0.0000000000
94956  23.209  2.591  -4.496 0.0000000000
94980  24.040  1.648  -6.175 0.0000000000
95788  20.740  3.863  -4.038 0.0000000000
95798  22.709  3.327  -4.251 0.0000000000
95843  22.262  3.515  -8.762 0.0000000000
95854  21.059  3.748  -10.012 0.0000000000
96682  21.801  4.457  -3.771 0.0000000000
96692  23.264  4.512  -4.505 0.0000000000
96695  20.167  4.490  -4.909 0.0000000000
96748  21.052  4.936  -9.728 0.0000000000
97552  22.213  5.355  -3.760 0.0000000000
97554  20.946  4.909  -4.236 0.0000000000
97563  23.005  5.548  -4.358 0.0000000000
97564  22.562  5.719  -4.060 0.0000000000
97565  21.082  5.811  -4.322 0.0000000000
97586  23.595  5.522  -5.827 0.0000000000
98539  21.837  6.128  -3.747 0.0000000000
98551  23.107  6.482  -4.650 0.0000000000
98552  22.593  6.345  -4.273 0.0000000000
98566  23.525  6.605  -4.999 0.0000000000
98567  19.835  6.040  -5.592 0.0000000000
98589  23.683  6.425  -6.141 0.0000000000
98602  23.039  7.432  -7.237 0.0000000000
98603  22.588  8.058  -7.585 0.0000000000
99607  22.089  6.531  -3.754 0.0000000000
99618  23.318  7.219  -4.828 0.0000000000
99619  22.667  7.419  -4.332 0.0000000000
99620  21.876  6.948  -3.942 0.0000000000
99631  23.602  7.146  -5.250 0.0000000000
99632  20.217  6.655  -5.559 0.0000000000
99633  19.892  6.436  -5.881 0.0000000000
100569  22.637  8.771  -4.786 0.0000000000
100581  23.500  7.564  -5.064 0.0000000000
130000  21.324  7.462  -8.937 0.0000000000
130005  19.097  8.069  -10.066 0.0000000000
130023  19.277  7.276  -9.963 0.0000000000
130024  19.184  8.231  -9.898 0.0000000000
130025  19.002  8.352  -10.012 0.0000000000
130029  19.614  8.346  -9.567 0.0000000000
130030  20.151  8.527  -9.231 0.0000000000
130062  22.885  8.136  -7.173 0.0000000000
130065  23.578  7.818  -5.438 0.0000000000
130069  23.365  8.468  -5.996 0.0000000000
130075  22.431  8.328  -4.489 0.0000000000
130076  22.858  8.315  -4.622 0.0000000000
130105  20.385  7.332  -5.600 0.0000000000
