#!ascii label  , from subject A00073953 vox2ras=TkReg
498
14670  -53.937  -74.586  15.554 0.0000000000
20414  -53.010  -68.384  10.735 0.0000000000
18452  -50.154  -70.786  17.036 0.0000000000
15766  -52.027  -73.639  10.817 0.0000000000
21296  -50.663  -68.077  14.801 0.0000000000
17550  -56.527  -70.295  19.390 0.0000000000
21240  -50.741  -66.943  19.990 0.0000000000
21167  -51.235  -67.199  23.456 0.0000000000
20338  -46.516  -68.261  16.908 0.0000000000
18472  -49.085  -70.405  14.663 0.0000000000
22267  -47.380  -66.807  15.665 0.0000000000
20293  -53.808  -68.026  19.623 0.0000000000
22207  -54.237  -66.461  21.845 0.0000000000
23097  -49.527  -66.500  24.187 0.0000000000
24124  -48.264  -64.683  22.623 0.0000000000
11916  -49.567  -78.127  14.261 0.0000000000
17624  -52.011  -71.800  11.003 0.0000000000
14740  -47.031  -74.285  11.559 0.0000000000
16768  -47.164  -72.546  10.787 0.0000000000
16697  -53.135  -71.982  15.500 0.0000000000
14723  -53.303  -74.553  12.245 0.0000000000
17602  -51.709  -71.295  12.831 0.0000000000
20374  -54.040  -68.688  12.851 0.0000000000
18441  -53.651  -70.110  18.096 0.0000000000
20311  -50.570  -68.565  18.897 0.0000000000
22237  -47.172  -67.078  18.826 0.0000000000
20260  -53.543  -68.304  22.408 0.0000000000
23149  -51.437  -65.872  22.312 0.0000000000
23167  -47.978  -65.357  20.473 0.0000000000
24175  -44.413  -64.230  19.523 0.0000000000
13734  -48.474  -76.060  13.254 0.0000000000
22314  -56.994  -65.790  13.964 0.0000000000
22333  -52.116  -66.500  12.161 0.0000000000
20412  -48.069  -67.806  10.899 0.0000000000
21269  -45.485  -67.015  17.111 0.0000000000
20346  -46.716  -68.221  16.198 0.0000000000
12795  -52.134  -76.314  14.920 0.0000000000
19459  -52.806  -69.972  10.282 0.0000000000
16749  -48.541  -72.252  11.608 0.0000000000
17608  -48.949  -70.701  12.041 0.0000000000
17636  -47.327  -71.541  10.477 0.0000000000
19422  -49.533  -69.297  12.218 0.0000000000
17579  -51.820  -71.829  15.974 0.0000000000
17587  -50.473  -71.890  15.270 0.0000000000
19391  -49.495  -69.617  14.490 0.0000000000
18473  -49.936  -70.511  14.133 0.0000000000
19404  -51.246  -69.734  13.800 0.0000000000
19406  -53.003  -69.738  12.837 0.0000000000
20358  -52.507  -68.557  14.024 0.0000000000
18457  -55.903  -70.699  16.919 0.0000000000
18443  -55.723  -70.098  17.972 0.0000000000
21241  -51.953  -67.237  20.043 0.0000000000
20292  -52.532  -68.143  19.445 0.0000000000
20290  -50.167  -67.829  19.338 0.0000000000
21259  -48.400  -67.751  18.763 0.0000000000
22219  -48.921  -66.615  19.738 0.0000000000
20218  -52.362  -67.123  23.158 0.0000000000
22164  -53.115  -66.612  22.595 0.0000000000
23125  -51.430  -66.037  22.722 0.0000000000
24123  -47.311  -64.323  22.433 0.0000000000
23145  -48.330  -65.065  21.173 0.0000000000
24161  -46.906  -64.533  20.931 0.0000000000
23165  -46.262  -64.755  20.237 0.0000000000
14746  -52.831  -74.478  11.340 0.0000000000
13761  -50.939  -75.320  12.441 0.0000000000
14719  -50.689  -74.715  11.924 0.0000000000
13779  -45.728  -75.555  11.628 0.0000000000
25257  -56.425  -64.188  14.172 0.0000000000
23276  -54.272  -65.954  12.530 0.0000000000
22331  -49.572  -66.620  12.648 0.0000000000
19362  -48.405  -69.990  17.194 0.0000000000
17576  -48.980  -71.110  15.976 0.0000000000
19376  -47.593  -69.732  16.162 0.0000000000
20348  -48.275  -68.680  15.140 0.0000000000
21285  -48.944  -67.799  15.078 0.0000000000
19330  -56.042  -69.072  19.532 0.0000000000
21243  -54.285  -67.301  20.361 0.0000000000
21222  -52.519  -66.612  20.668 0.0000000000
22145  -50.582  -66.724  23.578 0.0000000000
23111  -50.640  -66.202  23.245 0.0000000000
24110  -49.229  -65.462  23.430 0.0000000000
24108  -47.765  -64.530  23.277 0.0000000000
25133  -46.351  -63.572  22.653 0.0000000000
16751  -50.844  -72.626  11.076 0.0000000000
14742  -49.298  -74.024  11.687 0.0000000000
15763  -48.876  -73.236  11.499 0.0000000000
15762  -47.671  -73.272  11.348 0.0000000000
15794  -45.913  -74.248  9.222 0.0000000000
15796  -47.019  -73.013  8.554 0.0000000000
17673  -48.282  -71.500  8.654 0.0000000000
17675  -49.766  -70.674  8.232 0.0000000000
16724  -54.764  -72.620  14.693 0.0000000000
13740  -53.190  -75.146  13.341 0.0000000000
15726  -52.848  -73.209  13.259 0.0000000000
15748  -52.625  -73.309  12.092 0.0000000000
17594  -49.710  -71.256  14.631 0.0000000000
17601  -51.078  -71.591  13.306 0.0000000000
16738  -51.967  -72.100  12.215 0.0000000000
17611  -52.814  -71.474  11.411 0.0000000000
18508  -53.750  -71.013  10.678 0.0000000000
20433  -54.945  -68.559  10.536 0.0000000000
17590  -55.234  -71.594  15.540 0.0000000000
17571  -53.563  -70.969  16.893 0.0000000000
18453  -51.468  -70.555  17.386 0.0000000000
19327  -53.401  -68.858  19.017 0.0000000000
19344  -52.044  -69.404  18.449 0.0000000000
19364  -50.641  -69.964  17.790 0.0000000000
19341  -48.837  -69.265  18.045 0.0000000000
21257  -46.596  -67.660  18.168 0.0000000000
22235  -45.439  -66.388  18.435 0.0000000000
22165  -54.022  -66.740  22.302 0.0000000000
22187  -53.021  -66.199  22.106 0.0000000000
22203  -50.933  -66.266  20.703 0.0000000000
24143  -49.403  -65.197  22.090 0.0000000000
23169  -49.592  -65.708  21.035 0.0000000000
22201  -49.260  -66.096  20.383 0.0000000000
23180  -47.503  -65.754  19.809 0.0000000000
22216  -45.962  -66.025  19.109 0.0000000000
12818  -51.511  -76.268  13.546 0.0000000000
12816  -49.742  -76.844  13.582 0.0000000000
13758  -48.019  -75.309  12.797 0.0000000000
12830  -45.928  -76.904  12.615 0.0000000000
21298  -53.685  -67.759  13.847 0.0000000000
21312  -54.877  -67.739  13.004 0.0000000000
22345  -54.863  -66.861  11.010 0.0000000000
22334  -53.996  -66.542  11.725 0.0000000000
21329  -52.391  -67.334  11.601 0.0000000000
20391  -50.255  -68.370  12.350 0.0000000000
20413  -48.443  -68.406  11.107 0.0000000000
22258  -45.084  -66.273  16.874 0.0000000000
21279  -45.600  -66.752  16.711 0.0000000000
13718  -53.422  -75.037  14.603 0.0000000000
19441  -52.139  -69.512  10.936 0.0000000000
18505  -50.191  -71.025  11.542 0.0000000000
18490  -50.630  -69.991  11.601 0.0000000000
17607  -48.621  -70.598  11.980 0.0000000000
19423  -50.609  -69.313  11.951 0.0000000000
17569  -51.231  -71.205  16.776 0.0000000000
17578  -50.491  -71.479  16.307 0.0000000000
20356  -50.072  -68.841  14.560 0.0000000000
19392  -50.402  -69.641  14.179 0.0000000000
20357  -51.247  -68.852  14.310 0.0000000000
16653  -55.739  -71.362  19.586 0.0000000000
17549  -56.234  -70.819  19.024 0.0000000000
17559  -56.216  -70.769  17.940 0.0000000000
18444  -56.446  -69.900  18.817 0.0000000000
20291  -51.260  -67.926  19.469 0.0000000000
21239  -49.522  -67.348  19.419 0.0000000000
22220  -49.833  -66.534  20.012 0.0000000000
20216  -50.825  -67.627  23.324 0.0000000000
20217  -51.851  -67.341  23.211 0.0000000000
21168  -52.114  -67.037  23.287 0.0000000000
22146  -51.663  -66.732  23.213 0.0000000000
22162  -51.245  -66.255  23.073 0.0000000000
25142  -46.302  -63.730  22.136 0.0000000000
24140  -46.560  -64.063  21.727 0.0000000000
24160  -46.011  -64.052  20.985 0.0000000000
25140  -44.981  -63.022  21.547 0.0000000000
14745  -52.213  -74.346  11.107 0.0000000000
14720  -51.545  -74.825  11.694 0.0000000000
14744  -51.348  -74.186  11.258 0.0000000000
23275  -52.515  -65.765  12.685 0.0000000000
22308  -50.243  -65.981  12.901 0.0000000000
19361  -47.608  -69.519  16.972 0.0000000000
19377  -47.915  -69.988  16.670 0.0000000000
20339  -47.065  -68.941  16.518 0.0000000000
21283  -46.908  -67.612  15.798 0.0000000000
20347  -47.412  -68.773  15.691 0.0000000000
21284  -47.824  -67.760  15.407 0.0000000000
21223  -53.606  -66.621  20.906 0.0000000000
22206  -53.769  -66.374  21.678 0.0000000000
22144  -49.833  -66.732  23.997 0.0000000000
23110  -49.814  -65.975  23.497 0.0000000000
23109  -49.201  -65.641  23.768 0.0000000000
24107  -46.962  -64.020  23.018 0.0000000000
11073  -48.907  -78.585  14.428 0.0000000000
16750  -49.674  -72.433  11.373 0.0000000000
16748  -47.598  -72.105  11.306 0.0000000000
15781  -47.313  -72.897  11.072 0.0000000000
15789  -46.266  -73.263  9.940 0.0000000000
15795  -46.392  -73.619  8.841 0.0000000000
18503  -47.927  -70.384  11.148 0.0000000000
17654  -47.820  -71.188  9.379 0.0000000000
18536  -48.151  -70.478  9.632 0.0000000000
17674  -49.165  -71.192  8.320 0.0000000000
18537  -48.698  -70.114  9.356 0.0000000000
16711  -54.300  -72.008  15.052 0.0000000000
15728  -54.517  -73.116  14.440 0.0000000000
15736  -52.542  -73.121  12.568 0.0000000000
16733  -52.045  -72.781  12.851 0.0000000000
17585  -48.722  -70.869  15.587 0.0000000000
17586  -49.351  -71.298  15.406 0.0000000000
17600  -50.292  -71.284  13.941 0.0000000000
17609  -51.691  -71.798  12.601 0.0000000000
17610  -52.171  -71.609  12.043 0.0000000000
18480  -53.102  -70.393  12.252 0.0000000000
19426  -54.375  -69.512  11.678 0.0000000000
18524  -54.546  -69.970  10.339 0.0000000000
19427  -54.845  -68.873  11.375 0.0000000000
18456  -55.169  -70.503  17.090 0.0000000000
17572  -54.613  -70.799  16.685 0.0000000000
18455  -54.130  -70.544  17.444 0.0000000000
18454  -52.806  -70.340  17.738 0.0000000000
20294  -54.902  -68.027  19.791 0.0000000000
19328  -54.481  -68.784  19.156 0.0000000000
20312  -51.657  -68.734  18.932 0.0000000000
20313  -52.515  -68.963  18.848 0.0000000000
19343  -51.096  -69.285  18.368 0.0000000000
19342  -49.980  -69.250  18.298 0.0000000000
21237  -47.940  -67.234  18.867 0.0000000000
21258  -47.519  -67.762  18.516 0.0000000000
21256  -45.703  -67.096  17.920 0.0000000000
22236  -46.256  -66.802  18.655 0.0000000000
20237  -53.991  -67.717  22.500 0.0000000000
22163  -52.079  -66.271  22.646 0.0000000000
22186  -52.132  -66.014  21.910 0.0000000000
22204  -51.888  -66.238  21.166 0.0000000000
22185  -51.274  -65.883  21.583 0.0000000000
24125  -49.195  -65.178  22.831 0.0000000000
23123  -49.970  -65.525  22.500 0.0000000000
23146  -49.112  -65.313  21.464 0.0000000000
23168  -48.773  -65.581  20.769 0.0000000000
23181  -48.408  -65.956  20.053 0.0000000000
24176  -45.329  -64.256  20.094 0.0000000000
23178  -45.556  -65.183  19.512 0.0000000000
23177  -44.976  -64.715  19.523 0.0000000000
23194  -44.652  -65.170  18.969 0.0000000000
13739  -52.433  -75.570  13.246 0.0000000000
13738  -51.845  -75.701  12.948 0.0000000000
13735  -49.444  -76.012  13.265 0.0000000000
13736  -50.348  -76.017  13.122 0.0000000000
12815  -48.857  -76.846  13.600 0.0000000000
11930  -48.337  -77.570  13.868 0.0000000000
12814  -47.962  -76.871  13.498 0.0000000000
14741  -48.193  -74.023  11.779 0.0000000000
14717  -48.670  -74.638  12.270 0.0000000000
14716  -47.707  -74.667  12.254 0.0000000000
12856  -45.162  -76.784  10.900 0.0000000000
13756  -46.018  -76.242  12.436 0.0000000000
21297  -52.040  -67.858  14.803 0.0000000000
22283  -52.200  -67.114  15.131 0.0000000000
21299  -54.951  -67.362  13.344 0.0000000000
21332  -55.976  -67.483  11.805 0.0000000000
22335  -55.685  -66.780  11.647 0.0000000000
23295  -53.025  -66.269  12.266 0.0000000000
21330  -53.279  -67.138  11.240 0.0000000000
21328  -51.113  -67.418  12.221 0.0000000000
21326  -48.959  -67.200  12.132 0.0000000000
20430  -48.365  -68.350  10.224 0.0000000000
21280  -46.151  -67.331  16.519 0.0000000000
22266  -46.552  -66.608  16.015 0.0000000000
24094  -48.570  -65.398  24.257 0.0000000000
24093  -48.022  -64.932  24.283 0.0000000000
12800  -50.775  -77.263  14.257 0.0000000000
18507  -52.329  -70.669  10.615 0.0000000000
17623  -50.516  -71.678  11.327 0.0000000000
17622  -49.409  -71.378  11.753 0.0000000000
17621  -48.287  -70.997  11.812 0.0000000000
17620  -47.669  -71.233  11.256 0.0000000000
18504  -48.261  -70.213  11.663 0.0000000000
19438  -48.098  -69.835  11.184 0.0000000000
17588  -51.598  -72.351  15.143 0.0000000000
16708  -51.347  -72.437  14.408 0.0000000000
19390  -48.652  -69.541  14.863 0.0000000000
18474  -50.655  -70.282  13.819 0.0000000000
18478  -51.360  -70.635  13.386 0.0000000000
18479  -52.315  -70.672  12.698 0.0000000000
19405  -52.108  -69.870  13.388 0.0000000000
20372  -51.977  -69.251  13.869 0.0000000000
20373  -52.799  -69.074  13.431 0.0000000000
18442  -54.702  -70.057  17.955 0.0000000000
21242  -53.141  -67.244  20.121 0.0000000000
20310  -49.344  -68.215  18.798 0.0000000000
20289  -49.667  -67.806  19.194 0.0000000000
21238  -48.613  -67.184  19.185 0.0000000000
22218  -47.927  -66.569  19.361 0.0000000000
20259  -52.452  -68.421  22.352 0.0000000000
20236  -52.763  -67.513  22.814 0.0000000000
21184  -52.746  -66.984  23.081 0.0000000000
24142  -48.708  -64.897  21.946 0.0000000000
24141  -47.684  -64.608  21.652 0.0000000000
24162  -47.639  -64.869  20.863 0.0000000000
23166  -47.166  -65.073  20.285 0.0000000000
25174  -44.812  -63.754  20.233 0.0000000000
14747  -53.088  -74.538  11.670 0.0000000000
13763  -52.368  -75.303  12.372 0.0000000000
14721  -52.289  -74.914  11.670 0.0000000000
13760  -50.063  -75.294  12.650 0.0000000000
13759  -49.081  -75.288  12.785 0.0000000000
13780  -46.403  -74.940  11.792 0.0000000000
24252  -54.925  -64.603  13.698 0.0000000000
24274  -55.471  -65.159  13.128 0.0000000000
23277  -55.524  -65.776  12.759 0.0000000000
24273  -54.524  -65.179  13.167 0.0000000000
21327  -49.912  -67.451  12.477 0.0000000000
21349  -48.401  -67.669  11.618 0.0000000000
18451  -48.983  -70.506  16.977 0.0000000000
18464  -49.282  -70.973  16.499 0.0000000000
18450  -48.530  -70.361  16.845 0.0000000000
18463  -48.323  -70.450  16.283 0.0000000000
18470  -48.402  -70.295  15.299 0.0000000000
19384  -48.010  -69.475  15.373 0.0000000000
20355  -49.137  -68.690  14.768 0.0000000000
21295  -49.646  -68.154  14.804 0.0000000000
19331  -56.372  -69.414  19.590 0.0000000000
21244  -55.259  -67.569  20.540 0.0000000000
21221  -51.520  -66.621  20.497 0.0000000000
24109  -48.694  -65.167  23.637 0.0000000000
24122  -46.694  -63.941  22.380 0.0000000000
16752  -51.843  -72.915  11.040 0.0000000000
15765  -51.089  -73.483  11.083 0.0000000000
15764  -49.997  -73.348  11.199 0.0000000000
15761  -47.143  -73.706  11.231 0.0000000000
15788  -45.977  -74.021  9.733 0.0000000000
16784  -47.224  -72.135  9.218 0.0000000000
16794  -47.603  -72.323  8.587 0.0000000000
16802  -48.108  -72.680  7.928 0.0000000000
16803  -49.000  -72.318  7.629 0.0000000000
17689  -49.517  -71.677  7.862 0.0000000000
14686  -54.521  -73.575  14.553 0.0000000000
14685  -54.108  -74.198  14.472 0.0000000000
14699  -53.776  -74.456  13.381 0.0000000000
15727  -53.887  -73.484  13.608 0.0000000000
16722  -53.072  -73.016  14.073 0.0000000000
15738  -53.458  -73.917  12.472 0.0000000000
15750  -53.283  -73.988  11.681 0.0000000000
15749  -52.871  -73.563  11.744 0.0000000000
16753  -52.502  -73.150  10.939 0.0000000000
17577  -49.677  -71.409  16.008 0.0000000000
17595  -50.620  -71.894  14.163 0.0000000000
16732  -51.715  -72.250  12.667 0.0000000000
16739  -52.348  -72.690  11.776 0.0000000000
18491  -52.800  -71.003  11.951 0.0000000000
17637  -52.821  -71.246  10.384 0.0000000000
18521  -53.110  -70.621  10.050 0.0000000000
19460  -53.581  -69.669  9.958 0.0000000000
20415  -53.956  -68.436  10.127 0.0000000000
15710  -55.133  -73.126  15.104 0.0000000000
16712  -55.267  -72.306  15.194 0.0000000000
17589  -54.587  -71.438  15.668 0.0000000000
18467  -55.724  -70.878  16.375 0.0000000000
17581  -54.187  -71.195  16.186 0.0000000000
16698  -53.881  -71.563  15.664 0.0000000000
17580  -53.165  -71.479  16.207 0.0000000000
17570  -52.335  -71.121  16.890 0.0000000000
19348  -55.911  -69.480  18.876 0.0000000000
19347  -55.113  -69.442  18.609 0.0000000000
19346  -54.080  -69.524  18.573 0.0000000000
19345  -52.987  -69.650  18.384 0.0000000000
18440  -53.132  -70.060  18.097 0.0000000000
19365  -51.727  -69.879  17.963 0.0000000000
19363  -49.479  -70.007  17.616 0.0000000000
20327  -47.961  -69.279  17.660 0.0000000000
20326  -47.218  -68.748  17.456 0.0000000000
20309  -48.014  -68.521  18.266 0.0000000000
20325  -46.666  -68.134  17.656 0.0000000000
21270  -46.066  -67.682  17.365 0.0000000000
22188  -53.821  -66.431  22.109 0.0000000000
22205  -52.861  -66.244  21.429 0.0000000000
23124  -50.784  -65.900  22.786 0.0000000000
23148  -50.667  -65.621  22.040 0.0000000000
23147  -49.877  -65.477  21.732 0.0000000000
23170  -50.417  -65.804  21.281 0.0000000000
22202  -50.083  -66.098  20.594 0.0000000000
22217  -46.883  -66.305  19.263 0.0000000000
23179  -46.561  -65.498  19.682 0.0000000000
23195  -45.262  -65.743  18.858 0.0000000000
22234  -44.777  -65.891  18.283 0.0000000000
13717  -52.652  -75.650  14.244 0.0000000000
12802  -52.053  -76.165  13.956 0.0000000000
12817  -50.667  -76.837  13.688 0.0000000000
13737  -51.172  -75.970  12.922 0.0000000000
11932  -49.965  -77.579  13.896 0.0000000000
11086  -48.626  -78.021  14.172 0.0000000000
14743  -50.363  -74.098  11.467 0.0000000000
14718  -49.716  -74.656  12.145 0.0000000000
13757  -46.801  -75.418  12.441 0.0000000000
13733  -47.490  -76.175  13.170 0.0000000000
23219  -46.291  -65.492  16.146 0.0000000000
22268  -48.353  -66.837  15.524 0.0000000000
22269  -49.401  -66.726  15.445 0.0000000000
21286  -50.011  -67.423  15.080 0.0000000000
20359  -53.374  -68.422  13.517 0.0000000000
22284  -53.193  -67.249  14.813 0.0000000000
20375  -55.018  -68.059  12.644 0.0000000000
20396  -55.687  -68.123  11.365 0.0000000000
21353  -55.595  -67.613  10.733 0.0000000000
22310  -54.782  -66.307  12.111 0.0000000000
22311  -55.933  -66.661  12.337 0.0000000000
21351  -53.804  -67.327  10.741 0.0000000000
20393  -52.195  -68.345  11.301 0.0000000000
20392  -51.334  -68.292  11.881 0.0000000000
19421  -48.843  -69.280  12.034 0.0000000000
19439  -48.440  -69.479  11.393 0.0000000000
20390  -49.029  -68.362  12.015 0.0000000000
19458  -48.404  -69.160  10.466 0.0000000000
18538  -49.264  -69.451  9.125 0.0000000000
11917  -50.126  -78.033  14.381 0.0000000000
11931  -49.146  -77.659  13.990 0.0000000000
11933  -50.429  -77.509  14.162 0.0000000000
12801  -51.359  -76.898  14.500 0.0000000000
12813  -47.319  -76.863  13.382 0.0000000000
12819  -51.969  -75.943  13.399 0.0000000000
13762  -51.700  -75.353  12.281 0.0000000000
13764  -52.896  -75.138  12.565 0.0000000000
14722  -52.854  -74.857  11.899 0.0000000000
15725  -52.375  -73.039  13.086 0.0000000000
15737  -53.025  -73.510  12.598 0.0000000000
15767  -52.986  -73.797  10.938 0.0000000000
15768  -53.160  -74.263  11.491 0.0000000000
15780  -46.740  -73.511  10.844 0.0000000000
16696  -52.387  -72.346  15.240 0.0000000000
16740  -52.738  -73.275  11.239 0.0000000000
16767  -46.803  -72.576  10.271 0.0000000000
16793  -46.915  -72.692  8.902 0.0000000000
16795  -48.422  -72.007  8.229 0.0000000000
16804  -49.789  -72.014  7.525 0.0000000000
17560  -56.402  -70.403  18.739 0.0000000000
17573  -55.181  -70.703  16.563 0.0000000000
17582  -55.181  -70.998  16.134 0.0000000000
17591  -55.682  -71.946  15.680 0.0000000000
17593  -48.939  -70.916  15.057 0.0000000000
17625  -53.237  -71.524  10.649 0.0000000000
17626  -53.732  -71.047  10.325 0.0000000000
17638  -53.479  -71.183  10.004 0.0000000000
17639  -54.038  -70.820  10.057 0.0000000000
17653  -47.201  -71.921  9.719 0.0000000000
17655  -48.556  -70.864  8.857 0.0000000000
17690  -50.001  -71.100  7.806 0.0000000000
18434  -56.586  -69.819  19.777 0.0000000000
18462  -47.862  -70.116  16.028 0.0000000000
18465  -49.863  -71.210  16.494 0.0000000000
18466  -55.500  -70.708  16.541 0.0000000000
18469  -47.886  -69.989  15.749 0.0000000000
18488  -48.776  -70.099  12.005 0.0000000000
18489  -49.883  -70.331  11.906 0.0000000000
18492  -53.632  -70.657  11.395 0.0000000000
18493  -54.296  -70.133  11.208 0.0000000000
18506  -51.082  -70.617  11.263 0.0000000000
18509  -54.305  -70.338  10.599 0.0000000000
18510  -54.605  -69.748  10.489 0.0000000000
18520  -48.520  -69.544  9.887 0.0000000000
18522  -53.830  -70.455  9.911 0.0000000000
18523  -54.338  -70.185  10.131 0.0000000000
18555  -49.036  -70.520  8.776 0.0000000000
19329  -55.417  -68.834  19.345 0.0000000000
19349  -56.256  -69.490  19.167 0.0000000000
19366  -52.374  -69.829  18.140 0.0000000000
19383  -47.675  -69.510  15.702 0.0000000000
19424  -51.470  -69.038  11.528 0.0000000000
19425  -53.763  -69.711  12.252 0.0000000000
19440  -51.156  -69.706  11.445 0.0000000000
19442  -53.068  -69.195  10.333 0.0000000000
19443  -54.608  -69.669  11.137 0.0000000000
19444  -54.872  -69.173  10.843 0.0000000000
19461  -54.268  -69.632  9.965 0.0000000000
19462  -54.657  -69.301  10.434 0.0000000000
20307  -46.758  -68.024  17.967 0.0000000000
20308  -47.090  -68.195  18.049 0.0000000000
20394  -54.325  -69.065  12.250 0.0000000000
20395  -55.056  -68.364  12.086 0.0000000000
20397  -56.072  -67.682  11.284 0.0000000000
20416  -54.655  -68.147  10.300 0.0000000000
20417  -55.405  -68.238  10.851 0.0000000000
20418  -56.090  -68.213  11.185 0.0000000000
20431  -54.143  -69.116  9.926 0.0000000000
20432  -54.643  -68.680  10.232 0.0000000000
21185  -53.554  -67.072  22.678 0.0000000000
21220  -51.064  -66.588  20.388 0.0000000000
21260  -48.969  -67.618  19.027 0.0000000000
21294  -49.215  -68.207  14.855 0.0000000000
21311  -53.969  -68.095  13.286 0.0000000000
21331  -55.639  -67.485  12.351 0.0000000000
21333  -56.153  -67.418  11.400 0.0000000000
21350  -52.956  -67.666  11.149 0.0000000000
21352  -54.847  -67.558  10.545 0.0000000000
21354  -56.081  -67.456  11.157 0.0000000000
21368  -55.016  -68.013  10.466 0.0000000000
21369  -55.159  -68.195  10.562 0.0000000000
22130  -49.979  -66.934  23.940 0.0000000000
22147  -52.385  -66.750  23.033 0.0000000000
22189  -54.451  -66.567  22.046 0.0000000000
22221  -50.398  -66.434  20.309 0.0000000000
22257  -44.712  -66.056  17.266 0.0000000000
22336  -56.217  -66.982  11.387 0.0000000000
22337  -56.251  -67.165  11.218 0.0000000000
22346  -55.554  -66.788  10.997 0.0000000000
22347  -56.086  -67.205  11.167 0.0000000000
22348  -56.367  -67.037  11.199 0.0000000000
23254  -56.051  -65.031  12.793 0.0000000000
23255  -56.482  -65.102  13.203 0.0000000000
23256  -56.984  -65.384  14.263 0.0000000000
23278  -56.287  -65.406  12.924 0.0000000000
23279  -56.756  -65.376  13.416 0.0000000000
23280  -57.080  -65.426  14.069 0.0000000000
23296  -53.460  -66.123  12.290 0.0000000000
25175  -45.154  -63.888  20.323 0.0000000000
25258  -57.092  -64.402  14.463 0.0000000000
