#!ascii label  , from subject A00073953 vox2ras=TkReg
868
63549  -29.285  -26.767  6.525 0.4285714328
64672  -29.347  -25.646  6.311 0.2857142985
64673  -30.200  -25.311  6.568 0.4285714328
65767  -31.020  -25.072  6.892 0.4285714328
65806  -29.607  -24.305  5.587 0.2857142985
65807  -30.123  -24.328  5.784 0.4285714328
66989  -31.166  -23.588  5.951 0.4285714328
68159  -29.820  -23.153  5.240 0.4285714328
68160  -30.396  -22.703  5.285 0.4285714328
68186  -30.194  -21.880  4.881 0.4285714328
69262  -30.709  -20.981  4.757 0.4285714328
70326  -29.604  -20.534  3.650 0.5714285970
69261  -29.677  -21.222  4.318 0.5714285970
70328  -31.130  -20.286  4.366 0.2857142985
70345  -29.766  -20.074  3.389 0.7142857313
71340  -30.604  -19.544  3.523 0.7142857313
72357  -31.463  -18.382  3.585 0.7142857313
72358  -31.996  -18.484  4.300 0.4285714328
71341  -31.306  -19.385  3.893 0.5714285970
73368  -31.791  -17.199  3.498 0.5714285970
72374  -30.711  -18.539  2.953 0.5714285970
73367  -31.393  -17.604  3.115 0.5714285970
74414  -31.638  -16.965  3.105 0.5714285970
73382  -30.877  -17.572  2.449 0.5714285970
74397  -32.614  -16.368  3.838 0.4285714328
74428  -31.726  -15.936  2.600 0.5714285970
75489  -33.156  -14.764  3.501 0.5714285970
75501  -30.836  -16.187  1.833 0.7142857313
75503  -32.095  -15.213  2.638 0.7142857313
76648  -32.734  -14.607  2.908 0.7142857313
76649  -33.205  -14.047  3.044 0.5714285970
74442  -29.734  -17.000  0.933 0.5714285970
75502  -31.320  -15.467  2.078 0.8571428657
76662  -32.798  -14.024  2.620 0.7142857313
75516  -30.701  -15.369  1.157 0.7142857313
78818  -32.956  -12.863  1.971 0.7142857313
77788  -33.641  -13.220  3.294 0.5714285970
76660  -31.739  -14.530  1.933 0.7142857313
77799  -32.537  -13.636  2.009 0.7142857313
78804  -33.251  -12.404  2.364 0.5714285970
76678  -32.041  -14.019  1.711 0.7142857313
78787  -33.690  -12.202  3.318 0.5714285970
76677  -31.579  -13.987  1.317 0.5714285970
77814  -32.273  -13.401  1.570 0.7142857313
79715  -32.906  -11.483  2.233 0.7142857313
79716  -33.406  -11.452  2.894 0.7142857313
78816  -31.774  -12.462  1.089 0.7142857313
78817  -32.595  -12.458  1.681 0.7142857313
79729  -32.480  -11.628  1.765 0.7142857313
80631  -32.939  -10.643  2.697 0.7142857313
79728  -32.004  -11.737  1.348 0.7142857313
77812  -30.878  -13.484  0.480 0.5714285970
81587  -33.165  -9.722  3.141 0.5714285970
82538  -33.621  -8.811  3.249 0.5714285970
79744  -31.348  -11.602  0.816 0.8571428657
78831  -31.090  -12.286  0.507 0.8571428657
82537  -32.754  -8.784  2.927 0.7142857313
81585  -31.765  -9.736  1.878 0.7142857313
80645  -31.621  -10.916  1.290 0.8571428657
80629  -31.702  -10.343  1.576 0.7142857313
83500  -31.617  -7.805  2.031 0.8571428657
83501  -32.341  -7.815  2.653 0.5714285970
82536  -32.005  -8.781  2.289 0.8571428657
82556  -31.413  -8.744  1.436 0.8571428657
84478  -31.422  -6.896  1.708 0.8571428657
85490  -31.671  -5.872  1.310 0.8571428657
86374  -32.125  -4.698  1.444 0.8571428657
84514  -30.998  -6.168  0.586 1.0000000000
83522  -30.749  -7.551  0.858 0.8571428657
85512  -31.200  -5.490  0.539 1.0000000000
84513  -30.617  -6.911  0.207 1.0000000000
86394  -31.045  -4.825  0.163 1.0000000000
87283  -30.639  -3.770  -0.746 0.7142857313
85525  -30.306  -5.837  -1.014 1.0000000000
87263  -30.799  -4.289  -0.114 1.0000000000
89122  -30.906  -1.043  -1.531 1.0000000000
89121  -30.528  -1.622  -1.883 0.8571428657
91005  -30.762  0.303  -2.710 0.8571428657
90064  -30.749  -0.681  -1.913 1.0000000000
92934  -31.344  2.550  -3.458 0.8571428657
91960  -31.248  1.769  -3.058 0.8571428657
91959  -30.959  0.957  -2.887 1.0000000000
94783  -30.896  3.986  -5.202 0.8571428657
93860  -31.030  3.358  -4.682 0.8571428657
92953  -30.022  2.618  -5.844 0.5714285970
95678  -30.711  4.867  -6.723 0.7142857313
95679  -31.296  5.261  -5.937 0.5714285970
94799  -28.286  4.554  -7.528 0.5714285970
93868  -29.778  3.429  -6.526 0.5714285970
96571  -28.325  6.673  -9.009 0.4285714328
96578  -29.214  7.059  -9.654 0.4285714328
96557  -27.493  6.985  -6.498 0.2857142985
96538  -27.654  6.885  -5.315 0.2857142985
95668  -28.117  6.314  -4.247 0.2857142985
65784  -29.840  -24.793  6.064 0.2857142985
74415  -32.068  -16.414  3.199 0.5714285970
77800  -32.922  -13.438  2.276 0.5714285970
80630  -32.181  -10.765  2.004 0.7142857313
81586  -32.423  -9.759  2.541 0.7142857313
84479  -31.928  -6.945  2.325 0.8571428657
85465  -32.310  -6.203  2.117 0.8571428657
95651  -29.552  6.075  -2.791 0.1428571492
64690  -29.189  -24.929  5.833 0.2857142985
67008  -28.892  -23.848  5.080 0.2857142985
67009  -29.298  -23.608  5.165 0.2857142985
67011  -30.835  -23.144  5.592 0.4285714328
68161  -31.392  -22.522  5.671 0.4285714328
67029  -29.079  -23.285  4.896 0.2857142985
69240  -30.861  -21.848  5.211 0.4285714328
69260  -28.800  -21.769  3.988 0.5714285970
71355  -29.370  -19.634  2.546 0.2857142985
71356  -29.982  -19.350  3.028 0.7142857313
71357  -30.660  -19.205  3.364 0.7142857313
72389  -30.505  -18.055  2.320 0.5714285970
75471  -33.360  -15.468  4.241 0.4285714328
73381  -30.417  -17.562  1.860 0.7142857313
74426  -30.758  -16.925  1.979 0.7142857313
75488  -32.742  -15.559  3.450 0.5714285970
76661  -32.387  -14.089  2.212 0.7142857313
74443  -30.274  -16.604  1.235 0.5714285970
79699  -33.949  -11.355  3.561 0.5714285970
77789  -33.927  -12.680  3.702 0.5714285970
80646  -32.074  -11.282  1.598 0.7142857313
84480  -32.769  -6.844  2.697 0.5714285970
82572  -31.075  -9.061  0.714 1.0000000000
86395  -31.545  -4.778  0.823 1.0000000000
86421  -30.228  -4.839  -1.351 0.8571428657
88201  -30.003  -3.175  -2.229 0.7142857313
88189  -30.831  -2.633  -0.816 1.0000000000
88214  -30.189  -2.459  -2.313 0.7142857313
89109  -30.654  -2.130  -1.273 1.0000000000
91968  -31.132  1.952  -3.613 0.8571428657
91948  -30.948  0.714  -2.359 1.0000000000
90998  -30.893  0.182  -2.051 1.0000000000
93859  -30.535  3.289  -5.577 0.7142857313
95692  -28.168  5.747  -8.223 0.7142857313
94801  -30.112  4.288  -7.126 0.7142857313
95687  -30.492  5.126  -7.539 0.7142857313
94791  -28.147  4.108  -6.709 0.4285714328
97378  -27.869  7.708  -9.093 0.4285714328
96565  -31.010  5.955  -7.804 0.4285714328
97385  -28.394  7.877  -9.561 0.4285714328
97347  -28.327  8.112  -5.577 0.2857142985
97373  -27.607  8.006  -8.268 0.4285714328
72387  -29.267  -18.918  1.967 0.4285714328
72388  -29.938  -18.481  2.078 0.4285714328
96570  -28.021  6.931  -8.245 0.4285714328
94807  -29.124  4.911  -8.220 0.7142857313
96564  -27.636  7.074  -7.477 0.2857142985
97346  -27.644  7.924  -6.170 0.2857142985
64655  -30.575  -25.984  7.053 0.4285714328
64689  -28.426  -25.633  5.774 0.2857142985
64671  -28.848  -26.156  6.202 0.2857142985
65805  -28.787  -24.354  5.289 0.2857142985
67010  -30.310  -23.702  5.577 0.4285714328
68185  -29.347  -22.660  4.738 0.2857142985
69280  -29.185  -21.038  3.594 0.4285714328
70344  -29.252  -20.364  2.859 0.2857142985
70327  -30.356  -20.165  3.877 0.4285714328
72373  -30.201  -18.770  2.706 0.5714285970
74427  -31.337  -16.639  2.543 0.5714285970
75470  -32.960  -16.008  3.967 0.4285714328
73405  -29.896  -17.547  1.330 0.7142857313
75517  -31.237  -14.677  1.424 0.5714285970
78803  -32.884  -11.998  1.941 0.7142857313
76676  -30.825  -14.084  0.675 0.7142857313
77813  -31.245  -13.206  0.728 0.8571428657
77829  -30.845  -12.712  0.326 0.8571428657
83523  -31.088  -7.679  1.354 0.8571428657
81602  -31.441  -9.868  1.034 0.8571428657
84501  -30.694  -7.253  0.598 1.0000000000
86410  -30.695  -4.914  -0.584 1.0000000000
87295  -30.119  -3.891  -1.771 0.8571428657
92945  -31.162  2.757  -4.175 0.8571428657
94792  -30.547  4.289  -6.013 0.7142857313
94800  -29.327  4.298  -7.557 0.5714285970
93874  -29.058  3.767  -7.126 0.5714285970
94790  -27.460  4.564  -6.484 0.4285714328
95686  -27.749  5.409  -7.580 0.4285714328
95698  -29.402  6.180  -9.363 0.4285714328
95685  -27.515  5.838  -6.955 0.2857142985
95669  -28.959  6.658  -4.127 0.2857142985
96521  -29.671  6.827  -3.554 0.1428571492
71373  -29.452  -19.188  2.340 0.2857142985
88202  -30.380  -2.810  -1.568 1.0000000000
95694  -29.956  5.705  -8.539 0.5714285970
98876  -30.523  10.341  -6.351 0.2857142985
98860  -30.199  11.433  -5.874 0.1428571492
98123  -29.625  9.520  -7.957 0.2857142985
98859  -29.357  11.338  -6.214 0.1428571492
98839  -29.711  11.163  -5.651 0.1428571492
98100  -27.590  9.933  -7.315 0.1428571492
98122  -28.491  10.155  -8.413 0.2857142985
98101  -28.569  10.298  -6.366 0.1428571492
98118  -31.949  8.453  -6.338 0.2857142985
98116  -30.148  10.073  -7.196 0.2857142985
96524  -34.223  6.615  -4.073 0.2857142985
96541  -32.861  6.489  -5.486 0.2857142985
98840  -30.046  10.855  -4.943 0.1428571492
97387  -29.976  7.950  -9.069 0.2857142985
95671  -32.295  5.260  -4.883 0.2857142985
97375  -31.505  8.039  -7.119 0.2857142985
94755  -33.493  4.676  -2.744 0.1428571492
95672  -33.185  5.870  -4.664 0.2857142985
96560  -32.251  6.817  -6.587 0.2857142985
96566  -31.432  7.024  -7.539 0.2857142985
97381  -30.236  8.184  -8.222 0.2857142985
94745  -36.821  3.835  -1.702 0.1428571492
94757  -35.563  4.819  -2.163 0.1428571492
95653  -33.154  5.203  -3.803 0.4285714328
96558  -31.147  5.346  -7.037 0.2857142985
92913  -33.589  2.591  -1.330 0.2857142985
93851  -32.144  3.892  -3.533 0.4285714328
95670  -31.556  4.869  -5.166 0.2857142985
95699  -29.959  6.571  -9.351 0.2857142985
92902  -34.864  1.831  -0.807 0.1428571492
93825  -33.287  3.535  -2.151 0.2857142985
94785  -32.221  4.576  -4.230 0.4285714328
93838  -32.337  3.572  -2.850 0.5714285970
94784  -31.558  4.310  -4.608 0.7142857313
91938  -34.270  1.249  -0.497 0.1428571492
92901  -34.100  2.003  -0.836 0.1428571492
94793  -31.157  4.554  -5.365 0.4285714328
92912  -32.722  2.695  -1.751 0.4285714328
90976  -34.151  -0.096  0.154 0.2857142985
90988  -33.590  0.385  -0.194 0.7142857313
93837  -31.607  3.128  -3.072 0.7142857313
90999  -31.238  0.449  -1.563 0.8571428657
91936  -32.121  1.183  -1.152 0.8571428657
92911  -32.087  2.281  -1.956 0.5714285970
89095  -34.277  -1.510  0.715 0.2857142985
90039  -34.867  -0.620  0.210 0.2857142985
91950  -32.420  1.869  -1.480 0.7142857313
91967  -30.701  1.400  -3.845 0.5714285970
91949  -31.450  1.291  -1.893 0.8571428657
89096  -35.215  -1.731  0.445 0.1428571492
90052  -32.794  -0.245  -0.116 0.7142857313
88173  -34.612  -2.417  0.885 0.1428571492
82598  -29.039  -8.557  -1.699 0.5714285970
84539  -29.704  -6.728  -1.239 0.8571428657
85539  -29.689  -5.736  -1.626 0.5714285970
89110  -31.122  -1.518  -0.941 0.8571428657
88170  -31.824  -2.368  0.604 0.8571428657
90051  -31.916  -0.480  -0.581 0.8571428657
89093  -32.474  -1.571  0.520 0.8571428657
88159  -35.248  -3.390  0.792 0.4285714328
89094  -33.328  -1.531  0.737 0.7142857313
90037  -33.012  -0.825  0.374 0.7142857313
81645  -29.197  -9.221  -1.869 0.2857142985
83562  -29.829  -7.752  -0.935 0.5714285970
83561  -29.239  -7.656  -1.432 0.5714285970
85511  -30.655  -5.825  -0.083 0.8571428657
87264  -31.339  -3.619  0.457 0.8571428657
87284  -30.933  -3.104  -0.255 0.8571428657
88190  -31.250  -2.440  -0.112 0.8571428657
89092  -31.714  -1.472  0.044 0.8571428657
88157  -34.082  -3.069  1.194 0.4285714328
87265  -31.962  -2.958  1.035 0.8571428657
87248  -34.425  -3.811  1.285 0.4285714328
77845  -29.778  -13.311  -0.609 0.7142857313
78848  -29.326  -12.501  -1.181 0.4285714328
78830  -30.621  -12.190  -0.067 0.7142857313
80658  -30.683  -10.790  -0.334 0.8571428657
79778  -30.070  -11.145  -1.161 0.5714285970
80692  -29.237  -10.167  -1.894 0.5714285970
80691  -28.596  -10.310  -2.145 0.4285714328
81614  -30.560  -9.841  -0.377 0.8571428657
81629  -30.091  -9.618  -1.195 0.5714285970
81646  -29.500  -9.464  -1.663 0.5714285970
82555  -30.821  -8.278  0.853 0.8571428657
82584  -30.181  -8.760  -0.726 0.7142857313
82599  -29.636  -8.671  -1.323 0.5714285970
85491  -32.642  -5.392  1.838 0.7142857313
87245  -31.778  -4.158  1.105 0.7142857313
87246  -32.412  -3.602  1.354 0.8571428657
85494  -35.365  -5.175  1.573 0.2857142985
86376  -33.995  -4.538  1.476 0.4285714328
75531  -30.203  -14.824  0.360 0.4285714328
76709  -29.804  -13.972  -0.441 0.4285714328
77844  -29.034  -13.386  -1.099 0.4285714328
79743  -30.853  -11.487  0.109 0.7142857313
80659  -31.053  -10.610  0.390 0.7142857313
82571  -30.507  -8.775  0.168 0.8571428657
85466  -33.173  -5.918  2.461 0.7142857313
85467  -34.161  -5.841  2.369 0.2857142985
74459  -30.058  -15.693  0.646 0.4285714328
75530  -29.554  -15.255  0.138 0.5714285970
76693  -30.268  -14.022  -0.155 0.5714285970
83502  -33.386  -7.791  2.949 0.4285714328
84481  -33.768  -6.670  2.866 0.4285714328
85468  -35.096  -5.738  2.272 0.4285714328
82507  -34.428  -8.786  3.385 0.4285714328
83476  -34.841  -8.139  2.961 0.4285714328
83475  -34.136  -8.220  3.009 0.4285714328
69241  -31.624  -21.191  5.293 0.1428571492
80608  -33.628  -10.570  3.301 0.4285714328
81562  -34.006  -9.646  3.485 0.4285714328
81563  -34.791  -9.422  3.793 0.4285714328
70308  -31.708  -20.079  4.763 0.1428571492
71327  -32.361  -19.278  4.866 0.1428571492
73335  -33.461  -17.159  5.053 0.2857142985
77739  -34.853  -12.888  5.315 0.2857142985
79677  -36.206  -11.197  5.074 0.2857142985
78764  -34.900  -12.136  4.646 0.2857142985
76599  -34.025  -14.784  4.732 0.4285714328
79676  -35.440  -11.273  4.617 0.2857142985
79675  -34.818  -11.418  4.200 0.2857142985
77767  -34.205  -13.195  4.245 0.2857142985
80580  -35.937  -10.226  4.653 0.2857142985
80578  -34.755  -11.010  3.976 0.4285714328
70309  -32.422  -20.347  5.491 0.1428571492
69263  -31.298  -20.616  4.819 0.1428571492
72342  -33.245  -18.380  5.232 0.2857142985
75450  -34.412  -15.302  5.627 0.2857142985
76577  -35.172  -14.503  6.205 0.2857142985
76600  -34.496  -14.020  5.239 0.2857142985
75449  -33.824  -15.648  5.039 0.2857142985
71328  -33.022  -19.559  5.653 0.1428571492
73316  -34.504  -17.151  6.397 0.2857142985
71313  -33.641  -19.034  5.945 0.2857142985
73336  -33.921  -17.650  5.639 0.2857142985
72343  -33.795  -18.239  5.684 0.2857142985
72341  -32.593  -18.574  4.729 0.2857142985
74383  -34.018  -16.482  5.553 0.2857142985
65786  -31.516  -24.272  6.583 0.2857142985
68162  -32.099  -21.886  5.823 0.1428571492
69242  -32.367  -21.224  5.778 0.1428571492
63532  -30.051  -26.869  6.968 0.2857142985
62396  -30.503  -27.691  7.300 0.2857142985
62413  -29.139  -27.407  6.527 0.2857142985
68143  -31.720  -23.075  6.082 0.2857142985
63533  -30.967  -26.784  7.439 0.1428571492
61313  -28.963  -27.840  6.524 0.2857142985
61294  -29.007  -28.597  6.804 0.1428571492
72325  -34.214  -18.366  6.157 0.2857142985
74360  -34.547  -16.159  6.173 0.2857142985
77720  -35.060  -13.523  5.848 0.2857142985
78739  -35.223  -12.307  5.189 0.2857142985
77766  -33.830  -13.515  3.815 0.4285714328
78788  -34.274  -12.048  3.929 0.4285714328
80611  -35.798  -9.600  4.251 0.2857142985
78849  -30.038  -12.103  -0.800 0.7142857313
84482  -34.740  -6.576  2.651 0.2857142985
85469  -35.780  -5.813  1.867 0.2857142985
85493  -34.518  -5.208  1.756 0.5714285970
87247  -33.546  -3.744  1.457 0.7142857313
90065  -31.190  -0.351  -1.369 0.8571428657
92944  -30.552  2.302  -4.846 0.4285714328
86377  -34.862  -4.511  1.340 0.2857142985
90038  -33.824  -0.655  0.484 0.5714285970
96559  -31.733  5.943  -6.927 0.2857142985
93824  -32.637  3.200  -2.222 0.4285714328
98083  -29.592  10.386  -5.492 0.1428571492
95636  -33.677  5.319  -3.240 0.2857142985
94756  -34.542  4.942  -2.238 0.1428571492
97376  -32.201  7.666  -6.693 0.2857142985
63548  -28.348  -26.583  6.137 0.2857142985
65768  -31.936  -24.983  7.056 0.1428571492
70294  -33.583  -20.114  6.340 0.1428571492
71314  -34.138  -19.291  6.401 0.1428571492
72359  -32.637  -18.063  4.601 0.2857142985
74398  -33.024  -16.586  4.400 0.2857142985
77740  -35.322  -13.019  5.817 0.2857142985
76707  -28.636  -14.017  -0.674 0.2857142985
81565  -36.455  -9.284  4.000 0.2857142985
79775  -28.155  -11.191  -1.934 0.4285714328
78866  -29.822  -11.459  -1.239 0.5714285970
81564  -35.578  -9.205  3.887 0.4285714328
81664  -28.438  -9.112  -2.232 0.2857142985
80707  -28.758  -9.716  -2.177 0.5714285970
80674  -30.343  -10.538  -0.933 0.7142857313
82616  -28.528  -8.406  -2.076 0.2857142985
83477  -35.629  -8.099  2.913 0.1428571492
83504  -35.246  -7.413  2.636 0.4285714328
83503  -34.363  -7.462  2.862 0.4285714328
84483  -35.591  -6.586  2.243 0.1428571492
85492  -33.595  -5.294  1.813 0.5714285970
88172  -33.713  -2.318  0.995 0.7142857313
90986  -31.684  0.552  -1.156 0.8571428657
88191  -35.844  -2.776  -0.169 0.2857142985
89111  -35.639  -2.169  0.112 0.1428571492
97365  -27.517  8.482  -7.301 0.2857142985
88174  -35.385  -2.827  0.520 0.4285714328
90041  -35.945  -1.410  -0.170 0.1428571492
91937  -33.198  1.511  -0.907 0.5714285970
90040  -35.703  -1.102  0.066 0.1428571492
90989  -34.688  0.356  -0.196 0.1428571492
91939  -35.183  1.137  -0.613 0.1428571492
91951  -32.975  2.184  -1.333 0.5714285970
92914  -34.624  2.608  -1.070 0.1428571492
95652  -32.579  4.841  -4.132 0.2857142985
94754  -32.869  4.273  -3.006 0.2857142985
93826  -34.278  3.438  -1.532 0.2857142985
93827  -35.276  3.308  -1.329 0.1428571492
94744  -35.900  3.995  -1.732 0.1428571492
94743  -34.921  4.214  -1.655 0.1428571492
95654  -33.974  5.736  -3.645 0.2857142985
95655  -34.682  6.071  -3.421 0.2857142985
95638  -35.219  5.649  -2.752 0.1428571492
64657  -32.382  -25.687  7.569 0.1428571492
69226  -32.726  -21.773  6.216 0.1428571492
78740  -35.697  -12.480  5.626 0.2857142985
85495  -36.095  -5.479  1.106 0.2857142985
95640  -37.225  5.238  -2.628 0.1428571492
96515  -35.309  6.490  -3.160 0.2857142985
63550  -29.863  -26.103  6.748 0.2857142985
66990  -32.015  -23.532  6.431 0.1428571492
71342  -31.874  -19.170  4.400 0.2857142985
73349  -31.745  -17.785  3.765 0.4285714328
71326  -31.806  -19.480  4.504 0.1428571492
73350  -32.297  -17.280  4.106 0.2857142985
76627  -33.679  -14.126  3.923 0.4285714328
77828  -30.554  -13.143  0.071 0.5714285970
81615  -30.938  -9.647  0.350 0.7142857313
84524  -30.249  -6.809  -0.601 0.8571428657
83536  -30.564  -7.757  0.397 0.8571428657
83548  -30.269  -7.798  -0.260 0.8571428657
92933  -31.045  2.163  -4.023 0.5714285970
93850  -31.597  3.499  -3.751 0.7142857313
96573  -30.593  7.006  -8.648 0.2857142985
72414  -29.573  -18.036  1.316 0.5714285970
74382  -33.510  -16.267  4.881 0.2857142985
79700  -34.468  -11.284  3.874 0.4285714328
91935  -31.701  1.051  -1.338 0.8571428657
98121  -27.715  9.410  -8.990 0.2857142985
97380  -29.383  8.891  -8.868 0.2857142985
98114  -27.338  10.185  -8.332 0.2857142985
98875  -29.867  11.325  -6.901 0.2857142985
98882  -28.589  11.159  -7.859 0.2857142985
98117  -30.896  9.095  -6.611 0.2857142985
98874  -28.851  11.516  -7.183 0.1428571492
98115  -27.778  11.258  -7.736 0.1428571492
97374  -30.469  8.734  -7.373 0.2857142985
96523  -33.663  5.987  -4.205 0.2857142985
97368  -32.519  7.607  -5.935 0.2857142985
95680  -32.214  5.866  -6.032 0.2857142985
96574  -30.716  7.433  -7.945 0.2857142985
96567  -31.986  7.370  -7.082 0.2857142985
94774  -33.005  4.652  -3.265 0.2857142985
95637  -34.236  5.451  -2.955 0.1428571492
94758  -36.560  4.622  -2.117 0.1428571492
94742  -34.041  4.240  -1.927 0.1428571492
93839  -33.029  3.990  -2.717 0.4285714328
94773  -32.558  4.384  -3.596 0.5714285970
92915  -35.653  2.220  -1.122 0.1428571492
92925  -32.265  2.893  -2.237 0.5714285970
92924  -31.707  2.532  -2.602 0.7142857313
90975  -33.741  -0.152  0.160 0.5714285970
90987  -32.550  0.491  -0.675 0.7142857313
90036  -32.353  -0.879  0.103 0.8571428657
84538  -29.180  -6.610  -1.820 0.4285714328
88171  -32.693  -2.442  1.022 0.8571428657
88156  -33.287  -2.998  1.319 0.4285714328
88158  -34.862  -3.198  1.049 0.5714285970
79759  -30.453  -11.387  -0.574 0.7142857313
79777  -29.590  -10.955  -1.494 0.4285714328
80693  -29.822  -10.332  -1.444 0.5714285970
79776  -29.005  -11.012  -1.746 0.4285714328
86375  -33.048  -4.515  1.676 0.5714285970
76692  -29.728  -14.479  -0.210 0.5714285970
82508  -35.214  -8.677  3.413 0.4285714328
80609  -34.494  -10.510  3.803 0.4285714328
73351  -32.962  -17.513  4.659 0.2857142985
76628  -34.126  -14.040  4.511 0.2857142985
80610  -35.245  -9.927  4.178 0.4285714328
70293  -32.909  -20.857  6.127 0.1428571492
70310  -32.960  -20.211  5.933 0.1428571492
72324  -33.733  -18.512  5.751 0.2857142985
61295  -30.012  -28.544  7.192 0.1428571492
63534  -31.924  -26.674  7.762 0.1428571492
65769  -32.743  -24.761  7.267 0.1428571492
97367  -28.573  9.047  -5.816 0.1428571492
91016  -30.044  -0.018  -3.847 0.5714285970
90075  -30.198  -1.327  -3.309 0.4285714328
90089  -30.000  -0.863  -3.855 0.4285714328
90090  -30.237  -0.302  -3.488 0.5714285970
89133  -30.167  -1.992  -3.667 0.4285714328
91017  -30.480  0.322  -3.399 0.4285714328
87294  -29.669  -3.855  -2.474 0.4285714328
88213  -29.761  -2.814  -2.928 0.4285714328
89134  -30.217  -1.814  -2.839 0.5714285970
90076  -30.447  -0.643  -2.830 0.5714285970
80559  -37.556  -11.059  5.110 0.1428571492
80581  -36.986  -10.540  4.976 0.1428571492
81539  -36.685  -9.885  4.567 0.1428571492
70343  -28.585  -20.766  2.660 0.2857142985
78765  -35.580  -11.847  5.101 0.1428571492
79680  -39.339  -11.852  4.330 0.1428571492
79655  -38.260  -11.644  5.230 0.1428571492
80613  -39.310  -11.077  3.250 0.1428571492
79679  -38.658  -11.239  4.586 0.1428571492
79701  -40.182  -12.185  2.727 0.1428571492
69279  -28.582  -21.281  3.179 0.2857142985
78727  -36.747  -12.830  6.182 0.1428571492
78742  -37.471  -12.292  5.892 0.1428571492
78726  -36.225  -12.699  5.945 0.1428571492
78789  -40.276  -12.792  3.064 0.1428571492
79656  -38.917  -12.294  5.225 0.1428571492
77830  -41.490  -13.633  0.302 0.1428571492
79702  -40.517  -12.824  2.196 0.1428571492
78819  -41.004  -13.189  0.871 0.1428571492
68206  -28.190  -22.053  3.536 0.2857142985
69278  -27.824  -21.713  3.050 0.2857142985
75427  -35.584  -15.420  6.853 0.1428571492
76578  -36.160  -14.492  6.910 0.1428571492
75426  -34.943  -15.544  6.342 0.1428571492
77721  -35.855  -13.331  6.268 0.1428571492
78743  -38.403  -12.846  5.944 0.1428571492
77723  -37.595  -13.753  6.716 0.1428571492
78744  -39.417  -13.072  5.074 0.1428571492
78729  -37.965  -13.314  6.469 0.1428571492
78767  -40.138  -13.037  3.707 0.1428571492
77801  -40.946  -14.077  1.939 0.1428571492
77817  -42.028  -14.174  0.458 0.1428571492
78805  -40.772  -13.333  1.713 0.1428571492
68205  -27.386  -22.604  3.578 0.2857142985
67048  -27.074  -23.209  3.875 0.2857142985
73292  -34.857  -17.304  6.893 0.1428571492
75407  -36.341  -15.832  7.357 0.1428571492
76559  -36.154  -15.311  7.129 0.1428571492
76579  -37.116  -14.432  7.034 0.1428571492
77741  -38.927  -13.863  5.875 0.1428571492
77768  -39.922  -13.944  4.460 0.1428571492
77790  -40.534  -14.082  2.805 0.1428571492
77769  -40.313  -14.011  3.593 0.1428571492
77818  -42.549  -13.928  0.504 0.1428571492
72299  -34.890  -17.881  6.814 0.1428571492
73293  -35.380  -17.130  7.219 0.1428571492
73294  -36.050  -17.487  7.517 0.1428571492
75409  -37.901  -16.002  7.529 0.1428571492
74339  -36.868  -16.566  7.659 0.1428571492
76601  -39.135  -14.782  5.638 0.1428571492
76560  -36.735  -15.222  7.212 0.1428571492
76580  -37.854  -14.527  6.851 0.1428571492
77742  -39.472  -14.076  5.237 0.1428571492
76680  -42.525  -14.783  0.826 0.1428571492
76679  -41.980  -14.523  0.818 0.1428571492
72300  -35.569  -18.220  7.338 0.1428571492
74320  -37.784  -16.791  7.834 0.1428571492
75390  -37.507  -16.387  7.685 0.1428571492
74338  -36.377  -16.677  7.514 0.1428571492
76602  -39.684  -14.824  4.838 0.1428571492
75452  -39.262  -15.747  5.285 0.1428571492
76630  -40.431  -14.768  3.128 0.1428571492
72302  -39.023  -18.172  7.553 0.1428571492
73273  -37.397  -17.537  7.979 0.1428571492
73272  -36.702  -17.386  7.708 0.1428571492
74363  -38.896  -16.765  6.547 0.1428571492
73318  -38.898  -17.200  6.926 0.1428571492
75429  -39.015  -16.136  6.121 0.1428571492
75472  -39.722  -15.632  4.082 0.1428571492
74362  -38.694  -16.841  7.063 0.1428571492
75408  -37.082  -16.072  7.614 0.1428571492
76562  -38.097  -15.271  7.035 0.1428571492
77724  -38.229  -13.820  6.430 0.1428571492
76681  -42.755  -14.658  0.887 0.1428571492
78820  -42.521  -12.947  1.034 0.1428571492
77816  -41.512  -13.945  1.072 0.1428571492
79653  -36.592  -11.576  5.385 0.1428571492
80582  -38.063  -10.633  4.520 0.1428571492
68183  -27.723  -22.866  3.991 0.2857142985
76650  -40.928  -14.877  2.226 0.1428571492
76663  -41.818  -14.929  1.271 0.1428571492
77832  -42.226  -13.379  -0.251 0.1428571492
77831  -41.972  -13.780  -0.110 0.1428571492
79718  -40.524  -12.659  1.566 0.1428571492
77846  -41.493  -13.403  -0.222 0.1428571492
81541  -37.937  -9.923  3.776 0.1428571492
91030  -30.221  0.565  -4.128 0.4285714328
91977  -29.975  1.188  -4.735 0.4285714328
97333  -36.033  6.995  -3.011 0.1428571492
68184  -28.234  -22.699  4.114 0.2857142985
96525  -34.873  6.777  -3.605 0.1428571492
79678  -36.827  -11.167  5.255 0.1428571492
74361  -34.993  -16.331  6.836 0.1428571492
71294  -34.820  -19.024  6.882 0.1428571492
82509  -35.979  -8.604  3.377 0.1428571492
78741  -36.588  -12.185  5.681 0.1428571492
79654  -37.216  -11.555  5.420 0.1428571492
80583  -38.876  -10.948  4.124 0.1428571492
80633  -39.524  -11.147  1.984 0.1428571492
77722  -36.816  -13.567  6.738 0.1428571492
78728  -37.516  -13.026  6.437 0.1428571492
78790  -40.464  -13.223  2.690 0.1428571492
74337  -35.734  -16.152  7.255 0.1428571492
78768  -40.375  -13.572  3.223 0.1428571492
76561  -37.473  -15.246  7.208 0.1428571492
72301  -36.219  -18.025  7.691 0.1428571492
74340  -38.367  -16.752  7.520 0.1428571492
76581  -38.516  -14.799  6.402 0.1428571492
75451  -38.910  -15.472  6.074 0.1428571492
73295  -38.815  -17.561  7.422 0.1428571492
75428  -38.559  -15.984  6.817 0.1428571492
76629  -40.162  -14.759  3.998 0.1428571492
75491  -40.612  -15.602  2.649 0.1428571492
61292  -27.577  -28.946  6.781 0.1428571492
61312  -28.291  -28.089  6.521 0.1428571492
61311  -27.255  -28.515  6.549 0.1428571492
62412  -28.644  -27.338  6.403 0.1428571492
62411  -27.793  -27.277  6.178 0.1428571492
63561  -27.718  -26.487  5.821 0.1428571492
64688  -27.368  -25.486  5.444 0.1428571492
65803  -26.957  -24.422  4.921 0.1428571492
65804  -27.949  -24.700  5.177 0.1428571492
65819  -27.796  -24.042  4.733 0.1428571492
64687  -26.361  -25.281  5.389 0.1428571492
65818  -27.294  -23.892  4.494 0.1428571492
67026  -26.782  -23.656  4.227 0.1428571492
67025  -25.866  -23.366  4.142 0.1428571492
67046  -25.618  -22.848  3.572 0.1428571492
69277  -27.004  -21.820  2.927 0.1428571492
68204  -26.251  -22.363  3.184 0.1428571492
69295  -26.719  -21.159  2.619 0.2857142985
69297  -28.135  -21.099  2.769 0.1428571492
70363  -28.690  -20.334  2.441 0.1428571492
71372  -28.722  -19.548  2.068 0.2857142985
73423  -28.981  -16.789  0.386 0.4285714328
86434  -29.174  -4.624  -2.541 0.2857142985
86420  -29.600  -4.753  -1.969 0.2857142985
88236  -28.485  -2.555  -4.685 0.2857142985
89156  -28.861  -1.682  -4.638 0.2857142985
91029  -29.612  0.119  -4.489 0.4285714328
69294  -25.923  -21.162  2.717 0.1428571492
70361  -27.214  -20.498  2.401 0.2857142985
63560  -26.744  -26.356  5.524 0.1428571492
65802  -25.849  -24.385  5.185 0.1428571492
68203  -25.383  -22.262  3.379 0.1428571492
68220  -25.681  -21.754  3.087 0.1428571492
71370  -26.833  -19.800  2.222 0.2857142985
71371  -27.671  -19.846  1.957 0.2857142985
73403  -28.411  -17.733  0.708 0.4285714328
73422  -28.507  -16.965  0.444 0.2857142985
84551  -28.760  -6.426  -2.394 0.2857142985
85538  -29.189  -5.602  -2.193 0.2857142985
85566  -28.465  -5.230  -2.834 0.2857142985
87306  -29.286  -3.717  -3.107 0.2857142985
88226  -28.959  -3.144  -4.410 0.2857142985
87317  -28.173  -3.419  -4.055 0.2857142985
89146  -29.618  -1.797  -4.332 0.2857142985
71392  -28.474  -18.957  1.425 0.2857142985
84565  -28.589  -5.942  -2.735 0.2857142985
83584  -28.185  -6.817  -2.765 0.2857142985
86446  -28.796  -4.443  -2.919 0.2857142985
87318  -28.895  -3.694  -3.675 0.2857142985
88227  -29.527  -2.873  -3.910 0.2857142985
85565  -27.970  -5.199  -3.076 0.2857142985
86445  -28.321  -4.276  -3.144 0.2857142985
73404  -29.245  -17.420  0.778 0.4285714328
74458  -29.432  -16.336  0.491 0.4285714328
67028  -28.611  -23.582  4.762 0.1428571492
72413  -29.043  -18.543  1.290 0.4285714328
63562  -28.164  -26.236  5.918 0.1428571492
63547  -27.946  -26.781  6.072 0.1428571492
70362  -28.098  -20.502  2.373 0.1428571492
67047  -26.492  -23.066  3.694 0.1428571492
62419  -27.183  -26.860  5.661 0.1428571492
67007  -26.176  -23.853  4.702 0.1428571492
67006  -25.335  -23.613  4.781 0.1428571492
70360  -26.353  -20.468  2.500 0.2857142985
88237  -29.210  -2.455  -4.594 0.2857142985
72412  -28.120  -18.482  1.022 0.4285714328
86444  -27.596  -4.271  -3.308 0.2857142985
75528  -27.960  -15.433  0.086 0.2857142985
75529  -28.830  -15.500  -0.102 0.2857142985
76708  -29.364  -14.005  -0.618 0.2857142985
98842  -33.173  9.693  -4.469 0.1428571492
98843  -34.636  9.531  -4.236 0.1428571492
98086  -32.931  8.496  -4.653 0.1428571492
97351  -33.578  7.605  -4.532 0.1428571492
96543  -33.883  7.071  -4.401 0.1428571492
97350  -32.948  7.665  -5.059 0.1428571492
98102  -31.377  9.428  -5.891 0.1428571492
99564  -31.392  10.657  -5.312 0.1428571492
76691  -29.077  -14.693  -0.369 0.2857142985
97340  -34.638  7.444  -3.945 0.1428571492
98827  -35.233  8.816  -3.912 0.1428571492
98087  -34.004  8.343  -4.253 0.1428571492
96542  -33.501  6.735  -4.636 0.1428571492
98863  -32.480  9.265  -4.850 0.1428571492
98862  -31.785  9.791  -5.299 0.1428571492
98861  -30.938  10.497  -5.669 0.1428571492
98085  -32.734  8.246  -4.960 0.1428571492
98104  -32.581  8.785  -4.880 0.1428571492
99547  -33.735  10.872  -4.727 0.1428571492
98103  -32.405  8.632  -5.318 0.1428571492
98075  -34.942  8.293  -3.870 0.1428571492
83582  -27.536  -6.476  -2.978 0.1428571492
84550  -28.420  -6.512  -2.652 0.1428571492
84564  -28.223  -6.067  -2.900 0.1428571492
87314  -25.577  -3.562  -2.973 0.1428571492
87315  -26.177  -3.465  -3.485 0.1428571492
83572  -28.377  -7.364  -2.475 0.1428571492
88224  -26.435  -2.590  -3.790 0.1428571492
89145  -26.594  -1.718  -4.047 0.1428571492
78864  -28.813  -11.828  -1.533 0.2857142985
79758  -27.795  -11.823  -1.713 0.1428571492
81662  -27.735  -9.181  -2.582 0.1428571492
82615  -28.167  -8.321  -2.536 0.1428571492
83571  -28.010  -7.473  -2.899 0.1428571492
87266  -35.573  -3.721  0.553 0.1428571492
84562  -27.149  -6.122  -3.047 0.1428571492
87327  -28.050  -2.873  -4.563 0.1428571492
90101  -28.387  -0.828  -4.605 0.1428571492
89154  -27.290  -1.641  -4.563 0.1428571492
90100  -27.597  -0.815  -4.617 0.2857142985
91028  -28.726  0.028  -4.855 0.2857142985
93858  -27.472  2.839  -5.556 0.2857142985
92940  -26.756  2.582  -4.385 0.2857142985
93865  -27.192  3.700  -5.725 0.2857142985
97366  -27.974  9.018  -6.411 0.1428571492
95633  -28.221  5.514  -2.895 0.1428571492
91027  -27.899  0.018  -4.820 0.2857142985
91976  -29.139  0.932  -5.330 0.2857142985
92943  -29.582  1.922  -5.516 0.2857142985
92942  -28.458  2.101  -5.782 0.2857142985
92941  -27.434  2.055  -4.738 0.2857142985
92952  -29.248  2.656  -6.117 0.2857142985
93873  -28.554  3.802  -6.818 0.2857142985
95677  -27.141  5.752  -5.836 0.1428571492
93849  -26.580  3.502  -3.927 0.2857142985
96539  -28.603  7.329  -4.713 0.1428571492
96540  -29.296  7.394  -4.260 0.1428571492
92931  -26.665  2.101  -3.812 0.1428571492
90088  -26.804  -0.829  -4.166 0.2857142985
93857  -26.699  3.295  -4.782 0.2857142985
94782  -26.941  4.550  -5.215 0.1428571492
95667  -27.281  5.525  -4.523 0.1428571492
94770  -26.783  4.397  -3.849 0.1428571492
89143  -25.406  -1.985  -2.791 0.2857142985
94750  -26.542  3.872  -3.001 0.1428571492
94753  -28.095  5.207  -1.825 0.1428571492
94751  -26.865  4.591  -2.724 0.1428571492
89104  -24.532  -2.687  -0.614 0.1428571492
87285  -35.809  -3.357  0.153 0.1428571492
80705  -27.793  -9.554  -2.624 0.1428571492
82613  -27.069  -8.013  -2.727 0.1428571492
87267  -35.978  -3.882  0.199 0.1428571492
83560  -26.512  -7.376  -2.440 0.1428571492
84548  -25.925  -5.859  -2.260 0.1428571492
85551  -26.091  -5.408  -2.527 0.1428571492
85564  -27.278  -5.266  -3.256 0.1428571492
86442  -25.896  -4.045  -3.187 0.1428571492
87316  -27.126  -3.363  -3.819 0.1428571492
88235  -27.786  -2.366  -4.648 0.1428571492
90087  -26.216  -1.013  -3.511 0.2857142985
91974  -27.624  0.935  -4.416 0.1428571492
91975  -28.154  0.938  -5.178 0.2857142985
92932  -27.273  1.549  -4.120 0.1428571492
94738  -26.663  3.970  -2.113 0.1428571492
94769  -26.576  3.727  -3.536 0.2857142985
95648  -27.084  5.223  -3.741 0.1428571492
94752  -27.625  5.184  -2.437 0.1428571492
95649  -27.728  5.524  -3.496 0.1428571492
86378  -35.658  -4.561  0.842 0.1428571492
86397  -36.242  -4.593  0.120 0.1428571492
93867  -28.898  3.183  -6.645 0.2857142985
93866  -28.175  3.432  -6.155 0.2857142985
79774  -27.613  -10.736  -1.922 0.1428571492
83573  -28.768  -7.514  -1.962 0.1428571492
84503  -36.184  -6.488  1.506 0.1428571492
90102  -29.168  -0.843  -4.397 0.1428571492
83570  -27.302  -7.118  -2.907 0.1428571492
85563  -26.583  -5.440  -3.019 0.1428571492
86443  -26.556  -4.430  -3.238 0.1428571492
84549  -26.378  -6.325  -2.598 0.1428571492
84537  -26.088  -6.854  -2.132 0.1428571492
87326  -27.663  -2.925  -4.360 0.1428571492
82614  -27.718  -8.320  -2.903 0.1428571492
89144  -25.961  -1.838  -3.445 0.1428571492
88225  -27.139  -2.446  -4.281 0.1428571492
89155  -28.087  -1.647  -4.735 0.1428571492
82597  -27.288  -8.677  -2.597 0.1428571492
93856  -26.528  2.925  -4.082 0.1428571492
92951  -28.741  2.855  -6.154 0.2857142985
97348  -29.486  8.613  -4.919 0.1428571492
91015  -27.217  0.056  -4.219 0.1428571492
94771  -27.150  5.045  -3.225 0.1428571492
71368  -25.098  -19.686  3.103 0.1428571492
71390  -27.161  -19.164  1.802 0.1428571492
72385  -25.203  -18.731  2.736 0.1428571492
73379  -25.288  -17.675  2.304 0.1428571492
73400  -25.728  -17.292  1.757 0.1428571492
72410  -26.605  -18.454  1.834 0.1428571492
74425  -25.162  -16.633  1.979 0.1428571492
73380  -25.994  -17.934  1.865 0.1428571492
72411  -27.322  -18.398  1.401 0.1428571492
74439  -25.811  -16.594  1.435 0.1428571492
73402  -27.496  -17.503  0.962 0.1428571492
74441  -27.408  -16.706  0.697 0.1428571492
73421  -27.917  -17.078  0.565 0.1428571492
75500  -25.240  -15.924  1.662 0.1428571492
75514  -25.756  -15.556  1.165 0.1428571492
74456  -27.808  -16.308  0.375 0.1428571492
76706  -27.832  -13.881  -0.472 0.1428571492
77843  -28.200  -13.314  -0.999 0.1428571492
71367  -24.544  -19.841  3.423 0.1428571492
72384  -24.379  -19.000  3.264 0.1428571492
72386  -25.954  -18.570  2.271 0.1428571492
93848  -26.352  3.123  -3.389 0.1428571492
78847  -28.570  -12.623  -1.362 0.1428571492
74457  -28.596  -16.259  0.191 0.1428571492
71369  -25.936  -19.566  2.541 0.1428571492
71391  -27.920  -19.158  1.469 0.1428571492
74413  -23.810  -17.189  3.006 0.1428571492
73401  -26.521  -17.530  1.452 0.1428571492
74440  -26.654  -16.518  0.958 0.1428571492
74455  -27.113  -16.118  0.581 0.1428571492
75499  -24.506  -15.602  2.175 0.1428571492
70342  -24.377  -20.176  3.604 0.1428571492
62395  -29.605  -27.624  6.763 0.2857142985
62420  -27.388  -27.034  5.839 0.1428571492
63531  -29.647  -27.098  6.747 0.4285714328
65785  -30.644  -24.404  6.100 0.4285714328
65820  -28.290  -24.176  4.987 0.1428571492
66988  -30.729  -23.918  5.836 0.4285714328
67027  -27.614  -23.336  4.205 0.2857142985
68221  -26.296  -21.701  2.807 0.1428571492
69296  -27.511  -21.148  2.679 0.1428571492
71354  -24.077  -19.754  3.634 0.1428571492
71389  -26.539  -19.115  2.175 0.1428571492
73317  -34.857  -16.973  6.922 0.1428571492
74318  -36.796  -16.835  7.657 0.1428571492
74319  -37.185  -16.730  7.761 0.1428571492
75389  -37.274  -16.391  7.674 0.1428571492
75406  -35.940  -15.652  7.199 0.1428571492
77815  -32.739  -13.062  1.823 0.7142857313
78766  -36.115  -11.824  5.417 0.1428571492
78863  -28.224  -12.032  -1.661 0.1428571492
78865  -29.467  -11.639  -1.356 0.5714285970
80558  -37.155  -11.066  5.215 0.1428571492
80579  -35.119  -10.742  4.218 0.4285714328
80706  -28.305  -9.639  -2.361 0.1428571492
81540  -37.308  -9.816  4.289 0.1428571492
81663  -28.057  -9.040  -2.520 0.1428571492
83583  -27.864  -6.665  -2.933 0.1428571492
84502  -30.938  -6.860  0.986 1.0000000000
84563  -27.708  -5.982  -3.048 0.1428571492
85464  -31.801  -6.447  1.888 0.8571428657
85550  -25.592  -5.445  -2.128 0.1428571492
85552  -28.815  -5.390  -2.606 0.2857142985
86396  -35.879  -4.182  0.442 0.1428571492
87249  -35.105  -3.863  0.973 0.1428571492
87305  -25.188  -3.707  -2.352 0.1428571492
88223  -25.750  -2.708  -3.246 0.1428571492
90053  -33.392  -0.286  0.155 0.5714285970
93875  -29.551  3.930  -7.088 0.7142857313
94772  -32.047  4.111  -3.954 0.5714285970
94798  -27.622  5.033  -7.187 0.4285714328
94806  -28.571  5.160  -8.271 0.7142857313
94808  -29.809  4.825  -7.824 0.5714285970
95691  -27.817  6.179  -7.676 0.4285714328
95693  -28.852  5.685  -8.899 0.4285714328
96572  -28.842  6.471  -9.410 0.4285714328
96577  -28.577  7.058  -9.489 0.4285714328
96579  -29.914  7.342  -9.447 0.4285714328
97332  -35.680  6.799  -3.043 0.1428571492
97352  -34.108  7.402  -4.274 0.1428571492
97379  -28.265  7.328  -9.340 0.4285714328
97382  -30.845  7.822  -7.589 0.2857142985
97384  -27.909  8.123  -9.417 0.4285714328
97386  -29.266  8.067  -9.499 0.4285714328
98099  -27.320  9.527  -7.847 0.2857142985
98113  -27.409  9.098  -8.333 0.4285714328
98120  -27.481  8.556  -9.021 0.2857142985
98124  -27.738  8.273  -9.279 0.4285714328
98125  -27.907  8.581  -9.349 0.2857142985
98126  -28.508  8.935  -9.281 0.2857142985
98883  -29.279  10.826  -7.684 0.2857142985
