#!ascii label  , from subject A00073953 vox2ras=TkReg
300
79495  23.823  -11.412  -7.419 0.0000000000
71447  21.000  -19.227  -1.420 0.0000000000
84129  22.893  -6.284  -7.863 0.0000000000
92712  19.637  2.238  -9.290 0.0000000000
69275  19.022  -21.461  -0.113 0.0000000000
87092  23.420  -3.624  -10.815 0.0000000000
88192  21.656  -1.797  -10.917 0.0000000000
78541  21.414  -12.520  -4.619 0.0000000000
75593  21.984  -15.346  -3.864 0.0000000000
79459  24.768  -12.142  -5.555 0.0000000000
81385  25.948  -9.183  -10.767 0.0000000000
80453  27.752  -10.837  -9.204 0.0000000000
82301  23.356  -8.627  -7.121 0.0000000000
84155  23.974  -6.578  -10.711 0.0000000000
91073  21.038  0.088  -8.682 0.0000000000
91094  21.211  0.513  -11.767 0.0000000000
74535  22.802  -16.499  -1.882 0.0000000000
88183  22.017  -2.938  -9.811 0.0000000000
88177  21.450  -2.407  -9.259 0.0000000000
79474  23.069  -11.896  -6.219 0.0000000000
77631  23.108  -13.240  -5.450 0.0000000000
79485  24.216  -12.004  -6.903 0.0000000000
70380  19.643  -20.393  -0.758 0.0000000000
83226  23.316  -7.744  -7.610 0.0000000000
83240  23.781  -7.462  -9.224 0.0000000000
84136  23.350  -6.606  -9.042 0.0000000000
88189  23.678  -2.753  -10.996 0.0000000000
87091  24.216  -3.628  -11.100 0.0000000000
92697  20.271  2.667  -6.449 0.0000000000
91037  20.570  0.317  -5.174 0.0000000000
91907  19.769  1.446  -9.550 0.0000000000
94433  20.026  4.662  -11.987 0.0000000000
93567  20.688  3.019  -11.502 0.0000000000
92731  20.212  2.006  -11.966 0.0000000000
92718  21.132  2.505  -11.249 0.0000000000
91917  21.869  1.136  -11.292 0.0000000000
76595  23.756  -14.363  -3.385 0.0000000000
74561  22.423  -16.096  -3.396 0.0000000000
68321  18.446  -22.027  0.241 0.0000000000
86022  23.202  -5.204  -9.713 0.0000000000
87074  22.285  -3.872  -9.151 0.0000000000
87093  22.880  -3.056  -10.820 0.0000000000
89201  22.901  -1.540  -11.229 0.0000000000
76583  20.631  -14.592  -3.331 0.0000000000
77605  21.731  -13.991  -4.160 0.0000000000
77616  23.881  -13.682  -4.770 0.0000000000
78524  25.117  -12.230  -4.035 0.0000000000
80456  25.336  -10.082  -9.354 0.0000000000
79493  25.491  -11.041  -8.198 0.0000000000
80466  26.870  -10.315  -10.084 0.0000000000
80425  22.613  -10.763  -6.195 0.0000000000
81339  22.478  -9.939  -5.700 0.0000000000
80447  23.395  -10.157  -7.365 0.0000000000
81366  24.534  -9.232  -8.922 0.0000000000
82349  25.198  -8.143  -11.069 0.0000000000
84162  25.680  -6.623  -11.412 0.0000000000
86040  23.899  -4.783  -11.383 0.0000000000
86047  24.936  -5.072  -11.456 0.0000000000
90161  21.394  -0.773  -8.146 0.0000000000
92720  18.975  2.374  -10.234 0.0000000000
91089  19.393  1.144  -11.282 0.0000000000
90184  20.432  0.229  -10.927 0.0000000000
90175  20.952  -0.827  -10.059 0.0000000000
90190  21.641  -0.222  -11.501 0.0000000000
91086  22.480  0.413  -10.928 0.0000000000
72429  20.472  -18.147  -2.026 0.0000000000
74550  21.309  -16.269  -3.442 0.0000000000
79471  26.115  -11.077  -6.540 0.0000000000
79457  26.585  -10.870  -5.119 0.0000000000
88170  21.683  -2.491  -8.134 0.0000000000
89188  21.295  -1.661  -8.667 0.0000000000
79486  23.319  -11.771  -6.919 0.0000000000
78563  23.639  -12.203  -6.554 0.0000000000
67220  17.273  -23.259  1.377 0.0000000000
68308  17.860  -22.593  0.737 0.0000000000
70379  20.690  -20.104  -0.985 0.0000000000
84120  23.120  -7.052  -7.326 0.0000000000
84128  23.127  -6.941  -8.144 0.0000000000
84137  23.048  -6.207  -8.552 0.0000000000
89192  23.740  -1.892  -10.910 0.0000000000
88182  24.324  -2.601  -10.535 0.0000000000
91894  20.346  2.540  -7.345 0.0000000000
91882  20.587  1.991  -5.949 0.0000000000
91901  20.339  1.876  -8.508 0.0000000000
92717  21.610  2.424  -10.448 0.0000000000
77588  24.565  -13.784  -2.538 0.0000000000
76581  24.061  -14.413  -2.672 0.0000000000
71449  19.181  -19.555  -1.069 0.0000000000
86015  22.514  -4.695  -8.360 0.0000000000
88191  22.260  -2.414  -10.894 0.0000000000
93544  19.474  3.949  -7.732 0.0000000000
77606  20.920  -13.592  -3.974 0.0000000000
77619  21.580  -13.276  -4.498 0.0000000000
77630  23.683  -13.362  -5.370 0.0000000000
78539  24.415  -12.831  -5.180 0.0000000000
78525  24.409  -13.267  -4.125 0.0000000000
78538  24.921  -12.212  -5.016 0.0000000000
68320  19.382  -22.167  0.151 0.0000000000
80468  25.575  -9.715  -9.955 0.0000000000
80455  26.171  -10.438  -9.504 0.0000000000
80467  26.096  -9.855  -10.127 0.0000000000
80414  21.629  -11.013  -4.711 0.0000000000
82292  23.225  -8.493  -6.417 0.0000000000
81348  23.275  -9.393  -6.978 0.0000000000
81349  22.958  -9.854  -6.493 0.0000000000
81358  23.573  -9.391  -7.689 0.0000000000
81357  24.155  -9.699  -8.118 0.0000000000
82320  23.845  -8.505  -8.625 0.0000000000
83256  24.270  -7.062  -10.711 0.0000000000
83247  24.521  -8.018  -10.345 0.0000000000
83266  25.370  -7.493  -11.347 0.0000000000
84163  24.929  -6.687  -11.243 0.0000000000
86030  23.371  -4.745  -10.329 0.0000000000
86039  24.592  -4.506  -11.361 0.0000000000
86038  25.172  -4.637  -10.895 0.0000000000
91066  21.106  0.051  -7.519 0.0000000000
91053  20.767  0.111  -5.847 0.0000000000
90156  21.518  -0.739  -7.040 0.0000000000
93575  19.724  3.504  -12.444 0.0000000000
94445  19.666  4.403  -12.461 0.0000000000
92726  18.977  2.379  -11.455 0.0000000000
91927  19.589  2.011  -12.050 0.0000000000
91925  20.716  1.421  -11.870 0.0000000000
91095  20.444  0.758  -11.610 0.0000000000
90192  20.535  0.233  -11.200 0.0000000000
90183  20.860  -0.259  -10.746 0.0000000000
90191  21.080  -0.039  -11.385 0.0000000000
89211  21.330  -0.650  -11.107 0.0000000000
91911  22.243  1.441  -10.324 0.0000000000
91079  22.709  0.677  -10.174 0.0000000000
91085  22.990  0.143  -10.371 0.0000000000
72430  19.671  -18.272  -1.910 0.0000000000
76598  21.862  -14.700  -3.962 0.0000000000
75581  20.856  -15.497  -3.424 0.0000000000
74563  21.672  -15.770  -3.661 0.0000000000
74548  22.704  -16.257  -2.761 0.0000000000
74549  21.980  -16.616  -3.121 0.0000000000
74536  22.238  -16.745  -2.335 0.0000000000
73450  21.598  -17.240  -2.375 0.0000000000
80444  26.938  -11.028  -8.535 0.0000000000
79483  26.135  -11.108  -7.825 0.0000000000
80435  26.979  -10.923  -7.612 0.0000000000
87067  22.220  -3.865  -8.033 0.0000000000
88176  21.850  -3.175  -8.696 0.0000000000
78553  22.400  -12.509  -5.169 0.0000000000
77632  22.746  -12.977  -5.289 0.0000000000
78552  23.006  -12.474  -5.744 0.0000000000
78551  23.726  -12.657  -5.996 0.0000000000
79473  24.396  -12.321  -6.011 0.0000000000
70365  19.881  -20.960  -0.489 0.0000000000
69274  19.940  -21.496  -0.229 0.0000000000
70364  20.471  -20.848  -0.536 0.0000000000
69273  21.010  -21.449  0.021 0.0000000000
81394  26.206  -8.762  -11.345 0.0000000000
81384  26.739  -9.466  -10.891 0.0000000000
83217  23.310  -7.814  -6.792 0.0000000000
82310  23.439  -8.391  -7.900 0.0000000000
83233  23.436  -7.617  -8.425 0.0000000000
84145  23.659  -6.611  -9.956 0.0000000000
91067  20.672  0.932  -7.956 0.0000000000
91074  20.398  0.827  -9.132 0.0000000000
93559  20.397  4.148  -11.533 0.0000000000
92725  20.150  3.022  -12.372 0.0000000000
92732  19.835  2.502  -12.227 0.0000000000
91918  21.253  1.723  -11.616 0.0000000000
91924  21.442  1.024  -11.795 0.0000000000
91912  21.620  1.823  -11.000 0.0000000000
76596  23.249  -14.712  -3.950 0.0000000000
75592  22.576  -15.462  -3.760 0.0000000000
75591  23.137  -15.364  -3.453 0.0000000000
75579  23.307  -15.606  -2.799 0.0000000000
69276  18.120  -21.168  0.021 0.0000000000
69290  18.837  -20.778  -0.367 0.0000000000
71448  20.034  -19.550  -1.278 0.0000000000
85024  22.672  -5.508  -7.607 0.0000000000
85034  22.809  -5.524  -8.522 0.0000000000
86023  22.886  -4.691  -9.476 0.0000000000
86031  23.089  -4.234  -10.116 0.0000000000
87083  22.729  -3.612  -10.260 0.0000000000
88190  23.076  -2.603  -11.092 0.0000000000
89200  23.358  -2.206  -11.185 0.0000000000
89193  23.503  -1.082  -10.552 0.0000000000
93527  19.766  3.074  -6.954 0.0000000000
93542  19.843  2.897  -7.145 0.0000000000
92704  19.745  2.843  -8.196 0.0000000000
76599  21.273  -14.630  -3.711 0.0000000000
77618  22.398  -13.603  -4.801 0.0000000000
76609  22.754  -14.142  -4.701 0.0000000000
76608  23.002  -14.338  -4.541 0.0000000000
77602  23.876  -13.950  -3.954 0.0000000000
78507  24.332  -13.580  -3.602 0.0000000000
78506  24.801  -13.202  -3.096 0.0000000000
79502  25.135  -10.682  -8.558 0.0000000000
79494  24.593  -11.114  -7.802 0.0000000000
79500  26.234  -10.706  -9.102 0.0000000000
80454  26.830  -10.789  -9.336 0.0000000000
81383  27.133  -9.748  -10.925 0.0000000000
80465  27.762  -10.670  -10.046 0.0000000000
79476  22.057  -11.702  -5.110 0.0000000000
79475  22.576  -11.675  -5.779 0.0000000000
80436  23.448  -11.162  -7.310 0.0000000000
80437  23.061  -10.728  -7.039 0.0000000000
80446  23.811  -10.517  -7.634 0.0000000000
80445  24.588  -10.247  -8.396 0.0000000000
81375  25.195  -9.264  -10.053 0.0000000000
82329  24.112  -8.083  -9.354 0.0000000000
82328  24.507  -8.465  -9.781 0.0000000000
82338  25.443  -8.652  -10.882 0.0000000000
82348  25.761  -8.372  -11.390 0.0000000000
84161  26.278  -7.131  -11.592 0.0000000000
85045  23.127  -5.657  -9.185 0.0000000000
85054  23.655  -5.727  -10.678 0.0000000000
85065  24.184  -5.810  -11.343 0.0000000000
86049  24.202  -5.278  -11.618 0.0000000000
85076  24.391  -5.462  -11.568 0.0000000000
85074  25.344  -5.578  -11.110 0.0000000000
92713  19.381  3.122  -9.231 0.0000000000
93569  18.934  3.412  -11.116 0.0000000000
92719  19.302  1.798  -9.802 0.0000000000
91913  19.159  1.358  -10.198 0.0000000000
91081  19.846  0.704  -10.156 0.0000000000
91926  19.952  1.651  -11.893 0.0000000000
91088  19.947  0.625  -11.056 0.0000000000
91080  20.716  0.019  -9.836 0.0000000000
90168  21.064  -0.819  -9.203 0.0000000000
89194  21.147  -1.575  -9.728 0.0000000000
89203  21.303  -1.236  -10.643 0.0000000000
89202  21.846  -1.134  -11.219 0.0000000000
91093  21.887  0.386  -11.600 0.0000000000
90182  22.305  -0.446  -11.328 0.0000000000
90181  22.981  -0.472  -10.861 0.0000000000
90174  23.356  -0.382  -10.094 0.0000000000
71461  20.232  -18.806  -1.646 0.0000000000
71460  20.747  -18.612  -1.739 0.0000000000
74551  20.415  -16.428  -2.858 0.0000000000
74562  21.972  -16.010  -3.677 0.0000000000
73462  21.455  -16.827  -3.037 0.0000000000
73464  20.591  -17.057  -2.649 0.0000000000
73451  20.831  -17.531  -2.423 0.0000000000
72428  21.290  -18.238  -1.817 0.0000000000
79484  25.233  -11.423  -7.289 0.0000000000
79472  24.961  -11.744  -6.265 0.0000000000
79458  25.404  -11.578  -5.233 0.0000000000
79444  25.953  -11.322  -4.221 0.0000000000
69289  19.463  -21.022  -0.377 0.0000000000
73463  20.998  -17.004  -2.954 0.0000000000
75580  22.865  -15.832  -3.311 0.0000000000
75594  21.487  -15.387  -3.673 0.0000000000
76568  23.751  -15.046  -2.506 0.0000000000
76582  23.539  -14.931  -3.144 0.0000000000
76597  22.477  -14.587  -4.260 0.0000000000
77589  24.223  -13.873  -3.205 0.0000000000
77603  23.423  -14.140  -4.487 0.0000000000
77604  22.114  -14.242  -4.321 0.0000000000
77617  23.179  -13.900  -4.999 0.0000000000
78540  21.953  -12.839  -4.770 0.0000000000
78554  21.909  -12.280  -4.849 0.0000000000
78564  23.356  -12.226  -6.304 0.0000000000
79460  21.611  -11.852  -4.741 0.0000000000
79487  22.868  -11.404  -6.471 0.0000000000
79492  26.216  -10.897  -8.655 0.0000000000
79501  25.755  -10.667  -8.909 0.0000000000
80426  22.163  -10.862  -5.449 0.0000000000
80475  26.808  -9.850  -10.562 0.0000000000
80476  26.397  -9.589  -10.567 0.0000000000
81359  23.241  -9.922  -7.107 0.0000000000
81367  24.002  -9.211  -8.327 0.0000000000
81374  25.703  -9.529  -10.231 0.0000000000
81386  25.405  -8.903  -10.541 0.0000000000
81393  26.694  -8.997  -11.288 0.0000000000
82302  23.184  -9.096  -6.561 0.0000000000
82319  24.267  -8.556  -9.137 0.0000000000
82339  24.949  -8.475  -10.535 0.0000000000
83248  24.172  -7.473  -10.112 0.0000000000
83255  24.682  -7.522  -10.853 0.0000000000
84121  22.889  -6.354  -6.993 0.0000000000
84154  24.396  -6.650  -11.090 0.0000000000
85044  23.359  -5.762  -9.841 0.0000000000
85064  24.564  -6.210  -11.321 0.0000000000
85075  24.803  -5.777  -11.406 0.0000000000
86048  24.466  -5.116  -11.602 0.0000000000
87082  23.191  -4.019  -10.389 0.0000000000
87090  24.732  -3.974  -10.928 0.0000000000
88184  21.539  -2.136  -10.314 0.0000000000
89210  21.496  -0.506  -11.324 0.0000000000
90149  21.397  -0.616  -6.000 0.0000000000
91059  21.107  -0.079  -6.608 0.0000000000
91060  20.630  0.817  -6.676 0.0000000000
91082  19.344  0.992  -10.759 0.0000000000
91087  20.356  0.274  -10.573 0.0000000000
91900  20.309  2.447  -7.751 0.0000000000
91919  19.772  1.154  -11.565 0.0000000000
91920  19.295  1.655  -11.783 0.0000000000
92696  20.093  2.787  -6.992 0.0000000000
92703  19.994  2.752  -7.435 0.0000000000
92733  19.372  2.317  -11.992 0.0000000000
93543  19.701  3.162  -7.306 0.0000000000
93557  21.582  2.942  -9.977 0.0000000000
93568  20.313  3.618  -12.004 0.0000000000
93576  19.312  3.182  -11.951 0.0000000000
