#!ascii label  , from subject A00072203 vox2ras=TkReg
1507
94800  -41.499  2.192  45.365 0.0000000000
94072  -52.596  1.718  30.965 0.0000000000
100677  -48.952  8.811  49.592 0.0000000000
94867  -51.374  2.744  40.609 0.0000000000
90065  -51.335  -2.426  48.746 0.0000000000
100806  -47.431  8.375  35.900 0.0000000000
106141  -55.915  14.042  36.833 0.0000000000
106044  -48.350  14.320  43.477 0.0000000000
85916  -42.986  -6.771  54.455 0.0000000000
93936  -45.330  1.454  41.990 0.0000000000
94914  -47.971  2.952  36.737 0.0000000000
98897  -44.837  6.764  40.986 0.0000000000
101529  -54.177  9.536  51.654 0.0000000000
103342  -53.837  11.174  44.116 0.0000000000
104233  -57.188  11.749  44.904 0.0000000000
106077  -51.490  14.486  41.032 0.0000000000
105085  -52.043  13.620  47.918 0.0000000000
95971  -49.593  3.726  30.610 0.0000000000
92022  -41.754  -0.621  51.052 0.0000000000
98851  -44.307  6.737  47.693 0.0000000000
97891  -55.210  5.086  44.280 0.0000000000
93897  -49.976  1.090  44.711 0.0000000000
90100  -45.584  -2.827  44.607 0.0000000000
85988  -45.571  -6.890  49.606 0.0000000000
98013  -50.933  5.494  31.520 0.0000000000
101707  -49.468  9.990  30.820 0.0000000000
101620  -49.035  9.761  42.855 0.0000000000
104304  -51.428  12.271  36.248 0.0000000000
106208  -50.380  13.909  30.544 0.0000000000
106161  -48.138  14.481  35.356 0.0000000000
105221  -45.267  13.745  38.461 0.0000000000
93922  -43.143  1.576  43.260 0.0000000000
95862  -44.690  4.074  41.218 0.0000000000
97899  -42.851  5.148  43.613 0.0000000000
102388  -56.097  10.597  51.932 0.0000000000
102408  -56.343  10.364  49.187 0.0000000000
104194  -56.042  11.869  49.082 0.0000000000
104213  -54.493  12.841  46.628 0.0000000000
94973  -50.816  2.786  30.488 0.0000000000
93828  -40.097  1.309  52.399 0.0000000000
92953  -43.980  0.390  52.627 0.0000000000
92049  -50.498  -0.663  46.889 0.0000000000
91083  -48.139  -0.815  44.794 0.0000000000
89105  -48.350  -3.461  46.476 0.0000000000
84933  -44.548  -7.368  52.149 0.0000000000
87014  -38.763  -5.411  48.678 0.0000000000
90055  -38.253  -2.949  49.159 0.0000000000
89075  -36.554  -4.180  49.991 0.0000000000
95890  -52.132  3.416  37.801 0.0000000000
98935  -47.102  5.955  36.425 0.0000000000
96986  -49.370  4.102  34.188 0.0000000000
98966  -48.684  6.562  33.647 0.0000000000
99951  -49.762  7.843  30.858 0.0000000000
101688  -48.738  9.388  33.213 0.0000000000
99817  -46.408  7.896  48.787 0.0000000000
100708  -46.729  8.783  45.404 0.0000000000
102433  -48.621  10.027  46.427 0.0000000000
103391  -55.841  11.494  40.125 0.0000000000
103400  -52.944  11.663  39.546 0.0000000000
105243  -54.526  13.102  35.716 0.0000000000
105284  -52.329  13.310  32.282 0.0000000000
106187  -53.883  15.184  33.183 0.0000000000
106184  -49.088  14.562  33.055 0.0000000000
107060  -51.684  15.440  35.288 0.0000000000
106062  -50.396  14.410  42.119 0.0000000000
106104  -48.981  14.044  39.230 0.0000000000
105198  -47.229  13.442  40.239 0.0000000000
105209  -44.293  13.993  39.306 0.0000000000
105161  -45.733  13.279  42.180 0.0000000000
93951  -48.715  0.812  41.370 0.0000000000
93995  -49.713  1.627  38.714 0.0000000000
93979  -46.911  1.948  39.162 0.0000000000
96931  -46.149  4.859  38.715 0.0000000000
100782  -46.336  7.977  38.471 0.0000000000
100671  -52.065  9.210  50.917 0.0000000000
102418  -51.107  10.618  47.389 0.0000000000
102421  -54.234  10.507  47.749 0.0000000000
103344  -56.415  10.984  44.060 0.0000000000
104257  -56.852  12.639  41.374 0.0000000000
106108  -53.179  14.520  39.044 0.0000000000
105166  -54.230  13.790  42.444 0.0000000000
105129  -52.254  13.766  44.215 0.0000000000
106006  -50.239  14.281  45.970 0.0000000000
98020  -48.353  5.326  30.852 0.0000000000
93879  -41.645  1.382  47.806 0.0000000000
97876  -42.461  4.808  47.133 0.0000000000
94770  -43.691  2.421  49.560 0.0000000000
95769  -45.633  3.203  50.709 0.0000000000
97860  -47.677  5.117  52.048 0.0000000000
97830  -47.122  5.241  53.932 0.0000000000
99792  -49.867  6.339  52.673 0.0000000000
96888  -53.122  4.597  42.655 0.0000000000
95802  -52.126  3.156  44.586 0.0000000000
93940  -50.161  1.871  42.885 0.0000000000
93039  -48.621  0.702  43.483 0.0000000000
92104  -45.547  -0.273  42.959 0.0000000000
88024  -51.071  -4.511  51.299 0.0000000000
86939  -46.248  -5.683  54.229 0.0000000000
86966  -47.637  -5.982  51.548 0.0000000000
88044  -48.822  -4.766  48.832 0.0000000000
87048  -46.273  -5.318  46.718 0.0000000000
91052  -41.110  -1.441  46.254 0.0000000000
95965  -54.482  3.840  32.513 0.0000000000
94929  -51.066  2.828  35.420 0.0000000000
95953  -52.581  4.532  33.182 0.0000000000
95972  -52.983  4.453  31.180 0.0000000000
97044  -51.467  5.583  29.908 0.0000000000
99001  -49.811  7.012  28.505 0.0000000000
99969  -48.541  8.406  28.828 0.0000000000
99832  -44.161  7.542  45.077 0.0000000000
100741  -46.300  8.543  42.327 0.0000000000
101646  -47.896  9.719  39.063 0.0000000000
102480  -50.979  10.858  43.179 0.0000000000
102512  -49.728  10.637  39.387 0.0000000000
102529  -49.432  10.880  36.605 0.0000000000
103455  -50.508  11.750  33.116 0.0000000000
103480  -50.118  11.519  29.985 0.0000000000
102584  -47.320  10.465  29.975 0.0000000000
106120  -50.179  14.514  38.210 0.0000000000
106133  -46.963  14.497  37.151 0.0000000000
102519  -45.081  11.050  37.870 0.0000000000
102510  -44.063  11.407  39.386 0.0000000000
103385  -42.690  12.118  40.784 0.0000000000
94813  -42.051  1.994  43.965 0.0000000000
95826  -42.846  3.421  43.282 0.0000000000
95825  -41.988  3.385  44.042 0.0000000000
103295  -56.401  11.659  50.606 0.0000000000
104188  -55.222  12.440  49.540 0.0000000000
94974  -51.972  2.814  30.775 0.0000000000
91046  -51.203  -1.378  47.793 0.0000000000
90082  -49.734  -2.381  47.020 0.0000000000
90073  -49.934  -2.900  47.607 0.0000000000
85981  -38.756  -6.431  49.219 0.0000000000
88043  -37.532  -4.666  49.429 0.0000000000
95865  -52.560  4.027  40.333 0.0000000000
95877  -52.095  3.277  38.866 0.0000000000
99915  -46.884  7.172  35.957 0.0000000000
98957  -48.003  6.484  34.806 0.0000000000
99923  -47.694  7.470  34.979 0.0000000000
100823  -48.465  8.441  33.772 0.0000000000
100815  -47.867  8.446  34.920 0.0000000000
100676  -47.781  8.165  49.882 0.0000000000
100689  -47.388  9.036  48.245 0.0000000000
101552  -48.942  9.476  48.636 0.0000000000
104285  -56.583  12.160  38.359 0.0000000000
104271  -55.298  11.832  38.536 0.0000000000
105244  -55.459  13.363  36.016 0.0000000000
105254  -54.814  13.751  34.854 0.0000000000
106166  -54.133  14.565  35.183 0.0000000000
107070  -52.537  15.526  34.519 0.0000000000
106153  -53.489  14.698  36.123 0.0000000000
106045  -49.344  14.412  43.275 0.0000000000
105182  -48.898  13.859  41.284 0.0000000000
105163  -47.908  13.592  42.212 0.0000000000
105179  -45.998  13.283  41.144 0.0000000000
105143  -47.573  13.724  43.022 0.0000000000
93950  -47.674  0.761  41.119 0.0000000000
93963  -47.197  1.234  40.132 0.0000000000
94853  -45.909  2.198  40.538 0.0000000000
97919  -44.534  5.345  41.232 0.0000000000
96908  -45.158  4.583  40.259 0.0000000000
97929  -45.206  5.482  39.903 0.0000000000
98918  -46.037  6.308  38.411 0.0000000000
99877  -45.431  7.081  40.080 0.0000000000
100663  -52.956  9.173  51.584 0.0000000000
102396  -52.748  10.338  49.087 0.0000000000
101547  -53.862  9.845  50.093 0.0000000000
103318  -57.432  10.944  46.295 0.0000000000
102441  -56.732  10.608  46.581 0.0000000000
103332  -57.659  10.900  45.048 0.0000000000
103358  -57.046  11.667  42.847 0.0000000000
104238  -56.472  12.625  43.197 0.0000000000
105167  -55.575  13.225  42.485 0.0000000000
105149  -55.616  13.067  43.876 0.0000000000
105097  -52.918  13.052  47.331 0.0000000000
105118  -53.705  13.294  45.457 0.0000000000
105107  -52.772  13.380  46.265 0.0000000000
105116  -51.532  13.737  45.033 0.0000000000
105998  -50.956  14.018  46.759 0.0000000000
97020  -49.033  4.794  30.586 0.0000000000
92980  -42.475  0.473  49.595 0.0000000000
93871  -42.384  1.435  48.712 0.0000000000
92981  -43.369  0.861  49.852 0.0000000000
93833  -44.929  1.268  52.698 0.0000000000
93853  -45.295  1.498  51.579 0.0000000000
94764  -46.162  2.689  52.124 0.0000000000
97864  -46.790  5.047  51.134 0.0000000000
95766  -47.174  3.757  52.809 0.0000000000
98785  -46.483  6.565  53.965 0.0000000000
97832  -48.280  5.201  53.727 0.0000000000
98789  -49.626  6.445  54.539 0.0000000000
99779  -51.341  6.821  54.202 0.0000000000
99755  -50.921  7.105  55.120 0.0000000000
97920  -54.595  5.432  42.387 0.0000000000
96880  -53.942  4.999  43.884 0.0000000000
94803  -52.452  3.075  45.786 0.0000000000
94814  -51.045  2.032  44.725 0.0000000000
94828  -51.278  2.923  43.539 0.0000000000
93910  -50.371  1.692  44.445 0.0000000000
93924  -49.514  1.340  43.411 0.0000000000
93024  -49.167  0.606  44.467 0.0000000000
90102  -47.311  -1.770  44.492 0.0000000000
91081  -46.830  -1.286  43.793 0.0000000000
91080  -45.609  -1.829  43.893 0.0000000000
85918  -45.414  -6.214  54.028 0.0000000000
85953  -46.785  -6.263  51.910 0.0000000000
85974  -46.378  -6.510  50.298 0.0000000000
86993  -48.364  -5.475  50.063 0.0000000000
85990  -47.253  -5.943  49.207 0.0000000000
87019  -47.541  -5.430  48.179 0.0000000000
86013  -45.408  -6.391  47.779 0.0000000000
92059  -40.434  -1.089  47.332 0.0000000000
91043  -39.461  -2.233  47.835 0.0000000000
94941  -55.018  3.401  34.042 0.0000000000
94905  -49.080  2.007  37.284 0.0000000000
94906  -50.291  2.086  37.646 0.0000000000
94916  -49.645  2.346  36.417 0.0000000000
96998  -49.714  4.612  33.318 0.0000000000
95951  -50.479  3.863  33.445 0.0000000000
95963  -51.965  4.686  32.624 0.0000000000
97014  -53.149  4.996  32.127 0.0000000000
98023  -52.216  5.689  31.333 0.0000000000
98033  -52.379  5.498  30.859 0.0000000000
98022  -51.333  6.111  31.077 0.0000000000
100849  -49.329  9.038  30.820 0.0000000000
99960  -50.684  8.013  29.780 0.0000000000
100858  -49.654  8.699  29.219 0.0000000000
99970  -49.144  7.910  28.622 0.0000000000
101722  -49.230  9.950  29.143 0.0000000000
97877  -42.921  5.611  47.180 0.0000000000
98861  -43.112  6.506  45.757 0.0000000000
99823  -44.056  7.202  46.272 0.0000000000
101601  -47.786  9.291  43.852 0.0000000000
100721  -46.509  8.627  44.275 0.0000000000
101610  -47.731  9.206  42.905 0.0000000000
101627  -47.083  9.136  40.840 0.0000000000
102492  -48.670  9.756  41.605 0.0000000000
103328  -52.470  11.003  45.050 0.0000000000
103327  -51.530  10.970  45.111 0.0000000000
103341  -52.726  11.206  44.190 0.0000000000
103413  -52.424  11.905  38.372 0.0000000000
103387  -51.687  11.199  40.316 0.0000000000
103412  -51.199  11.644  38.284 0.0000000000
102521  -49.757  11.012  37.978 0.0000000000
103423  -50.228  11.463  36.930 0.0000000000
103438  -49.788  11.432  34.799 0.0000000000
103439  -50.429  12.004  35.133 0.0000000000
105295  -51.812  13.567  31.152 0.0000000000
104374  -51.426  12.750  30.963 0.0000000000
105305  -50.884  13.209  30.271 0.0000000000
103486  -48.853  11.442  29.083 0.0000000000
104370  -47.743  11.987  30.028 0.0000000000
103471  -46.699  10.843  30.980 0.0000000000
104363  -48.295  12.946  31.020 0.0000000000
105261  -48.498  14.041  34.170 0.0000000000
103446  -47.500  12.147  33.539 0.0000000000
106094  -52.782  14.397  40.011 0.0000000000
106121  -51.314  14.566  38.211 0.0000000000
106106  -50.982  14.392  39.184 0.0000000000
106103  -47.004  14.198  38.485 0.0000000000
106118  -47.566  14.421  37.997 0.0000000000
106132  -46.115  14.337  37.687 0.0000000000
104290  -45.964  12.871  37.409 0.0000000000
104280  -45.414  12.943  38.100 0.0000000000
102518  -44.352  10.739  38.570 0.0000000000
104279  -44.839  13.131  38.631 0.0000000000
105195  -44.151  14.179  39.990 0.0000000000
104263  -43.355  13.369  39.852 0.0000000000
104262  -42.500  13.281  40.406 0.0000000000
103375  -42.255  12.041  41.316 0.0000000000
93935  -44.497  1.670  42.378 0.0000000000
94851  -44.910  2.762  41.556 0.0000000000
95837  -44.197  2.988  42.127 0.0000000000
96887  -43.668  4.501  42.434 0.0000000000
98888  -43.640  6.170  42.816 0.0000000000
102399  -55.674  9.891  50.109 0.0000000000
102400  -56.616  10.251  50.160 0.0000000000
103301  -56.613  11.270  48.766 0.0000000000
104215  -56.337  12.067  46.815 0.0000000000
104223  -55.485  12.656  45.842 0.0000000000
104204  -55.267  12.322  47.524 0.0000000000
104192  -54.324  12.554  48.212 0.0000000000
94972  -50.329  3.430  30.395 0.0000000000
92002  -41.855  -0.411  52.637 0.0000000000
92024  -43.426  -0.371  51.705 0.0000000000
92951  -42.069  0.337  52.916 0.0000000000
93008  -49.869  0.231  45.985 0.0000000000
92074  -49.083  -0.299  45.090 0.0000000000
91054  -49.337  -1.343  46.135 0.0000000000
90093  -48.338  -2.459  45.797 0.0000000000
89115  -47.129  -3.725  45.547 0.0000000000
85939  -43.947  -7.192  53.594 0.0000000000
84959  -43.635  -7.611  50.707 0.0000000000
88061  -39.743  -4.148  47.832 0.0000000000
90063  -39.241  -2.764  48.121 0.0000000000
89082  -38.466  -3.744  48.678 0.0000000000
90054  -37.592  -3.084  49.659 0.0000000000
96972  -47.640  4.564  36.164 0.0000000000
95925  -48.569  3.559  35.431 0.0000000000
96973  -48.117  4.559  35.443 0.0000000000
96997  -48.966  5.067  33.816 0.0000000000
98004  -49.605  5.635  32.567 0.0000000000
98021  -50.706  6.381  31.016 0.0000000000
98975  -49.064  6.923  32.747 0.0000000000
100831  -48.711  8.484  32.560 0.0000000000
101696  -48.859  9.311  32.082 0.0000000000
98848  -45.296  6.698  48.955 0.0000000000
99820  -44.973  7.578  47.134 0.0000000000
100687  -46.062  8.213  47.335 0.0000000000
101583  -47.544  9.323  45.719 0.0000000000
101603  -49.101  9.865  44.535 0.0000000000
103367  -54.386  11.394  42.262 0.0000000000
103366  -53.215  11.422  42.364 0.0000000000
103401  -54.027  11.738  39.561 0.0000000000
104282  -53.449  12.247  37.998 0.0000000000
104306  -52.917  12.676  36.396 0.0000000000
104330  -51.894  12.716  34.646 0.0000000000
105253  -53.870  13.261  34.916 0.0000000000
105276  -54.093  13.855  32.685 0.0000000000
106199  -52.086  15.150  31.892 0.0000000000
105283  -49.348  14.189  31.898 0.0000000000
107090  -51.296  15.425  32.511 0.0000000000
107068  -50.527  15.621  34.092 0.0000000000
107047  -49.407  15.350  35.428 0.0000000000
106063  -51.310  14.532  41.957 0.0000000000
106092  -50.721  14.361  40.173 0.0000000000
106075  -49.675  14.224  41.299 0.0000000000
105199  -48.269  13.691  40.251 0.0000000000
105211  -46.347  13.774  39.474 0.0000000000
106100  -44.887  14.092  39.133 0.0000000000
105196  -45.213  13.850  40.097 0.0000000000
105178  -44.890  13.513  41.045 0.0000000000
105177  -43.795  13.703  41.007 0.0000000000
93966  -50.169  1.576  40.882 0.0000000000
94893  -50.647  1.977  39.010 0.0000000000
93981  -49.045  1.330  39.497 0.0000000000
93994  -48.653  1.725  38.447 0.0000000000
94890  -47.251  2.770  38.206 0.0000000000
94864  -45.622  2.971  40.342 0.0000000000
95876  -46.027  3.797  39.289 0.0000000000
95903  -47.042  3.730  37.630 0.0000000000
97960  -46.660  5.485  37.384 0.0000000000
99898  -46.526  7.128  37.290 0.0000000000
100798  -46.941  8.216  36.926 0.0000000000
100679  -50.660  9.247  50.082 0.0000000000
101553  -49.830  9.824  48.658 0.0000000000
101555  -51.354  10.208  49.078 0.0000000000
102420  -53.118  10.590  47.561 0.0000000000
102456  -54.500  10.766  45.750 0.0000000000
102422  -55.166  10.411  48.066 0.0000000000
102457  -55.879  10.603  45.798 0.0000000000
103343  -55.132  10.933  44.176 0.0000000000
103369  -56.444  11.547  41.952 0.0000000000
103381  -57.246  11.919  40.645 0.0000000000
105215  -56.420  13.397  39.049 0.0000000000
106124  -54.732  14.423  37.877 0.0000000000
105202  -55.142  13.816  40.329 0.0000000000
105201  -54.202  13.782  40.823 0.0000000000
106065  -52.976  14.185  41.631 0.0000000000
105131  -54.636  13.223  44.650 0.0000000000
105147  -53.069  13.963  43.159 0.0000000000
106048  -52.047  14.309  42.604 0.0000000000
105145  -51.254  14.403  43.540 0.0000000000
106029  -50.824  14.484  43.551 0.0000000000
106015  -49.981  14.402  44.872 0.0000000000
93889  -41.432  1.326  46.801 0.0000000000
96854  -41.620  3.708  45.704 0.0000000000
95786  -42.054  2.758  47.431 0.0000000000
96837  -42.811  3.603  48.217 0.0000000000
96839  -43.794  4.741  48.673 0.0000000000
93851  -44.321  0.995  50.497 0.0000000000
95773  -44.401  3.058  49.949 0.0000000000
97868  -44.653  5.308  49.253 0.0000000000
98842  -45.798  6.245  49.788 0.0000000000
99806  -46.792  6.834  50.421 0.0000000000
99808  -48.524  7.405  51.105 0.0000000000
96797  -46.706  4.325  53.552 0.0000000000
96800  -48.109  4.725  53.214 0.0000000000
98832  -48.780  6.048  52.274 0.0000000000
99801  -49.560  6.965  51.880 0.0000000000
99802  -50.698  7.370  52.253 0.0000000000
100654  -52.104  7.857  52.594 0.0000000000
100647  -53.060  8.062  53.765 0.0000000000
96910  -53.781  5.279  41.058 0.0000000000
95838  -51.815  3.530  42.012 0.0000000000
95804  -53.284  4.096  45.830 0.0000000000
96868  -53.327  4.363  44.480 0.0000000000
95828  -52.489  3.984  43.267 0.0000000000
94841  -51.216  2.997  42.646 0.0000000000
94866  -50.711  2.285  41.266 0.0000000000
93952  -49.544  1.243  41.578 0.0000000000
93064  -48.150  0.464  41.926 0.0000000000
93052  -46.687  0.298  42.380 0.0000000000
92087  -48.010  -0.360  44.448 0.0000000000
92106  -47.021  -0.317  43.295 0.0000000000
93051  -45.745  0.410  42.567 0.0000000000
93035  -44.391  0.586  42.749 0.0000000000
86941  -48.697  -5.066  54.290 0.0000000000
85941  -45.766  -6.417  53.090 0.0000000000
86956  -47.297  -5.979  52.918 0.0000000000
86968  -49.240  -5.429  52.283 0.0000000000
86979  -49.334  -5.245  51.178 0.0000000000
88034  -49.609  -4.760  50.217 0.0000000000
88056  -49.706  -4.117  48.854 0.0000000000
88066  -48.919  -4.256  47.884 0.0000000000
88078  -47.527  -4.321  46.403 0.0000000000
88086  -45.478  -4.296  45.592 0.0000000000
93014  -41.586  0.420  45.463 0.0000000000
93007  -41.374  0.396  46.390 0.0000000000
92997  -40.876  0.148  48.000 0.0000000000
92030  -40.718  -0.590  49.869 0.0000000000
92012  -40.889  -0.807  51.561 0.0000000000
94045  -53.774  1.709  33.585 0.0000000000
94054  -54.328  2.599  32.624 0.0000000000
94965  -53.944  2.994  31.565 0.0000000000
94894  -51.422  2.560  38.325 0.0000000000
95904  -52.243  3.542  36.764 0.0000000000
94938  -50.685  3.015  34.689 0.0000000000
95940  -52.150  3.837  34.230 0.0000000000
95941  -53.086  4.526  33.968 0.0000000000
97001  -53.396  4.807  32.955 0.0000000000
97024  -53.686  4.557  31.960 0.0000000000
95987  -53.037  3.465  31.169 0.0000000000
95986  -52.607  3.953  30.880 0.0000000000
95985  -51.571  3.892  30.350 0.0000000000
97032  -50.317  5.045  29.554 0.0000000000
98992  -51.043  7.271  30.263 0.0000000000
98040  -50.743  6.247  29.127 0.0000000000
98030  -49.748  5.461  29.470 0.0000000000
98029  -49.028  5.969  29.743 0.0000000000
98991  -48.420  6.918  29.424 0.0000000000
99949  -47.364  7.337  30.247 0.0000000000
97882  -42.301  5.206  45.106 0.0000000000
98881  -43.092  6.114  43.790 0.0000000000
99855  -44.412  7.393  43.007 0.0000000000
99824  -44.973  7.826  45.708 0.0000000000
99846  -44.998  7.930  43.488 0.0000000000
99864  -45.169  7.574  41.660 0.0000000000
100762  -46.303  8.530  40.550 0.0000000000
100783  -46.663  8.621  38.905 0.0000000000
101655  -47.872  9.663  37.743 0.0000000000
102417  -50.147  10.520  47.418 0.0000000000
102468  -50.249  10.646  44.670 0.0000000000
102485  -49.656  10.180  43.156 0.0000000000
103376  -52.363  11.356  41.526 0.0000000000
102494  -50.536  10.490  41.588 0.0000000000
102493  -49.416  10.010  41.956 0.0000000000
102511  -48.767  10.134  39.806 0.0000000000
102520  -48.739  10.314  38.539 0.0000000000
101663  -48.128  9.626  36.575 0.0000000000
102543  -48.714  10.137  34.967 0.0000000000
102569  -49.679  10.599  31.327 0.0000000000
104341  -51.032  12.352  33.443 0.0000000000
103474  -50.610  11.653  31.182 0.0000000000
102578  -49.774  10.665  30.345 0.0000000000
102591  -49.325  10.843  29.060 0.0000000000
101720  -47.739  9.653  29.423 0.0000000000
104352  -48.342  13.113  32.092 0.0000000000
106138  -52.894  14.623  37.121 0.0000000000
106151  -51.100  15.080  36.468 0.0000000000
106149  -49.042  15.143  35.992 0.0000000000
106119  -48.918  14.348  38.185 0.0000000000
106134  -48.226  14.741  37.088 0.0000000000
106147  -47.221  14.265  36.534 0.0000000000
104291  -46.462  12.926  36.717 0.0000000000
102527  -45.500  10.753  37.088 0.0000000000
101661  -43.862  9.701  36.632 0.0000000000
104269  -43.966  13.369  39.406 0.0000000000
102509  -43.457  11.080  39.930 0.0000000000
106014  -49.079  14.952  45.400 0.0000000000
106026  -48.104  15.047  44.468 0.0000000000
106042  -46.182  14.149  43.848 0.0000000000
105141  -45.421  13.499  43.171 0.0000000000
105159  -43.624  13.680  42.072 0.0000000000
94812  -41.686  2.213  44.517 0.0000000000
94824  -41.922  2.584  44.023 0.0000000000
95824  -41.730  2.851  44.338 0.0000000000
90075  -51.253  -1.936  48.160 0.0000000000
90074  -50.579  -2.403  47.875 0.0000000000
85980  -37.762  -6.592  49.661 0.0000000000
95864  -52.034  3.308  39.948 0.0000000000
94881  -51.423  2.602  39.494 0.0000000000
99916  -47.313  7.452  35.589 0.0000000000
100814  -47.559  7.950  35.335 0.0000000000
100807  -47.746  8.859  35.582 0.0000000000
100684  -48.098  9.010  48.760 0.0000000000
100685  -48.679  9.045  48.953 0.0000000000
106126  -56.093  13.674  37.208 0.0000000000
105233  -55.990  13.330  36.942 0.0000000000
106156  -55.802  13.745  36.433 0.0000000000
106168  -55.509  13.846  35.886 0.0000000000
106155  -55.506  14.149  36.217 0.0000000000
106154  -54.695  14.462  36.120 0.0000000000
106060  -48.648  14.086  42.680 0.0000000000
105144  -48.160  13.901  42.886 0.0000000000
93949  -46.304  1.299  41.285 0.0000000000
98903  -44.645  5.848  40.886 0.0000000000
97928  -44.830  5.358  40.594 0.0000000000
98904  -44.930  6.332  40.491 0.0000000000
98911  -45.414  6.333  39.676 0.0000000000
99871  -45.227  7.246  40.858 0.0000000000
100664  -53.641  9.366  51.772 0.0000000000
101536  -53.158  9.731  50.761 0.0000000000
101537  -54.018  9.765  50.899 0.0000000000
104225  -57.137  11.569  46.028 0.0000000000
103331  -57.669  11.105  45.365 0.0000000000
104239  -57.049  11.933  43.667 0.0000000000
104232  -56.460  12.405  44.362 0.0000000000
105096  -51.845  13.552  47.061 0.0000000000
105106  -51.653  13.670  46.024 0.0000000000
94963  -49.823  2.952  30.792 0.0000000000
95970  -49.113  3.775  30.970 0.0000000000
95982  -49.457  4.224  30.462 0.0000000000
92032  -42.326  -0.250  50.478 0.0000000000
92971  -42.866  -0.074  50.446 0.0000000000
94746  -45.677  2.317  53.043 0.0000000000
94759  -45.785  2.178  52.429 0.0000000000
94760  -46.260  2.756  52.816 0.0000000000
95765  -46.681  3.372  52.343 0.0000000000
94747  -46.282  3.066  53.278 0.0000000000
98790  -50.575  6.815  54.828 0.0000000000
97892  -55.595  5.051  43.818 0.0000000000
97911  -54.601  5.357  43.296 0.0000000000
97901  -54.686  5.238  44.093 0.0000000000
93909  -49.731  1.312  44.160 0.0000000000
90091  -46.478  -3.105  44.927 0.0000000000
90101  -46.613  -2.287  44.355 0.0000000000
90099  -44.684  -2.478  44.312 0.0000000000
85917  -44.345  -6.363  54.600 0.0000000000
85973  -45.718  -6.856  50.600 0.0000000000
85975  -47.053  -5.985  50.026 0.0000000000
85989  -46.570  -6.406  49.362 0.0000000000
86002  -46.901  -6.076  48.467 0.0000000000
86001  -46.006  -6.581  48.567 0.0000000000
89101  -40.627  -2.877  46.715 0.0000000000
90072  -40.292  -2.404  47.034 0.0000000000
90071  -39.734  -2.621  47.520 0.0000000000
96988  -54.329  4.893  34.068 0.0000000000
94904  -48.254  2.382  37.209 0.0000000000
94915  -48.646  2.722  36.405 0.0000000000
97011  -50.129  5.225  32.415 0.0000000000
96999  -50.607  4.314  32.979 0.0000000000
97012  -50.986  4.899  32.172 0.0000000000
97013  -52.290  5.145  32.099 0.0000000000
97022  -51.685  5.467  31.619 0.0000000000
101715  -49.456  9.399  30.552 0.0000000000
100850  -49.662  8.724  30.307 0.0000000000
101716  -49.605  9.776  29.873 0.0000000000
98850  -43.585  6.230  47.521 0.0000000000
99819  -44.291  7.117  47.051 0.0000000000
101611  -48.423  9.551  43.282 0.0000000000
101619  -48.426  9.558  42.253 0.0000000000
101628  -48.060  9.551  41.301 0.0000000000
103329  -53.534  11.079  44.977 0.0000000000
103354  -52.969  11.285  43.279 0.0000000000
103425  -51.718  11.963  37.789 0.0000000000
103424  -51.166  11.978  37.176 0.0000000000
103411  -50.542  11.496  37.742 0.0000000000
103432  -50.704  11.918  36.132 0.0000000000
104318  -51.181  12.383  35.377 0.0000000000
106219  -50.847  13.743  30.423 0.0000000000
105304  -49.889  13.390  30.004 0.0000000000
104371  -48.697  12.434  29.806 0.0000000000
105303  -48.998  13.351  30.536 0.0000000000
104362  -47.691  12.237  30.732 0.0000000000
105251  -48.218  14.241  34.931 0.0000000000
105260  -48.073  13.615  34.745 0.0000000000
104303  -47.455  13.382  35.681 0.0000000000
106078  -52.423  14.390  40.916 0.0000000000
106093  -51.741  14.405  40.094 0.0000000000
106102  -46.333  14.086  38.694 0.0000000000
106117  -46.519  14.456  38.038 0.0000000000
106116  -45.748  14.202  38.341 0.0000000000
105231  -45.688  13.799  37.822 0.0000000000
105194  -42.949  14.134  40.161 0.0000000000
94837  -44.042  2.471  42.449 0.0000000000
96878  -43.144  4.366  43.068 0.0000000000
95836  -43.669  3.473  42.468 0.0000000000
97909  -43.885  5.364  42.217 0.0000000000
97900  -43.390  5.285  42.990 0.0000000000
102392  -56.210  9.919  51.035 0.0000000000
103298  -56.527  11.436  49.694 0.0000000000
104206  -56.658  11.153  47.585 0.0000000000
104205  -56.154  11.534  47.901 0.0000000000
104193  -55.225  12.221  48.575 0.0000000000
105083  -54.612  13.103  50.055 0.0000000000
105088  -54.402  12.750  49.191 0.0000000000
105087  -53.559  13.021  48.860 0.0000000000
94071  -51.453  1.659  30.736 0.0000000000
92950  -40.982  0.242  52.688 0.0000000000
93829  -41.282  1.221  52.679 0.0000000000
92063  -50.672  -0.024  46.629 0.0000000000
92062  -50.046  -0.372  46.342 0.0000000000
92061  -49.560  -0.327  45.754 0.0000000000
89106  -49.021  -3.050  46.926 0.0000000000
90081  -48.971  -2.445  46.334 0.0000000000
89116  -47.867  -3.185  45.745 0.0000000000
89104  -47.745  -3.685  46.025 0.0000000000
85996  -40.933  -6.256  48.470 0.0000000000
87016  -40.474  -5.506  48.088 0.0000000000
87028  -40.209  -4.835  47.775 0.0000000000
87015  -39.605  -5.226  48.217 0.0000000000
88052  -38.948  -4.474  48.357 0.0000000000
89076  -37.037  -3.744  49.873 0.0000000000
97975  -47.301  5.370  36.389 0.0000000000
97986  -47.729  5.373  35.688 0.0000000000
97996  -48.602  5.616  34.199 0.0000000000
98003  -49.069  5.600  33.390 0.0000000000
98967  -49.186  6.254  32.886 0.0000000000
99811  -45.868  6.953  49.181 0.0000000000
99816  -45.760  7.543  48.450 0.0000000000
100682  -46.348  8.273  48.229 0.0000000000
101572  -48.287  9.803  46.893 0.0000000000
101557  -47.356  9.310  47.125 0.0000000000
101584  -48.242  9.750  46.111 0.0000000000
101593  -48.543  9.700  45.191 0.0000000000
102450  -48.799  10.084  45.861 0.0000000000
103379  -55.664  11.356  41.104 0.0000000000
103378  -54.566  11.441  41.279 0.0000000000
103390  -54.786  11.540  40.297 0.0000000000
104296  -55.238  12.411  37.377 0.0000000000
104283  -54.593  12.039  38.282 0.0000000000
104295  -54.225  12.436  37.317 0.0000000000
104294  -53.228  12.481  37.222 0.0000000000
104307  -53.918  12.681  36.472 0.0000000000
105252  -53.061  12.946  35.261 0.0000000000
106188  -54.336  14.550  33.352 0.0000000000
105265  -54.577  14.054  33.515 0.0000000000
105287  -54.098  14.512  32.454 0.0000000000
105297  -53.301  14.367  31.720 0.0000000000
106200  -52.930  15.084  32.183 0.0000000000
107091  -52.193  15.486  32.694 0.0000000000
107061  -52.368  15.442  35.120 0.0000000000
107069  -51.491  15.590  34.312 0.0000000000
107059  -50.625  15.614  35.001 0.0000000000
107058  -49.615  15.541  34.830 0.0000000000
107049  -50.765  15.348  35.783 0.0000000000
106076  -50.544  14.433  41.159 0.0000000000
105181  -48.047  13.552  41.210 0.0000000000
105212  -47.272  13.738  39.233 0.0000000000
105210  -45.652  13.864  39.618 0.0000000000
105197  -46.245  13.545  40.275 0.0000000000
105162  -46.849  13.343  42.203 0.0000000000
105160  -44.619  13.427  42.114 0.0000000000
93965  -49.348  1.174  40.555 0.0000000000
93964  -48.340  1.026  40.295 0.0000000000
93980  -47.973  1.503  39.329 0.0000000000
93993  -47.639  2.034  38.588 0.0000000000
93992  -47.177  2.313  38.651 0.0000000000
95851  -44.928  3.102  41.293 0.0000000000
94852  -45.377  2.483  41.124 0.0000000000
95863  -45.054  3.640  40.844 0.0000000000
96918  -45.702  4.696  39.421 0.0000000000
96919  -46.092  4.305  38.982 0.0000000000
95888  -46.446  3.869  38.459 0.0000000000
95902  -46.650  4.229  37.854 0.0000000000
96945  -46.851  4.639  37.450 0.0000000000
96944  -46.506  4.767  38.008 0.0000000000
99891  -45.840  6.895  38.715 0.0000000000
98925  -46.355  6.330  37.662 0.0000000000
99892  -46.175  7.151  38.119 0.0000000000
100797  -46.634  7.663  37.075 0.0000000000
100790  -46.513  7.812  37.618 0.0000000000
100670  -50.948  9.006  50.679 0.0000000000
101544  -50.920  9.638  49.715 0.0000000000
101534  -51.622  9.582  50.302 0.0000000000
102405  -53.453  10.431  48.439 0.0000000000
102404  -52.468  10.528  48.285 0.0000000000
102439  -53.835  10.680  46.762 0.0000000000
102407  -55.480  10.211  48.931 0.0000000000
102423  -56.130  10.652  47.986 0.0000000000
102458  -56.950  10.536  45.528 0.0000000000
102470  -56.200  10.628  44.884 0.0000000000
102469  -55.249  10.683  45.068 0.0000000000
103356  -55.407  11.173  43.134 0.0000000000
103357  -56.516  11.248  43.039 0.0000000000
103370  -57.055  11.880  41.695 0.0000000000
104264  -57.044  12.528  40.230 0.0000000000
104274  -57.043  12.449  39.403 0.0000000000
105204  -56.754  13.014  39.689 0.0000000000
105214  -55.653  13.765  39.321 0.0000000000
105203  -56.154  13.466  40.028 0.0000000000
105184  -54.877  13.686  41.499 0.0000000000
105183  -53.814  13.827  41.592 0.0000000000
104214  -55.223  12.655  46.472 0.0000000000
105132  -55.591  12.778  44.958 0.0000000000
105119  -54.838  12.891  45.715 0.0000000000
105130  -53.460  13.541  44.366 0.0000000000
105146  -51.813  14.142  43.434 0.0000000000
105105  -50.973  13.818  45.636 0.0000000000
105128  -51.178  14.294  44.192 0.0000000000
105127  -50.527  14.299  44.527 0.0000000000
106028  -50.193  14.427  43.972 0.0000000000
97010  -48.540  4.517  31.320 0.0000000000
98019  -48.024  6.168  30.487 0.0000000000
94786  -41.740  2.144  47.167 0.0000000000
94769  -43.155  2.266  49.239 0.0000000000
94778  -42.753  2.344  48.746 0.0000000000
95778  -43.008  3.179  48.594 0.0000000000
96838  -43.295  4.111  48.534 0.0000000000
96831  -43.667  3.752  49.147 0.0000000000
92963  -44.104  -0.020  51.859 0.0000000000
92972  -43.697  0.304  50.680 0.0000000000
92964  -44.513  0.606  51.361 0.0000000000
94762  -45.095  2.458  50.488 0.0000000000
95768  -44.993  3.318  50.275 0.0000000000
96827  -44.699  3.703  49.950 0.0000000000
96828  -45.163  4.234  50.177 0.0000000000
97869  -45.145  5.330  49.856 0.0000000000
97863  -45.828  5.167  50.482 0.0000000000
97859  -47.143  4.558  51.729 0.0000000000
97865  -47.255  5.581  51.307 0.0000000000
99807  -47.501  7.123  50.743 0.0000000000
99799  -47.855  6.487  51.383 0.0000000000
97817  -47.313  5.640  54.141 0.0000000000
96796  -46.027  4.243  53.462 0.0000000000
96798  -47.190  4.454  53.598 0.0000000000
95742  -47.142  4.124  53.408 0.0000000000
96799  -47.609  4.525  53.434 0.0000000000
97848  -49.143  5.654  53.202 0.0000000000
98833  -49.449  6.166  52.571 0.0000000000
100660  -50.217  7.638  51.624 0.0000000000
99794  -51.599  7.288  53.121 0.0000000000
99795  -52.468  7.710  53.263 0.0000000000
100655  -52.905  8.424  52.707 0.0000000000
97922  -56.012  5.701  41.229 0.0000000000
96899  -53.834  5.123  42.033 0.0000000000
96898  -53.107  4.657  41.691 0.0000000000
95853  -52.458  4.091  41.353 0.0000000000
95839  -52.444  4.064  42.334 0.0000000000
95803  -52.671  3.673  45.232 0.0000000000
96856  -53.498  4.313  45.232 0.0000000000
95816  -52.612  3.831  44.174 0.0000000000
94840  -50.655  2.478  43.234 0.0000000000
94854  -50.644  2.454  42.292 0.0000000000
93953  -50.165  1.788  41.920 0.0000000000
93923  -49.007  1.114  42.872 0.0000000000
93053  -47.812  0.315  42.656 0.0000000000
92073  -48.461  -0.564  44.850 0.0000000000
92088  -48.600  -0.059  44.610 0.0000000000
91100  -46.601  -0.867  43.300 0.0000000000
92085  -46.931  -0.688  43.385 0.0000000000
92105  -46.415  -0.434  43.112 0.0000000000
93037  -46.562  -0.008  42.981 0.0000000000
92119  -45.056  0.230  42.668 0.0000000000
89070  -51.599  -3.685  50.360 0.0000000000
86940  -47.574  -5.361  54.178 0.0000000000
85950  -44.534  -7.234  52.830 0.0000000000
85940  -44.905  -6.772  53.445 0.0000000000
85951  -45.203  -6.975  52.372 0.0000000000
86967  -48.452  -5.717  52.016 0.0000000000
86957  -48.462  -5.468  53.167 0.0000000000
86980  -49.678  -5.226  51.745 0.0000000000
87007  -48.756  -5.166  49.734 0.0000000000
86994  -48.970  -5.180  50.260 0.0000000000
88045  -49.192  -4.719  49.384 0.0000000000
88046  -49.995  -4.255  49.454 0.0000000000
88055  -49.206  -4.318  48.432 0.0000000000
88054  -48.436  -4.792  48.275 0.0000000000
87035  -46.792  -5.580  47.520 0.0000000000
87036  -47.470  -5.056  47.370 0.0000000000
87049  -47.066  -5.015  46.846 0.0000000000
88088  -46.959  -4.338  45.945 0.0000000000
88076  -45.847  -4.914  46.079 0.0000000000
91063  -41.718  -1.401  45.499 0.0000000000
91064  -42.286  -1.702  45.111 0.0000000000
92082  -41.845  -0.425  45.098 0.0000000000
92072  -41.415  -0.510  45.919 0.0000000000
92060  -40.908  -0.551  46.936 0.0000000000
92047  -40.414  -0.594  47.934 0.0000000000
92048  -40.864  -0.130  47.554 0.0000000000
90062  -38.790  -3.107  48.591 0.0000000000
90056  -38.909  -2.508  48.815 0.0000000000
90047  -38.698  -2.352  49.535 0.0000000000
91011  -39.129  -1.391  51.400 0.0000000000
91019  -40.062  -1.073  50.826 0.0000000000
91012  -40.021  -1.154  51.859 0.0000000000
91000  -39.906  -0.989  52.271 0.0000000000
94038  -54.513  2.348  34.349 0.0000000000
94948  -54.727  3.224  32.960 0.0000000000
94956  -54.353  3.083  32.257 0.0000000000
94955  -54.019  2.438  32.095 0.0000000000
94966  -54.210  3.449  32.069 0.0000000000
94917  -50.697  2.526  36.345 0.0000000000
94907  -51.414  2.808  37.180 0.0000000000
95937  -49.123  3.740  34.634 0.0000000000
95926  -49.299  3.177  35.006 0.0000000000
95938  -49.899  3.451  34.230 0.0000000000
95952  -51.410  4.105  33.156 0.0000000000
95939  -51.009  3.431  33.992 0.0000000000
96987  -53.692  4.851  33.674 0.0000000000
98015  -52.966  5.177  31.684 0.0000000000
95973  -53.356  3.921  31.434 0.0000000000
97034  -52.010  5.016  30.425 0.0000000000
97033  -51.189  4.850  29.876 0.0000000000
97043  -50.913  5.631  29.513 0.0000000000
98984  -50.279  6.908  30.839 0.0000000000
98985  -50.929  6.667  30.608 0.0000000000
99971  -50.272  7.702  28.780 0.0000000000
99972  -51.042  7.448  29.111 0.0000000000
99002  -50.605  6.913  28.626 0.0000000000
97042  -50.473  5.752  29.242 0.0000000000
98039  -50.031  6.056  28.922 0.0000000000
98038  -49.497  6.492  28.897 0.0000000000
99959  -48.624  7.400  28.993 0.0000000000
99958  -47.838  7.834  29.404 0.0000000000
96849  -41.944  4.070  46.604 0.0000000000
96855  -41.906  4.482  45.558 0.0000000000
99831  -43.544  6.973  45.414 0.0000000000
98871  -43.017  6.471  44.892 0.0000000000
99844  -43.569  7.003  44.418 0.0000000000
99854  -43.771  6.899  43.414 0.0000000000
99845  -44.295  7.494  43.990 0.0000000000
100695  -45.859  8.242  46.175 0.0000000000
100707  -45.790  8.311  45.008 0.0000000000
100731  -46.391  8.587  43.266 0.0000000000
100720  -45.681  8.385  43.923 0.0000000000
100730  -45.662  8.288  42.920 0.0000000000
99856  -45.070  7.770  42.525 0.0000000000
100740  -45.656  8.180  42.001 0.0000000000
100750  -45.668  8.037  41.131 0.0000000000
100751  -46.229  8.497  41.474 0.0000000000
101637  -47.914  9.637  40.253 0.0000000000
101636  -46.983  9.194  39.617 0.0000000000
101645  -47.267  9.111  38.479 0.0000000000
102402  -50.673  10.463  48.021 0.0000000000
101561  -50.153  10.175  48.152 0.0000000000
102436  -50.669  10.655  46.555 0.0000000000
103339  -50.949  11.003  44.457 0.0000000000
103326  -50.785  10.915  45.143 0.0000000000
102478  -49.695  10.201  44.122 0.0000000000
102479  -50.439  10.613  43.714 0.0000000000
103377  -53.415  11.505  41.415 0.0000000000
103388  -52.460  11.465  40.534 0.0000000000
102503  -50.929  10.794  40.334 0.0000000000
102502  -49.662  10.383  40.676 0.0000000000
102528  -48.710  10.355  37.254 0.0000000000
102536  -48.765  10.168  36.075 0.0000000000
102537  -49.315  10.789  35.464 0.0000000000
103447  -49.797  11.367  33.757 0.0000000000
102544  -49.261  10.775  34.391 0.0000000000
103454  -49.918  11.246  32.753 0.0000000000
105274  -52.336  13.086  33.337 0.0000000000
104342  -51.658  12.790  33.776 0.0000000000
104354  -51.699  12.738  32.821 0.0000000000
104373  -50.849  12.279  30.458 0.0000000000
104364  -51.106  12.200  31.446 0.0000000000
103481  -50.475  11.675  30.564 0.0000000000
103473  -50.115  11.232  30.854 0.0000000000
102585  -49.606  10.740  29.543 0.0000000000
103487  -49.627  11.482  29.295 0.0000000000
103478  -47.983  11.463  29.484 0.0000000000
102589  -48.063  10.522  29.167 0.0000000000
100848  -47.391  8.780  29.659 0.0000000000
102583  -46.818  10.051  30.624 0.0000000000
105273  -49.136  14.317  32.672 0.0000000000
105282  -48.820  13.765  32.414 0.0000000000
103445  -46.766  11.454  33.182 0.0000000000
106109  -54.255  14.348  38.834 0.0000000000
106123  -53.599  14.551  38.038 0.0000000000
106137  -51.725  14.727  37.226 0.0000000000
106136  -50.619  14.773  37.280 0.0000000000
106150  -50.111  15.075  36.375 0.0000000000
106135  -49.476  14.766  37.180 0.0000000000
106105  -49.901  14.315  39.214 0.0000000000
105239  -46.812  13.795  36.612 0.0000000000
103410  -45.600  11.854  37.650 0.0000000000
102526  -44.652  10.208  37.433 0.0000000000
101653  -43.764  9.769  37.811 0.0000000000
101644  -43.856  10.133  38.374 0.0000000000
102517  -43.778  10.663  39.241 0.0000000000
101634  -43.399  10.357  39.462 0.0000000000
104270  -44.390  13.452  39.010 0.0000000000
103386  -43.201  12.300  40.237 0.0000000000
102500  -42.983  11.398  40.512 0.0000000000
102499  -42.449  10.918  41.049 0.0000000000
106025  -46.864  14.913  44.367 0.0000000000
106043  -47.306  14.254  43.766 0.0000000000
106041  -45.073  14.163  43.794 0.0000000000
105140  -44.363  13.728  43.024 0.0000000000
94826  -43.348  2.511  42.964 0.0000000000
94825  -42.505  2.420  43.555 0.0000000000
96877  -42.514  4.313  43.759 0.0000000000
102389  -56.492  10.998  51.372 0.0000000000
104183  -55.229  12.694  50.318 0.0000000000
105071  -54.294  13.833  50.461 0.0000000000
94740  -40.066  2.110  52.210 0.0000000000
94741  -40.671  2.065  52.368 0.0000000000
91045  -50.614  -1.315  47.327 0.0000000000
91055  -50.096  -1.321  46.803 0.0000000000
90083  -50.280  -1.865  47.221 0.0000000000
85994  -39.363  -5.960  48.750 0.0000000000
87004  -38.016  -5.576  49.183 0.0000000000
95878  -52.641  3.998  39.290 0.0000000000
98945  -47.311  6.394  35.816 0.0000000000
98946  -47.822  5.925  35.334 0.0000000000
98956  -47.528  6.949  35.253 0.0000000000
99924  -48.217  7.495  34.215 0.0000000000
101682  -48.447  9.327  34.400 0.0000000000
100675  -47.121  7.910  49.577 0.0000000000
100683  -47.026  8.379  48.859 0.0000000000
101551  -48.338  9.531  48.204 0.0000000000
101559  -48.675  9.884  47.644 0.0000000000
104273  -56.373  11.774  38.824 0.0000000000
104284  -55.677  11.997  38.030 0.0000000000
104309  -55.669  12.822  36.790 0.0000000000
104308  -54.923  12.748  36.557 0.0000000000
105255  -55.262  13.760  35.554 0.0000000000
106177  -54.572  14.250  34.321 0.0000000000
106176  -53.665  14.967  34.186 0.0000000000
107080  -53.165  15.485  33.769 0.0000000000
106165  -52.996  15.221  35.177 0.0000000000
106164  -52.290  15.337  35.440 0.0000000000
106046  -50.233  14.446  43.026 0.0000000000
106061  -49.419  14.198  42.246 0.0000000000
105164  -48.630  13.805  41.952 0.0000000000
105180  -47.087  13.298  41.221 0.0000000000
105142  -46.558  13.531  43.153 0.0000000000
93962  -46.398  1.831  40.042 0.0000000000
96907  -44.825  4.591  40.957 0.0000000000
97939  -45.672  5.606  39.314 0.0000000000
97949  -45.998  5.636  38.807 0.0000000000
98917  -45.770  6.316  39.048 0.0000000000
99883  -45.640  7.148  39.335 0.0000000000
101535  -52.368  9.720  50.421 0.0000000000
101546  -52.959  9.919  49.850 0.0000000000
102397  -53.692  10.208  49.297 0.0000000000
102406  -54.467  10.316  48.677 0.0000000000
103311  -56.777  10.918  47.427 0.0000000000
102459  -57.538  10.802  45.269 0.0000000000
102472  -57.600  10.917  44.900 0.0000000000
103345  -57.315  11.173  44.395 0.0000000000
104248  -56.962  12.245  42.501 0.0000000000
104247  -56.458  12.696  42.277 0.0000000000
104256  -56.232  12.954  41.824 0.0000000000
105108  -53.906  13.026  46.503 0.0000000000
105117  -52.577  13.575  45.232 0.0000000000
106007  -50.916  13.853  46.122 0.0000000000
92990  -42.087  0.930  48.798 0.0000000000
93880  -41.987  1.555  48.258 0.0000000000
93860  -43.122  1.570  49.382 0.0000000000
93844  -45.038  1.040  51.835 0.0000000000
93845  -45.398  1.596  52.179 0.0000000000
94763  -45.639  2.209  51.453 0.0000000000
95770  -46.221  3.223  51.482 0.0000000000
96829  -46.107  4.121  50.894 0.0000000000
96824  -46.722  4.053  51.620 0.0000000000
96825  -47.224  4.153  52.258 0.0000000000
97818  -47.557  5.624  54.230 0.0000000000
97831  -47.678  5.061  53.911 0.0000000000
97819  -48.138  5.618  54.352 0.0000000000
97833  -49.162  5.719  53.731 0.0000000000
98806  -49.858  6.189  53.945 0.0000000000
99793  -50.520  6.601  53.125 0.0000000000
98807  -50.479  6.568  54.328 0.0000000000
98808  -50.990  6.809  54.745 0.0000000000
97921  -55.378  5.620  41.808 0.0000000000
97912  -55.277  5.480  42.727 0.0000000000
96889  -53.818  5.143  42.992 0.0000000000
94802  -51.771  2.424  45.370 0.0000000000
94815  -51.479  2.704  44.358 0.0000000000
94827  -50.780  2.343  44.051 0.0000000000
93925  -50.213  1.847  43.734 0.0000000000
93040  -49.244  1.040  43.928 0.0000000000
91065  -47.742  -1.655  44.856 0.0000000000
91082  -47.710  -1.094  44.498 0.0000000000
91099  -46.039  -1.014  43.248 0.0000000000
91098  -45.029  -1.010  43.341 0.0000000000
84948  -44.890  -7.324  51.500 0.0000000000
85963  -45.571  -6.952  51.433 0.0000000000
85964  -46.259  -6.576  51.223 0.0000000000
85965  -46.985  -6.206  50.932 0.0000000000
86978  -48.445  -5.624  50.936 0.0000000000
86977  -47.718  -5.842  50.539 0.0000000000
86992  -47.757  -5.668  49.677 0.0000000000
87005  -47.750  -5.579  48.940 0.0000000000
87020  -48.058  -5.287  48.646 0.0000000000
86003  -47.374  -5.776  48.705 0.0000000000
86015  -46.771  -5.925  47.956 0.0000000000
87034  -45.826  -5.833  47.242 0.0000000000
89109  -41.740  -2.795  45.860 0.0000000000
90080  -41.426  -2.273  45.977 0.0000000000
91051  -40.555  -1.574  46.913 0.0000000000
91044  -39.888  -1.670  47.609 0.0000000000
91035  -39.734  -1.256  48.587 0.0000000000
95955  -54.869  4.045  33.325 0.0000000000
97016  -54.454  4.539  32.926 0.0000000000
94008  -49.356  1.801  37.997 0.0000000000
94928  -50.041  2.665  35.309 0.0000000000
97000  -52.806  4.831  32.561 0.0000000000
95964  -52.439  4.782  32.593 0.0000000000
98014  -52.712  5.318  31.726 0.0000000000
98024  -52.735  5.296  31.341 0.0000000000
97035  -52.788  4.945  30.921 0.0000000000
98032  -51.643  6.053  30.436 0.0000000000
100857  -48.953  8.962  28.746 0.0000000000
97879  -42.382  5.331  46.233 0.0000000000
97880  -42.824  5.914  46.551 0.0000000000
99822  -43.506  6.813  46.016 0.0000000000
100709  -47.346  9.071  45.081 0.0000000000
100722  -47.240  8.958  44.481 0.0000000000
100732  -47.127  8.893  43.560 0.0000000000
100742  -47.006  8.844  42.610 0.0000000000
100752  -46.829  8.791  41.715 0.0000000000
101618  -47.553  9.141  41.927 0.0000000000
102454  -52.104  10.749  45.837 0.0000000000
102437  -51.629  10.658  46.613 0.0000000000
103340  -51.764  11.131  44.329 0.0000000000
103353  -51.814  11.201  43.366 0.0000000000
103399  -51.701  11.464  39.509 0.0000000000
102513  -50.604  11.168  38.978 0.0000000000
102522  -50.498  11.337  38.260 0.0000000000
103431  -49.928  11.453  35.861 0.0000000000
103448  -50.408  11.904  34.118 0.0000000000
104365  -51.578  12.834  31.803 0.0000000000
105306  -51.331  12.938  30.588 0.0000000000
104372  -50.057  12.368  29.581 0.0000000000
104380  -49.254  11.990  29.258 0.0000000000
103479  -48.574  11.858  29.359 0.0000000000
102577  -46.856  10.604  30.700 0.0000000000
103472  -47.184  11.336  30.572 0.0000000000
106173  -48.882  14.757  33.598 0.0000000000
104328  -48.492  13.602  33.630 0.0000000000
103437  -47.568  12.435  34.259 0.0000000000
106107  -52.064  14.522  39.139 0.0000000000
105222  -47.631  13.994  38.664 0.0000000000
105223  -48.251  14.047  38.619 0.0000000000
105232  -46.226  13.843  37.202 0.0000000000
103409  -45.047  11.996  38.411 0.0000000000
103398  -44.460  12.370  39.123 0.0000000000
105208  -43.697  13.969  39.636 0.0000000000
104255  -42.257  12.615  40.831 0.0000000000
104261  -41.838  13.687  40.358 0.0000000000
93948  -45.546  1.881  41.540 0.0000000000
94838  -44.684  2.465  42.004 0.0000000000
95850  -44.437  3.551  41.668 0.0000000000
95849  -43.921  4.002  42.071 0.0000000000
96896  -44.067  4.505  41.886 0.0000000000
97918  -44.228  5.085  41.690 0.0000000000
97910  -44.246  5.678  41.711 0.0000000000
98889  -44.139  6.249  42.125 0.0000000000
101538  -54.747  9.673  51.054 0.0000000000
101539  -55.447  9.706  51.075 0.0000000000
103296  -56.794  10.949  50.302 0.0000000000
103299  -56.766  10.773  49.420 0.0000000000
103302  -56.602  10.808  48.482 0.0000000000
103310  -56.557  11.032  48.031 0.0000000000
104216  -56.923  11.340  47.039 0.0000000000
104224  -56.245  12.378  45.632 0.0000000000
104203  -54.238  12.769  47.208 0.0000000000
104191  -53.465  12.755  47.927 0.0000000000
105086  -52.670  13.380  48.501 0.0000000000
95983  -49.958  3.997  30.194 0.0000000000
92013  -41.799  -0.847  51.982 0.0000000000
92023  -42.725  -0.519  51.211 0.0000000000
92014  -42.721  -0.606  52.246 0.0000000000
92003  -42.787  -0.167  52.779 0.0000000000
92004  -43.364  0.051  52.756 0.0000000000
93830  -42.302  1.289  52.850 0.0000000000
93832  -43.998  1.179  53.070 0.0000000000
93009  -50.392  0.696  46.132 0.0000000000
93016  -50.306  1.054  45.622 0.0000000000
93015  -49.843  0.589  45.381 0.0000000000
91067  -49.075  -0.790  45.609 0.0000000000
91053  -48.800  -1.896  45.864 0.0000000000
91066  -48.406  -1.315  45.295 0.0000000000
90092  -47.539  -2.473  45.073 0.0000000000
84914  -43.358  -7.538  53.183 0.0000000000
84932  -43.858  -7.564  52.497 0.0000000000
84947  -44.136  -7.558  51.529 0.0000000000
84946  -43.291  -7.696  51.589 0.0000000000
84960  -44.477  -7.458  50.741 0.0000000000
89091  -39.599  -3.307  47.737 0.0000000000
89083  -39.138  -3.596  48.226 0.0000000000
88051  -38.219  -4.615  48.887 0.0000000000
89077  -37.807  -3.781  49.247 0.0000000000
95912  -47.615  3.691  36.694 0.0000000000
95913  -48.132  3.372  36.246 0.0000000000
95924  -47.919  3.908  35.938 0.0000000000
96985  -48.785  4.567  34.487 0.0000000000
97987  -48.193  5.428  35.009 0.0000000000
98012  -50.354  5.815  31.604 0.0000000000
98976  -49.569  6.593  31.977 0.0000000000
99941  -49.641  7.210  31.364 0.0000000000
99933  -48.665  7.572  33.144 0.0000000000
99940  -49.093  7.616  31.853 0.0000000000
100840  -49.112  8.616  31.336 0.0000000000
101706  -49.229  9.389  31.227 0.0000000000
98852  -44.974  6.965  48.172 0.0000000000
100696  -46.563  8.776  46.518 0.0000000000
100688  -46.863  8.948  47.594 0.0000000000
101570  -47.129  9.203  46.603 0.0000000000
101582  -46.961  9.058  46.049 0.0000000000
101592  -47.824  9.320  44.747 0.0000000000
101602  -48.464  9.592  44.205 0.0000000000
101612  -49.097  9.798  43.686 0.0000000000
103355  -54.162  11.247  43.223 0.0000000000
103389  -53.668  11.590  40.452 0.0000000000
103415  -54.292  11.838  38.971 0.0000000000
103414  -53.595  11.872  38.789 0.0000000000
104281  -52.792  12.285  37.745 0.0000000000
104293  -52.203  12.347  37.270 0.0000000000
104305  -52.087  12.502  36.358 0.0000000000
104319  -51.924  12.532  35.584 0.0000000000
104320  -52.563  12.696  35.756 0.0000000000
105263  -52.906  13.082  34.239 0.0000000000
105275  -53.197  13.505  32.995 0.0000000000
105264  -53.966  13.696  33.833 0.0000000000
105285  -53.179  13.778  31.949 0.0000000000
106210  -52.052  14.462  31.361 0.0000000000
106209  -51.138  14.225  30.818 0.0000000000
106197  -50.178  14.438  31.358 0.0000000000
106198  -50.964  15.045  31.795 0.0000000000
106186  -50.446  15.235  32.487 0.0000000000
106185  -49.690  14.945  32.679 0.0000000000
107079  -52.307  15.576  33.589 0.0000000000
107077  -50.416  15.500  33.083 0.0000000000
107076  -49.753  15.343  33.365 0.0000000000
106163  -49.304  15.368  34.352 0.0000000000
106162  -48.724  14.978  34.841 0.0000000000
107057  -49.171  15.277  35.284 0.0000000000
106091  -49.673  14.250  40.251 0.0000000000
106090  -48.843  14.002  39.939 0.0000000000
105200  -49.091  14.008  40.621 0.0000000000
105213  -48.223  13.793  39.281 0.0000000000
106101  -45.551  14.066  39.023 0.0000000000
106115  -45.221  14.028  38.791 0.0000000000
106089  -45.138  14.037  39.424 0.0000000000
106088  -44.682  14.074  39.516 0.0000000000
94880  -50.732  2.096  40.173 0.0000000000
93982  -50.006  1.511  39.787 0.0000000000
94892  -48.561  1.988  37.746 0.0000000000
94891  -47.944  2.208  37.894 0.0000000000
94903  -47.599  2.891  37.359 0.0000000000
94865  -46.083  2.536  39.877 0.0000000000
95875  -45.568  3.811  39.973 0.0000000000
94877  -45.928  3.201  39.721 0.0000000000
94878  -46.410  2.895  39.145 0.0000000000
94889  -46.771  3.083  38.540 0.0000000000
95889  -46.874  3.353  38.209 0.0000000000
96959  -47.269  4.526  36.897 0.0000000000
97961  -47.071  5.147  37.008 0.0000000000
97974  -46.999  5.669  36.790 0.0000000000
97950  -46.291  5.558  38.172 0.0000000000
98934  -46.770  6.387  36.739 0.0000000000
99906  -46.731  7.336  36.577 0.0000000000
99907  -46.997  7.752  36.143 0.0000000000
100678  -50.149  9.112  49.896 0.0000000000
101542  -49.609  9.368  49.196 0.0000000000
101543  -50.210  9.623  49.245 0.0000000000
101554  -50.635  10.095  48.743 0.0000000000
102403  -51.448  10.540  48.287 0.0000000000
101545  -51.969  10.053  49.648 0.0000000000
102419  -52.068  10.639  47.465 0.0000000000
102438  -52.654  10.697  46.677 0.0000000000
102455  -53.184  10.851  45.845 0.0000000000
102398  -54.664  9.990  49.562 0.0000000000
102440  -55.274  10.553  46.970 0.0000000000
103330  -54.461  10.945  44.819 0.0000000000
103368  -55.536  11.314  42.118 0.0000000000
103380  -56.599  11.536  40.902 0.0000000000
103392  -56.717  11.675  39.957 0.0000000000
103417  -57.057  12.006  38.894 0.0000000000
105216  -56.801  12.847  38.886 0.0000000000
106125  -55.796  14.012  37.685 0.0000000000
106140  -55.195  14.340  36.952 0.0000000000
106110  -55.223  14.060  38.604 0.0000000000
106096  -54.841  14.027  39.406 0.0000000000
105185  -56.045  13.407  41.184 0.0000000000
106095  -53.960  14.170  39.911 0.0000000000
106079  -53.350  14.124  40.829 0.0000000000
105148  -54.474  13.563  43.517 0.0000000000
105165  -53.369  13.998  42.248 0.0000000000
106049  -52.732  14.197  42.302 0.0000000000
106064  -52.181  14.459  41.769 0.0000000000
106047  -51.146  14.479  42.912 0.0000000000
106027  -49.181  14.603  44.243 0.0000000000
94794  -41.590  2.158  46.268 0.0000000000
95795  -41.826  2.994  46.681 0.0000000000
95796  -42.153  3.387  47.283 0.0000000000
94787  -42.105  2.125  48.041 0.0000000000
95787  -42.453  3.078  48.021 0.0000000000
96842  -42.512  4.008  47.690 0.0000000000
96843  -42.887  4.802  47.775 0.0000000000
97873  -43.484  5.287  48.115 0.0000000000
97874  -44.164  5.274  48.662 0.0000000000
93861  -43.942  1.301  49.985 0.0000000000
93852  -44.920  1.351  50.866 0.0000000000
94771  -44.476  1.950  50.135 0.0000000000
95772  -43.869  3.342  49.447 0.0000000000
96832  -44.220  4.245  49.380 0.0000000000
98847  -44.623  6.154  48.607 0.0000000000
98841  -45.099  5.959  49.287 0.0000000000
98843  -46.441  6.507  50.261 0.0000000000
99812  -46.578  7.316  49.595 0.0000000000
99813  -47.203  7.674  49.975 0.0000000000
100667  -48.114  7.686  50.559 0.0000000000
100668  -48.690  8.018  50.535 0.0000000000
95741  -46.748  3.696  53.378 0.0000000000
95752  -47.201  3.911  53.217 0.0000000000
97846  -48.076  4.792  52.748 0.0000000000
97847  -48.557  5.225  52.917 0.0000000000
97861  -48.263  5.596  52.290 0.0000000000
99800  -48.384  6.669  51.526 0.0000000000
99809  -49.100  7.707  51.153 0.0000000000
100669  -49.764  8.233  50.916 0.0000000000
100661  -50.829  8.064  51.549 0.0000000000
99803  -51.434  7.780  52.244 0.0000000000
100662  -51.891  8.487  51.747 0.0000000000
100656  -53.932  8.993  52.329 0.0000000000
100629  -53.554  8.544  54.282 0.0000000000
97930  -54.617  5.511  41.429 0.0000000000
96909  -53.137  4.686  40.694 0.0000000000
95852  -51.882  3.465  40.997 0.0000000000
96879  -53.215  4.476  43.579 0.0000000000
95815  -51.976  3.316  43.816 0.0000000000
95827  -51.798  3.530  42.964 0.0000000000
94855  -51.288  2.899  41.662 0.0000000000
93939  -49.582  1.395  42.503 0.0000000000
93938  -49.033  0.962  42.176 0.0000000000
93063  -47.305  0.413  41.840 0.0000000000
93937  -45.968  0.831  42.054 0.0000000000
93023  -48.226  0.230  44.146 0.0000000000
92086  -47.392  -0.492  43.865 0.0000000000
93022  -47.724  -0.043  44.058 0.0000000000
93038  -47.508  0.081  43.419 0.0000000000
93050  -44.842  0.827  42.485 0.0000000000
93049  -44.262  1.103  42.676 0.0000000000
93034  -43.746  0.731  43.031 0.0000000000
93921  -42.477  1.431  43.742 0.0000000000
93907  -41.584  1.318  44.979 0.0000000000
89086  -50.843  -3.146  49.010 0.0000000000
87989  -48.878  -4.883  54.958 0.0000000000
87990  -49.499  -4.787  54.633 0.0000000000
88003  -49.627  -5.056  53.850 0.0000000000
85919  -45.938  -6.046  53.648 0.0000000000
86955  -46.353  -6.087  53.320 0.0000000000
85952  -46.040  -6.622  52.129 0.0000000000
85942  -46.460  -6.279  52.678 0.0000000000
86958  -49.438  -5.219  53.273 0.0000000000
86959  -50.015  -5.123  52.803 0.0000000000
88013  -50.444  -4.903  52.223 0.0000000000
88023  -50.183  -4.866  51.269 0.0000000000
88022  -49.858  -4.821  50.726 0.0000000000
88036  -50.854  -4.362  50.584 0.0000000000
89069  -50.978  -3.990  49.965 0.0000000000
89078  -50.617  -3.767  49.469 0.0000000000
89085  -50.293  -3.450  48.692 0.0000000000
89096  -49.988  -3.214  48.012 0.0000000000
89095  -49.341  -3.531  47.607 0.0000000000
89094  -48.790  -3.536  47.106 0.0000000000
88053  -47.960  -4.803  47.663 0.0000000000
88064  -47.866  -4.577  47.078 0.0000000000
88079  -48.107  -4.178  46.793 0.0000000000
89114  -46.090  -3.806  45.210 0.0000000000
87033  -44.859  -5.996  47.064 0.0000000000
87047  -45.335  -5.430  46.569 0.0000000000
87046  -44.356  -5.397  46.484 0.0000000000
88075  -44.896  -4.867  45.983 0.0000000000
89113  -45.196  -3.540  45.154 0.0000000000
93020  -41.924  0.473  44.674 0.0000000000
93896  -41.472  1.303  45.850 0.0000000000
92998  -41.174  0.485  47.405 0.0000000000
92989  -41.485  0.658  48.530 0.0000000000
92979  -41.270  0.074  49.373 0.0000000000
92031  -41.627  -0.309  50.166 0.0000000000
91034  -39.292  -1.994  48.305 0.0000000000
92021  -41.018  -0.667  50.736 0.0000000000
92001  -40.635  -0.655  52.346 0.0000000000
92949  -39.896  0.159  52.627 0.0000000000
92948  -38.931  0.132  52.490 0.0000000000
93827  -39.214  0.932  52.335 0.0000000000
93843  -39.332  1.562  52.212 0.0000000000
93159  -53.463  0.981  32.958 0.0000000000
94046  -54.451  2.487  33.328 0.0000000000
94053  -53.889  1.822  32.591 0.0000000000
93168  -53.544  0.963  32.161 0.0000000000
94064  -53.517  1.707  31.571 0.0000000000
94073  -53.314  2.472  31.224 0.0000000000
94927  -49.169  2.796  35.662 0.0000000000
94940  -51.968  3.444  34.902 0.0000000000
95928  -53.070  4.246  34.867 0.0000000000
97002  -54.127  4.867  33.289 0.0000000000
97015  -53.894  4.799  32.578 0.0000000000
95974  -54.031  3.886  31.951 0.0000000000
94976  -53.358  3.129  31.237 0.0000000000
94975  -52.839  2.910  31.041 0.0000000000
95984  -50.692  3.975  30.068 0.0000000000
98993  -51.368  6.782  30.282 0.0000000000
98994  -51.423  6.744  29.794 0.0000000000
99961  -51.246  7.376  29.777 0.0000000000
99973  -51.293  7.139  29.526 0.0000000000
98041  -51.313  6.220  29.602 0.0000000000
97031  -49.587  4.898  29.973 0.0000000000
99000  -49.074  6.940  28.874 0.0000000000
98028  -48.332  6.510  29.935 0.0000000000
98990  -47.842  6.918  30.037 0.0000000000
96866  -41.746  3.901  45.072 0.0000000000
96867  -42.071  4.327  44.608 0.0000000000
97889  -42.491  5.081  44.260 0.0000000000
98860  -42.678  5.937  45.449 0.0000000000
98870  -42.685  5.766  44.579 0.0000000000
98880  -42.736  5.563  44.035 0.0000000000
99862  -44.055  6.806  42.658 0.0000000000
99863  -44.571  7.056  42.079 0.0000000000
99833  -44.971  7.958  44.543 0.0000000000
99870  -44.814  7.040  41.358 0.0000000000
100761  -45.668  7.819  40.300 0.0000000000
100773  -46.103  8.102  39.483 0.0000000000
101626  -46.676  8.957  40.214 0.0000000000
100774  -46.558  8.679  39.459 0.0000000000
100791  -46.862  8.440  37.995 0.0000000000
101654  -47.356  8.865  37.592 0.0000000000
101662  -47.610  8.964  36.804 0.0000000000
101560  -49.508  10.037  47.945 0.0000000000
102416  -49.289  10.344  47.160 0.0000000000
102452  -50.192  10.669  45.628 0.0000000000
102451  -49.387  10.377  45.777 0.0000000000
102467  -49.524  10.282  45.001 0.0000000000
103365  -52.127  11.275  42.416 0.0000000000
102487  -51.209  10.851  42.443 0.0000000000
102504  -51.748  11.158  40.853 0.0000000000
102495  -51.474  10.953  41.522 0.0000000000
102486  -50.376  10.476  42.664 0.0000000000
102501  -48.725  9.980  40.940 0.0000000000
101672  -47.755  9.087  36.063 0.0000000000
101673  -48.172  9.396  35.514 0.0000000000
102553  -48.808  10.137  33.906 0.0000000000
101697  -49.275  9.951  31.743 0.0000000000
104329  -51.009  12.495  34.422 0.0000000000
104353  -51.075  12.272  32.447 0.0000000000
103464  -50.598  11.671  32.121 0.0000000000
103463  -50.128  11.105  31.783 0.0000000000
101721  -48.530  9.776  28.908 0.0000000000
102590  -48.783  10.603  28.932 0.0000000000
100856  -48.133  8.900  28.975 0.0000000000
105292  -48.855  13.582  31.456 0.0000000000
104351  -47.782  12.411  31.781 0.0000000000
104339  -48.032  12.549  32.834 0.0000000000
103453  -47.369  11.843  32.514 0.0000000000
106139  -54.118  14.564  37.050 0.0000000000
106152  -52.180  15.118  36.128 0.0000000000
106122  -52.440  14.506  38.141 0.0000000000
107048  -49.877  15.450  35.588 0.0000000000
106148  -47.856  14.619  36.076 0.0000000000
105240  -47.348  13.854  36.100 0.0000000000
103422  -46.618  12.282  36.301 0.0000000000
103429  -46.214  11.173  35.988 0.0000000000
103421  -46.222  11.685  36.689 0.0000000000
102534  -45.723  10.586  36.023 0.0000000000
102533  -44.776  10.098  36.351 0.0000000000
105220  -44.757  13.850  38.872 0.0000000000
103397  -43.799  12.348  39.703 0.0000000000
102491  -41.963  11.285  41.558 0.0000000000
105989  -52.000  14.244  48.552 0.0000000000
106013  -48.387  15.357  45.160 0.0000000000
86014  -46.306  -6.126  47.890 0.0000000000
86925  -48.568  -4.923  55.069 0.0000000000
86942  -49.293  -5.049  54.012 0.0000000000
86969  -49.863  -5.203  52.265 0.0000000000
87006  -48.429  -5.234  49.190 0.0000000000
87018  -47.033  -5.798  48.007 0.0000000000
87050  -47.497  -4.766  46.926 0.0000000000
88035  -50.310  -4.431  50.225 0.0000000000
88065  -48.504  -4.174  47.340 0.0000000000
88077  -46.684  -4.740  46.275 0.0000000000
88087  -46.384  -4.372  45.706 0.0000000000
89067  -36.222  -3.642  50.517 0.0000000000
89084  -49.711  -3.726  48.328 0.0000000000
89122  -44.736  -3.025  44.812 0.0000000000
90064  -50.774  -2.867  48.573 0.0000000000
90090  -45.823  -3.318  44.988 0.0000000000
92015  -43.439  -0.216  52.391 0.0000000000
92118  -44.685  0.385  42.704 0.0000000000
92952  -43.124  0.547  52.935 0.0000000000
92954  -44.592  0.543  52.151 0.0000000000
92973  -44.396  0.790  50.822 0.0000000000
92988  -40.790  -0.014  48.683 0.0000000000
93036  -46.065  -0.021  42.972 0.0000000000
93054  -48.541  0.706  42.560 0.0000000000
93065  -48.629  0.688  42.018 0.0000000000
93834  -45.424  1.817  52.654 0.0000000000
93862  -44.441  1.376  50.342 0.0000000000
93870  -41.909  1.207  48.424 0.0000000000
93978  -46.418  2.267  39.533 0.0000000000
94007  -48.921  1.832  37.876 0.0000000000
94779  -43.201  2.696  49.060 0.0000000000
94839  -45.157  2.208  41.649 0.0000000000
94879  -46.887  2.570  38.711 0.0000000000
95751  -46.743  3.367  53.063 0.0000000000
95779  -43.444  3.249  49.067 0.0000000000
95797  -52.861  3.554  46.135 0.0000000000
95801  -41.545  2.959  45.853 0.0000000000
95813  -41.536  3.151  44.896 0.0000000000
95814  -41.804  3.710  44.633 0.0000000000
95954  -53.229  4.668  33.428 0.0000000000
96810  -47.749  4.348  52.880 0.0000000000
96811  -48.168  4.703  52.969 0.0000000000
96833  -44.745  4.805  49.717 0.0000000000
96848  -41.674  3.453  46.219 0.0000000000
96897  -44.453  4.523  41.428 0.0000000000
96930  -45.884  5.195  39.063 0.0000000000
97021  -51.259  5.451  31.551 0.0000000000
97023  -53.121  4.823  31.512 0.0000000000
97025  -54.153  4.387  32.374 0.0000000000
97820  -48.777  5.803  54.260 0.0000000000
97890  -54.767  4.968  44.487 0.0000000000
97902  -55.246  5.350  43.582 0.0000000000
98031  -51.455  6.388  30.589 0.0000000000
98786  -47.121  6.169  54.213 0.0000000000
98791  -51.017  6.930  54.971 0.0000000000
98805  -46.649  5.864  53.866 0.0000000000
98823  -49.161  5.758  52.845 0.0000000000
98824  -49.723  5.998  53.240 0.0000000000
98825  -50.258  6.338  53.750 0.0000000000
98831  -48.076  6.002  51.821 0.0000000000
98836  -46.339  5.835  50.519 0.0000000000
98837  -46.922  6.160  50.847 0.0000000000
98838  -47.542  6.079  51.354 0.0000000000
98846  -43.978  5.996  48.177 0.0000000000
98854  -42.807  6.094  46.132 0.0000000000
98855  -43.273  6.495  46.603 0.0000000000
98856  -43.880  6.823  47.053 0.0000000000
98896  -44.547  6.312  41.340 0.0000000000
98944  -46.825  6.830  36.202 0.0000000000
99003  -51.137  6.813  29.214 0.0000000000
99778  -50.666  6.534  53.902 0.0000000000
99780  -52.366  7.368  54.010 0.0000000000
99884  -46.005  7.472  38.820 0.0000000000
99950  -49.336  8.088  31.228 0.0000000000
99962  -51.430  7.081  29.832 0.0000000000
100672  -52.606  9.501  50.943 0.0000000000
100763  -46.615  8.756  41.145 0.0000000000
100772  -45.670  7.569  39.789 0.0000000000
100841  -49.504  8.325  30.920 0.0000000000
101523  -54.489  9.346  52.174 0.0000000000
101528  -53.556  9.607  51.377 0.0000000000
101548  -54.698  9.762  50.370 0.0000000000
101549  -55.167  9.709  50.633 0.0000000000
101558  -47.806  9.437  47.651 0.0000000000
101571  -47.718  9.489  46.671 0.0000000000
101594  -49.084  9.941  45.017 0.0000000000
101635  -46.506  8.722  39.858 0.0000000000
101713  -46.579  9.406  30.911 0.0000000000
102393  -56.640  10.563  50.966 0.0000000000
102395  -51.976  10.458  48.907 0.0000000000
102415  -48.761  10.121  46.910 0.0000000000
102434  -49.081  10.307  46.427 0.0000000000
102435  -49.773  10.564  46.493 0.0000000000
102442  -57.399  10.753  45.822 0.0000000000
102453  -51.151  10.766  45.813 0.0000000000
102466  -49.071  10.073  45.359 0.0000000000
102471  -57.172  10.731  44.822 0.0000000000
103285  -56.642  11.178  50.979 0.0000000000
103319  -57.637  10.872  45.526 0.0000000000
103346  -57.721  11.013  44.833 0.0000000000
103352  -51.160  11.033  43.795 0.0000000000
103393  -57.233  11.984  39.714 0.0000000000
103402  -55.079  11.692  39.216 0.0000000000
103403  -56.126  11.625  39.301 0.0000000000
103404  -56.822  11.860  39.086 0.0000000000
103405  -57.130  12.074  39.150 0.0000000000
103416  -56.902  12.028  38.700 0.0000000000
103485  -48.395  11.031  29.073 0.0000000000
104202  -53.555  12.860  47.375 0.0000000000
104272  -55.869  11.736  38.667 0.0000000000
104286  -56.937  12.281  38.824 0.0000000000
104292  -51.681  12.308  36.785 0.0000000000
104297  -56.040  12.644  37.532 0.0000000000
104302  -47.027  12.881  35.972 0.0000000000
104327  -48.137  13.005  33.957 0.0000000000
104331  -52.465  12.778  35.097 0.0000000000
104340  -48.511  13.301  33.052 0.0000000000
104379  -48.838  11.973  29.292 0.0000000000
105098  -53.640  12.912  47.087 0.0000000000
105109  -54.612  12.858  46.338 0.0000000000
105115  -50.711  14.061  45.030 0.0000000000
105120  -55.560  12.677  45.536 0.0000000000
105186  -56.653  13.087  40.521 0.0000000000
105224  -55.986  13.703  38.504 0.0000000000
105225  -56.519  13.207  37.985 0.0000000000
105226  -56.749  12.632  38.509 0.0000000000
105241  -53.013  12.823  35.800 0.0000000000
105242  -53.571  12.890  35.746 0.0000000000
105250  -47.794  13.910  35.448 0.0000000000
105262  -52.171  13.015  34.010 0.0000000000
105272  -48.812  14.047  33.257 0.0000000000
105277  -54.309  14.316  32.724 0.0000000000
105286  -53.754  14.256  32.069 0.0000000000
105293  -49.577  13.884  30.891 0.0000000000
105294  -51.183  13.680  30.594 0.0000000000
105296  -52.979  14.158  31.462 0.0000000000
106142  -56.024  13.723  36.826 0.0000000000
106167  -55.101  14.122  35.390 0.0000000000
106174  -49.273  15.245  33.780 0.0000000000
106175  -53.129  15.421  34.564 0.0000000000
106201  -53.717  14.862  32.425 0.0000000000
106202  -54.225  14.717  32.756 0.0000000000
106211  -52.847  14.628  31.677 0.0000000000
106212  -53.360  14.611  31.958 0.0000000000
106218  -50.514  13.577  30.263 0.0000000000
107050  -51.402  15.282  35.931 0.0000000000
107067  -49.789  15.464  33.927 0.0000000000
107071  -53.160  15.468  34.269 0.0000000000
107078  -51.360  15.638  33.366 0.0000000000
107089  -50.777  15.330  32.452 0.0000000000
107092  -53.085  15.385  32.930 0.0000000000
