#!ascii label  , from subject A00072203 vox2ras=TkReg
332
79106  -27.426  -13.327  5.272 0.0000000000
84468  -26.053  -8.378  4.242 0.0000000000
98397  -25.530  5.423  3.320 0.0000000000
93479  -28.061  1.050  4.921 0.0000000000
90632  -29.270  -3.049  5.942 0.0000000000
84423  -31.403  -8.535  6.782 0.0000000000
100281  -24.353  7.529  3.192 0.0000000000
92582  -28.636  -0.634  4.946 0.0000000000
89645  -27.393  -3.597  3.911 0.0000000000
82354  -26.697  -10.437  4.794 0.0000000000
84448  -28.736  -8.326  5.404 0.0000000000
81283  -29.721  -10.544  6.343 0.0000000000
74964  -23.399  -17.377  6.957 0.0000000000
79104  -25.430  -13.251  4.903 0.0000000000
105563  -21.684  13.652  3.025 0.0000000000
103777  -23.585  11.803  3.670 0.0000000000
102880  -25.896  10.514  4.956 0.0000000000
101160  -26.559  8.254  4.767 0.0000000000
99300  -27.960  6.394  5.454 0.0000000000
96319  -26.652  3.614  4.167 0.0000000000
97351  -29.262  4.714  6.344 0.0000000000
94358  -30.035  1.627  7.321 0.0000000000
93439  -31.150  -0.346  7.963 0.0000000000
89589  -32.495  -3.505  8.117 0.0000000000
87613  -28.166  -5.653  4.861 0.0000000000
87580  -30.226  -5.527  6.716 0.0000000000
90656  -26.583  -2.650  2.983 0.0000000000
89659  -26.053  -3.555  2.767 0.0000000000
80200  -27.122  -12.304  5.131 0.0000000000
82356  -28.092  -10.358  5.636 0.0000000000
80202  -29.352  -12.654  5.505 0.0000000000
71773  -24.344  -20.254  11.054 0.0000000000
72822  -23.985  -18.563  10.093 0.0000000000
73863  -24.726  -18.248  9.732 0.0000000000
80212  -24.808  -11.758  4.629 0.0000000000
79102  -23.249  -13.102  5.477 0.0000000000
103759  -24.266  11.378  4.257 0.0000000000
99331  -25.207  6.685  3.340 0.0000000000
100271  -25.575  7.593  3.931 0.0000000000
99318  -26.466  6.576  4.313 0.0000000000
100257  -27.520  7.332  5.197 0.0000000000
99319  -27.134  6.229  4.897 0.0000000000
95304  -27.008  2.630  4.024 0.0000000000
96302  -27.801  3.583  5.238 0.0000000000
95285  -28.162  2.688  5.497 0.0000000000
95254  -29.909  3.416  7.031 0.0000000000
94378  -28.572  1.607  5.684 0.0000000000
91591  -28.975  -2.070  5.803 0.0000000000
92560  -29.779  -0.827  6.516 0.0000000000
91593  -30.201  -1.632  6.680 0.0000000000
91565  -31.459  -1.661  7.916 0.0000000000
89587  -30.713  -3.029  7.433 0.0000000000
85512  -24.919  -7.378  3.769 0.0000000000
86597  -26.311  -6.253  4.039 0.0000000000
85504  -26.830  -7.526  4.542 0.0000000000
84421  -30.192  -8.084  6.096 0.0000000000
86570  -29.614  -6.778  6.199 0.0000000000
86549  -30.939  -6.879  6.839 0.0000000000
87554  -31.699  -5.585  7.615 0.0000000000
85446  -32.848  -7.339  7.518 0.0000000000
74966  -25.076  -16.900  7.494 0.0000000000
75953  -24.481  -16.385  6.517 0.0000000000
75954  -25.160  -16.330  6.638 0.0000000000
78030  -25.831  -14.993  5.573 0.0000000000
93499  -26.911  0.179  3.618 0.0000000000
93501  -28.054  0.110  4.867 0.0000000000
92600  -27.801  -0.663  4.391 0.0000000000
90642  -27.915  -2.642  4.286 0.0000000000
90630  -28.198  -3.013  4.946 0.0000000000
83445  -26.674  -9.459  4.596 0.0000000000
84469  -27.071  -8.459  4.559 0.0000000000
83426  -27.559  -9.502  5.070 0.0000000000
82357  -28.945  -10.061  6.167 0.0000000000
82334  -30.610  -10.243  6.502 0.0000000000
74949  -24.464  -17.491  7.826 0.0000000000
83443  -24.732  -9.433  4.198 0.0000000000
82374  -25.150  -10.317  4.279 0.0000000000
80199  -26.023  -12.117  4.735 0.0000000000
79105  -26.416  -13.267  4.894 0.0000000000
106484  -21.948  14.667  3.293 0.0000000000
104648  -21.376  12.623  2.889 0.0000000000
104650  -23.226  12.681  3.365 0.0000000000
104637  -24.661  12.401  4.567 0.0000000000
103761  -26.050  11.578  4.932 0.0000000000
103751  -26.779  11.117  5.143 0.0000000000
101158  -25.140  8.852  4.218 0.0000000000
102011  -26.335  9.340  4.927 0.0000000000
102867  -27.930  10.108  5.177 0.0000000000
101150  -27.868  8.488  5.167 0.0000000000
100258  -28.415  7.513  5.475 0.0000000000
99302  -29.779  6.643  5.811 0.0000000000
97404  -26.365  4.457  3.975 0.0000000000
98387  -27.021  5.178  4.924 0.0000000000
98374  -28.360  5.459  5.747 0.0000000000
99289  -30.098  5.929  6.124 0.0000000000
97353  -30.582  4.768  6.911 0.0000000000
94360  -31.863  1.992  7.615 0.0000000000
93481  -29.378  0.290  5.851 0.0000000000
93459  -30.747  0.575  7.800 0.0000000000
88663  -26.269  -4.608  3.225 0.0000000000
88646  -27.425  -4.652  4.365 0.0000000000
88630  -28.530  -4.764  5.218 0.0000000000
85484  -28.351  -7.226  4.848 0.0000000000
87596  -29.032  -5.638  5.198 0.0000000000
88612  -29.901  -4.599  6.451 0.0000000000
88585  -31.152  -4.742  7.371 0.0000000000
88587  -33.208  -4.484  8.043 0.0000000000
78038  -25.060  -13.859  5.229 0.0000000000
78039  -25.684  -14.093  5.114 0.0000000000
78041  -27.617  -14.179  5.599 0.0000000000
80201  -28.219  -12.423  5.397 0.0000000000
79107  -28.517  -13.467  5.537 0.0000000000
71774  -25.301  -20.222  10.731 0.0000000000
72792  -24.469  -19.216  10.506 0.0000000000
99332  -26.074  6.055  3.700 0.0000000000
99317  -25.928  6.891  3.907 0.0000000000
93515  -27.072  0.702  3.540 0.0000000000
94412  -27.036  1.564  3.497 0.0000000000
94396  -27.532  1.731  4.408 0.0000000000
95284  -27.579  2.680  4.843 0.0000000000
94377  -27.899  1.930  5.134 0.0000000000
95266  -28.790  2.700  6.216 0.0000000000
90609  -29.199  -2.412  5.978 0.0000000000
90610  -29.815  -2.634  6.378 0.0000000000
90611  -30.505  -2.492  7.059 0.0000000000
85513  -25.525  -7.693  3.933 0.0000000000
85503  -26.191  -7.284  4.098 0.0000000000
84422  -30.668  -8.280  6.470 0.0000000000
85464  -30.402  -7.488  6.489 0.0000000000
85465  -31.192  -7.648  6.783 0.0000000000
86550  -31.546  -7.036  7.140 0.0000000000
85466  -32.048  -7.738  7.217 0.0000000000
85467  -32.907  -8.107  7.290 0.0000000000
84424  -32.352  -8.760  6.816 0.0000000000
75943  -25.349  -16.582  7.048 0.0000000000
92599  -26.921  -0.681  3.707 0.0000000000
92613  -26.537  -1.214  3.271 0.0000000000
90657  -27.293  -2.648  3.507 0.0000000000
89631  -27.818  -3.747  4.615 0.0000000000
83425  -27.008  -9.960  4.979 0.0000000000
81305  -29.081  -11.370  5.813 0.0000000000
82333  -29.806  -9.651  6.482 0.0000000000
81284  -30.398  -11.151  5.956 0.0000000000
72790  -23.084  -20.240  10.726 0.0000000000
71749  -23.255  -21.198  11.285 0.0000000000
73883  -24.641  -17.573  8.805 0.0000000000
74950  -25.170  -17.138  8.405 0.0000000000
80198  -24.998  -12.475  4.800 0.0000000000
80213  -25.350  -11.899  4.661 0.0000000000
106483  -21.189  14.489  3.522 0.0000000000
106485  -22.874  14.756  3.427 0.0000000000
105564  -22.626  13.696  3.212 0.0000000000
103776  -22.912  11.694  3.174 0.0000000000
105565  -23.707  13.651  3.603 0.0000000000
104651  -23.951  12.522  3.995 0.0000000000
105554  -24.977  13.397  4.604 0.0000000000
102879  -24.968  10.453  4.505 0.0000000000
103760  -25.216  11.457  4.728 0.0000000000
101173  -24.605  8.561  3.673 0.0000000000
101159  -25.765  8.461  4.450 0.0000000000
101997  -26.996  9.633  5.203 0.0000000000
102012  -27.083  8.867  5.076 0.0000000000
101998  -27.591  9.484  5.172 0.0000000000
100259  -29.418  7.557  5.563 0.0000000000
99301  -28.857  6.461  5.929 0.0000000000
95321  -26.366  2.545  3.395 0.0000000000
96336  -26.167  3.592  3.696 0.0000000000
97387  -26.810  4.440  4.572 0.0000000000
96303  -28.471  3.646  5.780 0.0000000000
97371  -28.056  4.513  5.528 0.0000000000
97372  -28.689  4.595  6.048 0.0000000000
98360  -28.986  5.431  6.224 0.0000000000
98361  -29.663  5.300  6.354 0.0000000000
98362  -30.355  5.270  6.431 0.0000000000
97352  -29.854  4.492  6.715 0.0000000000
95267  -29.676  2.834  6.874 0.0000000000
95255  -30.247  3.272  7.197 0.0000000000
95268  -30.499  2.586  7.351 0.0000000000
95269  -31.410  2.811  7.472 0.0000000000
94359  -31.009  1.786  7.694 0.0000000000
93480  -28.834  0.404  5.350 0.0000000000
92561  -30.544  -0.638  7.195 0.0000000000
93458  -29.673  0.357  6.738 0.0000000000
93460  -31.817  1.082  7.770 0.0000000000
93440  -31.735  0.131  8.297 0.0000000000
90586  -31.845  -2.543  8.192 0.0000000000
89590  -33.627  -3.417  8.073 0.0000000000
87627  -25.480  -5.519  3.437 0.0000000000
87612  -27.414  -5.770  4.876 0.0000000000
87611  -26.708  -5.621  4.366 0.0000000000
88647  -27.975  -5.083  4.857 0.0000000000
88629  -27.901  -4.371  4.875 0.0000000000
88648  -28.319  -5.271  4.995 0.0000000000
84471  -28.208  -8.433  5.014 0.0000000000
85505  -27.740  -7.617  4.666 0.0000000000
85506  -28.247  -7.917  4.968 0.0000000000
86547  -29.750  -6.167  6.257 0.0000000000
86569  -29.288  -6.480  5.612 0.0000000000
87579  -29.576  -5.507  5.983 0.0000000000
88611  -29.335  -4.656  5.696 0.0000000000
88613  -30.504  -4.617  7.005 0.0000000000
87581  -30.711  -5.127  7.041 0.0000000000
87555  -32.725  -5.549  7.869 0.0000000000
88586  -32.083  -4.571  7.855 0.0000000000
76958  -26.023  -15.682  6.520 0.0000000000
78031  -26.825  -14.810  6.013 0.0000000000
78040  -26.645  -14.188  5.270 0.0000000000
91634  -26.280  -1.757  2.954 0.0000000000
89660  -26.806  -3.576  3.259 0.0000000000
81303  -26.904  -11.305  4.885 0.0000000000
82355  -27.307  -10.488  5.154 0.0000000000
81304  -27.791  -11.379  5.311 0.0000000000
81306  -30.361  -12.102  5.499 0.0000000000
73882  -23.779  -18.002  8.533 0.0000000000
81318  -24.659  -11.065  4.464 0.0000000000
80211  -24.321  -11.574  4.612 0.0000000000
80197  -23.951  -12.242  4.838 0.0000000000
105562  -20.939  13.505  3.232 0.0000000000
102897  -23.561  10.719  3.531 0.0000000000
102878  -24.329  10.336  3.996 0.0000000000
100282  -25.028  7.737  3.591 0.0000000000
100272  -26.181  7.511  4.374 0.0000000000
101161  -27.168  8.047  4.993 0.0000000000
100273  -26.841  7.322  4.750 0.0000000000
96320  -27.202  3.559  4.662 0.0000000000
96282  -29.184  3.802  6.405 0.0000000000
94357  -29.223  1.653  6.572 0.0000000000
91613  -29.127  -1.248  5.775 0.0000000000
92583  -29.281  -0.594  5.767 0.0000000000
91592  -29.340  -1.615  6.098 0.0000000000
92534  -31.225  -1.001  7.594 0.0000000000
92535  -31.720  -0.825  8.156 0.0000000000
91564  -30.815  -1.640  7.353 0.0000000000
90585  -31.030  -2.478  7.693 0.0000000000
86596  -25.719  -6.649  3.747 0.0000000000
86587  -26.636  -6.554  4.563 0.0000000000
86588  -27.479  -6.749  4.725 0.0000000000
84449  -29.641  -8.228  5.798 0.0000000000
85486  -29.384  -7.439  5.793 0.0000000000
85463  -29.899  -7.703  6.072 0.0000000000
85487  -29.837  -7.214  6.321 0.0000000000
86521  -30.830  -6.270  6.882 0.0000000000
87553  -30.969  -5.641  7.045 0.0000000000
86522  -31.359  -6.334  7.210 0.0000000000
86523  -32.201  -6.597  7.559 0.0000000000
86524  -33.321  -6.546  7.712 0.0000000000
74965  -24.364  -17.215  6.802 0.0000000000
75942  -23.710  -16.590  6.619 0.0000000000
74975  -24.683  -16.688  6.720 0.0000000000
76957  -25.027  -15.650  6.129 0.0000000000
93500  -27.375  0.496  4.178 0.0000000000
91635  -26.902  -1.765  3.353 0.0000000000
91622  -27.661  -1.643  3.824 0.0000000000
91623  -28.311  -1.570  4.548 0.0000000000
90643  -28.436  -2.298  4.916 0.0000000000
90631  -28.740  -2.729  5.515 0.0000000000
83446  -27.312  -9.038  4.619 0.0000000000
84447  -28.165  -8.865  5.054 0.0000000000
83427  -28.444  -9.368  5.511 0.0000000000
83428  -29.284  -9.060  5.861 0.0000000000
83401  -30.064  -8.748  6.171 0.0000000000
83402  -30.641  -9.189  6.674 0.0000000000
83403  -31.553  -9.607  6.572 0.0000000000
71748  -22.860  -21.247  11.153 0.0000000000
73893  -23.856  -17.770  7.398 0.0000000000
84467  -25.167  -8.684  4.080 0.0000000000
83444  -25.629  -9.447  4.288 0.0000000000
82375  -25.991  -10.326  4.532 0.0000000000
81319  -25.480  -11.221  4.570 0.0000000000
81302  -26.241  -11.077  4.704 0.0000000000
107392  -21.563  15.478  3.633 0.0000000000
104647  -20.657  12.555  3.281 0.0000000000
104649  -22.307  12.677  2.997 0.0000000000
104638  -25.601  12.457  4.808 0.0000000000
104639  -26.722  12.348  4.966 0.0000000000
104631  -27.313  11.684  4.977 0.0000000000
103752  -27.452  11.088  4.950 0.0000000000
102009  -24.733  9.533  4.143 0.0000000000
102010  -25.445  9.512  4.612 0.0000000000
101174  -25.253  8.254  3.949 0.0000000000
102865  -26.651  10.184  5.185 0.0000000000
102866  -27.321  10.329  5.185 0.0000000000
102881  -27.789  10.641  4.938 0.0000000000
102882  -28.393  10.463  4.735 0.0000000000
101162  -29.326  9.336  4.725 0.0000000000
101151  -29.021  8.717  5.111 0.0000000000
97403  -25.776  4.450  3.504 0.0000000000
98398  -26.128  5.178  3.693 0.0000000000
98386  -26.553  5.446  4.311 0.0000000000
98373  -27.590  5.365  5.354 0.0000000000
97388  -27.385  4.435  5.083 0.0000000000
96264  -30.121  3.901  7.136 0.0000000000
97330  -30.637  4.261  7.230 0.0000000000
96284  -31.949  3.643  7.222 0.0000000000
95270  -32.345  2.670  7.187 0.0000000000
93457  -29.220  0.881  5.965 0.0000000000
92536  -32.540  -0.574  8.182 0.0000000000
88664  -26.960  -4.299  3.649 0.0000000000
87628  -26.247  -5.644  3.670 0.0000000000
88645  -26.788  -5.008  3.754 0.0000000000
89632  -28.277  -3.725  5.226 0.0000000000
89633  -28.992  -3.769  5.603 0.0000000000
87594  -28.014  -6.208  4.751 0.0000000000
85485  -28.758  -7.312  5.265 0.0000000000
86568  -28.714  -6.565  5.008 0.0000000000
87614  -28.543  -5.504  5.017 0.0000000000
89611  -29.693  -3.704  6.080 0.0000000000
89612  -30.384  -3.590  6.935 0.0000000000
89588  -31.281  -3.572  7.672 0.0000000000
79103  -24.370  -13.453  5.302 0.0000000000
78029  -24.729  -14.559  5.700 0.0000000000
71772  -23.470  -20.499  11.134 0.0000000000
74976  -24.896  -16.756  6.923 0.0000000000
84470  -27.786  -8.575  4.750 0.0000000000
86548  -30.220  -6.548  6.637 0.0000000000
86567  -28.197  -6.742  4.698 0.0000000000
86586  -26.262  -6.714  4.012 0.0000000000
87552  -30.569  -5.990  6.807 0.0000000000
87595  -28.508  -6.057  4.849 0.0000000000
88628  -27.714  -4.259  4.610 0.0000000000
89613  -30.807  -4.126  7.284 0.0000000000
91612  -28.866  -1.583  5.406 0.0000000000
93514  -26.712  0.513  3.060 0.0000000000
95256  -30.796  3.209  7.354 0.0000000000
95303  -26.540  3.083  3.841 0.0000000000
96265  -30.645  3.735  7.325 0.0000000000
96283  -29.716  3.683  6.843 0.0000000000
97329  -30.261  4.375  7.038 0.0000000000
97331  -30.970  4.079  7.373 0.0000000000
99288  -29.440  5.979  6.212 0.0000000000
103762  -27.883  11.208  4.626 0.0000000000
104632  -27.614  11.550  4.788 0.0000000000
