#!ascii label  , from subject A00072203 vox2ras=TkReg
1567
44699  13.476  -44.619  79.497 0.0000000000
75063  47.052  -19.345  50.969 0.0000000000
48243  32.179  -41.710  68.337 0.0000000000
53788  42.264  -36.451  69.070 0.0000000000
50400  23.513  -39.548  70.438 0.0000000000
49217  21.920  -41.067  79.940 0.0000000000
82599  56.902  -11.653  44.947 0.0000000000
80352  55.306  -13.547  52.779 0.0000000000
64680  40.045  -27.363  62.537 0.0000000000
85857  58.471  -7.875  36.269 0.0000000000
47067  31.969  -42.809  74.306 0.0000000000
48075  17.110  -41.450  79.443 0.0000000000
82544  56.383  -11.170  49.133 0.0000000000
80413  51.016  -13.391  48.260 0.0000000000
72563  47.285  -20.345  56.356 0.0000000000
77368  50.065  -16.922  56.642 0.0000000000
68974  44.392  -23.732  56.966 0.0000000000
55095  36.342  -35.215  64.079 0.0000000000
49390  38.110  -40.112  67.554 0.0000000000
48129  27.060  -41.585  74.894 0.0000000000
48070  26.951  -41.856  79.751 0.0000000000
49287  22.093  -40.185  74.655 0.0000000000
47072  18.084  -42.097  74.381 0.0000000000
48248  27.310  -41.381  68.822 0.0000000000
85747  61.243  -8.457  44.566 0.0000000000
85708  61.549  -8.710  49.952 0.0000000000
77424  50.701  -16.177  51.525 0.0000000000
66767  44.847  -26.135  62.316 0.0000000000
58717  42.031  -32.710  65.257 0.0000000000
83717  58.399  -10.829  40.522 0.0000000000
86868  61.974  -7.303  38.737 0.0000000000
88076  65.289  -6.600  34.931 0.0000000000
47014  32.315  -43.026  77.002 0.0000000000
47008  14.822  -42.894  79.038 0.0000000000
49198  16.527  -40.655  82.914 0.0000000000
48042  14.055  -42.267  83.181 0.0000000000
80435  51.419  -13.309  46.654 0.0000000000
71259  48.333  -21.543  59.102 0.0000000000
73784  50.565  -19.423  59.461 0.0000000000
42430  8.556  -46.970  82.150 0.0000000000
70187  42.750  -22.960  53.619 0.0000000000
50469  32.451  -39.604  65.097 0.0000000000
50466  34.727  -39.106  65.707 0.0000000000
49379  34.873  -40.969  67.872 0.0000000000
49316  25.754  -40.704  72.999 0.0000000000
49284  25.189  -40.938  74.909 0.0000000000
50377  22.803  -39.607  72.357 0.0000000000
49361  25.468  -40.744  69.778 0.0000000000
48180  27.611  -41.420  71.877 0.0000000000
48073  24.275  -41.349  79.493 0.0000000000
83670  58.947  -10.858  45.081 0.0000000000
84687  61.313  -9.173  46.783 0.0000000000
83650  59.209  -10.590  47.405 0.0000000000
82508  56.190  -12.138  51.404 0.0000000000
83589  59.436  -11.018  52.679 0.0000000000
76346  46.484  -17.690  49.348 0.0000000000
77448  48.325  -16.393  49.465 0.0000000000
76319  48.737  -17.919  51.415 0.0000000000
66796  39.880  -26.169  60.327 0.0000000000
66794  41.704  -26.111  60.129 0.0000000000
65717  42.287  -26.483  62.716 0.0000000000
53834  39.150  -36.235  66.587 0.0000000000
57497  39.016  -34.062  65.322 0.0000000000
56280  41.577  -34.365  67.342 0.0000000000
82627  55.096  -11.969  42.516 0.0000000000
83708  55.551  -10.733  41.080 0.0000000000
82637  57.048  -11.401  42.347 0.0000000000
84718  59.600  -9.611  42.541 0.0000000000
86952  62.736  -7.648  33.030 0.0000000000
85886  62.129  -8.449  34.753 0.0000000000
88047  63.868  -6.079  36.539 0.0000000000
84816  61.424  -9.272  36.743 0.0000000000
47157  32.080  -42.359  70.687 0.0000000000
47169  34.562  -42.194  70.060 0.0000000000
45963  34.802  -42.866  73.164 0.0000000000
49220  19.607  -40.730  80.437 0.0000000000
49171  22.032  -40.841  83.544 0.0000000000
49185  19.410  -40.436  83.464 0.0000000000
81479  54.362  -12.669  45.060 0.0000000000
82568  56.519  -11.325  47.046 0.0000000000
81466  53.439  -12.479  46.383 0.0000000000
82547  53.817  -11.984  48.905 0.0000000000
81414  53.217  -13.002  50.194 0.0000000000
73874  47.343  -19.714  53.994 0.0000000000
76304  48.889  -18.278  53.995 0.0000000000
75013  49.012  -18.240  56.798 0.0000000000
62413  38.629  -29.455  61.223 0.0000000000
57411  43.690  -34.098  70.764 0.0000000000
43511  12.030  -46.197  79.398 0.0000000000
45774  11.982  -44.319  83.518 0.0000000000
44654  10.578  -45.350  82.935 0.0000000000
72639  44.416  -20.842  51.405 0.0000000000
71327  45.019  -21.591  53.896 0.0000000000
71293  45.828  -22.206  56.906 0.0000000000
70069  46.813  -23.159  59.039 0.0000000000
53874  34.379  -36.340  63.849 0.0000000000
52701  37.108  -37.624  65.784 0.0000000000
50439  40.536  -39.090  67.896 0.0000000000
48195  37.650  -42.008  70.242 0.0000000000
48213  40.451  -41.082  70.098 0.0000000000
47017  29.502  -42.453  77.465 0.0000000000
46981  29.989  -42.786  79.946 0.0000000000
48093  27.673  -41.952  77.680 0.0000000000
49249  24.880  -41.140  77.272 0.0000000000
49253  21.697  -40.809  77.417 0.0000000000
49321  20.260  -40.684  71.959 0.0000000000
48132  19.777  -41.219  74.433 0.0000000000
49255  19.771  -40.947  77.465 0.0000000000
48110  17.682  -41.803  76.768 0.0000000000
47035  15.433  -42.927  76.880 0.0000000000
44745  13.852  -44.556  76.480 0.0000000000
49426  30.105  -40.590  65.215 0.0000000000
49414  27.795  -40.896  66.719 0.0000000000
48245  30.249  -41.737  68.409 0.0000000000
48177  29.843  -42.194  71.007 0.0000000000
47069  30.059  -42.390  74.498 0.0000000000
84670  62.613  -9.618  48.382 0.0000000000
83627  59.044  -10.153  49.477 0.0000000000
78454  48.308  -14.962  47.698 0.0000000000
79416  50.310  -14.928  50.109 0.0000000000
79387  52.924  -14.729  52.113 0.0000000000
77405  50.686  -16.891  53.624 0.0000000000
78377  52.064  -15.872  53.438 0.0000000000
66843  41.755  -25.121  57.096 0.0000000000
67854  44.870  -24.792  59.284 0.0000000000
67823  47.850  -25.062  62.001 0.0000000000
58750  39.150  -32.174  62.540 0.0000000000
61149  41.328  -30.134  63.746 0.0000000000
58665  44.390  -32.420  68.842 0.0000000000
61123  44.078  -30.515  65.982 0.0000000000
63518  42.861  -28.042  65.123 0.0000000000
66725  45.092  -25.898  65.764 0.0000000000
66736  48.329  -25.997  64.704 0.0000000000
84771  58.567  -9.967  38.068 0.0000000000
84749  60.262  -9.907  39.738 0.0000000000
86833  60.802  -7.428  41.847 0.0000000000
44706  33.975  -43.977  78.330 0.0000000000
45824  14.444  -43.342  80.124 0.0000000000
48052  14.815  -42.160  81.993 0.0000000000
46977  13.879  -43.208  81.863 0.0000000000
70050  49.305  -22.105  60.457 0.0000000000
72481  50.279  -20.816  60.163 0.0000000000
41358  6.782  -47.887  80.734 0.0000000000
49396  32.536  -40.933  66.898 0.0000000000
49408  33.924  -40.276  66.614 0.0000000000
48257  33.521  -41.314  67.664 0.0000000000
50387  24.385  -40.042  71.089 0.0000000000
49318  23.855  -39.918  72.618 0.0000000000
50389  22.869  -39.526  71.459 0.0000000000
49382  24.690  -40.253  68.652 0.0000000000
49347  24.894  -40.369  70.507 0.0000000000
49346  25.689  -40.661  70.706 0.0000000000
48061  23.205  -41.258  79.846 0.0000000000
48039  23.355  -41.393  81.760 0.0000000000
82598  57.799  -11.302  44.919 0.0000000000
83660  58.912  -10.876  46.189 0.0000000000
82583  57.525  -11.473  45.752 0.0000000000
81395  56.016  -12.632  51.848 0.0000000000
82496  57.220  -12.252  52.667 0.0000000000
75070  46.830  -18.876  50.243 0.0000000000
76331  47.737  -17.975  50.021 0.0000000000
76320  47.945  -18.338  50.899 0.0000000000
65734  38.865  -26.912  61.341 0.0000000000
65732  39.924  -26.512  61.910 0.0000000000
65731  41.251  -26.309  61.503 0.0000000000
65703  40.926  -26.676  63.066 0.0000000000
53804  40.950  -36.383  68.149 0.0000000000
56268  40.555  -35.116  67.439 0.0000000000
56255  41.827  -35.207  68.483 0.0000000000
81492  56.102  -12.043  43.859 0.0000000000
82638  56.243  -11.634  42.277 0.0000000000
82612  56.649  -11.679  43.862 0.0000000000
83678  58.218  -10.832  43.831 0.0000000000
85888  60.710  -7.969  34.551 0.0000000000
85874  60.386  -8.404  35.355 0.0000000000
84832  61.789  -9.087  36.272 0.0000000000
85855  60.066  -8.824  36.123 0.0000000000
47112  31.812  -42.691  72.420 0.0000000000
47134  33.269  -42.670  71.629 0.0000000000
47089  33.200  -43.055  73.299 0.0000000000
49233  17.896  -41.139  79.782 0.0000000000
49207  19.553  -40.602  81.416 0.0000000000
49222  17.813  -40.873  80.833 0.0000000000
50312  16.078  -39.974  85.145 0.0000000000
50310  17.737  -39.928  84.837 0.0000000000
80459  52.818  -13.277  44.765 0.0000000000
81480  53.426  -12.878  45.417 0.0000000000
80447  52.704  -13.205  45.357 0.0000000000
80423  51.164  -13.310  47.484 0.0000000000
81456  51.887  -12.824  47.558 0.0000000000
81444  51.664  -12.926  48.324 0.0000000000
81431  53.503  -12.356  49.315 0.0000000000
81432  52.211  -12.915  49.278 0.0000000000
73854  46.983  -20.130  55.145 0.0000000000
75023  47.601  -19.317  55.123 0.0000000000
73841  48.358  -19.388  56.856 0.0000000000
81514  52.496  -12.542  43.148 0.0000000000
43483  11.520  -45.734  81.576 0.0000000000
43484  10.663  -46.420  81.344 0.0000000000
72640  43.292  -20.948  51.135 0.0000000000
71358  44.844  -21.252  52.533 0.0000000000
71359  44.423  -21.403  52.405 0.0000000000
69012  43.420  -23.324  55.125 0.0000000000
70162  44.163  -22.465  54.857 0.0000000000
70125  44.849  -23.000  56.274 0.0000000000
70089  46.577  -22.853  58.365 0.0000000000
68973  45.298  -23.402  57.646 0.0000000000
52732  33.214  -37.322  63.730 0.0000000000
50444  36.031  -39.903  66.734 0.0000000000
51560  36.055  -38.214  65.476 0.0000000000
50453  37.173  -38.980  66.398 0.0000000000
51539  38.700  -38.036  66.756 0.0000000000
49389  39.014  -40.095  67.606 0.0000000000
47131  36.130  -42.624  71.910 0.0000000000
47167  36.236  -42.233  70.304 0.0000000000
47151  37.933  -42.451  71.119 0.0000000000
48192  40.688  -41.195  70.955 0.0000000000
49358  41.562  -40.093  70.323 0.0000000000
47032  28.577  -42.266  76.538 0.0000000000
47018  28.553  -42.236  77.659 0.0000000000
48117  27.004  -41.589  75.758 0.0000000000
49286  23.244  -40.175  74.941 0.0000000000
49273  24.732  -40.906  75.749 0.0000000000
49275  23.249  -40.504  75.947 0.0000000000
49251  23.416  -40.912  77.473 0.0000000000
49265  22.035  -40.697  76.523 0.0000000000
49335  20.864  -40.137  71.477 0.0000000000
47115  17.990  -42.305  72.983 0.0000000000
48165  19.126  -41.490  72.771 0.0000000000
48133  18.756  -41.615  74.616 0.0000000000
48119  19.481  -41.243  75.478 0.0000000000
48120  18.630  -41.587  75.641 0.0000000000
48109  18.455  -41.567  76.561 0.0000000000
48121  17.777  -41.919  75.747 0.0000000000
45896  14.721  -43.788  76.675 0.0000000000
49441  30.262  -40.065  64.448 0.0000000000
49442  29.408  -40.269  64.631 0.0000000000
48264  26.924  -41.120  68.156 0.0000000000
48263  27.836  -41.223  67.799 0.0000000000
48272  29.287  -41.125  66.982 0.0000000000
48246  29.249  -41.675  68.571 0.0000000000
48198  30.079  -42.132  70.122 0.0000000000
48199  29.264  -41.918  70.393 0.0000000000
48144  27.840  -41.814  73.655 0.0000000000
48143  28.718  -42.036  73.482 0.0000000000
47071  28.437  -42.220  74.912 0.0000000000
47049  29.850  -42.375  75.479 0.0000000000
46983  28.300  -42.516  80.360 0.0000000000
45755  11.393  -43.892  84.463 0.0000000000
46926  12.169  -42.362  85.446 0.0000000000
85739  61.901  -8.013  45.849 0.0000000000
84671  60.925  -8.890  48.773 0.0000000000
85724  62.079  -8.661  48.012 0.0000000000
85706  62.171  -8.707  49.510 0.0000000000
83613  62.599  -9.661  50.165 0.0000000000
82556  56.478  -11.386  48.098 0.0000000000
82555  57.374  -11.157  47.715 0.0000000000
83629  57.222  -10.908  49.850 0.0000000000
83587  60.804  -10.428  52.246 0.0000000000
77437  49.730  -16.204  50.743 0.0000000000
78418  49.487  -15.308  49.713 0.0000000000
78408  50.859  -15.307  51.012 0.0000000000
79415  51.473  -14.643  50.562 0.0000000000
78396  51.893  -15.156  51.729 0.0000000000
77379  49.680  -17.184  55.684 0.0000000000
76303  49.516  -17.777  53.695 0.0000000000
77378  50.288  -16.698  55.607 0.0000000000
66844  40.713  -25.550  57.270 0.0000000000
66780  43.965  -26.140  61.496 0.0000000000
66806  43.394  -25.500  59.149 0.0000000000
66779  45.393  -25.436  61.254 0.0000000000
67837  46.261  -24.965  61.125 0.0000000000
67824  47.193  -25.337  62.296 0.0000000000
56332  35.281  -34.879  63.050 0.0000000000
57527  36.154  -33.969  62.790 0.0000000000
58719  40.220  -33.093  64.670 0.0000000000
58733  39.040  -32.999  63.814 0.0000000000
58731  40.838  -32.364  64.279 0.0000000000
59927  40.437  -30.903  62.974 0.0000000000
59913  41.528  -31.257  64.314 0.0000000000
58654  43.753  -33.344  69.794 0.0000000000
62330  45.170  -29.174  66.922 0.0000000000
62342  43.794  -28.960  65.540 0.0000000000
64628  44.581  -27.243  66.708 0.0000000000
65677  43.774  -26.546  65.442 0.0000000000
65668  45.175  -26.300  66.823 0.0000000000
83719  56.255  -10.507  40.363 0.0000000000
83744  57.850  -10.378  38.788 0.0000000000
83742  59.697  -10.302  38.818 0.0000000000
83727  59.307  -10.520  39.655 0.0000000000
85756  60.287  -8.997  43.233 0.0000000000
85771  60.390  -8.675  41.742 0.0000000000
86822  60.978  -7.376  42.997 0.0000000000
86821  61.309  -6.726  43.061 0.0000000000
86934  64.019  -7.092  34.552 0.0000000000
86867  62.526  -6.711  38.151 0.0000000000
89194  63.577  -5.031  39.274 0.0000000000
89181  62.584  -5.238  40.059 0.0000000000
47047  31.722  -42.746  75.285 0.0000000000
47045  33.613  -43.046  75.161 0.0000000000
47012  33.942  -43.049  76.583 0.0000000000
48088  15.942  -42.080  79.149 0.0000000000
49223  16.972  -41.147  81.101 0.0000000000
48064  15.654  -41.786  80.850 0.0000000000
49199  15.623  -40.962  83.100 0.0000000000
49178  14.590  -40.794  84.820 0.0000000000
80437  49.635  -14.029  46.492 0.0000000000
80425  49.463  -14.145  47.512 0.0000000000
71277  48.097  -21.169  57.985 0.0000000000
73806  49.195  -19.761  58.159 0.0000000000
72503  49.894  -20.493  59.422 0.0000000000
73766  50.998  -19.748  60.157 0.0000000000
42436  9.648  -46.972  81.337 0.0000000000
41349  8.739  -47.537  81.045 0.0000000000
41340  7.429  -47.314  82.181 0.0000000000
71361  42.269  -22.235  52.193 0.0000000000
69013  42.429  -24.051  55.324 0.0000000000
51574  33.361  -38.332  64.504 0.0000000000
50468  33.351  -39.422  65.350 0.0000000000
49407  34.651  -40.121  66.702 0.0000000000
49392  36.280  -40.396  67.320 0.0000000000
49297  26.506  -41.265  73.968 0.0000000000
48130  26.443  -41.358  75.027 0.0000000000
49299  24.985  -40.513  73.866 0.0000000000
49300  23.861  -40.109  73.654 0.0000000000
49301  22.750  -39.943  73.789 0.0000000000
47096  16.959  -42.748  73.975 0.0000000000
45971  16.207  -43.109  73.300 0.0000000000
49381  25.580  -40.831  68.756 0.0000000000
48227  26.807  -41.287  69.750 0.0000000000
48200  28.258  -41.630  70.821 0.0000000000
48202  26.366  -41.062  70.449 0.0000000000
49331  26.557  -41.124  72.143 0.0000000000
48071  26.017  -41.656  79.729 0.0000000000
84703  60.213  -9.865  44.180 0.0000000000
84695  61.175  -9.494  45.767 0.0000000000
83668  60.588  -10.203  45.586 0.0000000000
83649  60.315  -10.043  47.672 0.0000000000
83638  60.045  -9.725  48.588 0.0000000000
82527  56.619  -11.504  50.283 0.0000000000
83618  57.285  -11.100  50.388 0.0000000000
82507  57.617  -11.510  51.468 0.0000000000
82484  59.360  -11.843  54.033 0.0000000000
78420  47.771  -16.156  49.020 0.0000000000
77449  47.767  -16.917  49.421 0.0000000000
77438  48.809  -16.707  50.205 0.0000000000
77425  49.563  -16.966  51.421 0.0000000000
77367  50.869  -16.261  56.358 0.0000000000
66828  39.345  -25.652  58.548 0.0000000000
66827  40.411  -25.745  58.350 0.0000000000
66795  40.750  -26.111  60.168 0.0000000000
65743  42.616  -26.413  61.315 0.0000000000
65715  44.094  -26.459  62.995 0.0000000000
55063  38.080  -35.583  65.737 0.0000000000
56316  37.289  -34.522  64.445 0.0000000000
56283  38.980  -35.066  66.244 0.0000000000
57479  40.565  -34.203  66.305 0.0000000000
57478  41.910  -33.792  66.798 0.0000000000
83697  53.812  -10.820  41.851 0.0000000000
83709  54.414  -10.398  41.242 0.0000000000
82653  55.059  -11.041  41.682 0.0000000000
82651  56.677  -11.389  41.744 0.0000000000
83706  57.553  -11.147  41.421 0.0000000000
83704  59.390  -10.265  41.131 0.0000000000
83694  58.550  -10.484  42.481 0.0000000000
84711  59.271  -9.992  43.076 0.0000000000
86936  61.233  -7.795  33.968 0.0000000000
85893  62.202  -8.233  33.905 0.0000000000
86914  63.545  -7.126  35.559 0.0000000000
88046  64.967  -5.977  36.240 0.0000000000
86898  63.041  -7.333  36.465 0.0000000000
85833  62.444  -8.004  37.076 0.0000000000
86881  61.982  -8.007  38.197 0.0000000000
48221  32.464  -41.951  69.115 0.0000000000
48220  33.376  -41.892  69.136 0.0000000000
47155  33.890  -42.480  70.832 0.0000000000
47132  35.098  -42.517  71.867 0.0000000000
47107  36.571  -42.583  72.926 0.0000000000
49219  20.450  -40.731  80.254 0.0000000000
49192  21.977  -41.010  81.630 0.0000000000
49206  20.432  -40.653  81.211 0.0000000000
49184  20.378  -40.558  83.197 0.0000000000
49186  18.379  -40.338  83.737 0.0000000000
50308  19.060  -40.287  85.075 0.0000000000
81478  55.275  -12.375  44.748 0.0000000000
82584  56.665  -11.570  46.064 0.0000000000
82601  55.073  -12.067  45.743 0.0000000000
82586  54.912  -11.742  46.693 0.0000000000
82570  54.827  -11.683  47.645 0.0000000000
81467  52.634  -12.721  46.591 0.0000000000
81454  53.384  -12.285  47.291 0.0000000000
82558  54.721  -11.748  48.531 0.0000000000
82529  54.566  -12.163  49.891 0.0000000000
81412  55.098  -12.462  50.702 0.0000000000
80371  54.300  -13.484  51.618 0.0000000000
73886  47.352  -19.556  52.232 0.0000000000
75054  47.886  -19.216  52.674 0.0000000000
75046  47.873  -19.275  53.653 0.0000000000
76291  48.641  -18.161  55.032 0.0000000000
76269  49.411  -17.745  56.785 0.0000000000
74987  49.666  -18.974  57.890 0.0000000000
76254  50.183  -17.691  57.939 0.0000000000
77355  50.442  -16.963  57.670 0.0000000000
63574  39.369  -28.687  61.972 0.0000000000
56230  42.984  -34.916  70.312 0.0000000000
83698  52.847  -10.698  42.069 0.0000000000
81526  53.499  -12.100  42.582 0.0000000000
81494  54.455  -12.583  43.957 0.0000000000
88064  58.081  -5.634  35.505 0.0000000000
88049  57.614  -6.047  35.950 0.0000000000
44700  12.850  -45.076  79.843 0.0000000000
45809  13.172  -44.330  81.249 0.0000000000
44684  12.135  -45.416  81.297 0.0000000000
44640  11.127  -44.920  83.453 0.0000000000
45756  10.271  -44.035  84.418 0.0000000000
43478  9.643  -46.166  82.397 0.0000000000
75071  45.539  -18.975  49.945 0.0000000000
73901  45.039  -19.594  50.270 0.0000000000
73888  46.220  -19.898  51.062 0.0000000000
72623  46.140  -20.334  51.926 0.0000000000
72593  46.191  -20.610  53.952 0.0000000000
72577  46.276  -20.748  55.125 0.0000000000
71343  43.724  -22.260  53.546 0.0000000000
71313  45.217  -21.768  55.153 0.0000000000
72549  47.026  -20.835  56.933 0.0000000000
71278  47.326  -22.025  58.313 0.0000000000
70067  47.922  -22.225  59.390 0.0000000000
70039  48.550  -22.971  60.827 0.0000000000
55079  35.396  -36.162  64.196 0.0000000000
52721  34.582  -37.604  64.493 0.0000000000
52719  35.939  -37.128  64.751 0.0000000000
53850  37.044  -36.394  65.307 0.0000000000
52699  38.242  -36.991  66.297 0.0000000000
52684  40.026  -37.120  67.453 0.0000000000
52668  41.248  -37.253  68.134 0.0000000000
48218  35.288  -41.968  69.285 0.0000000000
48239  35.989  -41.473  68.621 0.0000000000
48237  37.925  -41.254  68.763 0.0000000000
47150  38.915  -42.239  71.410 0.0000000000
48214  39.488  -41.374  69.566 0.0000000000
49374  39.663  -40.507  68.402 0.0000000000
49373  40.618  -40.067  68.797 0.0000000000
51506  41.987  -38.644  69.166 0.0000000000
52642  42.960  -37.291  70.404 0.0000000000
45851  31.405  -43.014  78.870 0.0000000000
47004  29.471  -42.538  78.481 0.0000000000
47005  28.722  -42.395  78.699 0.0000000000
48080  27.251  -41.866  78.713 0.0000000000
48118  26.260  -41.447  75.841 0.0000000000
48095  25.625  -41.365  77.662 0.0000000000
48082  25.427  -41.442  78.710 0.0000000000
48083  24.539  -41.267  78.606 0.0000000000
49238  23.203  -41.095  78.381 0.0000000000
49228  22.088  -40.913  79.158 0.0000000000
50390  21.815  -39.618  71.278 0.0000000000
49334  21.455  -40.022  72.013 0.0000000000
49302  21.763  -40.076  73.526 0.0000000000
48164  19.732  -41.096  72.370 0.0000000000
48148  19.976  -41.119  73.367 0.0000000000
49288  20.992  -40.640  74.326 0.0000000000
49266  21.064  -40.722  76.430 0.0000000000
49254  20.764  -40.809  77.411 0.0000000000
49241  20.583  -40.853  78.383 0.0000000000
49242  19.744  -40.908  78.521 0.0000000000
48085  18.111  -41.395  78.328 0.0000000000
48086  17.456  -41.476  78.715 0.0000000000
47053  16.456  -42.557  75.890 0.0000000000
47034  16.078  -42.567  76.618 0.0000000000
48101  16.053  -42.241  78.295 0.0000000000
47022  14.910  -42.997  78.188 0.0000000000
45860  14.508  -43.502  78.615 0.0000000000
44715  13.621  -44.645  78.444 0.0000000000
44716  12.973  -45.200  78.923 0.0000000000
43526  12.414  -45.861  78.639 0.0000000000
50480  31.265  -39.479  64.296 0.0000000000
49424  31.702  -40.236  65.332 0.0000000000
49397  31.720  -41.079  66.727 0.0000000000
49412  29.742  -40.986  66.105 0.0000000000
48271  30.132  -41.203  66.797 0.0000000000
48244  31.246  -41.798  68.306 0.0000000000
47173  31.192  -42.167  69.766 0.0000000000
47137  30.577  -42.352  71.357 0.0000000000
47113  30.847  -42.503  72.350 0.0000000000
48179  28.393  -41.645  71.847 0.0000000000
48142  29.407  -42.199  73.033 0.0000000000
47068  30.982  -42.672  74.369 0.0000000000
47048  30.780  -42.550  75.380 0.0000000000
47015  31.396  -42.845  77.179 0.0000000000
46961  13.522  -43.154  83.576 0.0000000000
48029  12.956  -41.698  85.064 0.0000000000
84686  61.736  -8.507  46.587 0.0000000000
82567  57.385  -11.339  46.681 0.0000000000
83640  58.347  -10.592  48.386 0.0000000000
84662  60.312  -9.374  49.939 0.0000000000
83616  59.041  -10.031  50.737 0.0000000000
84643  60.646  -9.870  51.487 0.0000000000
84641  61.381  -9.567  51.010 0.0000000000
79468  48.683  -14.447  47.050 0.0000000000
79457  49.376  -14.195  48.006 0.0000000000
79431  48.961  -15.065  48.949 0.0000000000
79447  49.072  -14.730  48.611 0.0000000000
80402  50.569  -13.928  48.926 0.0000000000
79427  52.252  -13.905  50.051 0.0000000000
80372  53.321  -13.671  51.145 0.0000000000
80353  54.440  -13.830  52.414 0.0000000000
76312  48.878  -18.244  52.765 0.0000000000
76311  49.698  -17.545  52.622 0.0000000000
77414  50.460  -16.856  52.538 0.0000000000
77377  51.059  -16.319  55.393 0.0000000000
77404  51.372  -16.452  53.469 0.0000000000
77413  51.419  -16.192  52.550 0.0000000000
78386  52.864  -15.090  52.583 0.0000000000
79386  53.602  -14.433  52.529 0.0000000000
67910  41.103  -24.864  55.438 0.0000000000
67889  42.696  -24.454  56.499 0.0000000000
66826  41.489  -25.547  58.200 0.0000000000
66824  43.640  -24.994  58.416 0.0000000000
67873  44.327  -24.240  57.746 0.0000000000
68941  46.132  -23.989  59.493 0.0000000000
67844  47.328  -23.934  60.725 0.0000000000
68898  49.201  -23.775  61.879 0.0000000000
57525  37.710  -33.434  63.448 0.0000000000
61180  38.962  -30.456  61.451 0.0000000000
62393  39.714  -29.364  62.233 0.0000000000
63556  40.287  -28.526  62.928 0.0000000000
57447  42.732  -34.103  69.129 0.0000000000
57462  43.277  -33.293  68.523 0.0000000000
58700  43.117  -32.942  66.819 0.0000000000
58698  44.775  -31.681  67.541 0.0000000000
59899  43.639  -31.356  65.732 0.0000000000
61137  42.605  -30.029  64.941 0.0000000000
62353  42.331  -28.843  64.719 0.0000000000
64663  41.695  -27.304  63.968 0.0000000000
65688  42.790  -26.695  64.347 0.0000000000
65700  43.410  -26.496  63.743 0.0000000000
65698  45.157  -26.266  64.215 0.0000000000
66709  47.110  -25.817  66.860 0.0000000000
66723  46.584  -25.918  65.883 0.0000000000
66752  47.421  -25.912  63.729 0.0000000000
66751  48.591  -25.855  63.484 0.0000000000
86882  57.458  -7.454  36.709 0.0000000000
85835  58.241  -8.414  36.784 0.0000000000
84795  59.478  -9.606  37.322 0.0000000000
84769  60.610  -9.714  38.551 0.0000000000
85798  61.371  -8.092  39.650 0.0000000000
84736  60.384  -9.428  40.625 0.0000000000
85784  60.821  -8.412  40.634 0.0000000000
86856  61.622  -7.198  39.749 0.0000000000
89155  62.029  -5.056  42.150 0.0000000000
45832  32.431  -43.698  78.974 0.0000000000
45831  33.093  -43.841  78.914 0.0000000000
45825  13.853  -43.906  80.392 0.0000000000
46987  13.999  -43.267  81.227 0.0000000000
70037  50.013  -22.340  61.163 0.0000000000
70049  49.848  -21.844  60.559 0.0000000000
48258  32.777  -41.378  67.609 0.0000000000
49395  33.357  -40.796  67.122 0.0000000000
50388  23.785  -39.728  71.225 0.0000000000
50399  24.249  -39.941  70.407 0.0000000000
49216  22.606  -41.190  79.887 0.0000000000
48049  23.181  -41.250  80.672 0.0000000000
49203  22.445  -41.159  80.510 0.0000000000
82582  58.289  -11.222  45.516 0.0000000000
81385  56.190  -13.021  52.553 0.0000000000
81384  56.975  -12.754  53.352 0.0000000000
81374  56.615  -13.226  53.724 0.0000000000
75069  47.581  -18.548  50.653 0.0000000000
75062  47.713  -18.901  51.491 0.0000000000
64681  39.552  -27.409  62.108 0.0000000000
65733  39.413  -26.749  61.634 0.0000000000
65720  39.832  -26.864  62.179 0.0000000000
65719  40.418  -26.665  62.359 0.0000000000
64672  40.552  -27.287  62.977 0.0000000000
53803  41.607  -36.443  68.537 0.0000000000
55017  41.316  -35.635  68.306 0.0000000000
55016  42.036  -35.703  68.727 0.0000000000
81477  56.093  -12.086  44.442 0.0000000000
82611  57.570  -11.246  44.042 0.0000000000
85875  59.470  -7.880  35.552 0.0000000000
85856  59.440  -8.407  36.132 0.0000000000
47090  32.306  -42.828  73.345 0.0000000000
47111  32.733  -42.813  72.450 0.0000000000
81497  51.314  -13.161  44.119 0.0000000000
80460  52.109  -13.419  44.822 0.0000000000
81433  51.496  -13.141  48.764 0.0000000000
72576  46.933  -20.344  55.703 0.0000000000
73853  47.477  -19.682  55.672 0.0000000000
73842  47.833  -19.834  56.562 0.0000000000
42441  10.682  -46.881  80.358 0.0000000000
71375  43.784  -21.362  51.835 0.0000000000
71376  42.800  -21.608  51.670 0.0000000000
68993  44.134  -23.330  55.854 0.0000000000
70108  45.195  -23.094  56.980 0.0000000000
50443  36.769  -39.700  66.906 0.0000000000
50454  36.346  -39.263  66.283 0.0000000000
50442  37.652  -39.487  67.008 0.0000000000
50441  38.721  -39.210  67.040 0.0000000000
47130  37.202  -42.493  71.987 0.0000000000
47152  36.821  -42.442  70.906 0.0000000000
47051  28.185  -42.180  75.553 0.0000000000
47033  28.003  -42.080  76.054 0.0000000000
48116  27.601  -41.890  75.576 0.0000000000
49274  23.947  -40.552  75.799 0.0000000000
49276  22.496  -40.446  75.702 0.0000000000
47094  18.340  -41.962  73.749 0.0000000000
48134  18.143  -41.931  75.020 0.0000000000
47073  17.491  -42.376  74.743 0.0000000000
49399  27.233  -40.989  67.404 0.0000000000
48247  28.262  -41.576  68.698 0.0000000000
48225  28.726  -41.767  69.595 0.0000000000
48145  27.066  -41.477  73.977 0.0000000000
48128  27.746  -41.954  74.674 0.0000000000
47050  28.952  -42.315  75.583 0.0000000000
46995  27.801  -42.177  79.677 0.0000000000
46945  10.694  -43.226  84.969 0.0000000000
46927  11.122  -42.606  85.666 0.0000000000
86806  61.505  -7.858  44.690 0.0000000000
85746  61.591  -8.158  45.199 0.0000000000
85716  61.536  -8.618  49.267 0.0000000000
85715  62.002  -8.468  48.974 0.0000000000
85707  61.958  -8.515  49.657 0.0000000000
84651  62.285  -8.968  49.988 0.0000000000
85699  61.977  -8.738  50.086 0.0000000000
82557  55.583  -11.546  48.356 0.0000000000
83641  57.281  -10.903  48.827 0.0000000000
77436  50.298  -15.838  50.853 0.0000000000
78397  51.269  -15.647  51.535 0.0000000000
77392  49.894  -17.082  54.990 0.0000000000
66845  39.658  -25.690  57.469 0.0000000000
66778  46.240  -25.343  61.659 0.0000000000
66766  46.344  -25.884  62.615 0.0000000000
56331  36.038  -34.665  63.327 0.0000000000
56330  36.784  -34.515  63.920 0.0000000000
58718  40.945  -33.041  64.980 0.0000000000
58730  41.513  -32.279  64.631 0.0000000000
62321  45.826  -29.142  67.604 0.0000000000
63500  44.887  -28.463  66.759 0.0000000000
64627  45.109  -27.310  67.181 0.0000000000
65657  44.949  -26.731  66.924 0.0000000000
65656  45.555  -26.569  67.347 0.0000000000
83718  57.333  -10.873  40.394 0.0000000000
83729  57.054  -10.226  39.503 0.0000000000
83745  57.312  -10.059  38.911 0.0000000000
83728  58.139  -10.710  39.569 0.0000000000
84709  60.401  -9.341  43.813 0.0000000000
85755  60.798  -8.542  43.697 0.0000000000
86814  61.307  -7.699  44.079 0.0000000000
88077  64.607  -6.667  34.943 0.0000000000
86933  65.156  -6.898  34.250 0.0000000000
88059  65.552  -6.455  35.453 0.0000000000
88024  63.468  -5.551  38.216 0.0000000000
88025  62.752  -5.859  38.748 0.0000000000
88013  62.414  -5.710  39.586 0.0000000000
47028  32.488  -42.856  76.131 0.0000000000
47013  33.271  -43.099  76.911 0.0000000000
46996  15.340  -42.463  79.501 0.0000000000
48077  15.785  -41.910  79.981 0.0000000000
46985  15.219  -42.414  80.357 0.0000000000
46969  14.431  -42.395  82.303 0.0000000000
48041  14.699  -41.779  82.845 0.0000000000
49190  14.900  -40.888  84.127 0.0000000000
48027  14.497  -41.205  84.307 0.0000000000
80452  48.795  -13.759  45.581 0.0000000000
80438  48.659  -14.206  46.506 0.0000000000
72528  48.744  -20.481  58.308 0.0000000000
72504  49.101  -20.746  59.022 0.0000000000
41351  6.717  -47.743  81.740 0.0000000000
51564  33.075  -38.926  64.877 0.0000000000
50458  33.008  -40.028  65.704 0.0000000000
49394  34.250  -40.759  67.347 0.0000000000
49393  35.309  -40.377  67.158 0.0000000000
49378  35.680  -40.878  67.959 0.0000000000
49298  25.958  -41.058  74.195 0.0000000000
50362  23.190  -39.721  72.927 0.0000000000
50363  22.413  -39.747  72.968 0.0000000000
48249  26.382  -41.155  68.897 0.0000000000
48250  25.872  -40.970  69.299 0.0000000000
49332  25.667  -40.607  71.838 0.0000000000
49315  26.506  -41.159  73.361 0.0000000000
48072  25.107  -41.468  79.618 0.0000000000
48059  24.691  -41.490  80.449 0.0000000000
83676  59.546  -10.311  44.392 0.0000000000
83675  60.229  -10.161  44.813 0.0000000000
83669  59.730  -10.575  45.411 0.0000000000
83659  60.007  -10.565  46.492 0.0000000000
82528  55.258  -12.055  50.278 0.0000000000
82485  58.177  -12.246  54.044 0.0000000000
77450  46.571  -16.678  48.968 0.0000000000
76345  47.159  -17.345  49.382 0.0000000000
76330  48.502  -17.454  50.496 0.0000000000
77426  48.917  -17.278  50.872 0.0000000000
76318  49.477  -17.445  51.873 0.0000000000
66810  39.088  -25.853  59.519 0.0000000000
66809  40.086  -25.912  59.375 0.0000000000
65718  41.306  -26.449  62.407 0.0000000000
65730  42.049  -26.468  61.843 0.0000000000
65729  42.986  -26.515  61.999 0.0000000000
65716  43.160  -26.543  62.913 0.0000000000
55047  38.388  -36.016  66.159 0.0000000000
55062  38.690  -35.192  66.063 0.0000000000
55046  38.866  -35.624  66.311 0.0000000000
56281  40.952  -34.537  67.115 0.0000000000
56282  39.751  -34.967  66.606 0.0000000000
82640  54.482  -11.437  42.090 0.0000000000
83696  54.321  -10.887  41.753 0.0000000000
82639  55.427  -11.614  42.132 0.0000000000
83695  57.861  -10.963  42.364 0.0000000000
83677  58.698  -10.629  44.228 0.0000000000
83685  58.698  -10.407  43.289 0.0000000000
83684  59.192  -10.204  43.682 0.0000000000
85887  61.398  -8.299  34.475 0.0000000000
86935  62.973  -7.838  34.092 0.0000000000
86915  62.841  -7.891  35.362 0.0000000000
85853  62.191  -8.632  36.549 0.0000000000
85854  61.786  -9.037  37.136 0.0000000000
85834  61.901  -8.547  37.642 0.0000000000
47172  31.861  -42.251  69.834 0.0000000000
47171  32.720  -42.273  69.892 0.0000000000
47156  32.974  -42.560  70.731 0.0000000000
47110  33.606  -42.905  72.482 0.0000000000
47133  34.169  -42.602  71.736 0.0000000000
47109  34.473  -42.848  72.661 0.0000000000
47108  35.411  -42.671  72.926 0.0000000000
49231  19.660  -40.852  79.468 0.0000000000
49195  19.489  -40.496  82.423 0.0000000000
49173  20.345  -40.555  84.209 0.0000000000
49210  16.582  -40.906  81.986 0.0000000000
49197  17.484  -40.512  82.764 0.0000000000
49187  17.304  -40.405  83.612 0.0000000000
81465  54.205  -12.245  46.051 0.0000000000
81453  54.149  -12.064  47.013 0.0000000000
80449  51.375  -13.446  45.761 0.0000000000
80434  51.964  -13.152  46.366 0.0000000000
81443  52.511  -12.533  48.404 0.0000000000
81455  52.627  -12.498  47.513 0.0000000000
81442  53.413  -12.160  48.289 0.0000000000
82559  54.068  -11.905  48.605 0.0000000000
82546  54.425  -11.958  49.333 0.0000000000
81413  54.400  -12.547  50.267 0.0000000000
81397  53.979  -13.134  50.892 0.0000000000
81396  55.242  -12.894  51.396 0.0000000000
73880  47.360  -19.669  53.078 0.0000000000
75014  48.600  -18.685  56.513 0.0000000000
75022  48.002  -18.804  55.422 0.0000000000
76279  48.622  -18.246  55.835 0.0000000000
76278  49.136  -17.728  55.823 0.0000000000
73825  49.337  -19.269  57.857 0.0000000000
73805  49.726  -19.371  58.336 0.0000000000
76241  50.471  -17.738  58.717 0.0000000000
77331  50.781  -17.216  59.026 0.0000000000
77343  50.682  -17.082  58.522 0.0000000000
77342  51.141  -16.517  58.164 0.0000000000
63592  38.287  -28.739  60.965 0.0000000000
63591  38.832  -28.370  61.450 0.0000000000
82642  52.452  -11.661  42.530 0.0000000000
82641  53.515  -11.443  42.236 0.0000000000
81495  53.420  -13.085  44.187 0.0000000000
81513  53.571  -12.587  43.200 0.0000000000
86919  58.144  -6.347  35.596 0.0000000000
43494  12.513  -45.545  80.180 0.0000000000
44683  12.686  -45.044  80.702 0.0000000000
43477  10.930  -45.688  82.177 0.0000000000
43476  11.529  -45.447  82.119 0.0000000000
45775  11.056  -44.573  84.070 0.0000000000
44641  10.251  -44.817  83.670 0.0000000000
42429  9.289  -46.696  81.959 0.0000000000
43479  8.204  -46.182  82.789 0.0000000000
72658  43.758  -20.320  50.604 0.0000000000
73902  44.134  -19.595  50.250 0.0000000000
72657  44.726  -20.179  50.634 0.0000000000
72656  45.317  -19.966  50.614 0.0000000000
72638  45.542  -20.297  51.172 0.0000000000
71341  44.896  -21.359  52.953 0.0000000000
72610  45.525  -21.049  53.391 0.0000000000
72594  45.662  -21.163  54.419 0.0000000000
70211  43.200  -22.560  53.268 0.0000000000
71329  43.761  -22.432  54.036 0.0000000000
70141  45.122  -22.372  55.972 0.0000000000
71314  44.520  -22.204  54.950 0.0000000000
71302  45.644  -21.967  56.309 0.0000000000
71301  46.007  -21.382  55.877 0.0000000000
71292  46.449  -21.731  57.146 0.0000000000
70088  47.099  -22.541  58.639 0.0000000000
70068  47.363  -22.724  59.243 0.0000000000
70051  48.296  -22.551  60.134 0.0000000000
70052  47.633  -22.940  60.007 0.0000000000
55097  33.943  -35.939  63.443 0.0000000000
55111  34.246  -35.289  62.992 0.0000000000
51563  33.722  -38.760  65.025 0.0000000000
51573  33.988  -38.173  64.653 0.0000000000
51562  34.498  -38.499  65.124 0.0000000000
51550  36.655  -38.357  65.897 0.0000000000
52711  35.722  -37.792  65.033 0.0000000000
52710  36.574  -37.412  65.229 0.0000000000
52709  37.238  -37.002  65.541 0.0000000000
53849  37.539  -36.378  65.736 0.0000000000
52700  37.683  -37.170  66.013 0.0000000000
51538  39.512  -38.231  67.110 0.0000000000
51537  40.426  -38.303  67.546 0.0000000000
52683  40.706  -37.512  67.724 0.0000000000
51536  41.073  -38.014  67.839 0.0000000000
48219  34.329  -41.915  69.181 0.0000000000
48196  36.856  -42.012  70.082 0.0000000000
48217  36.316  -41.962  69.458 0.0000000000
48216  37.342  -41.743  69.430 0.0000000000
48238  36.971  -41.436  68.668 0.0000000000
48215  38.323  -41.612  69.515 0.0000000000
48193  39.883  -41.768  70.944 0.0000000000
49360  40.288  -40.737  69.248 0.0000000000
49359  41.017  -40.263  69.662 0.0000000000
50409  41.848  -39.384  69.741 0.0000000000
51505  42.439  -38.277  69.861 0.0000000000
47003  30.321  -42.733  78.289 0.0000000000
46991  30.941  -42.892  78.868 0.0000000000
48092  28.029  -42.083  77.217 0.0000000000
47006  28.040  -42.219  78.759 0.0000000000
48094  26.626  -41.634  77.687 0.0000000000
49283  25.863  -41.185  75.145 0.0000000000
49272  25.499  -41.252  75.808 0.0000000000
49262  24.431  -40.941  76.599 0.0000000000
49261  25.177  -41.190  76.625 0.0000000000
48096  24.950  -41.209  77.957 0.0000000000
49250  24.254  -41.019  77.534 0.0000000000
49252  22.590  -40.855  77.464 0.0000000000
49239  22.308  -40.973  78.319 0.0000000000
49320  20.890  -40.414  72.341 0.0000000000
49319  21.489  -40.076  72.721 0.0000000000
49303  20.851  -40.572  73.242 0.0000000000
48182  19.071  -41.484  71.782 0.0000000000
48131  20.363  -41.041  74.083 0.0000000000
48147  20.552  -40.880  73.752 0.0000000000
49289  20.382  -40.928  74.538 0.0000000000
49277  21.499  -40.561  75.493 0.0000000000
49278  20.433  -40.821  75.303 0.0000000000
48108  19.254  -41.315  76.466 0.0000000000
49267  20.090  -40.891  76.423 0.0000000000
49256  19.158  -41.124  77.873 0.0000000000
48098  18.421  -41.471  77.585 0.0000000000
48099  17.538  -41.694  77.705 0.0000000000
45952  16.340  -43.016  73.998 0.0000000000
47074  16.582  -42.739  74.821 0.0000000000
47054  15.682  -42.945  76.081 0.0000000000
47020  16.091  -42.405  77.399 0.0000000000
47021  15.457  -42.679  77.791 0.0000000000
45897  14.226  -44.248  77.008 0.0000000000
45876  14.622  -43.598  77.737 0.0000000000
45877  14.328  -44.039  77.400 0.0000000000
45861  14.122  -44.010  78.119 0.0000000000
44729  13.865  -44.475  77.491 0.0000000000
44730  13.064  -45.385  77.533 0.0000000000
43543  12.017  -46.217  77.721 0.0000000000
49425  31.019  -40.241  64.844 0.0000000000
49411  30.959  -40.826  66.026 0.0000000000
49428  28.133  -40.749  65.699 0.0000000000
49427  29.111  -40.715  65.444 0.0000000000
49413  28.760  -40.968  66.340 0.0000000000
48261  29.766  -41.453  67.628 0.0000000000
48260  30.860  -41.428  67.317 0.0000000000
48222  31.601  -42.058  69.087 0.0000000000
48223  30.674  -42.024  69.298 0.0000000000
47159  30.454  -42.271  70.616 0.0000000000
48160  29.860  -42.090  72.148 0.0000000000
48201  27.039  -41.386  70.849 0.0000000000
47093  29.492  -42.228  73.792 0.0000000000
47092  30.245  -42.456  73.361 0.0000000000
47031  29.650  -42.417  76.460 0.0000000000
47030  30.610  -42.532  76.352 0.0000000000
47016  30.448  -42.657  77.331 0.0000000000
47002  31.267  -42.895  78.211 0.0000000000
45834  30.430  -43.037  79.782 0.0000000000
49182  22.203  -40.888  82.664 0.0000000000
49181  22.662  -41.253  82.087 0.0000000000
48033  22.578  -41.017  83.326 0.0000000000
45792  12.956  -43.980  82.468 0.0000000000
46971  13.329  -43.426  83.100 0.0000000000
45773  12.943  -43.620  83.637 0.0000000000
48019  12.552  -41.571  85.927 0.0000000000
46925  12.712  -42.078  85.225 0.0000000000
49180  13.018  -40.899  85.852 0.0000000000
49169  13.695  -40.695  86.063 0.0000000000
49159  13.425  -40.535  86.792 0.0000000000
84679  61.687  -8.690  47.440 0.0000000000
85714  62.291  -8.921  48.695 0.0000000000
82585  55.767  -11.593  46.388 0.0000000000
83626  59.761  -9.713  49.294 0.0000000000
84663  59.647  -9.789  50.183 0.0000000000
83604  58.270  -11.087  51.484 0.0000000000
83617  57.970  -10.850  50.777 0.0000000000
83603  58.992  -10.734  51.874 0.0000000000
83602  60.084  -10.134  51.633 0.0000000000
83601  60.925  -9.861  51.922 0.0000000000
84642  60.997  -9.620  51.324 0.0000000000
83600  61.540  -9.957  51.573 0.0000000000
83614  62.161  -10.204  50.821 0.0000000000
79459  47.969  -14.824  47.182 0.0000000000
79458  48.826  -14.523  47.701 0.0000000000
80426  48.943  -14.368  47.174 0.0000000000
78438  47.821  -15.701  48.323 0.0000000000
78419  48.836  -15.691  49.372 0.0000000000
79417  49.757  -15.129  49.888 0.0000000000
79430  49.550  -14.880  49.360 0.0000000000
79445  50.244  -14.046  48.840 0.0000000000
79429  50.596  -14.301  49.399 0.0000000000
79428  51.717  -14.101  49.814 0.0000000000
79403  52.584  -14.433  51.448 0.0000000000
80373  52.691  -13.920  50.892 0.0000000000
79402  53.339  -14.125  51.740 0.0000000000
80354  53.812  -13.920  51.877 0.0000000000
75045  48.392  -18.797  53.300 0.0000000000
75053  48.310  -18.777  52.422 0.0000000000
76302  50.121  -17.312  53.653 0.0000000000
76310  50.292  -17.212  53.090 0.0000000000
78364  51.985  -15.960  54.306 0.0000000000
78387  52.085  -15.594  52.617 0.0000000000
66858  40.928  -25.233  56.178 0.0000000000
67891  41.462  -24.908  55.988 0.0000000000
67909  41.760  -24.522  55.609 0.0000000000
67876  42.359  -24.805  56.910 0.0000000000
66808  41.121  -25.977  59.215 0.0000000000
66807  42.234  -25.765  59.185 0.0000000000
66792  44.433  -25.422  60.084 0.0000000000
66805  44.236  -25.088  58.938 0.0000000000
67861  43.993  -24.639  58.038 0.0000000000
66823  44.143  -24.823  58.460 0.0000000000
67859  45.151  -24.366  58.944 0.0000000000
67853  45.490  -24.434  59.402 0.0000000000
67836  46.911  -24.981  61.698 0.0000000000
67845  46.841  -24.395  60.751 0.0000000000
67835  47.743  -24.254  61.231 0.0000000000
67834  48.319  -23.959  61.373 0.0000000000
67822  48.692  -24.423  61.859 0.0000000000
56315  38.078  -34.539  65.028 0.0000000000
57514  37.270  -34.017  63.915 0.0000000000
57513  37.906  -33.895  64.267 0.0000000000
58741  39.484  -32.397  63.203 0.0000000000
58742  38.592  -32.859  63.119 0.0000000000
58751  38.441  -32.318  62.228 0.0000000000
59937  39.099  -31.420  61.964 0.0000000000
61150  40.801  -30.426  63.307 0.0000000000
61166  40.065  -30.191  62.574 0.0000000000
61165  40.436  -29.913  63.066 0.0000000000
62374  40.115  -29.227  62.779 0.0000000000
62372  41.067  -29.035  63.622 0.0000000000
57412  43.213  -34.537  70.456 0.0000000000
57429  42.864  -34.416  69.988 0.0000000000
57428  43.178  -33.762  69.926 0.0000000000
58666  43.739  -33.014  68.996 0.0000000000
58682  43.610  -32.858  67.973 0.0000000000
58683  42.978  -33.238  67.536 0.0000000000
61121  45.424  -30.032  67.193 0.0000000000
59884  45.163  -31.102  67.148 0.0000000000
59885  44.361  -31.294  66.376 0.0000000000
58715  43.810  -32.149  66.233 0.0000000000
59900  42.741  -31.350  65.136 0.0000000000
61136  43.517  -30.140  65.369 0.0000000000
63517  43.488  -28.150  65.424 0.0000000000
62343  43.124  -29.018  65.127 0.0000000000
63535  42.426  -27.874  64.706 0.0000000000
63536  41.904  -28.041  64.360 0.0000000000
64653  42.705  -27.245  64.946 0.0000000000
65676  44.432  -26.297  65.758 0.0000000000
65687  43.632  -26.437  64.613 0.0000000000
65686  44.562  -26.023  65.033 0.0000000000
65699  44.328  -26.436  64.000 0.0000000000
65685  45.360  -25.935  64.772 0.0000000000
66699  46.430  -25.980  67.661 0.0000000000
66698  47.546  -25.764  67.865 0.0000000000
66722  47.822  -25.940  65.897 0.0000000000
66737  47.088  -26.118  64.866 0.0000000000
86901  57.040  -6.579  36.700 0.0000000000
83721  54.533  -9.861  40.682 0.0000000000
84727  54.240  -9.797  40.788 0.0000000000
83720  55.143  -10.033  40.383 0.0000000000
84796  58.287  -9.001  37.344 0.0000000000
83726  60.008  -10.195  39.184 0.0000000000
85815  60.767  -9.318  39.193 0.0000000000
85814  61.415  -8.684  38.757 0.0000000000
84725  59.675  -9.727  41.626 0.0000000000
86844  60.752  -7.931  41.225 0.0000000000
85783  61.272  -7.765  40.190 0.0000000000
86843  61.226  -7.279  40.734 0.0000000000
88000  61.536  -6.460  40.976 0.0000000000
87985  61.322  -6.340  41.890 0.0000000000
87971  61.586  -6.047  42.962 0.0000000000
45849  33.268  -43.518  78.258 0.0000000000
46997  14.813  -42.932  79.869 0.0000000000
46986  14.506  -42.959  80.691 0.0000000000
46976  14.344  -42.725  81.704 0.0000000000
71244  48.944  -21.736  59.876 0.0000000000
71243  49.684  -21.384  60.081 0.0000000000
49410  32.249  -40.520  65.979 0.0000000000
49409  33.174  -40.498  66.325 0.0000000000
49333  24.929  -40.278  71.429 0.0000000000
49317  24.741  -40.264  72.602 0.0000000000
50375  24.176  -39.950  71.842 0.0000000000
50376  23.452  -39.674  72.084 0.0000000000
49362  24.775  -40.405  69.605 0.0000000000
48060  23.845  -41.332  80.167 0.0000000000
48048  24.101  -41.441  81.158 0.0000000000
48038  24.253  -41.723  82.168 0.0000000000
82597  58.364  -11.016  44.833 0.0000000000
83661  58.090  -11.313  46.276 0.0000000000
82497  56.426  -12.517  52.092 0.0000000000
82486  57.464  -12.520  53.580 0.0000000000
76332  46.958  -18.264  49.716 0.0000000000
66784  39.306  -26.474  61.154 0.0000000000
66783  39.856  -26.344  61.303 0.0000000000
66782  40.574  -26.194  61.020 0.0000000000
66769  40.584  -26.345  61.763 0.0000000000
53817  39.977  -36.237  67.468 0.0000000000
55033  39.852  -35.752  67.147 0.0000000000
55032  40.305  -35.710  67.615 0.0000000000
55031  40.855  -35.401  67.885 0.0000000000
56267  41.579  -34.719  68.010 0.0000000000
81511  55.219  -12.178  42.958 0.0000000000
82626  55.768  -11.992  42.839 0.0000000000
82625  56.522  -11.642  43.013 0.0000000000
82624  57.264  -11.272  43.155 0.0000000000
83686  58.001  -10.825  43.202 0.0000000000
82610  58.125  -11.010  44.379 0.0000000000
85873  61.297  -8.777  35.315 0.0000000000
85872  61.985  -8.821  35.668 0.0000000000
84834  60.674  -8.940  35.856 0.0000000000
84817  60.407  -9.286  36.570 0.0000000000
47135  32.365  -42.613  71.563 0.0000000000
47088  33.943  -43.181  73.220 0.0000000000
49232  18.810  -40.874  79.644 0.0000000000
49221  18.715  -40.778  80.615 0.0000000000
49208  18.620  -40.618  81.614 0.0000000000
49196  18.508  -40.493  82.633 0.0000000000
49188  16.405  -40.553  83.715 0.0000000000
50316  17.097  -40.215  84.298 0.0000000000
81481  52.882  -12.906  45.915 0.0000000000
81415  52.558  -13.239  49.902 0.0000000000
73864  46.812  -20.151  54.416 0.0000000000
73863  47.328  -19.698  54.817 0.0000000000
73852  48.032  -19.250  56.213 0.0000000000
74973  50.479  -18.450  59.062 0.0000000000
42446  11.458  -46.676  79.553 0.0000000000
43495  11.775  -46.157  80.485 0.0000000000
43496  11.056  -46.489  80.735 0.0000000000
72624  45.194  -20.965  52.266 0.0000000000
71374  44.307  -21.189  51.900 0.0000000000
71342  44.299  -21.797  53.276 0.0000000000
69034  43.202  -23.139  54.499 0.0000000000
70163  43.666  -22.744  54.476 0.0000000000
70143  43.934  -22.803  55.070 0.0000000000
70142  44.504  -22.622  55.434 0.0000000000
70124  45.450  -22.575  56.629 0.0000000000
70106  46.419  -22.389  57.697 0.0000000000
70107  45.886  -22.677  57.426 0.0000000000
70090  45.841  -23.179  58.010 0.0000000000
68956  46.443  -23.518  58.978 0.0000000000
53875  33.713  -36.719  63.681 0.0000000000
50455  35.359  -39.532  66.207 0.0000000000
51561  35.339  -38.577  65.473 0.0000000000
51551  35.970  -38.836  65.813 0.0000000000
51549  37.443  -38.087  66.182 0.0000000000
51548  38.116  -37.687  66.418 0.0000000000
50452  37.993  -38.630  66.555 0.0000000000
50440  39.808  -39.382  67.557 0.0000000000
47153  35.749  -42.398  71.005 0.0000000000
47168  35.485  -42.221  70.158 0.0000000000
49330  41.148  -40.836  71.298 0.0000000000
48105  27.738  -41.941  76.557 0.0000000000
48106  26.890  -41.616  76.698 0.0000000000
49285  24.323  -40.466  74.826 0.0000000000
49263  23.692  -40.765  76.660 0.0000000000
49264  22.907  -40.650  76.640 0.0000000000
49336  20.067  -40.623  71.211 0.0000000000
47138  18.469  -41.947  72.355 0.0000000000
47114  18.578  -41.836  73.098 0.0000000000
48149  19.043  -41.485  73.667 0.0000000000
48097  19.036  -41.367  77.201 0.0000000000
48122  17.166  -42.173  76.152 0.0000000000
45895  15.263  -43.301  76.312 0.0000000000
44744  14.354  -44.199  76.122 0.0000000000
49398  27.727  -41.001  67.290 0.0000000000
48274  27.972  -41.007  67.241 0.0000000000
48273  28.430  -41.041  67.156 0.0000000000
48262  28.812  -41.346  67.798 0.0000000000
48224  29.703  -41.867  69.397 0.0000000000
48163  27.262  -41.447  72.940 0.0000000000
48162  28.082  -41.770  72.686 0.0000000000
48127  28.349  -42.062  74.248 0.0000000000
47070  29.110  -42.215  74.569 0.0000000000
45754  12.314  -43.612  84.288 0.0000000000
46944  11.786  -43.016  84.827 0.0000000000
84680  61.021  -9.169  47.834 0.0000000000
85725  61.582  -8.700  48.425 0.0000000000
84660  62.524  -9.266  49.418 0.0000000000
83625  62.721  -9.944  49.352 0.0000000000
82569  55.650  -11.465  47.364 0.0000000000
83628  58.104  -10.499  49.683 0.0000000000
82494  59.864  -11.329  53.253 0.0000000000
83588  60.038  -10.734  52.539 0.0000000000
78455  47.801  -15.219  47.664 0.0000000000
78410  49.292  -16.037  50.141 0.0000000000
78409  49.825  -15.561  50.221 0.0000000000
78407  51.475  -14.917  51.177 0.0000000000
79404  51.836  -14.764  51.246 0.0000000000
78395  52.574  -14.866  51.960 0.0000000000
76290  49.379  -17.645  54.795 0.0000000000
76289  49.885  -17.346  54.343 0.0000000000
77391  50.461  -16.874  54.581 0.0000000000
78376  52.817  -15.503  53.432 0.0000000000
66859  39.929  -25.530  56.406 0.0000000000
66793  42.952  -26.074  60.434 0.0000000000
66791  45.219  -25.072  60.389 0.0000000000
67847  45.180  -24.868  59.894 0.0000000000
57496  39.836  -33.829  65.480 0.0000000000
57512  38.921  -33.655  64.666 0.0000000000
57511  39.690  -33.344  64.696 0.0000000000
58732  39.871  -32.662  64.023 0.0000000000
59928  39.828  -31.405  62.532 0.0000000000
59915  40.115  -31.809  63.272 0.0000000000
59914  40.782  -31.434  63.617 0.0000000000
58644  43.712  -33.622  70.293 0.0000000000
58643  44.426  -33.234  70.616 0.0000000000
58653  44.404  -32.764  69.732 0.0000000000
59856  44.957  -31.996  69.639 0.0000000000
61122  44.797  -30.142  66.471 0.0000000000
61135  44.212  -29.601  65.895 0.0000000000
62331  44.634  -29.035  66.377 0.0000000000
63516  44.058  -28.099  65.718 0.0000000000
64651  43.727  -27.643  65.668 0.0000000000
64652  43.328  -27.267  65.537 0.0000000000
64640  44.000  -27.247  66.071 0.0000000000
65669  44.596  -26.506  66.394 0.0000000000
66711  45.275  -26.020  66.364 0.0000000000
83730  55.905  -9.910  39.747 0.0000000000
84772  57.327  -9.597  38.424 0.0000000000
83743  58.870  -10.523  38.762 0.0000000000
85772  59.926  -9.278  42.120 0.0000000000
85764  60.065  -9.095  42.613 0.0000000000
85763  60.539  -8.351  42.670 0.0000000000
87986  60.993  -6.933  42.329 0.0000000000
86951  63.851  -7.254  33.211 0.0000000000
86950  64.911  -7.190  33.336 0.0000000000
88036  63.022  -6.371  37.604 0.0000000000
90400  64.380  -4.810  39.128 0.0000000000
47066  32.922  -42.981  74.244 0.0000000000
47046  32.666  -42.935  75.219 0.0000000000
47027  33.395  -42.905  76.040 0.0000000000
45868  33.462  -43.264  77.576 0.0000000000
48076  16.485  -41.668  79.685 0.0000000000
48062  17.129  -41.350  80.230 0.0000000000
48063  16.369  -41.533  80.508 0.0000000000
48050  16.212  -41.367  81.254 0.0000000000
49211  15.912  -41.024  82.458 0.0000000000
48065  15.042  -42.299  81.252 0.0000000000
48051  15.553  -41.593  81.898 0.0000000000
49189  15.616  -40.746  83.926 0.0000000000
49177  15.462  -40.524  84.651 0.0000000000
50313  15.290  -40.311  85.443 0.0000000000
80450  50.646  -13.581  45.748 0.0000000000
80436  50.558  -13.734  46.552 0.0000000000
80424  50.376  -13.784  47.456 0.0000000000
72548  47.718  -20.493  57.076 0.0000000000
73827  48.176  -19.939  57.144 0.0000000000
72547  48.251  -20.428  57.593 0.0000000000
72527  49.433  -20.093  58.700 0.0000000000
73785  49.973  -19.710  58.929 0.0000000000
72502  50.549  -20.217  59.968 0.0000000000
42442  9.916  -47.309  80.550 0.0000000000
41356  9.222  -47.588  80.361 0.0000000000
42437  8.732  -47.330  81.528 0.0000000000
41350  7.894  -47.645  81.465 0.0000000000
42431  7.244  -46.489  82.750 0.0000000000
69035  42.580  -23.460  54.285 0.0000000000
68994  43.346  -23.955  56.173 0.0000000000
50467  34.051  -39.197  65.589 0.0000000000
50457  33.664  -39.856  65.958 0.0000000000
50456  34.401  -39.687  66.131 0.0000000000
49391  37.174  -40.262  67.458 0.0000000000
48146  26.586  -41.347  74.399 0.0000000000
47139  17.700  -42.418  71.992 0.0000000000
47095  17.659  -42.424  73.794 0.0000000000
45970  16.614  -42.899  73.554 0.0000000000
48265  26.459  -41.013  68.309 0.0000000000
48226  27.715  -41.565  69.746 0.0000000000
49345  26.252  -40.963  71.188 0.0000000000
84702  60.859  -9.475  44.645 0.0000000000
84701  61.304  -8.881  45.204 0.0000000000
83658  60.799  -9.965  46.597 0.0000000000
83648  60.909  -9.643  47.240 0.0000000000
84681  60.537  -9.441  48.412 0.0000000000
84672  60.345  -9.260  49.098 0.0000000000
82545  55.490  -11.652  49.312 0.0000000000
82506  58.424  -11.229  51.882 0.0000000000
82495  58.677  -11.517  52.758 0.0000000000
78421  47.206  -16.410  48.970 0.0000000000
77439  48.237  -17.292  49.999 0.0000000000
77354  50.894  -16.378  57.283 0.0000000000
65745  41.219  -26.208  60.787 0.0000000000
65744  41.943  -26.379  60.987 0.0000000000
66781  43.148  -26.351  61.304 0.0000000000
66768  44.154  -26.350  62.287 0.0000000000
55077  37.082  -35.420  64.958 0.0000000000
55094  36.868  -34.894  64.383 0.0000000000
55076  37.822  -35.124  65.295 0.0000000000
56300  38.211  -34.971  65.443 0.0000000000
56299  38.857  -34.655  65.774 0.0000000000
56298  39.535  -34.421  66.061 0.0000000000
57495  41.178  -33.501  65.808 0.0000000000
57494  41.823  -33.236  66.027 0.0000000000
82652  55.903  -11.329  41.623 0.0000000000
83707  56.547  -11.063  41.087 0.0000000000
83705  58.733  -10.589  41.536 0.0000000000
84726  58.945  -10.120  42.022 0.0000000000
84719  59.071  -10.006  42.493 0.0000000000
84710  59.839  -9.719  43.415 0.0000000000
86953  61.662  -7.257  33.021 0.0000000000
85894  61.815  -8.022  33.590 0.0000000000
88078  64.239  -6.764  34.976 0.0000000000
88060  64.767  -6.330  35.570 0.0000000000
88061  64.125  -6.651  35.440 0.0000000000
86897  63.691  -6.797  36.010 0.0000000000
88048  63.094  -6.755  37.031 0.0000000000
86880  62.484  -7.376  37.602 0.0000000000
48242  33.066  -41.657  68.342 0.0000000000
47170  33.632  -42.226  69.972 0.0000000000
47154  34.809  -42.390  70.939 0.0000000000
47065  33.929  -43.196  74.105 0.0000000000
45927  34.414  -43.121  73.783 0.0000000000
47063  35.668  -42.982  74.478 0.0000000000
47087  35.297  -42.876  73.730 0.0000000000
50401  22.612  -39.392  70.450 0.0000000000
49218  21.232  -40.826  80.083 0.0000000000
49204  21.907  -40.998  80.743 0.0000000000
49205  21.226  -40.786  80.986 0.0000000000
49193  21.277  -40.715  81.946 0.0000000000
49183  21.295  -40.616  82.922 0.0000000000
49194  20.421  -40.527  82.191 0.0000000000
49172  21.243  -40.738  83.875 0.0000000000
49165  21.319  -40.773  84.876 0.0000000000
49209  17.650  -40.685  81.800 0.0000000000
50315  17.918  -40.226  84.268 0.0000000000
49175  18.666  -40.256  84.342 0.0000000000
49174  19.287  -40.372  84.529 0.0000000000
82600  55.970  -11.937  45.424 0.0000000000
80448  52.177  -13.287  45.723 0.0000000000
81468  52.085  -12.828  46.937 0.0000000000
82571  54.081  -11.922  47.910 0.0000000000
81430  54.233  -12.243  49.693 0.0000000000
82509  55.452  -12.368  50.934 0.0000000000
81386  55.460  -13.267  52.156 0.0000000000
80370  54.976  -13.445  52.038 0.0000000000
73887  46.781  -19.745  51.523 0.0000000000
75033  48.262  -18.762  54.328 0.0000000000
75034  47.722  -19.239  54.557 0.0000000000
77369  49.556  -17.368  56.242 0.0000000000
73826  48.746  -19.598  57.570 0.0000000000
75002  48.700  -19.029  57.130 0.0000000000
75001  49.276  -18.591  57.414 0.0000000000
74986  50.067  -18.539  58.181 0.0000000000
75000  49.817  -18.179  57.737 0.0000000000
76255  49.701  -17.903  57.461 0.0000000000
76268  49.940  -17.422  57.316 0.0000000000
64691  38.610  -27.397  61.148 0.0000000000
64690  39.092  -27.439  61.620 0.0000000000
63573  39.806  -28.297  62.454 0.0000000000
53774  42.765  -36.390  69.818 0.0000000000
55002  42.533  -35.653  69.385 0.0000000000
56229  43.440  -34.836  70.711 0.0000000000
81525  54.000  -11.894  42.337 0.0000000000
81527  52.995  -12.287  42.810 0.0000000000
81512  54.495  -12.246  42.843 0.0000000000
81493  55.433  -12.185  43.660 0.0000000000
86918  58.645  -6.902  35.397 0.0000000000
86899  58.413  -7.339  35.868 0.0000000000
44682  13.253  -44.644  80.224 0.0000000000
45826  13.266  -44.493  80.649 0.0000000000
44667  12.584  -44.831  81.692 0.0000000000
44652  12.329  -44.789  82.352 0.0000000000
44668  11.966  -45.219  81.962 0.0000000000
43485  10.007  -46.532  81.712 0.0000000000
44655  9.827  -45.364  83.132 0.0000000000
44633  9.573  -44.447  84.099 0.0000000000
45757  9.259  -43.899  84.525 0.0000000000
75093  45.940  -18.320  49.573 0.0000000000
73899  46.602  -19.564  50.820 0.0000000000
73900  45.908  -19.671  50.518 0.0000000000
73881  46.765  -19.992  52.510 0.0000000000
73875  46.772  -20.107  53.470 0.0000000000
72609  46.114  -20.525  52.907 0.0000000000
71360  43.413  -22.036  52.600 0.0000000000
71328  44.290  -22.137  54.279 0.0000000000
71312  45.821  -21.282  55.286 0.0000000000
72564  46.658  -20.884  56.197 0.0000000000
71291  47.447  -21.203  57.476 0.0000000000
71279  46.712  -22.263  57.870 0.0000000000
71260  47.727  -22.117  59.028 0.0000000000
70038  49.009  -22.717  60.968 0.0000000000
55110  34.848  -35.107  63.057 0.0000000000
55096  35.109  -35.627  63.683 0.0000000000
55078  35.980  -35.898  64.374 0.0000000000
52723  33.076  -37.892  64.058 0.0000000000
52722  33.765  -37.595  64.138 0.0000000000
53862  34.300  -36.963  64.056 0.0000000000
52712  35.098  -37.974  64.911 0.0000000000
52720  35.291  -37.272  64.645 0.0000000000
53861  34.922  -36.618  64.240 0.0000000000
53860  35.635  -36.582  64.464 0.0000000000
55064  37.382  -35.921  65.487 0.0000000000
53836  38.065  -36.416  66.083 0.0000000000
53835  38.617  -36.463  66.380 0.0000000000
52685  39.208  -37.269  66.987 0.0000000000
53818  39.540  -36.442  67.032 0.0000000000
52669  40.649  -36.900  67.863 0.0000000000
52667  41.933  -37.282  68.744 0.0000000000
48241  34.098  -41.643  68.165 0.0000000000
48240  35.049  -41.509  68.490 0.0000000000
49377  36.615  -40.891  68.006 0.0000000000
49376  37.567  -40.831  68.055 0.0000000000
48194  38.705  -41.960  70.429 0.0000000000
48236  38.805  -41.159  68.827 0.0000000000
49375  38.538  -40.743  68.125 0.0000000000
50427  40.348  -39.704  68.184 0.0000000000
50426  41.001  -39.255  68.447 0.0000000000
50410  41.253  -39.669  69.070 0.0000000000
51522  40.950  -38.618  67.993 0.0000000000
51521  41.582  -38.300  68.450 0.0000000000
51520  42.232  -37.988  69.046 0.0000000000
52657  42.421  -37.269  69.499 0.0000000000
46992  30.276  -42.874  79.237 0.0000000000
46993  29.391  -42.705  79.433 0.0000000000
46994  28.600  -42.465  79.590 0.0000000000
48107  26.002  -41.420  76.710 0.0000000000
48081  26.318  -41.642  78.707 0.0000000000
49237  23.865  -41.077  78.161 0.0000000000
48084  23.887  -41.231  78.789 0.0000000000
48074  23.544  -41.253  79.309 0.0000000000
49227  22.830  -41.111  79.158 0.0000000000
50378  22.098  -39.713  72.258 0.0000000000
50364  21.918  -39.827  72.885 0.0000000000
48181  19.710  -41.008  71.690 0.0000000000
49304  20.326  -40.772  72.659 0.0000000000
49240  21.454  -40.883  78.322 0.0000000000
49229  21.299  -40.891  79.212 0.0000000000
49230  20.496  -40.882  79.329 0.0000000000
49243  18.847  -41.004  78.611 0.0000000000
49244  18.196  -41.083  78.993 0.0000000000
47052  17.104  -42.386  75.467 0.0000000000
47075  15.826  -42.994  75.246 0.0000000000
48111  16.860  -42.245  76.938 0.0000000000
48100  16.755  -41.931  77.966 0.0000000000
48087  16.619  -41.767  78.857 0.0000000000
47007  15.409  -42.543  78.651 0.0000000000
47036  15.015  -43.176  77.441 0.0000000000
45842  14.437  -43.450  79.523 0.0000000000
45843  14.026  -44.035  79.099 0.0000000000
43510  12.480  -45.713  79.592 0.0000000000
43527  11.825  -46.406  78.661 0.0000000000
50479  31.905  -39.209  64.552 0.0000000000
50470  31.685  -39.760  64.825 0.0000000000
49440  30.787  -39.844  64.332 0.0000000000
48259  31.901  -41.445  67.510 0.0000000000
47158  31.172  -42.336  70.538 0.0000000000
48197  30.705  -42.172  70.070 0.0000000000
47136  31.453  -42.495  71.483 0.0000000000
47091  31.338  -42.662  73.358 0.0000000000
48178  29.084  -41.850  71.441 0.0000000000
48161  28.914  -41.898  72.435 0.0000000000
47029  31.547  -42.715  76.232 0.0000000000
47001  32.233  -43.085  77.888 0.0000000000
48032  23.183  -41.450  82.966 0.0000000000
45808  13.676  -43.764  81.590 0.0000000000
46970  13.828  -42.870  82.669 0.0000000000
46960  13.815  -42.604  83.654 0.0000000000
46943  13.081  -42.687  84.496 0.0000000000
46942  13.769  -42.270  84.093 0.0000000000
48028  14.002  -41.708  84.500 0.0000000000
49179  13.856  -40.989  85.304 0.0000000000
49168  14.512  -40.590  85.773 0.0000000000
84694  61.513  -8.675  45.922 0.0000000000
83651  58.197  -10.961  47.113 0.0000000000
83639  59.458  -10.198  48.486 0.0000000000
83615  59.740  -9.944  50.990 0.0000000000
84655  59.652  -9.900  50.697 0.0000000000
84654  60.282  -9.738  50.855 0.0000000000
84653  61.111  -9.142  50.528 0.0000000000
85700  61.642  -8.950  50.299 0.0000000000
84652  61.905  -9.361  50.620 0.0000000000
80414  50.266  -13.882  48.357 0.0000000000
78437  48.508  -15.116  48.341 0.0000000000
79446  49.669  -14.275  48.568 0.0000000000
80401  51.224  -13.599  49.082 0.0000000000
80400  52.118  -13.549  49.740 0.0000000000
80386  52.698  -13.587  50.382 0.0000000000
79414  52.252  -14.120  50.505 0.0000000000
80385  53.166  -13.376  50.612 0.0000000000
75061  48.463  -18.510  51.991 0.0000000000
77415  49.821  -17.230  52.099 0.0000000000
77390  51.296  -16.492  54.444 0.0000000000
78354  51.820  -15.859  55.201 0.0000000000
77423  51.543  -15.835  51.935 0.0000000000
78385  53.415  -14.888  53.012 0.0000000000
80339  54.777  -13.927  53.126 0.0000000000
80351  55.953  -13.506  53.410 0.0000000000
69014  41.755  -24.263  55.112 0.0000000000
68995  42.681  -24.202  55.998 0.0000000000
67888  43.281  -24.328  56.822 0.0000000000
66825  42.640  -25.091  58.090 0.0000000000
66842  42.415  -24.909  57.350 0.0000000000
67875  42.932  -24.683  57.267 0.0000000000
67874  43.727  -24.382  57.349 0.0000000000
68975  43.690  -24.111  56.827 0.0000000000
68958  44.838  -23.907  57.903 0.0000000000
68957  45.617  -23.808  58.572 0.0000000000
68940  46.787  -23.457  59.611 0.0000000000
67846  45.883  -24.645  60.300 0.0000000000
68925  46.501  -23.991  60.129 0.0000000000
68924  47.046  -23.701  60.319 0.0000000000
68912  48.144  -23.663  61.062 0.0000000000
68911  48.701  -23.485  61.301 0.0000000000
57526  36.831  -33.846  63.263 0.0000000000
57524  38.415  -33.365  63.896 0.0000000000
57533  37.250  -33.138  62.838 0.0000000000
61179  39.616  -30.402  61.948 0.0000000000
62394  39.211  -29.436  61.694 0.0000000000
63572  40.297  -27.911  62.826 0.0000000000
56241  42.667  -35.041  69.800 0.0000000000
56254  42.375  -34.884  68.965 0.0000000000
56266  42.352  -34.388  68.523 0.0000000000
57446  43.209  -33.565  69.081 0.0000000000
57463  42.649  -33.799  68.027 0.0000000000
57477  42.653  -33.448  67.302 0.0000000000
58701  42.376  -33.038  66.119 0.0000000000
59862  44.981  -31.668  68.790 0.0000000000
59861  45.531  -30.949  68.723 0.0000000000
59871  45.115  -31.390  68.008 0.0000000000
58681  44.525  -32.039  68.020 0.0000000000
58699  44.332  -32.150  67.070 0.0000000000
58716  43.087  -32.437  65.682 0.0000000000
59901  42.000  -31.705  64.791 0.0000000000
59912  42.123  -30.854  64.767 0.0000000000
61148  41.927  -30.012  64.452 0.0000000000
62354  41.586  -29.008  64.205 0.0000000000
63555  40.718  -28.160  63.309 0.0000000000
64671  41.129  -27.322  63.476 0.0000000000
65702  41.695  -26.665  63.378 0.0000000000
65701  42.583  -26.589  63.525 0.0000000000
65678  43.138  -26.715  65.054 0.0000000000
65714  45.119  -26.395  63.279 0.0000000000
66700  45.641  -25.986  67.020 0.0000000000
66710  46.055  -25.753  66.658 0.0000000000
66738  45.933  -25.981  64.987 0.0000000000
66753  46.401  -26.080  64.020 0.0000000000
66765  47.694  -25.561  62.778 0.0000000000
66764  48.690  -25.336  62.528 0.0000000000
66750  49.629  -25.279  63.223 0.0000000000
66763  49.312  -24.905  62.461 0.0000000000
86900  57.699  -6.969  36.223 0.0000000000
84819  58.755  -8.570  36.618 0.0000000000
84818  59.409  -8.974  36.680 0.0000000000
84794  60.507  -9.691  37.440 0.0000000000
84770  59.644  -10.094  38.111 0.0000000000
84793  61.326  -9.334  37.609 0.0000000000
84768  61.359  -9.113  38.153 0.0000000000
83716  59.222  -10.478  40.606 0.0000000000
84750  59.690  -10.322  40.166 0.0000000000
84724  60.393  -9.110  41.189 0.0000000000
85799  60.801  -8.961  39.750 0.0000000000
88014  61.921  -6.101  39.986 0.0000000000
89169  61.916  -5.603  40.923 0.0000000000
43544  11.579  -46.506  78.102 0.0000000000
44653  11.601  -45.051  82.676 0.0000000000
45791  13.684  -43.525  82.186 0.0000000000
45793  12.262  -44.581  82.789 0.0000000000
45928  34.155  -43.185  73.603 0.0000000000
45945  34.785  -42.963  73.598 0.0000000000
45946  34.414  -43.063  73.324 0.0000000000
45962  35.045  -42.814  73.349 0.0000000000
47019  28.256  -42.165  78.195 0.0000000000
47064  34.840  -43.000  74.293 0.0000000000
48034  14.536  -41.454  83.824 0.0000000000
48035  14.027  -41.932  83.633 0.0000000000
48040  15.486  -41.391  82.589 0.0000000000
48104  28.202  -42.164  76.990 0.0000000000
48203  19.477  -41.158  71.120 0.0000000000
48228  26.108  -40.965  69.804 0.0000000000
49167  19.483  -40.424  85.401 0.0000000000
49170  12.954  -40.889  86.274 0.0000000000
49176  16.275  -40.351  84.455 0.0000000000
49191  22.598  -41.175  81.251 0.0000000000
49200  15.041  -41.123  83.532 0.0000000000
49380  26.184  -40.974  68.426 0.0000000000
50306  15.139  -40.098  86.304 0.0000000000
50314  18.389  -40.245  84.292 0.0000000000
50425  41.590  -39.105  68.921 0.0000000000
52686  38.659  -37.203  66.595 0.0000000000
53805  40.389  -36.334  67.806 0.0000000000
53819  39.043  -36.743  66.729 0.0000000000
53859  36.392  -36.450  64.817 0.0000000000
54992  42.918  -35.557  70.077 0.0000000000
55018  40.689  -35.856  68.034 0.0000000000
55045  39.462  -35.798  66.723 0.0000000000
56269  40.117  -35.397  67.203 0.0000000000
56314  38.699  -34.210  65.241 0.0000000000
56340  35.585  -34.345  62.758 0.0000000000
57464  41.973  -34.250  67.497 0.0000000000
57480  39.851  -34.328  66.156 0.0000000000
59870  45.535  -30.696  67.958 0.0000000000
61164  40.847  -29.718  63.372 0.0000000000
62341  44.265  -28.754  65.939 0.0000000000
62373  40.528  -29.090  63.241 0.0000000000
63485  44.865  -27.839  66.865 0.0000000000
63501  44.502  -28.068  66.321 0.0000000000
63554  41.367  -28.129  63.810 0.0000000000
63590  39.354  -28.022  61.899 0.0000000000
64641  43.700  -26.889  65.832 0.0000000000
64662  42.235  -27.267  64.436 0.0000000000
65670  44.058  -26.676  65.944 0.0000000000
65684  45.659  -25.960  64.706 0.0000000000
65689  42.148  -26.773  63.998 0.0000000000
65697  45.728  -26.115  64.405 0.0000000000
65713  45.788  -26.274  63.684 0.0000000000
65728  43.670  -26.450  62.351 0.0000000000
65746  38.996  -26.583  61.128 0.0000000000
66712  44.846  -26.110  65.979 0.0000000000
66724  45.631  -25.804  65.861 0.0000000000
66726  44.825  -26.031  65.594 0.0000000000
66739  45.203  -25.843  65.341 0.0000000000
66740  44.936  -25.944  65.463 0.0000000000
66770  40.191  -26.418  61.847 0.0000000000
66857  41.523  -25.013  56.404 0.0000000000
67860  44.647  -24.461  58.490 0.0000000000
67862  43.389  -24.759  57.834 0.0000000000
67890  41.976  -24.754  56.352 0.0000000000
67908  42.302  -24.397  55.959 0.0000000000
67931  41.386  -24.462  55.055 0.0000000000
68922  48.276  -23.217  60.783 0.0000000000
68923  47.727  -23.445  60.523 0.0000000000
68939  47.267  -23.199  59.986 0.0000000000
69011  43.999  -23.013  55.374 0.0000000000
70164  43.115  -22.988  54.142 0.0000000000
70186  43.375  -22.655  53.843 0.0000000000
70212  42.605  -22.687  52.873 0.0000000000
71242  50.307  -21.433  60.654 0.0000000000
71258  49.184  -21.178  59.506 0.0000000000
71290  47.920  -20.855  57.505 0.0000000000
72578  45.736  -21.222  55.002 0.0000000000
72625  44.595  -21.128  51.979 0.0000000000
72637  46.183  -20.087  51.400 0.0000000000
73804  50.203  -19.110  58.772 0.0000000000
75092  46.573  -18.344  49.629 0.0000000000
76270  48.929  -18.096  56.363 0.0000000000
79469  48.199  -14.457  46.826 0.0000000000
80415  49.655  -14.079  48.125 0.0000000000
81398  53.430  -13.300  50.701 0.0000000000
82526  57.371  -11.236  50.707 0.0000000000
82613  56.131  -11.981  43.445 0.0000000000
82654  54.573  -10.927  41.714 0.0000000000
84661  60.913  -8.872  49.622 0.0000000000
84737  59.840  -10.101  40.678 0.0000000000
84815  61.863  -9.074  36.531 0.0000000000
84833  61.262  -9.119  36.037 0.0000000000
85698  62.125  -8.648  49.836 0.0000000000
85858  57.798  -7.604  36.567 0.0000000000
86832  61.175  -6.871  41.347 0.0000000000
87972  61.223  -6.688  42.634 0.0000000000
88026  62.019  -6.596  39.273 0.0000000000
88035  63.556  -5.697  37.724 0.0000000000
89182  62.116  -5.616  40.305 0.0000000000
90350  62.381  -4.982  42.635 0.0000000000
90387  64.820  -4.832  39.291 0.0000000000
