#!ascii label  , from subject A00072203 vox2ras=TkReg
266
90985  30.853  -4.839  -1.368 0.0000000000
81014  28.921  -13.711  3.365 0.0000000000
96050  29.388  0.391  0.694 0.0000000000
103870  23.572  8.670  2.500 0.0000000000
79035  26.833  -15.561  4.326 0.0000000000
98032  28.914  2.335  -0.953 0.0000000000
99950  27.863  4.196  0.521 0.0000000000
88581  28.611  -6.761  2.321 0.0000000000
85320  29.990  -8.859  1.334 0.0000000000
89772  32.180  -5.209  0.504 0.0000000000
93058  31.525  -2.644  -3.916 0.0000000000
93023  34.617  -2.478  -1.655 0.0000000000
94020  30.283  -1.785  -0.328 0.0000000000
96089  29.804  -0.028  -3.129 0.0000000000
101922  24.641  6.593  2.877 0.0000000000
101935  27.502  6.890  0.619 0.0000000000
83154  30.551  -11.406  3.276 0.0000000000
98967  28.217  3.497  1.893 0.0000000000
99924  27.248  4.129  2.732 0.0000000000
89732  29.515  -5.618  1.743 0.0000000000
88603  30.646  -7.013  1.007 0.0000000000
89791  31.816  -5.173  -0.304 0.0000000000
80025  27.986  -14.584  3.610 0.0000000000
95027  29.859  -0.617  0.202 0.0000000000
95054  30.043  -1.146  -2.314 0.0000000000
96061  29.557  0.385  -0.565 0.0000000000
98044  28.565  3.390  -2.612 0.0000000000
98043  28.944  2.563  -2.668 0.0000000000
103871  22.387  8.707  2.651 0.0000000000
101923  23.494  6.604  2.646 0.0000000000
102936  24.116  7.647  2.718 0.0000000000
105699  26.988  10.521  0.345 0.0000000000
103893  27.230  9.661  0.247 0.0000000000
102947  27.137  7.841  1.693 0.0000000000
102959  27.231  7.896  -0.294 0.0000000000
101948  26.913  7.106  -1.130 0.0000000000
86341  31.447  -8.610  2.634 0.0000000000
85288  30.577  -10.019  2.369 0.0000000000
78016  26.289  -15.943  4.476 0.0000000000
97056  29.177  1.340  -0.087 0.0000000000
98016  28.746  2.087  1.602 0.0000000000
98025  28.441  3.130  -0.272 0.0000000000
99960  27.960  4.598  -0.783 0.0000000000
85308  28.161  -9.336  2.334 0.0000000000
87474  29.868  -7.712  1.227 0.0000000000
87472  30.982  -7.733  1.369 0.0000000000
88578  32.138  -6.719  2.241 0.0000000000
93027  30.903  -3.734  -2.525 0.0000000000
93006  32.485  -3.655  -1.526 0.0000000000
93044  33.172  -2.498  -2.635 0.0000000000
90924  29.430  -4.746  1.776 0.0000000000
92962  29.097  -3.382  1.969 0.0000000000
93008  30.401  -3.276  -0.926 0.0000000000
94045  30.447  -2.683  -2.614 0.0000000000
94077  30.973  -1.771  -3.945 0.0000000000
96115  30.930  0.088  -4.969 0.0000000000
97077  29.237  1.353  -2.400 0.0000000000
97100  30.141  1.672  -3.823 0.0000000000
100939  25.253  5.696  3.061 0.0000000000
104789  25.540  9.583  2.060 0.0000000000
102935  25.325  7.667  2.622 0.0000000000
101921  25.895  6.698  2.766 0.0000000000
100937  27.418  5.629  2.172 0.0000000000
100954  27.579  5.714  1.007 0.0000000000
99961  27.556  5.448  -1.336 0.0000000000
82074  28.261  -12.625  2.666 0.0000000000
84262  28.799  -10.291  1.979 0.0000000000
92008  33.234  -3.738  0.532 0.0000000000
90944  33.625  -4.406  1.702 0.0000000000
98958  27.171  3.580  2.917 0.0000000000
99925  26.696  3.974  3.184 0.0000000000
90968  30.792  -5.139  -0.476 0.0000000000
90967  31.189  -5.469  -0.422 0.0000000000
90984  31.420  -5.107  -0.866 0.0000000000
77998  25.580  -16.639  4.883 0.0000000000
80037  28.272  -13.884  3.392 0.0000000000
95010  29.405  -0.595  1.379 0.0000000000
99976  28.481  4.375  -2.925 0.0000000000
99000  28.868  3.830  -3.168 0.0000000000
102937  22.938  7.631  2.645 0.0000000000
103881  27.402  8.413  0.253 0.0000000000
102969  26.736  8.225  -1.593 0.0000000000
87429  32.063  -7.652  3.132 0.0000000000
85286  31.639  -9.067  3.047 0.0000000000
80039  26.910  -14.125  3.431 0.0000000000
98007  28.250  2.491  2.424 0.0000000000
99937  27.942  3.888  1.287 0.0000000000
98976  28.142  3.552  0.752 0.0000000000
98985  28.115  3.884  -0.226 0.0000000000
105681  22.648  10.324  2.493 0.0000000000
86364  28.292  -8.459  2.232 0.0000000000
87451  29.285  -7.633  1.804 0.0000000000
89754  31.508  -6.009  0.721 0.0000000000
88601  31.862  -6.311  1.381 0.0000000000
88579  31.706  -7.175  2.022 0.0000000000
89753  32.449  -5.546  1.358 0.0000000000
79018  27.166  -16.107  4.591 0.0000000000
93046  31.306  -3.135  -3.107 0.0000000000
93045  32.272  -2.598  -3.065 0.0000000000
94075  32.896  -2.403  -3.579 0.0000000000
94001  29.793  -1.640  0.871 0.0000000000
92993  30.151  -2.448  0.487 0.0000000000
92976  30.209  -3.219  0.482 0.0000000000
92992  30.451  -2.860  -0.163 0.0000000000
93028  30.547  -3.480  -1.768 0.0000000000
94031  30.253  -2.248  -1.408 0.0000000000
95055  29.773  -0.391  -1.883 0.0000000000
95069  30.298  -0.869  -3.546 0.0000000000
95082  30.832  -0.805  -4.456 0.0000000000
96105  30.445  0.464  -4.007 0.0000000000
97064  29.296  1.435  -1.399 0.0000000000
97088  29.426  1.660  -3.264 0.0000000000
97099  30.859  1.793  -4.364 0.0000000000
100941  23.009  5.972  2.514 0.0000000000
100940  23.863  5.193  2.720 0.0000000000
104804  26.653  9.960  1.269 0.0000000000
105692  26.470  10.712  1.056 0.0000000000
103883  26.324  9.382  1.716 0.0000000000
103868  26.048  8.629  2.130 0.0000000000
101936  27.439  7.352  1.372 0.0000000000
101920  27.093  6.774  2.030 0.0000000000
100938  26.388  5.646  2.826 0.0000000000
101919  27.552  6.276  1.538 0.0000000000
100972  26.886  6.252  -1.975 0.0000000000
100963  27.428  6.085  -0.483 0.0000000000
99969  27.348  5.657  -2.146 0.0000000000
85307  29.100  -9.367  1.725 0.0000000000
85306  30.213  -9.444  1.797 0.0000000000
84246  30.688  -10.518  2.775 0.0000000000
84247  30.234  -10.507  2.265 0.0000000000
83172  30.326  -10.990  2.663 0.0000000000
82072  29.791  -12.216  2.998 0.0000000000
93005  33.184  -3.043  -1.208 0.0000000000
92026  32.772  -3.573  -0.578 0.0000000000
92025  33.752  -3.153  -0.341 0.0000000000
97996  27.277  2.945  2.911 0.0000000000
98968  27.973  3.817  2.121 0.0000000000
99938  27.831  4.420  1.889 0.0000000000
89756  30.151  -6.298  1.196 0.0000000000
88580  29.521  -6.741  1.677 0.0000000000
89755  30.713  -5.988  0.517 0.0000000000
89774  31.110  -5.666  -0.005 0.0000000000
89790  32.102  -5.132  0.059 0.0000000000
79034  27.807  -15.242  3.946 0.0000000000
79033  28.368  -14.947  3.871 0.0000000000
79016  28.730  -15.345  4.379 0.0000000000
93065  32.424  -2.403  -5.095 0.0000000000
93056  32.853  -2.228  -4.586 0.0000000000
94002  29.257  -1.619  1.921 0.0000000000
94032  30.196  -1.522  -1.063 0.0000000000
95040  30.028  -0.717  -1.128 0.0000000000
96074  29.629  -0.106  -2.376 0.0000000000
98033  28.429  3.188  -1.782 0.0000000000
99012  29.532  3.405  -3.403 0.0000000000
104815  26.980  9.756  0.738 0.0000000000
103882  26.990  8.886  1.056 0.0000000000
102946  27.399  7.881  0.814 0.0000000000
101957  26.407  7.341  -2.376 0.0000000000
86361  30.913  -8.548  1.873 0.0000000000
85287  31.158  -9.571  2.662 0.0000000000
78017  25.942  -16.128  4.555 0.0000000000
79036  25.810  -15.515  4.423 0.0000000000
80026  27.086  -14.683  3.699 0.0000000000
80038  27.444  -14.028  3.385 0.0000000000
96032  29.019  0.458  1.889 0.0000000000
97047  29.154  1.365  1.138 0.0000000000
98024  28.789  2.155  0.455 0.0000000000
98017  28.500  2.828  1.177 0.0000000000
98993  28.136  3.933  -1.379 0.0000000000
99968  28.066  4.993  -2.317 0.0000000000
104792  22.008  9.913  2.591 0.0000000000
104791  23.030  9.681  2.525 0.0000000000
86363  29.128  -8.421  1.798 0.0000000000
86385  29.712  -8.376  1.356 0.0000000000
88604  30.157  -7.132  1.226 0.0000000000
87473  30.450  -7.736  1.161 0.0000000000
86383  30.655  -8.136  1.394 0.0000000000
87450  31.489  -7.759  2.181 0.0000000000
87449  31.832  -7.319  2.395 0.0000000000
92046  31.266  -4.456  -1.969 0.0000000000
92045  31.845  -4.400  -1.842 0.0000000000
93026  31.862  -3.745  -2.311 0.0000000000
93025  32.756  -3.022  -2.111 0.0000000000
93024  33.635  -2.658  -1.859 0.0000000000
94074  33.405  -2.204  -3.998 0.0000000000
93043  33.981  -2.220  -2.481 0.0000000000
93022  35.342  -2.486  -1.943 0.0000000000
90947  30.070  -5.079  1.151 0.0000000000
90946  30.457  -4.879  0.344 0.0000000000
91990  29.554  -4.020  1.508 0.0000000000
92010  30.455  -3.989  -0.173 0.0000000000
92029  30.473  -4.303  -1.176 0.0000000000
94044  30.781  -3.172  -3.050 0.0000000000
94062  30.851  -2.628  -3.523 0.0000000000
94063  30.327  -1.877  -3.254 0.0000000000
94076  30.970  -2.640  -4.525 0.0000000000
94094  31.257  -1.718  -5.313 0.0000000000
95100  31.472  -0.865  -5.314 0.0000000000
96075  29.537  0.389  -1.776 0.0000000000
96090  29.449  0.693  -2.776 0.0000000000
96106  29.736  0.896  -3.473 0.0000000000
99940  25.505  4.278  3.243 0.0000000000
104790  24.261  9.755  2.311 0.0000000000
105678  25.162  10.406  2.101 0.0000000000
103869  24.796  8.655  2.398 0.0000000000
103867  26.733  8.289  1.898 0.0000000000
102934  26.451  7.681  2.332 0.0000000000
99939  26.880  4.697  2.762 0.0000000000
99951  27.774  5.081  0.144 0.0000000000
81032  27.759  -13.317  3.032 0.0000000000
81031  28.632  -13.297  2.926 0.0000000000
83188  28.663  -11.275  2.191 0.0000000000
84261  29.609  -10.389  1.888 0.0000000000
83187  29.247  -10.933  1.934 0.0000000000
83174  29.126  -11.913  2.277 0.0000000000
82073  29.195  -12.538  2.650 0.0000000000
92027  32.120  -4.379  -1.113 0.0000000000
92009  32.506  -4.211  -0.165 0.0000000000
90966  32.499  -4.657  0.588 0.0000000000
92007  34.426  -3.457  0.490 0.0000000000
91988  33.490  -4.005  1.191 0.0000000000
90945  32.886  -4.695  1.372 0.0000000000
89752  33.120  -4.940  1.747 0.0000000000
79019  25.463  -15.910  4.728 0.0000000000
81030  29.209  -13.234  3.146 0.0000000000
83155  30.106  -11.876  3.042 0.0000000000
85305  30.673  -9.095  2.029 0.0000000000
85321  29.645  -8.932  1.466 0.0000000000
86362  30.514  -8.894  1.734 0.0000000000
86384  30.300  -8.497  1.356 0.0000000000
87430  31.652  -8.123  2.838 0.0000000000
88602  31.373  -6.876  1.365 0.0000000000
89773  31.682  -5.420  0.097 0.0000000000
90925  28.842  -4.929  2.224 0.0000000000
90965  33.095  -4.235  1.135 0.0000000000
90983  32.096  -4.852  -0.347 0.0000000000
91000  31.165  -4.853  -1.561 0.0000000000
91001  30.956  -4.720  -1.736 0.0000000000
91989  30.133  -3.998  0.806 0.0000000000
92028  31.549  -4.697  -1.522 0.0000000000
92047  30.753  -4.364  -1.827 0.0000000000
92977  29.661  -2.850  1.332 0.0000000000
93004  34.010  -2.680  -1.047 0.0000000000
93007  32.171  -4.179  -1.810 0.0000000000
93042  34.870  -2.068  -2.498 0.0000000000
93057  32.435  -2.564  -4.279 0.0000000000
93066  31.485  -2.872  -5.043 0.0000000000
93067  31.004  -2.673  -5.254 0.0000000000
93072  31.689  -2.251  -5.328 0.0000000000
93073  31.168  -2.435  -5.277 0.0000000000
94019  30.363  -2.541  -0.702 0.0000000000
94059  34.179  -1.860  -3.213 0.0000000000
94060  33.411  -2.196  -3.177 0.0000000000
94061  32.935  -2.389  -3.119 0.0000000000
94086  30.909  -2.793  -5.098 0.0000000000
94087  30.896  -2.078  -5.027 0.0000000000
95039  30.162  -1.390  -1.462 0.0000000000
95094  30.964  -0.910  -5.198 0.0000000000
96116  31.659  -0.270  -5.273 0.0000000000
96117  31.302  -0.250  -5.268 0.0000000000
97995  27.746  2.855  2.623 0.0000000000
98006  28.618  2.072  2.284 0.0000000000
98956  27.987  3.070  2.354 0.0000000000
98957  27.730  3.508  2.432 0.0000000000
99001  28.342  3.947  -2.474 0.0000000000
99923  27.502  3.910  2.534 0.0000000000
