#!ascii label  , from subject A00073677 vox2ras=TkReg
1346
60454  -32.069  -12.228  63.750 0.0000000000
68647  -46.316  -4.504  55.799 0.0000000000
66612  -38.164  -6.876  59.552 0.0000000000
40970  -7.753  -32.072  85.829 0.0000000000
54299  -31.611  -18.036  69.139 0.0000000000
45328  -22.318  -28.074  84.419 0.0000000000
42109  -32.398  -30.106  81.784 0.0000000000
51515  -33.963  -22.588  77.756 0.0000000000
53269  -35.485  -20.034  75.795 0.0000000000
46424  -13.229  -26.796  79.744 0.0000000000
46342  -18.188  -27.204  85.493 0.0000000000
46429  -17.610  -26.937  79.169 0.0000000000
43297  -26.731  -29.998  77.888 0.0000000000
46467  -30.598  -27.052  77.160 0.0000000000
59414  -36.195  -13.700  69.339 0.0000000000
61366  -37.501  -11.048  65.703 0.0000000000
65624  -42.672  -8.053  58.210 0.0000000000
63461  -34.336  -9.683  60.644 0.0000000000
68680  -44.671  -4.825  51.126 0.0000000000
36191  -5.525  -36.291  86.795 0.0000000000
56404  -37.520  -16.665  72.557 0.0000000000
58495  -32.015  -14.985  66.557 0.0000000000
44350  -21.910  -29.074  79.402 0.0000000000
44311  -26.850  -29.401  82.734 0.0000000000
66546  -39.600  -7.147  64.321 0.0000000000
76413  -44.728  4.050  48.270 0.0000000000
50563  -32.150  -22.917  76.082 0.0000000000
52414  -33.182  -21.156  75.041 0.0000000000
46427  -15.721  -26.558  79.511 0.0000000000
46492  -28.994  -27.002  75.143 0.0000000000
48521  -30.498  -24.988  75.511 0.0000000000
49493  -32.867  -24.783  77.387 0.0000000000
60404  -34.299  -13.181  66.611 0.0000000000
61337  -36.710  -12.683  67.305 0.0000000000
61364  -35.218  -12.072  65.515 0.0000000000
65639  -45.480  -6.922  56.388 0.0000000000
65583  -46.604  -7.213  59.559 0.0000000000
70759  -46.848  -2.139  55.127 0.0000000000
39055  -7.519  -33.822  82.225 0.0000000000
38074  -7.081  -34.441  86.386 0.0000000000
54233  -34.650  -18.906  73.031 0.0000000000
54236  -37.109  -18.323  73.862 0.0000000000
55319  -34.400  -18.065  70.258 0.0000000000
57465  -34.308  -15.747  69.562 0.0000000000
55352  -31.946  -17.197  68.174 0.0000000000
45309  -20.139  -27.698  85.053 0.0000000000
46314  -20.901  -27.400  87.504 0.0000000000
46316  -22.737  -28.010  86.650 0.0000000000
45299  -24.972  -27.894  86.154 0.0000000000
46479  -19.203  -27.054  76.101 0.0000000000
45439  -21.568  -28.270  76.302 0.0000000000
42151  -29.348  -30.550  79.078 0.0000000000
42102  -26.154  -30.932  80.454 0.0000000000
43216  -29.262  -29.833  82.420 0.0000000000
44265  -29.441  -28.933  84.805 0.0000000000
44304  -10.303  -28.515  82.901 0.0000000000
45307  -11.637  -27.636  85.477 0.0000000000
46281  -11.828  -26.881  89.431 0.0000000000
65561  -35.354  -8.117  60.420 0.0000000000
64473  -36.773  -8.861  62.517 0.0000000000
66566  -38.560  -6.436  62.227 0.0000000000
78264  -46.395  6.150  46.707 0.0000000000
39940  -6.667  -32.433  89.559 0.0000000000
52372  -34.749  -21.457  80.343 0.0000000000
53242  -35.507  -19.473  79.344 0.0000000000
51534  -34.597  -21.292  76.872 0.0000000000
53294  -33.757  -19.926  74.038 0.0000000000
46381  -13.651  -26.850  82.601 0.0000000000
46340  -16.034  -26.720  85.578 0.0000000000
46383  -15.524  -26.842  82.480 0.0000000000
45361  -17.859  -27.514  82.159 0.0000000000
45363  -19.540  -27.905  82.382 0.0000000000
44400  -23.972  -28.961  75.337 0.0000000000
44403  -26.424  -28.445  75.697 0.0000000000
44367  -29.055  -29.059  77.534 0.0000000000
44353  -31.449  -28.645  78.865 0.0000000000
47402  -33.094  -26.090  79.609 0.0000000000
50498  -33.754  -23.683  80.445 0.0000000000
45414  -12.007  -27.640  79.001 0.0000000000
59383  -37.559  -13.500  72.147 0.0000000000
60319  -40.484  -12.644  73.519 0.0000000000
60358  -38.216  -12.678  70.628 0.0000000000
61328  -39.199  -11.704  68.979 0.0000000000
65602  -40.264  -7.795  58.510 0.0000000000
67584  -40.630  -5.619  60.688 0.0000000000
65563  -43.560  -6.553  60.360 0.0000000000
32513  -3.453  -40.897  89.710 0.0000000000
61406  -33.361  -11.286  61.963 0.0000000000
64522  -32.867  -8.131  59.076 0.0000000000
65619  -37.527  -8.567  57.670 0.0000000000
64551  -39.552  -9.002  56.382 0.0000000000
65660  -42.153  -8.161  54.793 0.0000000000
66674  -44.374  -6.250  54.042 0.0000000000
68666  -45.722  -4.499  53.718 0.0000000000
67663  -43.188  -5.838  51.814 0.0000000000
38047  -5.241  -34.448  89.629 0.0000000000
36167  -2.718  -36.904  90.087 0.0000000000
33409  -2.084  -38.963  89.992 0.0000000000
59321  -38.352  -14.414  77.572 0.0000000000
54188  -36.966  -18.152  77.466 0.0000000000
56364  -37.839  -16.391  76.014 0.0000000000
58424  -38.021  -14.849  74.483 0.0000000000
58450  -36.417  -15.164  70.943 0.0000000000
58483  -34.120  -14.445  68.672 0.0000000000
59477  -31.913  -13.491  65.792 0.0000000000
46297  -19.360  -26.659  88.633 0.0000000000
45400  -20.252  -27.573  79.459 0.0000000000
44307  -22.362  -28.959  82.191 0.0000000000
44366  -23.345  -29.967  78.268 0.0000000000
44329  -24.014  -29.752  81.466 0.0000000000
45347  -24.940  -28.315  83.965 0.0000000000
44263  -27.336  -28.812  85.257 0.0000000000
41021  -8.292  -32.006  82.966 0.0000000000
42078  -9.069  -30.465  82.415 0.0000000000
43152  -8.696  -30.190  85.314 0.0000000000
62400  -35.249  -10.450  63.083 0.0000000000
64427  -38.045  -9.081  65.082 0.0000000000
65476  -40.472  -7.713  66.337 0.0000000000
67541  -41.785  -4.807  63.527 0.0000000000
69763  -46.133  -2.986  51.890 0.0000000000
72652  -46.969  0.087  51.843 0.0000000000
74605  -47.095  1.962  51.104 0.0000000000
74633  -46.165  1.930  48.211 0.0000000000
76400  -47.806  4.094  50.315 0.0000000000
50575  -31.422  -22.755  74.960 0.0000000000
51548  -31.626  -22.367  74.763 0.0000000000
51566  -31.150  -21.998  74.359 0.0000000000
48536  -29.690  -24.887  74.655 0.0000000000
49536  -30.987  -23.853  75.207 0.0000000000
49522  -31.685  -23.888  76.147 0.0000000000
60420  -32.964  -12.573  65.248 0.0000000000
60422  -34.739  -12.688  66.098 0.0000000000
61378  -32.972  -11.876  64.202 0.0000000000
66653  -45.680  -6.156  56.065 0.0000000000
66645  -46.676  -5.962  57.339 0.0000000000
67618  -46.933  -4.995  57.641 0.0000000000
69724  -46.765  -3.426  56.822 0.0000000000
69737  -46.591  -3.200  55.471 0.0000000000
40008  -7.931  -33.040  83.713 0.0000000000
38090  -7.565  -34.419  84.458 0.0000000000
39003  -7.449  -33.522  86.504 0.0000000000
54270  -33.563  -18.549  70.951 0.0000000000
54271  -34.576  -18.293  71.041 0.0000000000
54285  -33.664  -18.231  69.978 0.0000000000
55343  -33.447  -17.221  69.341 0.0000000000
55341  -32.127  -17.626  68.754 0.0000000000
46307  -14.006  -26.596  87.792 0.0000000000
45311  -21.997  -27.842  85.183 0.0000000000
46345  -21.673  -27.671  85.872 0.0000000000
46346  -22.624  -27.626  85.844 0.0000000000
45298  -24.004  -27.748  86.359 0.0000000000
45313  -24.065  -27.537  85.607 0.0000000000
42129  -30.637  -30.827  80.477 0.0000000000
42106  -29.779  -30.845  81.201 0.0000000000
43241  -30.639  -30.108  82.190 0.0000000000
43196  -30.300  -29.532  83.197 0.0000000000
46364  -12.733  -26.972  83.758 0.0000000000
46337  -13.096  -26.878  85.620 0.0000000000
46306  -13.070  -26.850  87.616 0.0000000000
59323  -39.680  -13.429  77.236 0.0000000000
66596  -37.031  -7.306  60.182 0.0000000000
66580  -36.914  -7.514  60.675 0.0000000000
66597  -37.789  -6.736  60.266 0.0000000000
51502  -34.300  -22.420  79.219 0.0000000000
52379  -34.969  -20.879  78.659 0.0000000000
51533  -33.944  -21.886  76.772 0.0000000000
52429  -32.800  -20.530  74.232 0.0000000000
53308  -32.325  -19.867  73.541 0.0000000000
54231  -32.453  -19.433  73.086 0.0000000000
46394  -13.807  -26.774  81.602 0.0000000000
46382  -14.592  -26.759  82.552 0.0000000000
46395  -14.698  -26.642  81.548 0.0000000000
46428  -16.563  -26.789  79.199 0.0000000000
46397  -16.473  -26.889  81.348 0.0000000000
45375  -18.119  -27.469  81.601 0.0000000000
45362  -18.624  -27.669  82.334 0.0000000000
45376  -18.785  -27.545  81.354 0.0000000000
45465  -25.658  -27.771  74.379 0.0000000000
46482  -29.839  -26.970  76.259 0.0000000000
45443  -28.829  -27.801  76.159 0.0000000000
45419  -30.049  -28.058  77.273 0.0000000000
44369  -30.598  -28.633  78.282 0.0000000000
45403  -31.488  -27.590  78.555 0.0000000000
45404  -32.292  -27.666  79.362 0.0000000000
47417  -31.933  -26.564  78.377 0.0000000000
50531  -33.735  -23.648  78.349 0.0000000000
49478  -33.724  -24.418  78.846 0.0000000000
50532  -33.951  -23.097  78.783 0.0000000000
50516  -34.166  -23.069  79.871 0.0000000000
46423  -12.509  -27.160  79.819 0.0000000000
59394  -37.007  -13.962  70.863 0.0000000000
60346  -37.812  -13.090  71.331 0.0000000000
60356  -37.167  -13.411  70.201 0.0000000000
61352  -37.691  -11.710  66.522 0.0000000000
61327  -38.191  -12.181  68.670 0.0000000000
61339  -38.709  -11.573  67.646 0.0000000000
62345  -39.971  -10.795  67.405 0.0000000000
62357  -39.012  -10.504  66.540 0.0000000000
65623  -41.918  -7.876  58.474 0.0000000000
66635  -41.942  -6.647  59.630 0.0000000000
65605  -43.472  -7.726  59.048 0.0000000000
65584  -47.347  -6.582  59.923 0.0000000000
64538  -38.854  -8.885  57.083 0.0000000000
64550  -38.574  -9.098  56.141 0.0000000000
64576  -41.039  -8.726  54.998 0.0000000000
66663  -43.944  -6.830  54.711 0.0000000000
65671  -43.062  -6.819  53.602 0.0000000000
66685  -43.881  -6.122  53.268 0.0000000000
37122  -5.963  -36.151  85.136 0.0000000000
36200  -4.977  -37.279  86.725 0.0000000000
39922  -5.401  -32.194  91.350 0.0000000000
38979  -5.984  -33.515  89.660 0.0000000000
38968  -4.511  -33.439  91.104 0.0000000000
37073  -2.442  -35.538  91.762 0.0000000000
35218  -2.093  -37.233  91.603 0.0000000000
35237  -2.093  -37.970  90.240 0.0000000000
34311  -2.764  -38.348  91.406 0.0000000000
33407  -3.284  -38.926  91.068 0.0000000000
53262  -35.944  -19.388  77.369 0.0000000000
54175  -36.395  -18.463  78.234 0.0000000000
54187  -36.614  -18.784  77.059 0.0000000000
55310  -37.351  -17.763  73.122 0.0000000000
55291  -37.799  -17.400  74.635 0.0000000000
56390  -37.922  -16.575  73.594 0.0000000000
57398  -38.036  -15.630  75.354 0.0000000000
57422  -37.622  -15.723  72.908 0.0000000000
58440  -37.006  -14.980  72.000 0.0000000000
57434  -36.689  -15.521  71.408 0.0000000000
57478  -33.174  -15.735  68.509 0.0000000000
58467  -33.912  -15.148  68.907 0.0000000000
58496  -32.540  -14.525  66.932 0.0000000000
59442  -33.050  -14.063  66.966 0.0000000000
59456  -31.539  -14.196  65.455 0.0000000000
46341  -17.078  -26.952  85.541 0.0000000000
46311  -17.502  -26.456  87.720 0.0000000000
46326  -17.891  -26.871  86.597 0.0000000000
45416  -21.044  -27.928  78.351 0.0000000000
46448  -19.947  -27.356  78.471 0.0000000000
45401  -20.915  -27.903  79.410 0.0000000000
45390  -20.711  -28.052  80.349 0.0000000000
44339  -21.724  -28.929  80.285 0.0000000000
43327  -25.029  -29.583  76.783 0.0000000000
44378  -23.826  -29.869  77.501 0.0000000000
43295  -24.963  -30.436  78.006 0.0000000000
43213  -26.319  -30.174  82.032 0.0000000000
43212  -25.326  -30.071  81.806 0.0000000000
44310  -25.757  -29.516  82.598 0.0000000000
44309  -24.475  -29.509  82.163 0.0000000000
44288  -25.285  -28.883  83.214 0.0000000000
45331  -25.705  -27.899  84.685 0.0000000000
45349  -26.975  -28.364  84.007 0.0000000000
46386  -33.862  -26.662  81.576 0.0000000000
43227  -9.576  -29.682  81.456 0.0000000000
44282  -9.560  -29.118  84.235 0.0000000000
43188  -8.718  -30.465  83.683 0.0000000000
45242  -11.424  -26.764  90.933 0.0000000000
62424  -33.728  -10.595  61.042 0.0000000000
62399  -34.725  -10.796  62.827 0.0000000000
63425  -34.962  -10.212  61.958 0.0000000000
65520  -37.899  -7.795  63.074 0.0000000000
64457  -37.122  -9.121  63.721 0.0000000000
64444  -38.391  -8.309  64.606 0.0000000000
64429  -39.346  -8.318  65.470 0.0000000000
65492  -39.688  -7.665  65.194 0.0000000000
67571  -42.641  -4.999  61.727 0.0000000000
67555  -41.520  -4.838  62.155 0.0000000000
68575  -43.202  -4.973  62.820 0.0000000000
68673  -45.347  -4.662  52.436 0.0000000000
69753  -45.870  -3.756  52.708 0.0000000000
69762  -45.614  -3.909  51.539 0.0000000000
71721  -46.611  -1.254  50.245 0.0000000000
72675  -46.754  -0.281  49.390 0.0000000000
73659  -47.030  0.945  50.813 0.0000000000
73673  -46.970  0.820  49.691 0.0000000000
76412  -43.592  3.834  48.802 0.0000000000
75493  -44.119  2.990  49.304 0.0000000000
75508  -45.519  3.034  48.305 0.0000000000
75509  -46.451  2.960  48.640 0.0000000000
77322  -47.318  4.385  49.064 0.0000000000
78251  -47.132  5.355  48.061 0.0000000000
78290  -47.920  5.298  45.986 0.0000000000
50564  -32.666  -23.029  76.657 0.0000000000
52399  -33.399  -21.769  75.933 0.0000000000
51531  -32.421  -22.589  75.909 0.0000000000
51567  -31.918  -21.662  74.333 0.0000000000
46410  -14.771  -26.499  80.534 0.0000000000
47502  -28.941  -25.829  74.491 0.0000000000
47493  -29.764  -25.998  75.569 0.0000000000
47476  -30.714  -26.046  76.514 0.0000000000
48484  -31.892  -25.714  77.530 0.0000000000
48502  -31.550  -25.038  76.390 0.0000000000
50548  -32.489  -23.558  76.681 0.0000000000
59445  -35.034  -13.596  68.049 0.0000000000
60376  -36.337  -13.307  68.577 0.0000000000
60406  -35.871  -12.829  67.113 0.0000000000
61350  -35.660  -12.495  66.213 0.0000000000
61365  -36.685  -11.580  65.622 0.0000000000
65626  -44.787  -7.915  57.546 0.0000000000
65606  -44.607  -7.795  58.756 0.0000000000
65607  -45.704  -7.329  58.442 0.0000000000
66619  -47.244  -6.461  59.092 0.0000000000
71701  -46.901  -1.176  54.798 0.0000000000
38089  -7.079  -35.084  84.364 0.0000000000
37113  -6.534  -35.264  86.275 0.0000000000
54215  -35.051  -19.250  73.763 0.0000000000
53297  -36.152  -19.331  74.634 0.0000000000
54234  -35.617  -18.847  73.193 0.0000000000
55308  -36.090  -18.119  71.958 0.0000000000
55321  -35.995  -17.526  71.300 0.0000000000
56431  -35.281  -16.392  70.527 0.0000000000
56429  -34.154  -16.694  69.650 0.0000000000
56455  -33.100  -16.375  68.748 0.0000000000
57476  -32.083  -16.195  67.256 0.0000000000
46343  -19.460  -27.473  85.322 0.0000000000
46328  -20.245  -27.277  86.590 0.0000000000
46344  -20.639  -27.706  85.831 0.0000000000
46315  -21.874  -28.007  87.191 0.0000000000
44254  -25.000  -28.469  86.527 0.0000000000
45429  -20.898  -27.887  77.056 0.0000000000
45430  -21.558  -28.493  77.467 0.0000000000
42171  -27.839  -30.396  78.451 0.0000000000
42148  -26.539  -30.853  79.128 0.0000000000
42126  -27.591  -30.894  79.832 0.0000000000
43238  -28.054  -30.505  81.597 0.0000000000
44312  -27.898  -29.241  82.821 0.0000000000
45351  -28.114  -28.442  84.023 0.0000000000
44292  -29.685  -29.149  83.392 0.0000000000
44349  -10.655  -28.170  80.101 0.0000000000
45358  -10.871  -27.899  82.784 0.0000000000
45306  -10.992  -27.882  85.521 0.0000000000
45284  -10.504  -27.879  87.507 0.0000000000
46305  -12.159  -27.106  87.472 0.0000000000
64499  -35.179  -8.613  60.610 0.0000000000
64472  -35.928  -9.243  61.909 0.0000000000
65548  -36.675  -8.111  61.285 0.0000000000
65549  -37.446  -7.621  61.750 0.0000000000
66558  -39.415  -6.395  63.229 0.0000000000
68714  -43.859  -3.847  49.341 0.0000000000
69770  -45.371  -3.817  50.398 0.0000000000
69783  -44.072  -2.951  48.871 0.0000000000
76425  -43.654  3.897  47.948 0.0000000000
77333  -44.993  4.931  47.715 0.0000000000
76437  -44.010  3.817  47.235 0.0000000000
75535  -44.925  3.701  46.232 0.0000000000
42007  -7.980  -31.208  87.601 0.0000000000
39956  -7.404  -32.685  87.717 0.0000000000
54144  -35.338  -19.531  80.888 0.0000000000
53241  -35.193  -20.184  79.445 0.0000000000
52387  -35.115  -20.674  77.599 0.0000000000
52401  -34.997  -20.652  76.320 0.0000000000
52400  -34.097  -21.358  75.976 0.0000000000
52415  -34.141  -20.743  75.311 0.0000000000
53280  -35.134  -20.077  74.923 0.0000000000
54214  -34.148  -19.415  73.595 0.0000000000
54251  -32.950  -18.751  72.126 0.0000000000
46365  -13.520  -26.833  83.634 0.0000000000
46339  -15.028  -26.480  85.636 0.0000000000
46356  -15.256  -26.685  84.560 0.0000000000
46357  -16.250  -26.917  84.512 0.0000000000
46358  -17.297  -27.169  84.448 0.0000000000
46396  -15.597  -26.699  81.461 0.0000000000
46384  -16.433  -27.083  82.361 0.0000000000
46359  -18.338  -27.431  84.425 0.0000000000
46371  -18.947  -27.642  83.839 0.0000000000
45343  -20.381  -28.104  83.366 0.0000000000
45344  -21.485  -28.431  83.226 0.0000000000
44413  -25.274  -28.487  74.934 0.0000000000
43329  -26.177  -29.200  76.617 0.0000000000
45453  -27.787  -27.357  75.205 0.0000000000
44393  -27.812  -28.299  76.446 0.0000000000
43316  -27.375  -29.519  77.234 0.0000000000
43299  -28.799  -29.848  77.978 0.0000000000
42152  -30.511  -30.478  79.355 0.0000000000
43279  -32.158  -29.642  79.779 0.0000000000
43260  -33.095  -29.587  81.229 0.0000000000
45405  -32.548  -28.206  79.667 0.0000000000
46400  -33.369  -26.648  80.376 0.0000000000
47377  -33.156  -25.350  81.092 0.0000000000
48450  -32.911  -25.593  78.639 0.0000000000
48433  -33.419  -25.151  79.906 0.0000000000
49446  -33.359  -24.233  80.928 0.0000000000
50466  -33.432  -23.226  81.844 0.0000000000
45387  -11.741  -27.622  80.800 0.0000000000
60289  -38.795  -13.554  74.479 0.0000000000
60316  -38.447  -12.836  72.915 0.0000000000
60332  -38.903  -12.314  72.382 0.0000000000
61299  -39.801  -11.504  71.741 0.0000000000
61317  -37.955  -12.496  69.176 0.0000000000
61319  -39.150  -11.784  70.057 0.0000000000
66631  -38.682  -7.346  58.976 0.0000000000
67582  -39.369  -6.053  60.037 0.0000000000
66615  -40.667  -6.295  59.526 0.0000000000
66600  -42.173  -5.941  60.492 0.0000000000
66583  -43.761  -5.711  61.363 0.0000000000
65581  -44.297  -7.340  59.771 0.0000000000
65550  -45.243  -6.959  61.282 0.0000000000
60470  -31.305  -12.462  62.409 0.0000000000
61393  -32.251  -11.963  63.226 0.0000000000
61417  -31.657  -11.980  61.284 0.0000000000
61433  -32.507  -10.854  60.474 0.0000000000
62444  -32.699  -10.161  60.151 0.0000000000
63475  -33.048  -8.958  59.686 0.0000000000
65576  -34.212  -7.994  59.619 0.0000000000
65577  -35.243  -7.684  59.470 0.0000000000
65598  -36.464  -7.828  58.619 0.0000000000
65599  -37.266  -7.956  58.368 0.0000000000
65601  -39.296  -7.985  58.453 0.0000000000
65622  -40.334  -8.341  57.980 0.0000000000
64541  -41.772  -8.439  57.809 0.0000000000
64563  -39.284  -9.063  55.337 0.0000000000
64565  -41.137  -8.821  55.897 0.0000000000
65648  -42.852  -8.332  56.186 0.0000000000
65649  -43.577  -7.589  55.505 0.0000000000
66652  -45.099  -6.768  55.676 0.0000000000
66665  -45.291  -6.062  55.166 0.0000000000
68658  -45.909  -4.762  54.906 0.0000000000
67647  -44.943  -5.831  53.855 0.0000000000
67665  -44.661  -5.308  52.360 0.0000000000
67676  -43.760  -5.335  51.254 0.0000000000
68696  -43.676  -4.877  50.256 0.0000000000
39955  -6.977  -33.234  88.167 0.0000000000
38058  -6.058  -34.604  88.693 0.0000000000
37092  -5.589  -35.406  88.689 0.0000000000
38030  -3.588  -34.158  91.706 0.0000000000
37077  -3.416  -35.313  90.282 0.0000000000
36169  -4.497  -36.321  89.244 0.0000000000
35246  -3.961  -37.827  88.841 0.0000000000
34331  -2.786  -38.532  89.298 0.0000000000
33422  -2.803  -39.809  88.205 0.0000000000
32506  -2.480  -40.136  89.691 0.0000000000
59335  -38.721  -14.547  76.620 0.0000000000
56319  -37.178  -16.681  78.674 0.0000000000
54199  -37.179  -18.441  76.403 0.0000000000
55273  -37.587  -17.266  76.707 0.0000000000
57373  -37.758  -15.460  77.426 0.0000000000
58411  -38.230  -14.950  75.881 0.0000000000
59350  -38.680  -14.288  75.253 0.0000000000
59361  -37.775  -14.507  73.617 0.0000000000
59382  -37.128  -14.096  71.802 0.0000000000
59393  -36.378  -14.448  70.480 0.0000000000
58459  -34.866  -15.298  70.016 0.0000000000
58468  -34.653  -14.629  69.396 0.0000000000
59412  -35.125  -14.015  69.094 0.0000000000
59460  -33.991  -13.614  67.097 0.0000000000
60402  -32.630  -13.029  65.807 0.0000000000
60436  -31.270  -13.080  64.322 0.0000000000
54312  -30.624  -17.882  68.091 0.0000000000
55363  -30.550  -17.078  67.062 0.0000000000
56484  -30.636  -16.497  66.343 0.0000000000
57519  -30.427  -15.265  65.361 0.0000000000
58520  -30.441  -14.658  65.137 0.0000000000
60417  -30.777  -13.675  64.673 0.0000000000
60452  -30.390  -13.054  63.477 0.0000000000
60469  -30.536  -12.759  62.533 0.0000000000
46313  -19.844  -26.944  87.616 0.0000000000
46446  -17.806  -26.702  77.886 0.0000000000
46447  -19.002  -26.982  78.205 0.0000000000
46415  -19.058  -27.345  79.912 0.0000000000
45389  -19.829  -27.636  80.330 0.0000000000
44305  -20.816  -28.451  81.776 0.0000000000
44285  -22.105  -28.671  82.908 0.0000000000
44388  -23.153  -28.992  76.089 0.0000000000
44377  -22.960  -29.595  77.271 0.0000000000
44365  -22.476  -29.613  78.426 0.0000000000
42123  -25.396  -30.874  79.649 0.0000000000
43257  -23.560  -30.195  80.147 0.0000000000
44340  -22.364  -29.454  80.122 0.0000000000
44327  -22.616  -29.361  81.201 0.0000000000
44286  -23.074  -28.820  83.067 0.0000000000
45346  -23.822  -28.422  83.939 0.0000000000
45330  -24.575  -27.806  84.698 0.0000000000
45300  -25.757  -28.122  85.753 0.0000000000
40023  -7.908  -33.074  82.666 0.0000000000
39989  -7.990  -32.178  84.299 0.0000000000
42115  -9.180  -30.670  80.387 0.0000000000
41043  -8.705  -31.572  80.474 0.0000000000
42077  -8.688  -31.172  82.592 0.0000000000
42061  -8.521  -31.157  83.812 0.0000000000
40971  -8.053  -31.363  85.785 0.0000000000
43119  -8.655  -29.796  87.359 0.0000000000
45263  -10.324  -27.714  89.333 0.0000000000
61394  -33.379  -11.485  63.069 0.0000000000
61380  -35.203  -11.204  64.439 0.0000000000
62370  -37.008  -10.593  65.007 0.0000000000
63427  -36.094  -9.538  62.655 0.0000000000
63394  -37.071  -9.724  64.271 0.0000000000
62371  -37.793  -10.349  65.433 0.0000000000
63359  -39.081  -9.519  66.071 0.0000000000
67568  -39.940  -5.639  61.175 0.0000000000
66567  -39.484  -5.931  62.449 0.0000000000
67530  -40.127  -6.256  63.919 0.0000000000
68667  -46.212  -3.619  53.630 0.0000000000
69745  -46.522  -2.821  54.191 0.0000000000
71706  -46.719  -1.054  53.752 0.0000000000
69771  -45.846  -3.029  50.822 0.0000000000
71716  -46.817  -1.142  51.411 0.0000000000
72641  -46.934  -0.058  53.194 0.0000000000
73640  -47.008  1.030  52.681 0.0000000000
74597  -47.375  1.882  52.061 0.0000000000
73688  -45.795  0.820  48.004 0.0000000000
74634  -46.874  1.881  48.978 0.0000000000
76384  -47.637  3.286  50.673 0.0000000000
78266  -47.359  5.611  46.875 0.0000000000
49556  -30.871  -23.114  74.555 0.0000000000
50588  -31.011  -22.580  74.494 0.0000000000
49555  -30.174  -23.831  74.204 0.0000000000
60437  -32.204  -12.407  64.397 0.0000000000
61362  -33.124  -12.180  64.782 0.0000000000
61377  -32.333  -12.038  63.930 0.0000000000
67626  -45.990  -5.539  56.193 0.0000000000
67627  -46.427  -5.232  56.640 0.0000000000
68633  -46.653  -4.446  56.937 0.0000000000
39988  -7.851  -32.689  84.695 0.0000000000
39011  -7.701  -33.451  85.469 0.0000000000
39975  -7.710  -32.782  85.728 0.0000000000
54284  -32.779  -18.368  70.153 0.0000000000
55329  -32.392  -18.017  69.381 0.0000000000
46308  -14.856  -26.395  88.103 0.0000000000
46323  -14.710  -26.580  86.874 0.0000000000
45312  -23.002  -27.787  85.307 0.0000000000
46347  -23.429  -27.558  85.833 0.0000000000
45329  -23.430  -27.956  84.634 0.0000000000
42130  -31.474  -30.490  80.857 0.0000000000
42107  -30.669  -30.552  81.455 0.0000000000
42108  -31.522  -30.280  81.892 0.0000000000
42087  -31.927  -30.206  82.219 0.0000000000
46322  -13.604  -26.736  86.681 0.0000000000
66611  -37.235  -7.341  59.439 0.0000000000
51503  -34.583  -21.723  78.808 0.0000000000
53292  -32.223  -20.213  73.807 0.0000000000
46409  -13.920  -26.654  80.625 0.0000000000
46413  -17.415  -26.978  80.195 0.0000000000
46399  -18.015  -27.243  80.931 0.0000000000
46414  -18.387  -27.133  80.214 0.0000000000
45433  -29.822  -27.712  76.877 0.0000000000
45420  -30.591  -27.793  77.723 0.0000000000
46450  -31.390  -26.894  78.026 0.0000000000
46432  -31.922  -26.822  78.557 0.0000000000
50550  -33.779  -23.187  78.011 0.0000000000
46408  -13.091  -26.847  80.687 0.0000000000
59404  -36.591  -13.880  70.005 0.0000000000
60345  -37.386  -13.414  70.870 0.0000000000
61353  -38.560  -11.163  66.749 0.0000000000
62356  -38.149  -10.796  66.145 0.0000000000
66604  -47.766  -6.467  60.559 0.0000000000
64549  -37.560  -9.144  55.974 0.0000000000
65670  -42.425  -7.245  53.638 0.0000000000
66683  -42.756  -6.631  52.952 0.0000000000
37112  -5.918  -35.912  86.170 0.0000000000
36201  -5.310  -36.734  86.101 0.0000000000
36190  -5.153  -36.896  87.433 0.0000000000
38961  -4.883  -32.981  91.377 0.0000000000
39917  -4.832  -32.852  92.474 0.0000000000
34304  -2.364  -37.583  91.961 0.0000000000
52402  -35.633  -19.892  76.588 0.0000000000
53270  -36.334  -19.266  76.239 0.0000000000
56405  -37.589  -17.349  73.043 0.0000000000
56389  -37.786  -16.292  72.977 0.0000000000
57435  -36.992  -15.957  71.975 0.0000000000
57492  -32.316  -15.288  67.121 0.0000000000
58481  -32.788  -15.062  67.686 0.0000000000
58506  -31.758  -14.593  65.959 0.0000000000
45402  -21.422  -28.461  79.338 0.0000000000
45391  -21.222  -28.333  80.012 0.0000000000
43314  -25.406  -29.829  77.317 0.0000000000
43296  -25.847  -30.194  77.873 0.0000000000
44289  -26.374  -28.871  83.357 0.0000000000
45348  -26.005  -28.418  84.046 0.0000000000
47378  -33.475  -25.524  81.384 0.0000000000
45294  -10.080  -28.257  86.716 0.0000000000
62446  -34.003  -10.255  60.836 0.0000000000
62425  -34.308  -10.392  61.258 0.0000000000
63443  -34.845  -10.087  61.560 0.0000000000
66545  -38.974  -7.330  63.949 0.0000000000
65507  -38.000  -8.074  63.958 0.0000000000
65508  -38.751  -7.667  64.182 0.0000000000
65509  -39.261  -7.640  64.650 0.0000000000
67572  -43.529  -5.394  61.692 0.0000000000
67556  -43.159  -4.977  62.240 0.0000000000
72693  -46.204  -0.246  48.490 0.0000000000
73689  -46.593  0.795  48.665 0.0000000000
76398  -44.133  3.647  49.008 0.0000000000
76414  -45.982  4.030  48.382 0.0000000000
77335  -46.656  4.973  48.346 0.0000000000
77334  -45.588  5.027  48.093 0.0000000000
51532  -32.986  -22.504  76.435 0.0000000000
52427  -31.222  -21.076  73.939 0.0000000000
48520  -29.899  -25.121  75.189 0.0000000000
47494  -30.461  -25.564  75.909 0.0000000000
48501  -30.890  -25.251  76.024 0.0000000000
47477  -31.478  -25.539  76.780 0.0000000000
49537  -31.586  -23.194  75.610 0.0000000000
60388  -34.881  -13.149  67.113 0.0000000000
60389  -35.436  -13.231  67.573 0.0000000000
65627  -45.579  -7.273  57.192 0.0000000000
66638  -47.378  -5.699  58.716 0.0000000000
67612  -47.526  -4.955  58.966 0.0000000000
71695  -47.147  -1.351  55.839 0.0000000000
38082  -7.602  -34.165  85.382 0.0000000000
38081  -7.181  -34.888  85.378 0.0000000000
37104  -6.514  -35.016  86.934 0.0000000000
55307  -35.271  -18.196  71.499 0.0000000000
55320  -35.148  -17.450  70.645 0.0000000000
55332  -34.624  -17.364  70.121 0.0000000000
55353  -32.410  -17.183  68.558 0.0000000000
56440  -33.044  -16.674  68.842 0.0000000000
56454  -32.603  -16.606  68.375 0.0000000000
56453  -31.906  -16.595  67.463 0.0000000000
45308  -19.760  -27.601  84.995 0.0000000000
46330  -22.272  -27.755  86.423 0.0000000000
45288  -24.506  -28.079  86.612 0.0000000000
45438  -20.846  -27.692  75.850 0.0000000000
42150  -28.352  -30.629  78.972 0.0000000000
42149  -27.359  -30.751  79.091 0.0000000000
42127  -28.570  -30.907  79.952 0.0000000000
43239  -29.023  -30.417  81.777 0.0000000000
42105  -28.791  -30.824  80.931 0.0000000000
43215  -28.409  -29.891  82.300 0.0000000000
44313  -28.866  -29.314  82.906 0.0000000000
44314  -29.444  -29.497  82.881 0.0000000000
44276  -30.374  -29.078  83.851 0.0000000000
45386  -11.107  -27.888  80.875 0.0000000000
45373  -11.019  -27.869  81.786 0.0000000000
45324  -11.928  -27.528  84.622 0.0000000000
45296  -11.343  -27.669  86.100 0.0000000000
46319  -11.339  -27.583  86.583 0.0000000000
46320  -11.823  -27.355  86.430 0.0000000000
46293  -13.414  -26.668  88.686 0.0000000000
46292  -12.483  -26.919  88.537 0.0000000000
64487  -35.740  -8.728  61.071 0.0000000000
65547  -35.925  -8.290  60.910 0.0000000000
66581  -37.575  -7.092  61.218 0.0000000000
66565  -37.905  -7.303  62.411 0.0000000000
76424  -42.917  3.763  48.486 0.0000000000
76426  -44.582  4.368  47.494 0.0000000000
75533  -43.266  3.215  47.237 0.0000000000
41994  -7.883  -31.246  88.240 0.0000000000
40902  -5.584  -31.200  91.986 0.0000000000
52366  -34.943  -20.827  80.752 0.0000000000
52373  -34.836  -20.963  79.726 0.0000000000
51516  -34.579  -21.556  77.745 0.0000000000
52388  -35.453  -20.117  77.150 0.0000000000
53278  -33.474  -20.442  74.514 0.0000000000
52416  -34.813  -20.399  75.414 0.0000000000
53279  -34.306  -20.270  74.715 0.0000000000
53295  -34.630  -19.775  74.222 0.0000000000
46355  -14.285  -26.679  84.612 0.0000000000
46366  -14.457  -26.775  83.574 0.0000000000
46367  -15.410  -26.878  83.519 0.0000000000
46368  -16.394  -27.092  83.436 0.0000000000
46411  -15.647  -26.600  80.443 0.0000000000
46385  -17.198  -27.326  82.171 0.0000000000
46369  -17.497  -27.429  83.280 0.0000000000
45340  -17.680  -27.537  82.644 0.0000000000
46370  -18.555  -27.567  83.714 0.0000000000
45341  -18.229  -27.663  82.953 0.0000000000
45364  -20.574  -28.323  82.296 0.0000000000
45451  -26.170  -27.946  74.926 0.0000000000
44402  -25.839  -28.512  75.322 0.0000000000
44391  -26.136  -28.897  76.137 0.0000000000
46491  -28.301  -26.952  74.822 0.0000000000
45454  -28.318  -27.495  75.620 0.0000000000
44382  -28.920  -28.475  77.092 0.0000000000
44394  -28.361  -28.342  76.657 0.0000000000
44381  -27.988  -28.840  76.873 0.0000000000
43317  -28.280  -29.385  77.332 0.0000000000
43318  -28.789  -29.208  77.446 0.0000000000
43301  -30.650  -29.552  78.727 0.0000000000
43278  -31.445  -29.648  79.241 0.0000000000
44355  -32.703  -28.793  79.888 0.0000000000
44354  -32.143  -28.783  79.381 0.0000000000
46416  -32.792  -26.738  79.535 0.0000000000
45392  -32.832  -27.142  79.669 0.0000000000
47403  -33.216  -26.286  79.815 0.0000000000
47390  -33.288  -25.778  80.528 0.0000000000
47389  -33.381  -25.770  80.075 0.0000000000
48467  -32.609  -25.570  77.784 0.0000000000
47437  -32.446  -25.978  78.222 0.0000000000
49477  -33.311  -25.019  78.252 0.0000000000
49462  -33.555  -24.494  79.960 0.0000000000
49461  -33.436  -25.096  79.209 0.0000000000
48417  -33.229  -24.978  80.486 0.0000000000
49430  -33.333  -23.868  81.751 0.0000000000
50481  -33.564  -23.462  81.321 0.0000000000
51494  -34.507  -22.235  80.394 0.0000000000
51488  -34.091  -22.125  81.369 0.0000000000
52365  -34.587  -21.484  81.107 0.0000000000
45399  -11.855  -27.645  79.910 0.0000000000
59373  -37.955  -13.367  72.993 0.0000000000
60303  -38.477  -13.120  73.637 0.0000000000
60347  -38.519  -12.549  71.471 0.0000000000
61281  -39.357  -11.877  72.072 0.0000000000
61298  -39.080  -11.931  71.555 0.0000000000
60391  -36.755  -12.863  68.169 0.0000000000
60377  -37.052  -12.862  68.713 0.0000000000
61326  -37.647  -12.618  68.756 0.0000000000
62324  -39.849  -11.082  70.018 0.0000000000
62333  -40.126  -11.015  68.736 0.0000000000
66632  -39.623  -7.177  58.962 0.0000000000
66614  -39.913  -6.540  59.406 0.0000000000
66633  -40.521  -6.970  59.013 0.0000000000
65579  -42.712  -6.880  59.722 0.0000000000
66618  -43.063  -6.486  60.222 0.0000000000
66601  -43.385  -6.031  60.718 0.0000000000
65582  -45.394  -7.387  59.636 0.0000000000
65551  -45.725  -7.158  61.360 0.0000000000
31544  -2.643  -41.225  89.034 0.0000000000
31552  -2.784  -41.626  88.373 0.0000000000
31545  -3.186  -41.589  89.100 0.0000000000
62443  -32.066  -10.610  60.007 0.0000000000
62464  -32.190  -10.117  59.805 0.0000000000
64507  -32.661  -8.577  59.259 0.0000000000
64509  -33.948  -8.405  59.877 0.0000000000
64508  -33.374  -8.293  59.485 0.0000000000
65596  -34.267  -7.764  58.578 0.0000000000
65578  -36.219  -7.469  59.417 0.0000000000
65597  -35.348  -7.813  58.553 0.0000000000
65600  -38.229  -8.153  58.376 0.0000000000
64539  -39.801  -8.705  57.484 0.0000000000
64540  -40.806  -8.602  57.497 0.0000000000
64552  -40.503  -8.857  56.615 0.0000000000
64577  -41.599  -8.683  55.395 0.0000000000
64566  -41.968  -8.738  55.980 0.0000000000
65637  -43.788  -7.979  56.779 0.0000000000
65650  -44.395  -7.029  55.441 0.0000000000
66664  -44.694  -6.521  54.911 0.0000000000
66675  -45.011  -6.095  54.443 0.0000000000
67648  -45.412  -5.425  54.410 0.0000000000
66693  -43.592  -6.113  52.844 0.0000000000
67655  -44.490  -5.764  53.207 0.0000000000
67664  -43.902  -5.777  52.370 0.0000000000
67677  -44.268  -5.339  51.763 0.0000000000
35270  -4.774  -37.758  86.103 0.0000000000
39948  -7.271  -32.246  88.631 0.0000000000
39947  -6.921  -32.918  88.653 0.0000000000
38037  -5.181  -33.846  90.108 0.0000000000
38986  -6.007  -34.104  89.205 0.0000000000
38067  -6.034  -35.104  88.111 0.0000000000
37083  -5.387  -35.010  89.192 0.0000000000
38959  -4.083  -33.916  92.286 0.0000000000
36153  -2.304  -35.880  91.231 0.0000000000
37076  -2.562  -35.383  90.969 0.0000000000
36162  -3.217  -36.003  90.041 0.0000000000
36168  -3.523  -36.635  89.647 0.0000000000
36179  -4.651  -36.988  88.791 0.0000000000
36178  -3.876  -37.291  89.191 0.0000000000
34330  -2.172  -38.396  89.906 0.0000000000
33415  -2.282  -38.861  89.667 0.0000000000
34340  -2.884  -39.188  88.861 0.0000000000
33416  -2.384  -39.458  89.392 0.0000000000
33410  -2.459  -39.367  90.343 0.0000000000
33408  -3.789  -38.758  91.097 0.0000000000
59310  -38.510  -14.199  78.178 0.0000000000
59322  -38.944  -14.010  77.370 0.0000000000
53230  -35.304  -19.625  79.966 0.0000000000
54153  -35.551  -18.967  80.291 0.0000000000
55246  -36.262  -17.963  79.270 0.0000000000
55247  -36.741  -17.440  78.783 0.0000000000
54176  -36.837  -17.855  78.078 0.0000000000
54217  -36.674  -18.759  74.429 0.0000000000
53271  -36.780  -18.875  75.809 0.0000000000
54206  -37.034  -18.592  75.314 0.0000000000
55285  -37.832  -17.245  75.637 0.0000000000
54200  -37.646  -17.793  76.063 0.0000000000
55258  -37.467  -16.687  77.479 0.0000000000
56345  -37.584  -16.214  76.971 0.0000000000
57413  -38.068  -15.708  74.273 0.0000000000
59362  -38.157  -13.969  73.891 0.0000000000
58451  -36.804  -14.539  71.231 0.0000000000
57455  -34.799  -15.819  70.078 0.0000000000
57456  -35.416  -15.774  70.484 0.0000000000
58482  -33.518  -14.676  68.155 0.0000000000
58469  -35.328  -14.258  69.578 0.0000000000
59426  -34.052  -14.071  68.131 0.0000000000
59427  -34.676  -13.932  68.537 0.0000000000
59458  -32.512  -13.666  66.215 0.0000000000
60419  -31.888  -12.982  65.428 0.0000000000
55350  -30.253  -17.631  67.435 0.0000000000
55362  -29.954  -17.306  66.688 0.0000000000
57503  -30.272  -16.166  65.736 0.0000000000
57504  -30.777  -15.914  66.081 0.0000000000
57518  -29.800  -15.885  65.341 0.0000000000
59473  -29.417  -14.445  64.716 0.0000000000
59492  -29.578  -13.935  64.537 0.0000000000
59493  -30.164  -13.921  64.690 0.0000000000
46324  -15.772  -26.526  86.633 0.0000000000
46431  -19.456  -27.252  79.270 0.0000000000
44326  -21.684  -28.900  81.319 0.0000000000
44325  -20.982  -28.551  81.261 0.0000000000
44306  -21.402  -28.643  82.285 0.0000000000
44284  -21.656  -28.596  82.820 0.0000000000
44399  -23.199  -28.631  75.053 0.0000000000
42124  -26.055  -30.969  79.956 0.0000000000
42147  -25.774  -30.921  79.117 0.0000000000
43259  -25.454  -30.844  80.113 0.0000000000
43235  -24.479  -30.113  81.073 0.0000000000
44341  -22.822  -29.817  79.887 0.0000000000
43256  -23.025  -29.690  80.579 0.0000000000
43233  -23.188  -29.608  81.096 0.0000000000
44328  -23.530  -29.559  81.551 0.0000000000
44287  -24.159  -28.838  83.108 0.0000000000
45315  -26.389  -28.178  85.230 0.0000000000
44274  -28.687  -28.595  84.562 0.0000000000
45334  -28.109  -28.443  84.334 0.0000000000
44343  -33.645  -28.704  81.064 0.0000000000
40024  -8.083  -32.608  83.167 0.0000000000
44336  -9.954  -28.768  80.948 0.0000000000
43206  -9.484  -29.779  82.307 0.0000000000
42094  -9.317  -30.271  81.447 0.0000000000
42093  -8.919  -31.002  81.492 0.0000000000
43171  -8.699  -30.345  84.317 0.0000000000
42041  -8.473  -30.951  84.999 0.0000000000
42021  -8.353  -30.712  85.933 0.0000000000
42008  -8.224  -30.715  86.910 0.0000000000
43135  -8.682  -30.071  86.292 0.0000000000
45273  -10.818  -27.568  88.393 0.0000000000
45264  -10.981  -27.144  89.345 0.0000000000
60306  -40.646  -13.319  74.060 0.0000000000
61405  -32.555  -11.764  62.157 0.0000000000
62383  -34.898  -10.947  63.622 0.0000000000
62384  -35.658  -10.508  63.971 0.0000000000
62369  -36.004  -11.009  64.868 0.0000000000
62385  -36.385  -10.335  64.419 0.0000000000
64443  -37.724  -8.977  64.476 0.0000000000
64442  -37.314  -9.278  64.151 0.0000000000
63395  -37.582  -9.551  64.708 0.0000000000
63376  -37.486  -9.946  64.927 0.0000000000
63377  -37.990  -9.518  65.214 0.0000000000
63358  -38.397  -10.011  65.870 0.0000000000
63378  -38.517  -9.481  65.632 0.0000000000
65475  -39.910  -8.115  65.916 0.0000000000
64409  -39.481  -8.832  65.984 0.0000000000
64410  -40.429  -8.576  66.677 0.0000000000
67583  -39.937  -5.792  60.416 0.0000000000
67567  -39.189  -5.885  60.759 0.0000000000
68572  -41.377  -4.848  62.839 0.0000000000
67553  -40.103  -5.563  62.041 0.0000000000
67540  -41.197  -5.025  63.365 0.0000000000
67539  -40.304  -5.667  63.099 0.0000000000
68659  -46.290  -3.946  54.601 0.0000000000
69754  -46.403  -2.911  52.980 0.0000000000
70769  -46.639  -1.980  53.323 0.0000000000
70773  -46.563  -2.059  52.213 0.0000000000
69777  -45.659  -3.053  50.000 0.0000000000
71711  -46.847  -1.066  52.615 0.0000000000
73650  -46.998  1.194  51.703 0.0000000000
75472  -47.773  2.424  52.365 0.0000000000
75480  -47.647  2.815  51.393 0.0000000000
75494  -44.613  3.099  48.601 0.0000000000
74632  -44.957  1.986  48.171 0.0000000000
74631  -44.429  1.381  48.258 0.0000000000
76399  -47.493  3.755  49.958 0.0000000000
75510  -46.981  2.897  49.502 0.0000000000
76385  -47.877  3.607  50.881 0.0000000000
77345  -45.565  5.599  47.031 0.0000000000
78265  -46.816  5.871  47.418 0.0000000000
50576  -31.812  -22.772  75.490 0.0000000000
48535  -29.349  -24.671  74.032 0.0000000000
49535  -30.214  -24.495  74.988 0.0000000000
49521  -31.178  -24.616  75.811 0.0000000000
60403  -33.318  -13.161  66.033 0.0000000000
60421  -34.070  -12.685  65.698 0.0000000000
61363  -33.738  -12.049  65.000 0.0000000000
66654  -46.155  -5.894  56.621 0.0000000000
68621  -46.911  -4.028  57.755 0.0000000000
69709  -47.068  -3.193  57.940 0.0000000000
70746  -47.146  -2.356  57.431 0.0000000000
39037  -7.729  -33.885  83.435 0.0000000000
39020  -7.793  -33.614  84.529 0.0000000000
38075  -7.540  -33.917  85.955 0.0000000000
54252  -34.266  -18.614  72.022 0.0000000000
55331  -34.032  -17.333  69.697 0.0000000000
55330  -33.238  -17.812  69.511 0.0000000000
46294  -14.334  -26.374  88.839 0.0000000000
45310  -21.005  -27.849  85.134 0.0000000000
46331  -23.203  -27.707  86.263 0.0000000000
45297  -23.381  -27.963  86.634 0.0000000000
46348  -23.773  -27.512  85.762 0.0000000000
42128  -29.611  -30.956  80.146 0.0000000000
43240  -29.888  -30.203  81.928 0.0000000000
43217  -29.983  -29.737  82.705 0.0000000000
43218  -30.708  -29.887  82.786 0.0000000000
46353  -12.598  -27.111  84.657 0.0000000000
46336  -12.315  -27.261  85.556 0.0000000000
46321  -12.670  -26.973  86.554 0.0000000000
65562  -36.211  -7.586  60.236 0.0000000000
66582  -38.366  -6.178  61.061 0.0000000000
51495  -34.677  -21.787  79.697 0.0000000000
52428  -32.241  -20.960  74.130 0.0000000000
53293  -32.859  -19.939  73.859 0.0000000000
54213  -33.332  -19.535  73.527 0.0000000000
46412  -16.518  -26.851  80.327 0.0000000000
46398  -17.368  -27.175  81.253 0.0000000000
46481  -29.336  -27.198  75.796 0.0000000000
45444  -29.467  -27.650  76.472 0.0000000000
45432  -29.276  -27.945  76.653 0.0000000000
44383  -29.622  -28.275  77.163 0.0000000000
44368  -29.703  -28.749  77.607 0.0000000000
46433  -32.313  -26.831  79.072 0.0000000000
47418  -32.469  -26.229  78.765 0.0000000000
49494  -33.336  -24.171  77.870 0.0000000000
50515  -33.872  -23.758  79.404 0.0000000000
46407  -12.379  -27.239  80.732 0.0000000000
59395  -37.353  -13.611  71.427 0.0000000000
60357  -37.656  -13.000  70.460 0.0000000000
61338  -37.329  -12.520  67.740 0.0000000000
61340  -39.551  -11.343  68.155 0.0000000000
62344  -39.044  -10.984  67.102 0.0000000000
65603  -41.272  -7.583  58.764 0.0000000000
66634  -41.390  -6.741  59.294 0.0000000000
65604  -42.357  -7.184  59.201 0.0000000000
65580  -43.256  -6.882  59.972 0.0000000000
65567  -47.085  -7.155  60.650 0.0000000000
74584  -47.777  1.477  53.766 0.0000000000
65595  -33.182  -7.890  58.739 0.0000000000
64536  -36.986  -8.968  56.833 0.0000000000
65620  -38.291  -8.668  57.613 0.0000000000
64537  -37.955  -8.891  56.875 0.0000000000
65661  -43.151  -7.235  54.339 0.0000000000
66673  -43.613  -6.581  53.876 0.0000000000
66684  -43.365  -6.419  53.175 0.0000000000
35257  -4.766  -37.839  87.241 0.0000000000
39931  -6.009  -32.409  90.468 0.0000000000
39939  -6.012  -32.909  90.090 0.0000000000
38969  -5.293  -33.206  90.610 0.0000000000
37062  -2.708  -35.203  92.575 0.0000000000
36152  -2.195  -36.353  91.690 0.0000000000
36160  -2.123  -36.867  91.162 0.0000000000
35230  -2.434  -37.071  90.299 0.0000000000
35229  -2.161  -37.457  90.706 0.0000000000
34310  -2.219  -38.008  91.266 0.0000000000
34321  -2.487  -38.635  90.905 0.0000000000
34312  -3.520  -38.345  91.445 0.0000000000
53253  -35.750  -19.322  78.442 0.0000000000
55298  -37.155  -18.084  73.297 0.0000000000
54218  -37.340  -18.179  74.556 0.0000000000
55299  -37.542  -17.709  73.714 0.0000000000
56378  -38.060  -16.495  74.924 0.0000000000
57412  -37.792  -15.218  73.705 0.0000000000
58433  -37.475  -14.847  73.184 0.0000000000
58439  -36.750  -15.186  71.446 0.0000000000
57464  -33.753  -15.777  69.050 0.0000000000
58497  -33.086  -14.444  67.474 0.0000000000
58507  -32.166  -14.322  66.299 0.0000000000
59476  -31.575  -13.640  65.403 0.0000000000
46325  -16.790  -26.685  86.601 0.0000000000
46312  -18.683  -26.722  87.638 0.0000000000
46299  -21.344  -27.771  88.054 0.0000000000
46465  -20.334  -27.543  77.712 0.0000000000
46464  -19.545  -27.173  77.362 0.0000000000
46449  -20.472  -27.576  78.355 0.0000000000
45415  -20.547  -27.604  78.825 0.0000000000
44338  -21.231  -28.582  80.636 0.0000000000
44389  -24.181  -29.575  76.410 0.0000000000
43313  -24.585  -29.871  77.394 0.0000000000
43294  -24.150  -30.227  78.157 0.0000000000
43237  -26.984  -30.696  81.408 0.0000000000
43236  -25.749  -30.750  80.873 0.0000000000
45332  -26.706  -28.140  84.630 0.0000000000
45316  -27.422  -28.391  84.950 0.0000000000
44323  -9.876  -29.081  81.933 0.0000000000
44303  -9.765  -29.164  83.131 0.0000000000
43189  -9.072  -29.895  83.476 0.0000000000
43172  -9.012  -29.629  84.700 0.0000000000
43153  -9.060  -29.575  85.703 0.0000000000
43136  -9.009  -29.460  86.564 0.0000000000
46271  -11.967  -26.590  90.411 0.0000000000
45255  -11.224  -26.938  90.307 0.0000000000
61419  -33.357  -10.947  61.330 0.0000000000
62398  -34.055  -10.996  62.478 0.0000000000
62409  -33.941  -10.831  61.672 0.0000000000
62410  -34.695  -10.533  62.048 0.0000000000
62411  -35.000  -10.445  62.561 0.0000000000
64474  -37.366  -8.302  62.658 0.0000000000
64458  -37.504  -8.537  63.393 0.0000000000
64428  -38.609  -8.873  65.386 0.0000000000
65491  -38.978  -8.047  64.942 0.0000000000
65493  -40.129  -7.658  65.733 0.0000000000
67585  -41.494  -5.599  60.742 0.0000000000
67569  -40.788  -5.374  61.454 0.0000000000
67570  -41.682  -4.987  61.654 0.0000000000
68583  -42.063  -4.774  62.077 0.0000000000
68561  -42.140  -4.679  63.137 0.0000000000
72661  -46.965  -0.173  50.542 0.0000000000
74618  -46.983  1.887  50.078 0.0000000000
76397  -43.470  3.528  49.521 0.0000000000
76415  -46.812  3.904  48.995 0.0000000000
78276  -46.260  6.181  46.042 0.0000000000
78277  -46.966  6.613  46.274 0.0000000000
78289  -47.538  6.019  45.443 0.0000000000
51514  -33.297  -22.731  77.218 0.0000000000
51550  -32.874  -21.897  75.460 0.0000000000
51549  -32.150  -22.356  75.205 0.0000000000
52413  -32.531  -21.627  74.782 0.0000000000
46425  -14.013  -26.614  79.641 0.0000000000
47501  -28.324  -26.086  73.876 0.0000000000
46503  -28.570  -26.661  74.637 0.0000000000
47492  -29.243  -26.259  75.074 0.0000000000
47503  -29.541  -25.427  75.007 0.0000000000
46493  -29.533  -26.804  75.664 0.0000000000
47475  -30.108  -26.342  76.105 0.0000000000
46483  -30.319  -26.806  76.693 0.0000000000
47456  -31.476  -26.273  77.464 0.0000000000
47457  -31.530  -25.772  77.095 0.0000000000
48485  -32.013  -25.241  77.142 0.0000000000
49507  -32.269  -24.408  76.799 0.0000000000
49508  -32.836  -23.996  77.205 0.0000000000
50549  -33.152  -23.218  77.387 0.0000000000
59428  -35.528  -13.657  68.489 0.0000000000
59429  -35.934  -13.659  68.907 0.0000000000
60375  -35.941  -13.330  68.041 0.0000000000
60390  -36.352  -12.909  67.634 0.0000000000
60405  -35.321  -12.779  66.599 0.0000000000
61351  -36.370  -12.503  66.627 0.0000000000
65625  -43.739  -8.100  57.939 0.0000000000
66636  -46.301  -6.747  57.766 0.0000000000
65608  -46.634  -6.875  58.601 0.0000000000
66620  -47.699  -5.789  59.512 0.0000000000
71689  -47.305  -1.617  56.753 0.0000000000
72622  -47.408  -0.520  55.358 0.0000000000
38104  -7.406  -34.629  83.658 0.0000000000
37133  -6.488  -35.670  84.206 0.0000000000
37123  -6.651  -35.608  85.278 0.0000000000
37103  -5.802  -35.693  87.469 0.0000000000
53296  -35.466  -19.569  74.436 0.0000000000
53281  -35.977  -19.776  75.182 0.0000000000
54216  -35.895  -19.016  74.002 0.0000000000
54235  -36.563  -18.566  73.388 0.0000000000
54253  -35.346  -18.577  72.376 0.0000000000
54254  -36.166  -18.491  72.635 0.0000000000
55309  -37.003  -17.846  72.491 0.0000000000
55322  -36.523  -17.639  71.776 0.0000000000
56420  -36.774  -16.919  71.601 0.0000000000
57446  -36.521  -16.130  71.318 0.0000000000
56419  -35.799  -16.572  70.933 0.0000000000
56418  -35.254  -16.734  70.530 0.0000000000
56442  -34.210  -16.374  69.617 0.0000000000
56441  -33.607  -16.511  69.207 0.0000000000
57477  -32.399  -15.921  67.599 0.0000000000
57491  -31.756  -15.997  66.785 0.0000000000
46327  -19.071  -27.045  86.547 0.0000000000
46329  -21.286  -27.681  86.618 0.0000000000
46300  -21.780  -28.057  87.760 0.0000000000
45287  -23.868  -28.108  86.835 0.0000000000
46480  -20.148  -27.391  76.592 0.0000000000
45417  -21.707  -28.783  78.521 0.0000000000
42170  -27.046  -30.449  78.485 0.0000000000
42169  -26.223  -30.585  78.469 0.0000000000
42125  -26.838  -30.911  79.707 0.0000000000
42103  -26.718  -30.942  80.454 0.0000000000
42104  -27.775  -30.900  80.736 0.0000000000
43214  -27.408  -30.021  82.196 0.0000000000
44290  -27.393  -28.748  83.430 0.0000000000
44291  -28.474  -28.671  83.746 0.0000000000
44275  -29.527  -28.735  84.185 0.0000000000
44266  -30.167  -29.098  84.401 0.0000000000
44337  -10.543  -28.284  80.924 0.0000000000
44324  -10.433  -28.401  81.869 0.0000000000
45305  -10.369  -28.188  85.709 0.0000000000
45295  -10.852  -27.845  86.491 0.0000000000
46304  -11.302  -27.488  87.323 0.0000000000
46291  -11.593  -27.165  88.411 0.0000000000
63444  -35.265  -9.526  61.309 0.0000000000
63462  -35.045  -9.053  60.736 0.0000000000
64488  -36.322  -8.774  61.660 0.0000000000
65534  -37.422  -7.915  62.210 0.0000000000
66556  -38.098  -7.400  62.963 0.0000000000
66557  -38.603  -7.220  63.332 0.0000000000
68697  -44.616  -4.168  49.834 0.0000000000
68715  -44.490  -3.476  49.253 0.0000000000
69784  -44.677  -2.910  49.025 0.0000000000
77344  -44.919  5.022  47.336 0.0000000000
76427  -44.853  4.857  46.954 0.0000000000
76438  -44.593  4.135  46.796 0.0000000000
76439  -45.247  4.681  46.126 0.0000000000
40958  -7.820  -31.681  86.844 0.0000000000
39965  -7.633  -32.650  86.626 0.0000000000
40948  -7.786  -31.834  87.987 0.0000000000
40938  -7.532  -31.608  88.724 0.0000000000
40911  -5.790  -31.522  91.347 0.0000000000
53229  -35.124  -20.089  80.350 0.0000000000
53252  -35.348  -20.075  78.560 0.0000000000
53261  -35.492  -19.898  77.827 0.0000000000
54232  -33.596  -19.003  72.990 0.0000000000
54269  -32.260  -18.655  71.117 0.0000000000
46338  -14.016  -26.611  85.669 0.0000000000
46360  -19.034  -27.603  84.247 0.0000000000
45325  -19.651  -27.695  84.598 0.0000000000
45342  -19.246  -27.762  83.539 0.0000000000
45326  -20.274  -27.898  84.352 0.0000000000
45327  -21.251  -28.006  84.289 0.0000000000
45464  -24.530  -28.070  74.103 0.0000000000
44412  -24.707  -28.557  74.723 0.0000000000
44401  -24.884  -28.984  75.413 0.0000000000
44390  -25.317  -29.270  76.072 0.0000000000
43328  -25.726  -29.392  76.672 0.0000000000
43315  -26.369  -29.556  77.077 0.0000000000
45467  -27.137  -27.348  74.703 0.0000000000
45441  -27.307  -27.850  75.635 0.0000000000
45442  -27.789  -27.793  75.917 0.0000000000
44392  -26.941  -28.323  76.105 0.0000000000
44380  -27.157  -28.910  76.725 0.0000000000
43298  -27.666  -29.961  77.889 0.0000000000
43276  -28.931  -30.292  78.644 0.0000000000
43300  -29.786  -29.588  78.335 0.0000000000
42173  -29.994  -30.140  78.728 0.0000000000
42153  -31.495  -30.426  79.897 0.0000000000
42131  -32.234  -30.094  81.087 0.0000000000
43280  -32.660  -29.584  80.418 0.0000000000
44342  -33.248  -28.794  80.458 0.0000000000
45394  -33.531  -28.178  80.605 0.0000000000
45393  -33.168  -27.650  80.055 0.0000000000
45379  -33.477  -27.027  80.584 0.0000000000
46401  -33.417  -26.408  80.961 0.0000000000
47391  -33.234  -25.881  81.019 0.0000000000
47436  -31.935  -26.291  78.151 0.0000000000
48432  -33.167  -25.623  79.389 0.0000000000
48416  -33.387  -25.518  80.055 0.0000000000
48397  -33.164  -24.871  81.208 0.0000000000
50499  -34.058  -22.943  80.921 0.0000000000
50482  -33.659  -22.756  81.682 0.0000000000
44363  -10.796  -28.075  79.598 0.0000000000
45374  -11.612  -27.518  81.639 0.0000000000
46392  -12.179  -27.215  81.589 0.0000000000
46354  -13.386  -26.848  84.652 0.0000000000
60331  -38.176  -12.939  72.221 0.0000000000
60317  -38.955  -12.614  73.221 0.0000000000
60333  -39.296  -12.277  72.903 0.0000000000
61282  -39.763  -11.930  72.548 0.0000000000
60365  -36.797  -13.305  69.416 0.0000000000
60366  -37.581  -12.850  69.566 0.0000000000
60367  -37.968  -12.728  70.092 0.0000000000
61318  -38.388  -12.328  69.730 0.0000000000
61309  -38.786  -12.129  70.720 0.0000000000
61310  -39.449  -11.589  70.873 0.0000000000
62316  -40.007  -11.073  71.166 0.0000000000
66613  -39.123  -6.635  59.570 0.0000000000
67600  -40.007  -6.082  59.829 0.0000000000
67601  -40.634  -5.818  60.064 0.0000000000
66616  -41.529  -6.067  59.997 0.0000000000
66599  -41.730  -5.859  60.397 0.0000000000
67586  -42.398  -5.455  61.061 0.0000000000
67587  -43.007  -5.401  61.244 0.0000000000
66584  -44.288  -5.853  61.806 0.0000000000
65566  -46.083  -7.427  60.579 0.0000000000
65565  -45.026  -7.110  60.684 0.0000000000
65564  -44.020  -6.728  60.410 0.0000000000
66602  -44.500  -6.516  61.093 0.0000000000
32520  -2.543  -40.887  87.847 0.0000000000
61392  -31.709  -12.262  62.841 0.0000000000
61404  -31.822  -12.137  62.301 0.0000000000
61432  -31.901  -11.312  60.417 0.0000000000
61418  -32.679  -11.343  61.161 0.0000000000
62423  -33.090  -10.697  60.775 0.0000000000
62445  -33.521  -10.185  60.566 0.0000000000
63474  -32.292  -9.452  59.555 0.0000000000
63460  -33.183  -9.575  60.106 0.0000000000
64497  -33.729  -8.902  60.031 0.0000000000
64498  -34.552  -8.594  60.267 0.0000000000
65560  -34.673  -8.167  60.138 0.0000000000
65575  -33.554  -7.960  59.320 0.0000000000
66629  -37.162  -7.613  58.860 0.0000000000
66630  -37.763  -7.491  58.938 0.0000000000
64523  -38.981  -8.588  57.922 0.0000000000
64524  -39.486  -8.419  58.024 0.0000000000
64525  -40.987  -8.236  58.228 0.0000000000
64542  -42.462  -8.438  57.591 0.0000000000
64564  -40.272  -8.963  55.598 0.0000000000
64553  -41.423  -8.782  56.806 0.0000000000
64554  -42.312  -8.702  56.967 0.0000000000
65636  -42.990  -8.310  57.275 0.0000000000
65638  -44.725  -7.480  56.317 0.0000000000
67636  -45.819  -5.311  55.500 0.0000000000
68646  -45.990  -4.859  55.404 0.0000000000
67656  -45.151  -5.305  53.310 0.0000000000
68679  -44.047  -5.047  50.842 0.0000000000
67696  -43.326  -5.327  50.790 0.0000000000
38995  -7.431  -33.141  87.130 0.0000000000
39002  -7.045  -34.059  87.025 0.0000000000
38980  -6.547  -33.152  89.143 0.0000000000
38059  -6.546  -34.136  88.136 0.0000000000
38068  -6.537  -34.601  87.558 0.0000000000
38954  -4.570  -33.477  92.519 0.0000000000
38031  -4.095  -33.726  91.277 0.0000000000
38036  -4.233  -34.191  90.534 0.0000000000
38029  -2.788  -34.781  91.796 0.0000000000
38035  -3.029  -34.655  91.033 0.0000000000
37078  -4.179  -34.961  90.129 0.0000000000
37082  -4.525  -35.494  89.576 0.0000000000
37091  -5.152  -36.102  88.706 0.0000000000
37102  -5.204  -36.417  88.095 0.0000000000
35247  -4.537  -37.816  88.129 0.0000000000
35239  -3.319  -37.669  89.289 0.0000000000
34332  -3.426  -38.209  88.955 0.0000000000
32511  -2.437  -40.589  88.887 0.0000000000
32512  -2.751  -40.846  89.501 0.0000000000
33411  -3.112  -39.620  90.707 0.0000000000
32507  -2.884  -40.274  90.143 0.0000000000
59336  -39.414  -14.030  76.279 0.0000000000
55226  -35.750  -18.188  80.962 0.0000000000
54163  -35.898  -18.693  79.298 0.0000000000
53282  -36.496  -19.112  75.272 0.0000000000
54198  -36.710  -18.830  76.567 0.0000000000
54207  -37.546  -17.991  75.433 0.0000000000
55272  -37.289  -17.829  77.110 0.0000000000
55257  -37.197  -17.321  77.803 0.0000000000
56330  -37.400  -16.567  78.085 0.0000000000
58403  -38.145  -14.942  77.007 0.0000000000
57382  -37.850  -15.553  76.444 0.0000000000
59372  -37.432  -14.123  72.875 0.0000000000
59403  -35.923  -14.179  69.800 0.0000000000
57445  -36.146  -15.815  71.011 0.0000000000
58460  -35.534  -14.798  70.110 0.0000000000
59413  -35.651  -13.903  69.227 0.0000000000
59444  -34.500  -13.586  67.584 0.0000000000
59443  -33.653  -13.995  67.473 0.0000000000
59459  -33.479  -13.652  66.715 0.0000000000
54298  -30.634  -18.266  69.029 0.0000000000
55340  -31.373  -17.785  68.427 0.0000000000
55351  -31.143  -17.211  67.574 0.0000000000
56466  -30.483  -16.839  66.569 0.0000000000
56452  -31.398  -16.735  67.220 0.0000000000
57490  -31.186  -16.180  66.563 0.0000000000
57505  -31.535  -15.299  66.136 0.0000000000
58519  -29.828  -14.886  65.108 0.0000000000
58505  -31.122  -14.900  65.483 0.0000000000
59475  -30.822  -14.046  64.928 0.0000000000
60418  -31.133  -13.496  64.870 0.0000000000
60451  -29.277  -13.134  63.577 0.0000000000
60435  -30.257  -13.502  64.381 0.0000000000
60453  -31.501  -12.581  63.373 0.0000000000
46309  -15.565  -26.373  87.640 0.0000000000
46445  -16.986  -26.682  78.403 0.0000000000
45388  -19.147  -27.502  80.640 0.0000000000
45377  -19.716  -27.825  81.378 0.0000000000
45378  -20.426  -28.140  81.235 0.0000000000
45365  -21.136  -28.499  82.621 0.0000000000
45345  -22.704  -28.418  83.730 0.0000000000
45450  -22.354  -28.580  75.579 0.0000000000
45440  -22.218  -28.926  76.729 0.0000000000
45431  -22.098  -29.141  77.797 0.0000000000
45418  -22.018  -29.223  78.396 0.0000000000
44364  -22.048  -29.261  78.820 0.0000000000
42168  -25.466  -30.688  78.494 0.0000000000
42167  -24.985  -30.717  78.576 0.0000000000
43275  -24.561  -30.626  78.788 0.0000000000
43258  -24.697  -30.699  79.888 0.0000000000
43274  -23.796  -30.432  79.062 0.0000000000
44352  -22.964  -30.058  79.187 0.0000000000
44351  -22.366  -29.581  79.316 0.0000000000
44308  -23.356  -29.212  82.245 0.0000000000
45314  -25.302  -27.745  85.415 0.0000000000
45350  -27.779  -28.395  84.023 0.0000000000
45333  -27.520  -28.317  84.511 0.0000000000
40987  -7.779  -32.322  85.254 0.0000000000
43251  -9.682  -29.356  80.985 0.0000000000
41032  -8.518  -31.821  81.701 0.0000000000
42062  -8.763  -30.598  83.181 0.0000000000
41006  -8.249  -31.928  83.949 0.0000000000
40988  -8.011  -31.798  84.809 0.0000000000
40959  -8.084  -31.097  86.360 0.0000000000
45254  -10.512  -27.442  90.310 0.0000000000
61379  -34.241  -11.532  64.160 0.0000000000
61395  -34.268  -11.160  63.231 0.0000000000
63426  -35.316  -9.993  62.265 0.0000000000
63410  -35.815  -9.949  63.237 0.0000000000
63411  -36.531  -9.533  63.380 0.0000000000
63393  -36.237  -9.931  63.911 0.0000000000
62358  -39.788  -10.100  66.561 0.0000000000
64408  -39.050  -9.071  65.820 0.0000000000
66598  -38.620  -6.306  60.208 0.0000000000
67552  -39.219  -5.852  61.630 0.0000000000
67531  -40.926  -5.678  64.288 0.0000000000
66547  -40.423  -6.470  64.686 0.0000000000
66535  -39.870  -7.283  65.025 0.0000000000
70764  -46.682  -1.845  54.237 0.0000000000
70784  -46.083  -2.257  49.978 0.0000000000
70778  -46.386  -2.148  51.090 0.0000000000
74591  -47.664  1.786  53.090 0.0000000000
75465  -47.868  2.292  52.845 0.0000000000
75495  -47.337  2.795  50.447 0.0000000000
77346  -46.137  5.476  47.784 0.0000000000
79164  -46.931  5.420  47.866 0.0000000000
78278  -47.481  5.909  46.551 0.0000000000
33406  -2.796  -38.998  90.916 0.0000000000
34320  -2.197  -38.425  90.511 0.0000000000
35238  -2.535  -37.560  89.879 0.0000000000
36161  -2.527  -36.349  90.542 0.0000000000
37072  -2.184  -36.029  91.855 0.0000000000
37081  -3.672  -35.880  89.954 0.0000000000
38034  -2.629  -35.050  91.384 0.0000000000
38046  -4.545  -34.774  89.982 0.0000000000
38960  -4.408  -33.408  91.858 0.0000000000
38987  -6.536  -33.681  88.672 0.0000000000
38994  -7.022  -33.645  87.625 0.0000000000
39921  -4.878  -32.682  91.906 0.0000000000
39941  -7.156  -31.918  89.099 0.0000000000
40009  -8.058  -32.396  83.797 0.0000000000
41938  -5.690  -30.927  92.664 0.0000000000
41980  -7.734  -30.935  88.807 0.0000000000
42086  -31.652  -30.157  82.251 0.0000000000
42146  -25.107  -30.830  79.090 0.0000000000
42154  -32.059  -30.138  80.378 0.0000000000
42172  -29.579  -30.122  78.630 0.0000000000
43234  -23.622  -29.816  80.999 0.0000000000
43277  -29.274  -30.108  78.516 0.0000000000
44293  -30.319  -29.298  83.506 0.0000000000
44379  -26.543  -28.976  76.541 0.0000000000
45434  -30.275  -27.643  77.245 0.0000000000
46332  -23.720  -27.532  86.002 0.0000000000
46417  -33.197  -26.662  79.892 0.0000000000
46466  -30.145  -27.134  76.766 0.0000000000
48466  -32.032  -25.923  77.880 0.0000000000
54152  -35.327  -19.537  80.380 0.0000000000
55342  -32.876  -17.219  68.986 0.0000000000
56430  -34.726  -16.556  70.097 0.0000000000
56467  -31.016  -16.514  66.854 0.0000000000
56468  -31.525  -16.494  67.050 0.0000000000
57423  -37.962  -15.743  73.592 0.0000000000
58423  -37.767  -14.812  73.737 0.0000000000
59457  -31.900  -13.915  65.877 0.0000000000
59474  -30.022  -14.270  64.899 0.0000000000
60318  -39.690  -12.495  73.347 0.0000000000
60438  -32.804  -12.227  64.679 0.0000000000
63459  -32.713  -9.720  59.965 0.0000000000
64526  -41.496  -8.075  58.356 0.0000000000
65521  -38.299  -7.670  63.645 0.0000000000
65533  -37.086  -8.312  62.152 0.0000000000
65621  -39.837  -8.248  58.092 0.0000000000
66568  -44.588  -5.758  62.346 0.0000000000
66603  -44.980  -6.832  61.231 0.0000000000
66617  -42.543  -6.537  60.005 0.0000000000
67554  -41.019  -4.999  62.389 0.0000000000
67573  -44.008  -5.501  62.207 0.0000000000
67599  -39.590  -6.293  59.699 0.0000000000
67602  -41.072  -5.707  60.333 0.0000000000
67637  -46.110  -5.144  56.041 0.0000000000
68560  -41.625  -4.767  63.079 0.0000000000
68573  -41.738  -4.755  62.527 0.0000000000
68574  -42.545  -4.779  62.531 0.0000000000
68582  -41.743  -4.797  62.087 0.0000000000
77314  -48.087  4.081  50.489 0.0000000000
77354  -45.919  5.579  45.706 0.0000000000
78287  -46.326  6.055  45.422 0.0000000000
79165  -47.133  5.485  47.551 0.0000000000
79166  -47.283  5.227  47.081 0.0000000000
