#!ascii label  , from subject A00073677 vox2ras=TkReg
852
41971  -11.970  -29.994  89.558 0.0000000000
53207  -35.135  -19.924  82.192 0.0000000000
59351  -39.241  -13.872  75.233 0.0000000000
63342  -41.744  -9.253  67.547 0.0000000000
47378  -33.475  -25.524  81.384 0.0000000000
62308  -40.581  -11.086  71.873 0.0000000000
67558  -44.511  -5.441  62.752 0.0000000000
67588  -48.117  -5.857  59.786 0.0000000000
52374  -37.834  -20.420  79.958 0.0000000000
55250  -39.722  -17.076  77.799 0.0000000000
57345  -37.271  -16.020  79.555 0.0000000000
46250  -13.199  -26.379  92.524 0.0000000000
46266  -18.492  -27.145  90.861 0.0000000000
43116  -22.173  -29.328  88.026 0.0000000000
42029  -25.606  -30.112  85.168 0.0000000000
40999  -30.477  -31.720  84.230 0.0000000000
41015  -34.342  -31.194  82.539 0.0000000000
46402  -37.287  -26.260  81.181 0.0000000000
57424  -42.781  -15.302  73.064 0.0000000000
68610  -48.530  -4.489  58.729 0.0000000000
53220  -37.171  -20.270  81.782 0.0000000000
55228  -38.482  -17.613  80.935 0.0000000000
55219  -36.274  -17.902  81.450 0.0000000000
46283  -13.713  -26.297  89.712 0.0000000000
47317  -16.274  -26.171  91.455 0.0000000000
42052  -31.464  -30.517  84.002 0.0000000000
41000  -32.345  -31.676  83.633 0.0000000000
43200  -33.397  -29.790  82.480 0.0000000000
50453  -33.851  -22.792  82.968 0.0000000000
47370  -35.707  -25.589  82.883 0.0000000000
50456  -36.012  -22.648  82.847 0.0000000000
49447  -38.062  -23.455  81.087 0.0000000000
58393  -40.556  -14.769  77.631 0.0000000000
56347  -41.012  -15.994  75.423 0.0000000000
60279  -41.476  -14.046  75.507 0.0000000000
62326  -41.747  -10.079  69.247 0.0000000000
62311  -44.345  -10.429  71.468 0.0000000000
63326  -43.560  -9.910  69.120 0.0000000000
63363  -42.162  -9.630  66.879 0.0000000000
66559  -47.034  -6.459  64.073 0.0000000000
69636  -45.978  -4.904  65.304 0.0000000000
45380  -33.798  -27.590  81.011 0.0000000000
62358  -39.788  -10.100  66.561 0.0000000000
66586  -46.240  -6.738  62.047 0.0000000000
65553  -48.610  -7.536  61.412 0.0000000000
66656  -48.725  -6.252  57.203 0.0000000000
51535  -37.456  -21.843  76.694 0.0000000000
53254  -38.497  -19.209  78.627 0.0000000000
57334  -39.304  -16.073  79.863 0.0000000000
44186  -13.129  -28.492  92.259 0.0000000000
43099  -19.740  -29.495  89.657 0.0000000000
45265  -20.598  -28.063  89.580 0.0000000000
40942  -20.973  -30.998  87.876 0.0000000000
40964  -22.207  -31.772  86.637 0.0000000000
40992  -23.922  -32.243  84.429 0.0000000000
40015  -26.809  -32.781  83.519 0.0000000000
40978  -28.570  -31.105  84.449 0.0000000000
38120  -31.292  -33.271  82.897 0.0000000000
45353  -34.476  -27.690  82.668 0.0000000000
44297  -35.945  -28.502  82.093 0.0000000000
43263  -36.781  -29.100  79.770 0.0000000000
46434  -36.578  -26.835  79.511 0.0000000000
49479  -36.439  -24.018  79.230 0.0000000000
60322  -43.081  -12.778  73.128 0.0000000000
67517  -42.524  -5.240  66.315 0.0000000000
65447  -42.388  -7.317  67.788 0.0000000000
43071  -11.948  -29.343  91.792 0.0000000000
53209  -36.572  -19.848  82.109 0.0000000000
54136  -36.886  -18.920  81.694 0.0000000000
55210  -35.947  -18.775  81.709 0.0000000000
43219  -31.479  -30.071  82.600 0.0000000000
43199  -32.516  -30.181  82.782 0.0000000000
43220  -32.474  -30.078  82.351 0.0000000000
52348  -34.585  -20.863  82.322 0.0000000000
50455  -35.197  -22.651  83.151 0.0000000000
52341  -35.238  -21.223  82.907 0.0000000000
51469  -37.073  -21.788  82.176 0.0000000000
59338  -40.963  -13.902  76.503 0.0000000000
60277  -40.351  -13.576  75.757 0.0000000000
62335  -41.775  -9.826  68.548 0.0000000000
63307  -43.218  -9.353  69.500 0.0000000000
63324  -42.125  -9.680  68.223 0.0000000000
63343  -42.309  -9.823  67.718 0.0000000000
64390  -41.981  -8.589  67.344 0.0000000000
63401  -47.783  -8.771  63.772 0.0000000000
65515  -47.174  -7.257  64.544 0.0000000000
62389  -47.163  -9.598  63.764 0.0000000000
65566  -46.083  -7.427  60.579 0.0000000000
66604  -47.766  -6.467  60.559 0.0000000000
66588  -48.027  -6.884  61.493 0.0000000000
66605  -48.601  -6.729  60.442 0.0000000000
65569  -49.149  -7.553  60.443 0.0000000000
66606  -49.138  -7.005  59.901 0.0000000000
67614  -48.674  -5.587  57.924 0.0000000000
52380  -37.507  -21.040  78.625 0.0000000000
52390  -38.157  -20.494  77.588 0.0000000000
53243  -38.426  -19.258  79.627 0.0000000000
57321  -37.958  -16.201  80.649 0.0000000000
56294  -38.602  -16.793  80.513 0.0000000000
58357  -38.142  -15.107  80.115 0.0000000000
58380  -38.791  -14.442  78.824 0.0000000000
57360  -37.689  -15.390  78.346 0.0000000000
44187  -14.160  -27.843  92.296 0.0000000000
46243  -14.341  -27.184  92.541 0.0000000000
47318  -17.317  -26.255  91.092 0.0000000000
45276  -21.727  -28.365  88.149 0.0000000000
44229  -21.279  -29.010  88.703 0.0000000000
43101  -20.634  -29.354  89.105 0.0000000000
43115  -21.792  -29.674  88.334 0.0000000000
40953  -22.004  -31.252  87.365 0.0000000000
42003  -22.377  -30.571  87.539 0.0000000000
42028  -24.662  -30.602  85.000 0.0000000000
41010  -25.291  -32.399  83.446 0.0000000000
40994  -26.001  -31.369  83.892 0.0000000000
42033  -29.992  -30.419  84.601 0.0000000000
42032  -29.152  -30.356  85.045 0.0000000000
40979  -29.154  -31.048  84.557 0.0000000000
41014  -28.899  -32.166  83.760 0.0000000000
39999  -29.926  -32.448  83.908 0.0000000000
38098  -30.292  -33.329  83.377 0.0000000000
39030  -31.117  -32.872  83.524 0.0000000000
41002  -33.543  -31.460  82.783 0.0000000000
40018  -32.916  -32.139  82.743 0.0000000000
40019  -33.656  -31.939  82.492 0.0000000000
41025  -35.164  -31.151  81.549 0.0000000000
45352  -34.143  -27.743  82.426 0.0000000000
46373  -34.430  -26.825  82.459 0.0000000000
47379  -36.473  -25.508  82.448 0.0000000000
45355  -35.700  -27.580  82.604 0.0000000000
45368  -36.937  -27.379  81.392 0.0000000000
43246  -36.638  -29.117  80.624 0.0000000000
45381  -37.247  -27.332  80.663 0.0000000000
46418  -37.288  -26.395  80.478 0.0000000000
51489  -37.804  -21.599  80.392 0.0000000000
48434  -37.280  -23.774  80.295 0.0000000000
50518  -37.452  -22.375  79.691 0.0000000000
50534  -36.670  -22.517  78.140 0.0000000000
46271  -11.967  -26.590  90.411 0.0000000000
46249  -12.198  -26.519  92.517 0.0000000000
45223  -12.455  -27.598  93.165 0.0000000000
54189  -39.832  -18.571  77.034 0.0000000000
54201  -40.562  -18.349  75.782 0.0000000000
56367  -41.672  -15.757  74.023 0.0000000000
61283  -40.688  -11.608  72.560 0.0000000000
60320  -41.225  -12.664  73.496 0.0000000000
62293  -41.941  -11.030  73.126 0.0000000000
61320  -44.105  -11.320  69.987 0.0000000000
60336  -44.272  -12.261  71.468 0.0000000000
68522  -44.911  -5.414  66.592 0.0000000000
68532  -43.841  -4.418  66.623 0.0000000000
68505  -43.934  -5.592  67.828 0.0000000000
66513  -42.416  -6.488  67.880 0.0000000000
66501  -43.561  -7.016  68.560 0.0000000000
65478  -42.844  -6.922  66.861 0.0000000000
66620  -47.699  -5.789  59.512 0.0000000000
67604  -48.302  -5.395  59.149 0.0000000000
68609  -47.538  -4.133  59.058 0.0000000000
69692  -47.798  -3.388  58.851 0.0000000000
52367  -37.772  -20.570  80.744 0.0000000000
53231  -38.233  -19.340  80.508 0.0000000000
54137  -37.527  -18.713  81.557 0.0000000000
55220  -36.989  -17.607  81.578 0.0000000000
56292  -36.829  -16.671  80.500 0.0000000000
47324  -13.867  -25.909  90.810 0.0000000000
47307  -14.679  -26.295  92.031 0.0000000000
47338  -17.248  -25.805  89.719 0.0000000000
42034  -30.929  -30.604  84.349 0.0000000000
39984  -31.540  -31.775  84.123 0.0000000000
42036  -32.014  -31.292  83.754 0.0000000000
42054  -32.592  -31.079  83.388 0.0000000000
43183  -33.556  -30.538  82.834 0.0000000000
49431  -33.581  -23.916  82.249 0.0000000000
47368  -34.530  -25.744  82.522 0.0000000000
49414  -34.775  -23.584  82.967 0.0000000000
49415  -35.626  -23.595  82.942 0.0000000000
48399  -36.896  -24.503  82.373 0.0000000000
47392  -37.573  -25.165  81.315 0.0000000000
50469  -37.439  -22.639  81.943 0.0000000000
51481  -37.532  -21.774  81.639 0.0000000000
46282  -12.741  -26.632  89.587 0.0000000000
57363  -40.684  -16.062  77.552 0.0000000000
55261  -40.295  -17.056  76.514 0.0000000000
57375  -41.088  -15.663  77.086 0.0000000000
58405  -41.786  -15.165  75.666 0.0000000000
58425  -41.953  -14.607  74.294 0.0000000000
62318  -41.708  -10.261  70.279 0.0000000000
62301  -42.457  -10.518  72.514 0.0000000000
63286  -43.249  -9.411  71.226 0.0000000000
64348  -44.251  -9.452  69.790 0.0000000000
67560  -46.240  -5.491  63.182 0.0000000000
68564  -44.653  -4.589  63.586 0.0000000000
68555  -46.628  -5.220  64.856 0.0000000000
67518  -45.772  -6.076  65.848 0.0000000000
52358  -34.657  -20.762  81.563 0.0000000000
51488  -34.091  -22.125  81.369 0.0000000000
60290  -39.485  -13.511  74.676 0.0000000000
62324  -39.849  -11.082  70.018 0.0000000000
62325  -40.837  -10.504  69.573 0.0000000000
62334  -40.975  -10.238  68.422 0.0000000000
62346  -40.850  -9.987  67.547 0.0000000000
66570  -45.888  -5.942  62.517 0.0000000000
66571  -46.779  -6.241  62.984 0.0000000000
65527  -47.914  -7.443  62.980 0.0000000000
63451  -48.433  -9.262  62.049 0.0000000000
66639  -48.497  -5.977  58.850 0.0000000000
65629  -48.816  -7.456  57.977 0.0000000000
51519  -38.376  -20.761  76.801 0.0000000000
53255  -39.027  -19.279  77.826 0.0000000000
55249  -39.243  -17.679  78.311 0.0000000000
54155  -39.030  -18.158  80.017 0.0000000000
55237  -39.131  -17.429  79.367 0.0000000000
56308  -39.786  -16.548  79.052 0.0000000000
57361  -39.870  -15.065  78.491 0.0000000000
59311  -39.172  -13.936  78.092 0.0000000000
54153  -35.551  -18.967  80.291 0.0000000000
55246  -36.262  -17.963  79.270 0.0000000000
56331  -37.597  -16.061  77.829 0.0000000000
43072  -12.454  -29.081  91.347 0.0000000000
43073  -13.299  -28.812  91.123 0.0000000000
42000  -19.362  -30.043  88.213 0.0000000000
47348  -17.447  -26.133  88.823 0.0000000000
46285  -18.838  -26.403  89.520 0.0000000000
46276  -19.729  -27.435  90.123 0.0000000000
41973  -20.206  -29.787  88.919 0.0000000000
39007  -22.528  -32.684  85.889 0.0000000000
39025  -23.059  -33.455  84.897 0.0000000000
44262  -26.327  -28.693  85.563 0.0000000000
43163  -28.253  -29.520  85.226 0.0000000000
42030  -26.761  -30.164  85.172 0.0000000000
39997  -27.619  -31.927  83.745 0.0000000000
39043  -27.604  -33.680  83.463 0.0000000000
39031  -31.961  -32.648  83.609 0.0000000000
44330  -33.652  -28.680  81.749 0.0000000000
44294  -34.083  -28.717  82.535 0.0000000000
43202  -34.789  -29.566  82.544 0.0000000000
46374  -34.760  -26.693  82.766 0.0000000000
44296  -35.269  -28.576  82.581 0.0000000000
43203  -35.413  -29.444  82.080 0.0000000000
42110  -36.012  -30.255  80.959 0.0000000000
42133  -36.337  -30.124  80.154 0.0000000000
46451  -35.751  -26.589  78.324 0.0000000000
47404  -37.537  -24.736  80.617 0.0000000000
48451  -36.562  -25.093  79.492 0.0000000000
48486  -35.566  -25.135  77.926 0.0000000000
49509  -36.225  -23.536  76.859 0.0000000000
44174  -12.028  -28.353  92.915 0.0000000000
60306  -40.646  -13.319  74.060 0.0000000000
60308  -41.908  -13.649  73.595 0.0000000000
59365  -42.825  -14.134  73.208 0.0000000000
60334  -43.669  -11.848  72.651 0.0000000000
59384  -43.789  -13.337  72.289 0.0000000000
57437  -43.424  -14.761  72.196 0.0000000000
63360  -39.953  -9.355  66.516 0.0000000000
64388  -40.943  -8.464  67.256 0.0000000000
68550  -43.157  -4.829  64.175 0.0000000000
67523  -41.851  -5.377  65.271 0.0000000000
67515  -41.091  -6.557  66.253 0.0000000000
66511  -41.273  -7.299  67.252 0.0000000000
65465  -41.877  -7.819  67.545 0.0000000000
65466  -42.350  -7.565  67.336 0.0000000000
53208  -35.783  -19.823  82.328 0.0000000000
54135  -36.268  -19.072  81.916 0.0000000000
54134  -35.718  -19.094  81.851 0.0000000000
43242  -31.086  -30.093  82.388 0.0000000000
42109  -32.398  -30.106  81.784 0.0000000000
52340  -34.704  -21.264  82.897 0.0000000000
52349  -35.206  -20.630  82.571 0.0000000000
52350  -35.916  -20.805  82.605 0.0000000000
59336  -39.414  -14.030  76.279 0.0000000000
59337  -39.886  -13.403  76.338 0.0000000000
60276  -39.801  -13.768  75.557 0.0000000000
63323  -41.442  -9.648  67.928 0.0000000000
62404  -47.693  -9.614  63.424 0.0000000000
63400  -47.573  -9.121  63.979 0.0000000000
67589  -48.438  -6.094  59.678 0.0000000000
51505  -37.459  -21.140  78.938 0.0000000000
52381  -37.850  -20.393  78.770 0.0000000000
56293  -37.467  -16.204  80.532 0.0000000000
57332  -37.833  -15.508  80.169 0.0000000000
58368  -37.911  -14.960  79.819 0.0000000000
57346  -37.576  -15.536  79.359 0.0000000000
46251  -13.996  -26.632  92.514 0.0000000000
46265  -17.924  -26.849  91.010 0.0000000000
45245  -17.539  -27.380  91.154 0.0000000000
45267  -21.460  -28.716  88.474 0.0000000000
44238  -21.800  -29.003  88.266 0.0000000000
43128  -22.260  -30.164  87.926 0.0000000000
43160  -25.271  -29.643  85.783 0.0000000000
42048  -25.450  -30.837  84.464 0.0000000000
42049  -26.398  -30.761  84.550 0.0000000000
40981  -30.726  -31.352  84.383 0.0000000000
40980  -29.915  -31.107  84.487 0.0000000000
40998  -29.918  -31.746  84.192 0.0000000000
40000  -30.613  -32.265  83.920 0.0000000000
40020  -34.442  -31.563  82.224 0.0000000000
40029  -34.651  -31.548  81.804 0.0000000000
41016  -34.799  -31.159  81.943 0.0000000000
47367  -34.190  -26.032  82.003 0.0000000000
46388  -36.746  -26.439  81.925 0.0000000000
45395  -37.238  -27.348  80.038 0.0000000000
50501  -37.628  -22.638  80.148 0.0000000000
51497  -37.515  -21.630  79.484 0.0000000000
51496  -37.264  -21.911  79.190 0.0000000000
46262  -12.817  -26.186  91.759 0.0000000000
46261  -11.783  -26.516  91.564 0.0000000000
46240  -12.423  -26.846  93.172 0.0000000000
54190  -40.306  -18.530  76.405 0.0000000000
55260  -39.917  -17.669  76.908 0.0000000000
56380  -42.127  -15.768  73.633 0.0000000000
56391  -42.239  -16.449  73.539 0.0000000000
56392  -42.694  -15.904  73.092 0.0000000000
56406  -42.991  -15.854  72.419 0.0000000000
62299  -40.907  -11.253  72.364 0.0000000000
61284  -41.218  -11.609  72.886 0.0000000000
62300  -41.420  -11.103  72.636 0.0000000000
67557  -43.735  -5.263  62.602 0.0000000000
68507  -44.591  -5.638  67.030 0.0000000000
68521  -44.530  -5.114  67.195 0.0000000000
67492  -43.401  -6.361  68.547 0.0000000000
52360  -37.514  -20.831  81.365 0.0000000000
53221  -37.636  -19.641  81.228 0.0000000000
53210  -37.161  -19.447  81.677 0.0000000000
55213  -37.194  -18.223  81.630 0.0000000000
56280  -36.638  -17.122  81.245 0.0000000000
55227  -36.155  -17.393  80.742 0.0000000000
47334  -13.900  -26.038  90.187 0.0000000000
43197  -30.808  -29.687  83.376 0.0000000000
43179  -31.024  -29.742  84.017 0.0000000000
42035  -31.611  -31.008  84.019 0.0000000000
43181  -32.532  -30.433  83.160 0.0000000000
43182  -33.173  -30.462  82.884 0.0000000000
50467  -33.620  -22.916  82.394 0.0000000000
49413  -33.978  -23.581  82.793 0.0000000000
49416  -36.469  -23.578  82.653 0.0000000000
49432  -37.223  -23.542  82.204 0.0000000000
50468  -36.770  -22.650  82.405 0.0000000000
52359  -37.254  -21.097  81.877 0.0000000000
51482  -37.877  -21.664  81.090 0.0000000000
46273  -13.603  -26.082  90.350 0.0000000000
57374  -40.733  -15.178  77.490 0.0000000000
58394  -40.968  -14.753  77.134 0.0000000000
59339  -41.423  -14.225  76.008 0.0000000000
58412  -41.772  -14.694  75.671 0.0000000000
59352  -41.848  -14.314  75.307 0.0000000000
58413  -42.157  -14.961  74.960 0.0000000000
59353  -42.063  -14.281  74.653 0.0000000000
63285  -42.468  -9.792  70.820 0.0000000000
63296  -42.512  -9.774  69.837 0.0000000000
63308  -43.703  -9.299  69.408 0.0000000000
64347  -43.911  -8.983  69.752 0.0000000000
64366  -44.088  -9.723  69.456 0.0000000000
63328  -44.293  -10.338  69.648 0.0000000000
62348  -43.172  -10.641  68.496 0.0000000000
67546  -46.577  -5.723  63.961 0.0000000000
68567  -46.060  -5.067  64.297 0.0000000000
67533  -46.814  -5.947  64.843 0.0000000000
66530  -45.922  -6.291  65.695 0.0000000000
52365  -34.587  -21.484  81.107 0.0000000000
62345  -39.971  -10.795  67.405 0.0000000000
63340  -40.404  -9.812  66.977 0.0000000000
65552  -46.518  -7.177  61.337 0.0000000000
65551  -45.725  -7.158  61.360 0.0000000000
66585  -45.219  -6.556  61.789 0.0000000000
65538  -48.153  -7.366  62.187 0.0000000000
64480  -48.361  -8.328  62.492 0.0000000000
63464  -48.192  -9.469  60.959 0.0000000000
64489  -48.753  -8.492  61.210 0.0000000000
65585  -49.270  -7.608  59.694 0.0000000000
67613  -48.545  -5.430  58.518 0.0000000000
51536  -38.062  -21.440  76.245 0.0000000000
51518  -37.734  -21.147  77.098 0.0000000000
52382  -38.546  -19.916  77.974 0.0000000000
54178  -39.343  -18.529  77.693 0.0000000000
54177  -38.863  -18.409  78.397 0.0000000000
54146  -38.150  -18.551  81.125 0.0000000000
53232  -38.770  -18.757  80.156 0.0000000000
54154  -38.694  -18.345  80.554 0.0000000000
56295  -39.155  -16.667  80.077 0.0000000000
56307  -39.467  -16.466  79.568 0.0000000000
55238  -39.643  -17.055  78.620 0.0000000000
57349  -39.994  -16.054  78.724 0.0000000000
57348  -39.538  -15.584  79.204 0.0000000000
59310  -38.510  -14.199  78.178 0.0000000000
43063  -12.938  -28.778  91.715 0.0000000000
44195  -13.409  -28.637  91.638 0.0000000000
44188  -14.878  -27.524  91.933 0.0000000000
47316  -15.290  -25.992  91.476 0.0000000000
47309  -16.032  -26.433  91.840 0.0000000000
43098  -18.833  -29.086  89.965 0.0000000000
43112  -19.152  -29.670  89.046 0.0000000000
41986  -19.753  -30.080  88.491 0.0000000000
46296  -18.342  -26.365  88.652 0.0000000000
47339  -18.074  -26.098  89.553 0.0000000000
45258  -20.039  -28.045  90.182 0.0000000000
44215  -19.921  -28.642  90.342 0.0000000000
44227  -20.316  -28.453  89.984 0.0000000000
41975  -20.872  -29.693  88.699 0.0000000000
41974  -20.629  -29.729  88.767 0.0000000000
41988  -20.802  -30.384  88.364 0.0000000000
41987  -20.235  -30.234  88.411 0.0000000000
42002  -20.568  -30.717  87.938 0.0000000000
40951  -20.692  -31.281  87.269 0.0000000000
39961  -21.593  -31.540  87.032 0.0000000000
39006  -22.241  -32.755  86.020 0.0000000000
39971  -22.403  -32.264  86.226 0.0000000000
40977  -24.173  -31.175  84.857 0.0000000000
40976  -23.520  -31.636  85.108 0.0000000000
39981  -22.872  -32.512  85.576 0.0000000000
39994  -23.570  -32.758  84.734 0.0000000000
39995  -24.157  -32.807  83.958 0.0000000000
41011  -25.860  -32.153  83.509 0.0000000000
40013  -24.938  -32.886  83.416 0.0000000000
40014  -25.833  -32.969  83.309 0.0000000000
39042  -26.564  -33.758  83.407 0.0000000000
42031  -28.084  -30.390  84.927 0.0000000000
43162  -27.125  -29.447  85.409 0.0000000000
42050  -27.440  -30.888  84.608 0.0000000000
42051  -28.086  -30.932  84.514 0.0000000000
39027  -29.327  -33.130  83.514 0.0000000000
41013  -28.513  -32.256  83.670 0.0000000000
39044  -28.692  -33.540  83.399 0.0000000000
38119  -30.755  -33.397  83.076 0.0000000000
38138  -30.317  -34.129  82.561 0.0000000000
40002  -31.892  -32.069  83.837 0.0000000000
39032  -32.361  -32.364  83.449 0.0000000000
43261  -33.450  -29.121  81.515 0.0000000000
44295  -34.571  -28.643  82.643 0.0000000000
47369  -34.952  -25.652  82.975 0.0000000000
42073  -35.444  -30.143  81.713 0.0000000000
43222  -36.086  -29.452  81.380 0.0000000000
42111  -36.411  -29.758  80.573 0.0000000000
42134  -36.576  -29.530  80.264 0.0000000000
45407  -36.892  -27.557  79.598 0.0000000000
48418  -37.816  -24.282  81.253 0.0000000000
47393  -37.937  -25.131  81.159 0.0000000000
48419  -37.784  -24.182  80.839 0.0000000000
49480  -36.915  -23.422  79.532 0.0000000000
48452  -36.948  -24.250  80.104 0.0000000000
48469  -36.017  -24.828  78.572 0.0000000000
48487  -35.699  -24.380  77.528 0.0000000000
49495  -36.183  -23.574  78.120 0.0000000000
51517  -37.187  -21.749  77.566 0.0000000000
50552  -36.860  -22.571  76.878 0.0000000000
45210  -11.861  -27.930  93.129 0.0000000000
44185  -12.388  -28.669  92.528 0.0000000000
56346  -40.879  -16.430  76.172 0.0000000000
55275  -40.592  -17.408  75.666 0.0000000000
55286  -41.114  -17.312  74.660 0.0000000000
60305  -39.927  -13.101  74.067 0.0000000000
60291  -40.156  -13.639  74.827 0.0000000000
60321  -42.011  -12.587  73.460 0.0000000000
60307  -41.293  -13.495  73.905 0.0000000000
59364  -42.292  -14.045  73.402 0.0000000000
59374  -42.896  -13.682  73.284 0.0000000000
63275  -43.614  -9.876  71.768 0.0000000000
61285  -43.008  -10.795  72.728 0.0000000000
61287  -44.264  -11.276  72.032 0.0000000000
59385  -44.052  -12.942  71.725 0.0000000000
58442  -43.817  -13.554  71.881 0.0000000000
58441  -43.484  -14.130  72.398 0.0000000000
58452  -43.620  -14.025  71.724 0.0000000000
64410  -40.429  -8.576  66.677 0.0000000000
68552  -45.165  -4.265  64.393 0.0000000000
68551  -44.110  -4.226  64.531 0.0000000000
69642  -44.846  -4.238  65.137 0.0000000000
67524  -42.647  -4.902  65.495 0.0000000000
67522  -41.010  -6.136  65.444 0.0000000000
67516  -41.820  -6.035  66.382 0.0000000000
66500  -42.600  -7.056  68.345 0.0000000000
66512  -41.881  -7.101  67.482 0.0000000000
66499  -42.245  -7.060  68.118 0.0000000000
55211  -36.142  -18.617  81.681 0.0000000000
55218  -35.936  -18.566  81.527 0.0000000000
43198  -31.622  -30.099  83.141 0.0000000000
43180  -31.770  -30.346  83.468 0.0000000000
43221  -33.328  -29.593  82.219 0.0000000000
52338  -33.913  -21.767  82.743 0.0000000000
50454  -34.350  -22.603  83.180 0.0000000000
51454  -34.359  -21.823  83.113 0.0000000000
51456  -35.587  -21.783  82.940 0.0000000000
51468  -36.348  -21.740  82.570 0.0000000000
52351  -36.762  -20.892  82.270 0.0000000000
59324  -40.538  -13.944  77.238 0.0000000000
60267  -40.708  -13.656  76.576 0.0000000000
60278  -41.045  -13.662  75.886 0.0000000000
63306  -42.438  -9.804  68.986 0.0000000000
63325  -42.763  -9.867  68.769 0.0000000000
63344  -42.904  -10.118  68.640 0.0000000000
65526  -47.538  -7.332  63.784 0.0000000000
64464  -47.492  -7.940  64.145 0.0000000000
64450  -47.122  -8.317  64.650 0.0000000000
65567  -47.085  -7.155  60.650 0.0000000000
66587  -47.196  -6.852  61.698 0.0000000000
65554  -49.002  -7.801  60.966 0.0000000000
65568  -48.896  -7.391  60.837 0.0000000000
66622  -49.148  -6.987  59.296 0.0000000000
68611  -48.656  -4.689  58.160 0.0000000000
68622  -48.687  -4.759  57.516 0.0000000000
67629  -48.712  -5.701  56.707 0.0000000000
52389  -37.547  -21.025  78.047 0.0000000000
56282  -38.130  -16.849  81.010 0.0000000000
57322  -38.304  -16.387  80.576 0.0000000000
57333  -38.673  -15.746  80.176 0.0000000000
57347  -39.048  -15.129  79.742 0.0000000000
58369  -38.527  -14.835  79.667 0.0000000000
58379  -38.053  -14.712  78.837 0.0000000000
58392  -37.954  -14.815  77.908 0.0000000000
44175  -13.250  -27.939  92.892 0.0000000000
44176  -13.814  -27.702  92.861 0.0000000000
45225  -14.092  -27.459  92.726 0.0000000000
43085  -19.404  -28.941  90.365 0.0000000000
44228  -20.643  -28.882  89.552 0.0000000000
43102  -21.059  -29.239  88.808 0.0000000000
43114  -21.116  -29.620  88.654 0.0000000000
41989  -21.332  -30.190  88.429 0.0000000000
40943  -21.409  -30.896  88.018 0.0000000000
40944  -21.751  -30.773  88.062 0.0000000000
40954  -22.438  -30.987  87.110 0.0000000000
40993  -24.694  -31.721  84.047 0.0000000000
41012  -26.597  -31.982  83.707 0.0000000000
44265  -29.441  -28.933  84.805 0.0000000000
43164  -29.299  -29.547  85.123 0.0000000000
39028  -29.793  -33.067  83.666 0.0000000000
38099  -30.616  -33.127  83.430 0.0000000000
41001  -32.891  -31.585  83.078 0.0000000000
40003  -32.743  -32.087  83.142 0.0000000000
40004  -33.128  -31.814  82.737 0.0000000000
40042  -35.162  -31.278  81.457 0.0000000000
45366  -33.869  -27.685  81.943 0.0000000000
46372  -34.101  -26.977  82.154 0.0000000000
46375  -35.340  -26.621  82.871 0.0000000000
46387  -36.105  -26.555  82.575 0.0000000000
45367  -36.429  -27.506  82.112 0.0000000000
44316  -36.560  -28.352  81.528 0.0000000000
43223  -36.582  -28.808  81.099 0.0000000000
44317  -36.935  -28.241  80.919 0.0000000000
44331  -37.120  -28.252  80.248 0.0000000000
44344  -37.021  -28.142  79.758 0.0000000000
46435  -37.096  -26.326  79.984 0.0000000000
50484  -38.046  -22.579  80.780 0.0000000000
49448  -37.785  -23.424  80.639 0.0000000000
49463  -37.308  -23.255  79.939 0.0000000000
49496  -36.512  -23.108  78.974 0.0000000000
50517  -37.138  -22.491  79.305 0.0000000000
51504  -37.191  -21.636  78.695 0.0000000000
45242  -11.424  -26.764  90.933 0.0000000000
46248  -11.341  -26.763  92.561 0.0000000000
56366  -41.247  -16.174  74.581 0.0000000000
55287  -41.478  -16.753  74.251 0.0000000000
56379  -41.722  -16.332  73.933 0.0000000000
61265  -40.323  -12.138  73.033 0.0000000000
60319  -40.484  -12.644  73.519 0.0000000000
61266  -40.992  -12.112  73.062 0.0000000000
61267  -41.656  -11.656  73.206 0.0000000000
61268  -42.665  -11.454  73.107 0.0000000000
62320  -44.526  -10.731  70.575 0.0000000000
61302  -44.464  -11.424  71.190 0.0000000000
69628  -45.478  -4.935  65.856 0.0000000000
69634  -44.511  -4.231  65.595 0.0000000000
68533  -44.491  -4.658  66.782 0.0000000000
68520  -43.894  -4.854  67.453 0.0000000000
68519  -43.061  -4.833  67.144 0.0000000000
67506  -42.521  -5.774  67.418 0.0000000000
68504  -43.218  -5.471  68.049 0.0000000000
67474  -42.972  -6.690  69.039 0.0000000000
65432  -42.872  -7.569  68.922 0.0000000000
65448  -42.784  -7.489  68.186 0.0000000000
67603  -47.929  -4.813  59.376 0.0000000000
68599  -48.279  -4.219  59.206 0.0000000000
69676  -47.861  -3.630  59.157 0.0000000000
69677  -48.102  -3.663  59.159 0.0000000000
69693  -48.361  -3.480  58.709 0.0000000000
55221  -37.774  -17.704  81.476 0.0000000000
56281  -37.389  -16.773  81.179 0.0000000000
57331  -37.243  -15.986  80.002 0.0000000000
47314  -13.591  -26.043  91.725 0.0000000000
47306  -13.970  -26.236  92.114 0.0000000000
47315  -14.387  -25.956  91.551 0.0000000000
47326  -15.851  -25.790  90.720 0.0000000000
47327  -16.864  -25.791  90.620 0.0000000000
47319  -17.837  -26.380  90.874 0.0000000000
46274  -18.107  -26.510  90.733 0.0000000000
43161  -25.818  -29.271  85.678 0.0000000000
43165  -30.123  -29.676  84.569 0.0000000000
39982  -30.849  -31.970  84.198 0.0000000000
40982  -31.333  -31.431  84.265 0.0000000000
40983  -31.816  -31.561  83.903 0.0000000000
42053  -31.939  -30.836  83.671 0.0000000000
42056  -33.868  -30.771  82.803 0.0000000000
48398  -33.426  -24.542  81.792 0.0000000000
48380  -33.966  -24.758  82.178 0.0000000000
48381  -34.549  -24.626  82.692 0.0000000000
48382  -35.252  -24.601  82.920 0.0000000000
48383  -36.119  -24.564  82.841 0.0000000000
47380  -37.123  -25.379  81.831 0.0000000000
48400  -37.484  -24.401  81.781 0.0000000000
49433  -37.704  -23.489  81.600 0.0000000000
50483  -37.862  -22.607  81.376 0.0000000000
46272  -12.952  -26.205  90.681 0.0000000000
56322  -40.330  -16.451  77.731 0.0000000000
55251  -40.118  -16.877  77.202 0.0000000000
56332  -40.652  -16.464  77.094 0.0000000000
57383  -41.494  -15.703  76.012 0.0000000000
58404  -41.485  -14.905  76.374 0.0000000000
57384  -41.464  -15.492  75.160 0.0000000000
57399  -41.693  -15.422  74.433 0.0000000000
57400  -41.920  -15.259  73.827 0.0000000000
58426  -41.946  -14.641  73.658 0.0000000000
62309  -41.711  -10.462  71.531 0.0000000000
62310  -42.571  -9.923  71.681 0.0000000000
63287  -43.954  -9.402  71.301 0.0000000000
63297  -43.009  -9.173  70.332 0.0000000000
64330  -43.915  -8.884  70.411 0.0000000000
63288  -44.396  -9.711  71.047 0.0000000000
63299  -44.500  -10.486  70.188 0.0000000000
67559  -45.492  -5.266  62.982 0.0000000000
68576  -44.649  -4.970  63.177 0.0000000000
68565  -45.531  -4.671  63.696 0.0000000000
68553  -45.795  -4.807  64.613 0.0000000000
69644  -45.954  -4.891  65.210 0.0000000000
66551  -46.756  -6.380  64.904 0.0000000000
67526  -47.045  -5.616  65.059 0.0000000000
69637  -46.241  -4.874  65.553 0.0000000000
68524  -45.574  -5.905  65.991 0.0000000000
67509  -45.313  -5.819  66.253 0.0000000000
53206  -34.818  -20.154  81.848 0.0000000000
54133  -35.227  -19.572  81.614 0.0000000000
53219  -35.027  -20.125  81.224 0.0000000000
50466  -33.432  -23.226  81.844 0.0000000000
51480  -33.760  -22.073  82.075 0.0000000000
52357  -34.120  -21.374  81.821 0.0000000000
60289  -38.795  -13.554  74.479 0.0000000000
60304  -39.176  -12.994  73.953 0.0000000000
60317  -38.955  -12.614  73.221 0.0000000000
61300  -40.191  -11.510  72.190 0.0000000000
62307  -40.111  -11.197  71.598 0.0000000000
62316  -40.007  -11.073  71.166 0.0000000000
62317  -40.763  -10.705  70.745 0.0000000000
63341  -40.957  -9.140  67.333 0.0000000000
66584  -44.288  -5.853  61.806 0.0000000000
66569  -44.989  -5.887  62.450 0.0000000000
66560  -47.463  -6.795  63.270 0.0000000000
66572  -47.602  -6.900  62.442 0.0000000000
64465  -47.836  -8.218  63.533 0.0000000000
63437  -48.295  -9.230  62.797 0.0000000000
62418  -48.140  -9.711  62.713 0.0000000000
64501  -49.090  -8.380  60.244 0.0000000000
66621  -48.726  -6.392  59.405 0.0000000000
66640  -48.811  -6.491  58.548 0.0000000000
52391  -39.110  -20.193  77.105 0.0000000000
53263  -39.641  -19.354  77.181 0.0000000000
55259  -39.542  -17.883  77.519 0.0000000000
53244  -38.812  -18.508  79.794 0.0000000000
55229  -38.940  -17.520  80.296 0.0000000000
54165  -38.912  -18.076  79.665 0.0000000000
55236  -38.771  -17.729  79.155 0.0000000000
56321  -40.008  -16.475  78.364 0.0000000000
57362  -40.322  -15.581  78.062 0.0000000000
58382  -40.147  -14.581  78.061 0.0000000000
58370  -39.121  -14.819  79.296 0.0000000000
58381  -39.470  -14.605  78.559 0.0000000000
59312  -39.811  -13.986  77.900 0.0000000000
54145  -35.635  -18.975  81.235 0.0000000000
55226  -35.750  -18.188  80.962 0.0000000000
55234  -35.824  -17.971  80.065 0.0000000000
55235  -36.386  -17.265  79.829 0.0000000000
56305  -36.956  -16.565  79.525 0.0000000000
56306  -37.293  -16.149  79.181 0.0000000000
56320  -37.445  -16.043  78.596 0.0000000000
59350  -38.680  -14.288  75.253 0.0000000000
41962  -12.149  -29.571  90.662 0.0000000000
43080  -12.738  -29.043  90.750 0.0000000000
43081  -13.271  -28.857  90.289 0.0000000000
46252  -14.849  -26.883  92.285 0.0000000000
47329  -18.453  -26.255  90.047 0.0000000000
46275  -18.778  -26.793  90.487 0.0000000000
45257  -19.226  -27.761  90.727 0.0000000000
43087  -20.382  -29.206  89.728 0.0000000000
43113  -19.852  -29.850  88.947 0.0000000000
40952  -21.321  -31.335  87.453 0.0000000000
42004  -22.710  -30.589  86.919 0.0000000000
40965  -22.621  -31.451  86.372 0.0000000000
39040  -24.586  -33.688  83.545 0.0000000000
40995  -27.072  -31.501  84.032 0.0000000000
39996  -27.214  -32.159  83.705 0.0000000000
40996  -28.189  -31.576  83.942 0.0000000000
40016  -27.960  -32.595  83.575 0.0000000000
40001  -31.292  -32.252  83.909 0.0000000000
39048  -31.811  -32.987  82.868 0.0000000000
39049  -32.603  -32.440  82.855 0.0000000000
43244  -33.215  -29.513  81.866 0.0000000000
44315  -33.826  -28.688  82.268 0.0000000000
43201  -33.964  -29.854  82.663 0.0000000000
42071  -34.421  -30.383  82.624 0.0000000000
45354  -34.990  -27.626  82.793 0.0000000000
42072  -34.936  -30.412  82.158 0.0000000000
42088  -35.222  -30.747  81.727 0.0000000000
42089  -35.572  -30.510  81.412 0.0000000000
41026  -35.458  -30.968  81.330 0.0000000000
43245  -36.333  -29.679  80.887 0.0000000000
46403  -37.502  -25.661  80.872 0.0000000000
46419  -37.368  -25.486  80.489 0.0000000000
46436  -37.170  -25.527  80.237 0.0000000000
48453  -37.000  -24.226  80.146 0.0000000000
47420  -36.923  -25.333  80.033 0.0000000000
47419  -36.655  -25.964  79.714 0.0000000000
49523  -36.232  -23.827  76.018 0.0000000000
50533  -36.507  -23.047  77.372 0.0000000000
50551  -36.575  -23.065  76.926 0.0000000000
43051  -11.983  -28.882  92.646 0.0000000000
43062  -12.363  -28.949  92.131 0.0000000000
55274  -40.345  -17.830  76.261 0.0000000000
60292  -40.826  -13.787  74.895 0.0000000000
60293  -41.595  -13.919  74.802 0.0000000000
59363  -41.756  -14.200  73.979 0.0000000000
57415  -42.673  -14.736  73.096 0.0000000000
61269  -43.271  -11.757  72.938 0.0000000000
60335  -44.023  -12.450  72.264 0.0000000000
60323  -43.633  -13.087  72.674 0.0000000000
59375  -43.343  -13.698  72.908 0.0000000000
58434  -43.025  -14.435  73.032 0.0000000000
57425  -43.031  -14.912  72.883 0.0000000000
63361  -40.445  -9.217  66.885 0.0000000000
68563  -43.776  -5.052  63.484 0.0000000000
68562  -42.848  -4.858  63.320 0.0000000000
68549  -42.349  -4.810  63.836 0.0000000000
68540  -43.242  -4.537  65.096 0.0000000000
68539  -42.494  -4.908  64.675 0.0000000000
67532  -41.711  -4.980  64.196 0.0000000000
66536  -40.387  -7.100  65.525 0.0000000000
65476  -40.472  -7.713  66.337 0.0000000000
66524  -41.546  -6.639  66.840 0.0000000000
66523  -40.920  -7.052  66.873 0.0000000000
65464  -41.074  -7.780  67.241 0.0000000000
64389  -41.447  -8.483  67.393 0.0000000000
64412  -42.057  -8.678  66.653 0.0000000000
39016  -22.620  -33.003  85.641 0.0000000000
39047  -31.276  -33.148  83.136 0.0000000000
39050  -33.026  -32.152  82.519 0.0000000000
39983  -31.270  -31.855  84.194 0.0000000000
40017  -28.854  -32.737  83.578 0.0000000000
40030  -35.060  -31.311  81.511 0.0000000000
41963  -12.713  -29.169  90.344 0.0000000000
41990  -22.032  -30.522  88.095 0.0000000000
42055  -33.261  -31.021  82.965 0.0000000000
43061  -11.603  -29.310  92.366 0.0000000000
43243  -32.860  -29.876  81.844 0.0000000000
45224  -13.553  -27.458  93.068 0.0000000000
45233  -14.589  -27.346  92.264 0.0000000000
45256  -18.756  -27.321  90.831 0.0000000000
46253  -15.992  -26.796  92.028 0.0000000000
46277  -20.198  -27.744  89.905 0.0000000000
46284  -14.260  -26.242  89.437 0.0000000000
47308  -15.539  -26.395  91.892 0.0000000000
47323  -13.291  -26.009  91.267 0.0000000000
47328  -17.901  -26.100  90.456 0.0000000000
47421  -37.253  -24.861  80.358 0.0000000000
48435  -37.416  -24.154  80.504 0.0000000000
49464  -37.503  -23.454  80.344 0.0000000000
49510  -36.610  -23.080  76.660 0.0000000000
50500  -37.416  -22.693  79.773 0.0000000000
51453  -33.872  -22.145  82.966 0.0000000000
51455  -34.882  -21.833  83.190 0.0000000000
51467  -33.801  -22.059  82.564 0.0000000000
52339  -34.190  -21.518  82.815 0.0000000000
52347  -33.981  -21.537  82.448 0.0000000000
54164  -38.634  -18.234  79.235 0.0000000000
55212  -36.629  -18.364  81.631 0.0000000000
55248  -38.804  -17.778  78.842 0.0000000000
56365  -40.794  -16.635  75.259 0.0000000000
56393  -42.958  -15.440  72.827 0.0000000000
57414  -42.423  -15.092  73.291 0.0000000000
58356  -37.934  -15.137  80.101 0.0000000000
58414  -41.925  -15.015  74.197 0.0000000000
58427  -42.444  -14.496  73.215 0.0000000000
58453  -43.782  -13.260  71.422 0.0000000000
59309  -38.137  -14.427  78.150 0.0000000000
59325  -41.084  -14.308  76.669 0.0000000000
60266  -40.409  -13.365  76.584 0.0000000000
60294  -41.764  -14.022  74.323 0.0000000000
60309  -42.586  -13.571  73.356 0.0000000000
61286  -43.481  -11.083  72.628 0.0000000000
61301  -44.456  -10.949  71.452 0.0000000000
62292  -41.670  -11.227  73.051 0.0000000000
62302  -43.284  -10.388  72.339 0.0000000000
62303  -43.891  -10.427  72.032 0.0000000000
62312  -44.522  -10.746  71.107 0.0000000000
62319  -44.502  -10.279  70.900 0.0000000000
62327  -44.459  -10.867  70.069 0.0000000000
62338  -44.205  -10.748  69.619 0.0000000000
62390  -47.317  -9.440  63.919 0.0000000000
62405  -48.130  -9.504  63.150 0.0000000000
62436  -48.021  -9.841  61.958 0.0000000000
63274  -43.056  -9.908  72.009 0.0000000000
63276  -44.072  -9.913  71.559 0.0000000000
63298  -44.484  -9.927  70.321 0.0000000000
63309  -44.339  -9.985  69.720 0.0000000000
63310  -44.426  -10.398  69.902 0.0000000000
63327  -44.118  -10.205  69.389 0.0000000000
63418  -47.771  -9.337  63.625 0.0000000000
63419  -48.038  -9.081  63.417 0.0000000000
64312  -43.792  -9.080  70.898 0.0000000000
64313  -44.201  -9.174  70.798 0.0000000000
64314  -44.392  -9.440  70.622 0.0000000000
64329  -43.507  -9.012  70.592 0.0000000000
64331  -44.304  -9.188  70.271 0.0000000000
64346  -43.501  -8.889  70.082 0.0000000000
64365  -43.948  -9.377  69.456 0.0000000000
64451  -47.586  -8.508  64.045 0.0000000000
64490  -49.105  -8.075  60.740 0.0000000000
65433  -43.339  -7.573  69.066 0.0000000000
65449  -43.268  -7.556  68.514 0.0000000000
66483  -42.827  -7.107  69.014 0.0000000000
66484  -43.194  -7.117  69.093 0.0000000000
66518  -45.582  -6.063  65.963 0.0000000000
66541  -46.376  -6.259  65.418 0.0000000000
66542  -46.749  -6.138  64.949 0.0000000000
66552  -46.911  -6.029  64.943 0.0000000000
67473  -42.770  -6.803  68.818 0.0000000000
67491  -42.785  -6.303  68.482 0.0000000000
67505  -42.066  -6.389  67.160 0.0000000000
67508  -44.731  -5.812  66.766 0.0000000000
67510  -45.594  -5.842  66.041 0.0000000000
67525  -46.525  -5.829  65.435 0.0000000000
67534  -46.969  -5.246  65.075 0.0000000000
67542  -44.088  -5.308  63.057 0.0000000000
67543  -44.351  -5.068  63.217 0.0000000000
67544  -45.987  -5.079  63.533 0.0000000000
67545  -46.320  -5.306  63.803 0.0000000000
67561  -46.468  -5.676  63.519 0.0000000000
68523  -45.330  -5.677  66.204 0.0000000000
68531  -43.138  -4.527  66.087 0.0000000000
68534  -45.017  -4.948  66.368 0.0000000000
68535  -45.428  -5.151  65.953 0.0000000000
68536  -45.754  -5.236  65.648 0.0000000000
68541  -43.960  -4.096  65.630 0.0000000000
68542  -44.491  -4.389  66.177 0.0000000000
68543  -44.804  -4.694  66.335 0.0000000000
68544  -46.669  -5.167  65.180 0.0000000000
68545  -47.119  -5.216  65.193 0.0000000000
68554  -46.194  -5.161  64.893 0.0000000000
68556  -47.013  -4.970  65.004 0.0000000000
68566  -45.916  -4.894  64.028 0.0000000000
68577  -44.988  -4.880  63.162 0.0000000000
68598  -47.930  -3.888  59.310 0.0000000000
69627  -45.251  -4.926  66.089 0.0000000000
69629  -45.876  -5.265  65.516 0.0000000000
69633  -44.269  -4.094  65.495 0.0000000000
69635  -45.133  -4.684  65.840 0.0000000000
69641  -44.344  -4.093  65.271 0.0000000000
69643  -45.548  -4.660  65.134 0.0000000000
69645  -46.466  -4.771  65.287 0.0000000000
