#!ascii label  , from subject A00073677 vox2ras=TkReg
1112
42006  -3.983  -29.771  85.989 0.0000000000
53268  -24.644  -19.650  77.106 0.0000000000
56451  -26.089  -15.440  70.176 0.0000000000
49489  -20.778  -21.560  78.715 0.0000000000
67578  -30.718  -4.656  60.081 0.0000000000
63389  -24.111  -8.890  64.219 0.0000000000
53239  -27.921  -18.487  81.218 0.0000000000
48481  -24.048  -22.948  78.171 0.0000000000
71636  -34.799  -1.376  63.968 0.0000000000
72574  -38.454  0.231  60.627 0.0000000000
70722  -41.785  -1.835  58.877 0.0000000000
61305  -26.198  -11.103  70.459 0.0000000000
59454  -23.783  -13.529  67.098 0.0000000000
65441  -26.756  -7.828  67.857 0.0000000000
64423  -30.578  -7.825  66.683 0.0000000000
50506  -13.145  -21.067  79.392 0.0000000000
39938  -2.673  -32.207  89.286 0.0000000000
57407  -25.129  -15.495  74.369 0.0000000000
59392  -29.514  -13.208  73.374 0.0000000000
51542  -15.889  -20.518  75.547 0.0000000000
50612  -20.224  -21.963  72.673 0.0000000000
69759  -41.411  -3.463  52.211 0.0000000000
73595  -43.068  0.315  56.245 0.0000000000
65529  -28.011  -7.099  62.397 0.0000000000
67528  -33.680  -4.965  65.263 0.0000000000
44301  -5.542  -28.057  82.515 0.0000000000
35268  -0.812  -37.071  86.247 0.0000000000
72571  -35.460  0.004  61.431 0.0000000000
63301  -25.788  -9.212  69.491 0.0000000000
49486  -11.627  -21.806  78.351 0.0000000000
40946  -3.375  -30.716  87.361 0.0000000000
53286  -24.124  -19.086  74.510 0.0000000000
55270  -24.803  -17.642  77.044 0.0000000000
50543  -18.329  -20.367  77.612 0.0000000000
51560  -18.193  -20.951  74.432 0.0000000000
50572  -20.604  -21.548  75.589 0.0000000000
50546  -24.697  -21.298  77.624 0.0000000000
49532  -23.623  -22.554  75.493 0.0000000000
50573  -24.334  -21.379  75.239 0.0000000000
50495  -19.651  -20.874  80.772 0.0000000000
50510  -17.729  -20.646  79.642 0.0000000000
69729  -36.545  -3.224  55.611 0.0000000000
68655  -39.956  -3.680  54.562 0.0000000000
71682  -43.325  -1.391  57.529 0.0000000000
62367  -22.990  -10.780  65.829 0.0000000000
64456  -26.053  -7.480  63.279 0.0000000000
65488  -32.323  -6.613  65.731 0.0000000000
49419  -8.545  -23.105  81.763 0.0000000000
47366  -6.810  -24.710  83.026 0.0000000000
46352  -6.438  -25.772  84.128 0.0000000000
45372  -6.106  -26.767  81.534 0.0000000000
35294  -1.602  -37.191  85.014 0.0000000000
53250  -26.002  -19.623  79.467 0.0000000000
56314  -26.602  -17.032  78.790 0.0000000000
55245  -28.372  -16.161  79.857 0.0000000000
48428  -22.771  -22.399  80.662 0.0000000000
48479  -22.669  -22.777  77.878 0.0000000000
47401  -24.954  -23.063  80.519 0.0000000000
49492  -26.015  -21.673  80.298 0.0000000000
68580  -32.480  -3.575  61.756 0.0000000000
69669  -33.180  -1.673  60.103 0.0000000000
71674  -36.622  -1.262  58.578 0.0000000000
69685  -38.921  -2.192  57.939 0.0000000000
68618  -39.906  -3.126  57.181 0.0000000000
71656  -40.314  -1.058  59.196 0.0000000000
60374  -26.532  -12.958  69.721 0.0000000000
58493  -24.819  -14.249  68.239 0.0000000000
61335  -25.287  -11.873  68.645 0.0000000000
62330  -24.465  -10.182  68.195 0.0000000000
64399  -25.072  -7.921  66.679 0.0000000000
63375  -27.109  -7.537  65.350 0.0000000000
65470  -28.762  -7.617  67.216 0.0000000000
49423  -12.160  -21.197  81.753 0.0000000000
49453  -10.187  -22.407  79.720 0.0000000000
73623  -40.797  -0.423  54.106 0.0000000000
38967  -1.122  -32.942  89.734 0.0000000000
55297  -24.402  -17.796  72.751 0.0000000000
56414  -25.986  -15.765  71.988 0.0000000000
56360  -27.983  -15.210  76.131 0.0000000000
56402  -28.694  -15.426  73.112 0.0000000000
57463  -28.033  -14.379  70.988 0.0000000000
61308  -27.741  -12.551  71.858 0.0000000000
49531  -22.362  -22.670  75.240 0.0000000000
50475  -16.030  -20.565  80.952 0.0000000000
50540  -14.405  -20.402  78.030 0.0000000000
68645  -41.257  -3.007  55.690 0.0000000000
70767  -42.583  -2.466  53.974 0.0000000000
72631  -42.571  -1.365  54.225 0.0000000000
75444  -41.713  1.857  56.216 0.0000000000
41004  -3.952  -31.360  82.736 0.0000000000
39987  -3.090  -32.333  84.444 0.0000000000
66575  -28.977  -6.426  61.452 0.0000000000
115369  -29.066  -7.386  63.811 0.0000000000
65530  -30.689  -6.653  62.553 0.0000000000
66579  -32.006  -4.977  62.457 0.0000000000
68559  -34.364  -3.849  63.862 0.0000000000
43187  -5.245  -28.874  84.301 0.0000000000
39000  -2.403  -33.307  86.050 0.0000000000
37090  -1.653  -34.724  87.448 0.0000000000
37087  -0.027  -34.677  87.973 0.0000000000
40957  -3.577  -30.299  86.524 0.0000000000
53277  -24.521  -19.839  76.364 0.0000000000
54196  -24.413  -18.941  76.613 0.0000000000
54184  -24.916  -18.371  77.386 0.0000000000
50544  -19.714  -21.151  77.868 0.0000000000
50559  -19.570  -20.798  76.359 0.0000000000
49504  -20.857  -21.703  77.817 0.0000000000
52398  -24.994  -20.575  77.975 0.0000000000
49534  -24.527  -21.498  76.164 0.0000000000
51547  -24.676  -20.830  76.241 0.0000000000
51563  -24.393  -20.949  74.499 0.0000000000
49443  -21.127  -21.419  81.404 0.0000000000
49424  -20.573  -21.187  82.046 0.0000000000
49457  -20.218  -21.135  80.112 0.0000000000
50528  -19.443  -21.206  78.988 0.0000000000
68654  -39.087  -4.233  54.590 0.0000000000
56437  -24.908  -16.490  69.827 0.0000000000
56436  -24.620  -16.645  69.094 0.0000000000
62381  -22.856  -10.379  64.683 0.0000000000
62396  -22.772  -10.644  63.467 0.0000000000
64454  -24.840  -8.324  63.645 0.0000000000
48403  -7.452  -24.437  80.903 0.0000000000
48387  -7.799  -23.567  82.024 0.0000000000
47383  -7.025  -25.149  81.377 0.0000000000
46378  -6.538  -25.472  82.526 0.0000000000
46405  -6.225  -26.761  80.728 0.0000000000
53251  -26.747  -18.943  80.120 0.0000000000
54173  -27.058  -17.893  80.113 0.0000000000
54161  -28.134  -17.445  80.794 0.0000000000
48392  -24.619  -22.847  82.007 0.0000000000
47399  -24.307  -23.059  80.559 0.0000000000
48412  -25.036  -22.964  81.484 0.0000000000
51487  -27.452  -20.419  81.649 0.0000000000
49459  -26.643  -21.829  81.054 0.0000000000
51492  -26.584  -20.625  80.556 0.0000000000
51501  -26.051  -20.853  79.983 0.0000000000
70694  -33.536  -2.594  62.784 0.0000000000
69661  -32.897  -2.185  61.100 0.0000000000
70699  -33.571  -0.959  62.354 0.0000000000
72572  -36.475  0.300  60.977 0.0000000000
71651  -35.428  -0.500  60.266 0.0000000000
71653  -37.665  -0.785  59.346 0.0000000000
70716  -37.508  -1.540  58.364 0.0000000000
71668  -38.737  -1.226  58.660 0.0000000000
70719  -39.670  -1.999  58.365 0.0000000000
72586  -39.041  -0.310  59.894 0.0000000000
61316  -26.783  -12.371  70.586 0.0000000000
60373  -25.979  -12.687  69.311 0.0000000000
61314  -25.932  -11.173  69.638 0.0000000000
64336  -26.245  -8.355  69.280 0.0000000000
63317  -25.346  -9.294  68.992 0.0000000000
64355  -25.177  -8.756  68.258 0.0000000000
64398  -24.471  -8.515  67.116 0.0000000000
64378  -26.003  -7.853  67.328 0.0000000000
64379  -26.765  -7.648  66.880 0.0000000000
65458  -27.593  -7.441  67.276 0.0000000000
51473  -14.324  -20.509  81.939 0.0000000000
51472  -13.413  -20.538  82.161 0.0000000000
49441  -13.055  -20.899  80.685 0.0000000000
50504  -10.492  -22.314  79.292 0.0000000000
74555  -40.782  1.490  55.506 0.0000000000
74553  -39.048  1.677  55.273 0.0000000000
39937  -2.052  -32.810  89.779 0.0000000000
56371  -23.995  -16.801  75.078 0.0000000000
54223  -23.975  -18.189  73.604 0.0000000000
56384  -24.467  -15.984  73.820 0.0000000000
56413  -25.139  -16.402  72.075 0.0000000000
57429  -25.795  -15.493  73.335 0.0000000000
56327  -28.422  -15.448  78.080 0.0000000000
56341  -27.814  -15.469  77.155 0.0000000000
56342  -28.528  -14.883  76.977 0.0000000000
58438  -29.763  -13.975  73.825 0.0000000000
56388  -29.334  -15.279  73.999 0.0000000000
57432  -29.394  -14.545  73.330 0.0000000000
57442  -28.373  -15.399  71.889 0.0000000000
58458  -28.785  -13.645  72.331 0.0000000000
59411  -27.880  -13.378  71.093 0.0000000000
60344  -28.798  -12.770  72.636 0.0000000000
51578  -19.412  -21.571  73.498 0.0000000000
48480  -23.054  -22.912  77.493 0.0000000000
48515  -22.211  -22.658  76.393 0.0000000000
48517  -23.131  -23.062  76.125 0.0000000000
49569  -22.795  -22.820  73.312 0.0000000000
51476  -17.599  -20.360  81.568 0.0000000000
50542  -16.842  -20.070  78.162 0.0000000000
50525  -16.135  -20.430  79.000 0.0000000000
51510  -15.041  -20.300  77.278 0.0000000000
51524  -14.579  -20.604  76.309 0.0000000000
69706  -40.741  -2.702  57.827 0.0000000000
68632  -40.676  -3.084  56.867 0.0000000000
69721  -41.103  -2.773  57.296 0.0000000000
72601  -43.557  -0.132  56.810 0.0000000000
70758  -43.097  -1.901  56.003 0.0000000000
72613  -43.232  -0.791  55.641 0.0000000000
71704  -43.078  -1.762  53.577 0.0000000000
72621  -43.116  -0.913  55.031 0.0000000000
74571  -42.020  0.425  55.442 0.0000000000
74546  -42.451  1.339  56.552 0.0000000000
58504  -24.405  -14.020  67.825 0.0000000000
57487  -23.885  -15.761  67.701 0.0000000000
66591  -27.945  -6.387  60.649 0.0000000000
66574  -28.245  -6.640  61.511 0.0000000000
65483  -28.632  -7.495  65.592 0.0000000000
65501  -28.210  -7.451  64.358 0.0000000000
65502  -29.763  -7.349  64.636 0.0000000000
65506  -32.896  -5.799  65.312 0.0000000000
65517  -31.037  -6.607  63.768 0.0000000000
66554  -32.319  -5.613  63.949 0.0000000000
66562  -31.721  -5.702  62.627 0.0000000000
66564  -32.700  -4.757  63.821 0.0000000000
67550  -33.319  -4.182  63.627 0.0000000000
67538  -34.097  -4.328  64.119 0.0000000000
45321  -5.839  -26.750  84.242 0.0000000000
45320  -5.514  -27.299  84.642 0.0000000000
45303  -5.311  -27.230  85.368 0.0000000000
44280  -5.322  -28.410  83.582 0.0000000000
43205  -4.822  -29.465  82.612 0.0000000000
44300  -5.154  -28.788  82.527 0.0000000000
38102  -2.479  -34.231  83.440 0.0000000000
39010  -2.780  -32.804  85.338 0.0000000000
38079  -2.060  -34.925  84.587 0.0000000000
35282  -1.316  -36.809  85.795 0.0000000000
36199  -0.937  -35.864  86.231 0.0000000000
36188  -0.962  -35.985  87.022 0.0000000000
37088  -0.663  -34.958  88.021 0.0000000000
36187  -0.283  -36.138  87.405 0.0000000000
48395  -26.307  -22.439  82.234 0.0000000000
71637  -34.994  -0.772  64.358 0.0000000000
72564  -34.747  -0.358  63.592 0.0000000000
73559  -35.703  0.570  64.044 0.0000000000
62323  -25.882  -10.263  69.999 0.0000000000
50522  -12.650  -21.285  78.257 0.0000000000
49487  -12.261  -21.367  78.993 0.0000000000
41967  -3.602  -30.033  89.467 0.0000000000
40937  -3.082  -30.875  88.596 0.0000000000
53275  -24.076  -19.276  74.960 0.0000000000
55284  -24.060  -18.201  76.077 0.0000000000
57378  -25.269  -15.773  76.342 0.0000000000
61263  -29.549  -11.892  73.701 0.0000000000
51527  -17.901  -20.118  76.324 0.0000000000
52409  -17.683  -20.747  74.900 0.0000000000
51528  -18.708  -20.469  75.947 0.0000000000
50571  -19.843  -21.223  74.988 0.0000000000
50584  -20.406  -21.756  74.316 0.0000000000
48483  -24.634  -22.081  78.106 0.0000000000
48518  -23.565  -22.802  76.042 0.0000000000
49519  -24.357  -22.164  76.580 0.0000000000
49533  -24.107  -22.073  75.643 0.0000000000
50585  -24.090  -21.502  73.739 0.0000000000
50478  -19.128  -20.379  81.640 0.0000000000
51486  -17.586  -20.641  80.854 0.0000000000
50494  -18.873  -20.701  80.490 0.0000000000
50527  -18.569  -20.867  78.811 0.0000000000
69715  -35.006  -2.714  56.249 0.0000000000
69742  -40.671  -3.450  53.812 0.0000000000
73581  -42.338  0.347  59.674 0.0000000000
70733  -42.595  -1.945  58.401 0.0000000000
60399  -23.360  -12.255  66.384 0.0000000000
64483  -25.115  -8.403  62.001 0.0000000000
64471  -26.448  -7.326  62.735 0.0000000000
64406  -32.297  -7.300  67.091 0.0000000000
65487  -31.632  -7.102  65.608 0.0000000000
64426  -32.755  -6.679  66.395 0.0000000000
49420  -9.357  -22.520  81.875 0.0000000000
48372  -8.616  -22.693  83.318 0.0000000000
49374  -7.667  -23.589  84.958 0.0000000000
47363  -6.918  -24.794  83.974 0.0000000000
45336  -6.107  -26.554  83.295 0.0000000000
44302  -5.883  -27.211  82.320 0.0000000000
43226  -5.728  -28.892  81.229 0.0000000000
44321  -5.809  -28.015  81.345 0.0000000000
53260  -25.473  -19.357  78.755 0.0000000000
54171  -25.841  -18.216  78.527 0.0000000000
54172  -26.294  -18.519  79.259 0.0000000000
56316  -28.082  -16.045  79.102 0.0000000000
48445  -21.811  -21.893  79.651 0.0000000000
48477  -21.370  -22.039  78.370 0.0000000000
48446  -22.554  -22.329  79.692 0.0000000000
47432  -23.626  -23.077  79.181 0.0000000000
47434  -24.578  -22.898  79.027 0.0000000000
48430  -25.993  -22.524  80.866 0.0000000000
48448  -25.704  -22.212  79.956 0.0000000000
48464  -25.191  -22.381  79.027 0.0000000000
49506  -25.346  -21.554  78.795 0.0000000000
51513  -25.332  -20.915  78.631 0.0000000000
48389  -22.271  -22.131  82.178 0.0000000000
67580  -31.753  -4.237  60.913 0.0000000000
68595  -31.189  -3.712  59.104 0.0000000000
68597  -32.281  -3.080  59.753 0.0000000000
69683  -32.719  -2.245  59.024 0.0000000000
70725  -33.456  -1.782  58.307 0.0000000000
71645  -34.422  -0.513  61.577 0.0000000000
70715  -35.205  -0.834  59.023 0.0000000000
70740  -35.081  -1.805  57.608 0.0000000000
70741  -36.299  -1.699  57.304 0.0000000000
69717  -37.519  -2.374  56.755 0.0000000000
69718  -38.637  -2.956  56.708 0.0000000000
69732  -39.268  -3.430  56.004 0.0000000000
69704  -39.474  -2.864  57.550 0.0000000000
69687  -39.928  -2.591  58.259 0.0000000000
71657  -40.977  -1.038  59.412 0.0000000000
73569  -39.623  0.675  60.977 0.0000000000
73580  -41.638  0.362  60.084 0.0000000000
58479  -26.531  -14.161  69.819 0.0000000000
57473  -25.240  -15.246  69.095 0.0000000000
59423  -25.602  -13.720  69.004 0.0000000000
60386  -25.229  -12.723  68.498 0.0000000000
60385  -24.722  -12.526  68.062 0.0000000000
62332  -25.348  -10.384  69.123 0.0000000000
62342  -24.883  -11.029  68.556 0.0000000000
61334  -24.465  -11.619  67.898 0.0000000000
62355  -23.647  -10.337  66.786 0.0000000000
63352  -24.246  -8.669  66.223 0.0000000000
63372  -24.268  -8.803  65.043 0.0000000000
63374  -26.338  -7.676  65.132 0.0000000000
64419  -25.991  -7.711  65.658 0.0000000000
65469  -28.198  -7.374  66.480 0.0000000000
64422  -29.817  -7.992  66.976 0.0000000000
64404  -30.373  -8.159  67.598 0.0000000000
64405  -31.334  -7.746  67.352 0.0000000000
50459  -11.209  -21.463  82.578 0.0000000000
49455  -11.886  -21.535  80.195 0.0000000000
49439  -11.164  -21.677  80.987 0.0000000000
49421  -10.408  -21.912  82.128 0.0000000000
48405  -9.233  -22.987  80.572 0.0000000000
56425  -25.411  -16.406  71.032 0.0000000000
56426  -26.396  -15.798  71.182 0.0000000000
56324  -26.047  -17.011  78.311 0.0000000000
56358  -26.406  -15.688  76.759 0.0000000000
57409  -26.770  -15.470  75.050 0.0000000000
56374  -28.080  -15.314  75.140 0.0000000000
56385  -27.312  -15.483  74.505 0.0000000000
56415  -27.118  -15.799  72.113 0.0000000000
56427  -27.409  -15.675  71.276 0.0000000000
57461  -27.316  -15.386  70.769 0.0000000000
58480  -27.158  -13.973  70.053 0.0000000000
60353  -27.355  -12.729  71.072 0.0000000000
61294  -26.830  -11.778  71.941 0.0000000000
61261  -28.772  -11.184  72.960 0.0000000000
61277  -27.543  -11.456  72.584 0.0000000000
49517  -21.328  -22.181  76.988 0.0000000000
49548  -21.280  -22.100  74.987 0.0000000000
49566  -21.139  -22.235  73.837 0.0000000000
48533  -22.971  -22.964  75.268 0.0000000000
49550  -22.420  -22.675  74.561 0.0000000000
51474  -15.479  -20.534  81.776 0.0000000000
50490  -14.853  -20.750  80.134 0.0000000000
50492  -16.932  -20.625  80.442 0.0000000000
50508  -15.441  -20.599  79.661 0.0000000000
50523  -13.771  -20.719  78.683 0.0000000000
50539  -13.328  -20.842  77.471 0.0000000000
68643  -39.621  -3.527  55.671 0.0000000000
68656  -40.899  -3.185  54.888 0.0000000000
69743  -41.532  -3.113  54.310 0.0000000000
69723  -42.545  -2.350  57.001 0.0000000000
69744  -42.121  -2.746  54.887 0.0000000000
69751  -42.314  -2.857  53.848 0.0000000000
69769  -42.817  -2.792  52.595 0.0000000000
71709  -42.920  -1.800  52.949 0.0000000000
72639  -42.485  -1.461  53.095 0.0000000000
73625  -41.854  -1.012  54.066 0.0000000000
74570  -41.567  0.745  55.431 0.0000000000
42040  -4.424  -30.366  83.902 0.0000000000
40968  -3.406  -31.304  85.032 0.0000000000
40007  -3.409  -32.310  83.163 0.0000000000
56465  -24.313  -16.158  68.338 0.0000000000
66593  -30.290  -5.492  60.788 0.0000000000
63392  -27.046  -7.561  64.551 0.0000000000
115365  -27.200  -7.435  63.600 0.0000000000
115368  -28.468  -7.347  63.054 0.0000000000
65503  -30.962  -7.096  64.772 0.0000000000
115373  -30.216  -7.149  63.956 0.0000000000
65543  -28.682  -6.983  62.170 0.0000000000
65545  -30.590  -6.533  61.786 0.0000000000
66577  -30.885  -6.007  61.417 0.0000000000
66594  -31.119  -5.221  61.039 0.0000000000
67565  -32.272  -4.277  62.294 0.0000000000
68570  -33.318  -3.579  63.049 0.0000000000
70689  -34.943  -2.454  63.884 0.0000000000
44250  -4.358  -28.528  86.720 0.0000000000
44259  -4.935  -27.960  85.545 0.0000000000
43169  -4.841  -29.457  84.544 0.0000000000
42059  -4.292  -30.743  83.117 0.0000000000
41019  -4.303  -30.947  81.854 0.0000000000
39974  -3.059  -32.039  85.575 0.0000000000
38993  -2.772  -32.331  86.647 0.0000000000
39953  -2.755  -32.530  87.654 0.0000000000
37121  -1.749  -35.513  84.899 0.0000000000
37101  -1.562  -34.401  86.982 0.0000000000
38984  -2.509  -33.778  88.504 0.0000000000
38044  -1.844  -34.054  88.902 0.0000000000
38054  -0.504  -34.228  88.411 0.0000000000
35267  -0.322  -37.427  86.125 0.0000000000
36186  0.275  -36.406  86.989 0.0000000000
43133  -4.240  -29.009  86.543 0.0000000000
54197  -24.758  -19.001  77.299 0.0000000000
49488  -20.204  -21.410  78.428 0.0000000000
49503  -20.317  -21.448  77.951 0.0000000000
52397  -24.826  -20.418  77.493 0.0000000000
51529  -24.712  -20.813  77.159 0.0000000000
52412  -24.598  -20.203  76.356 0.0000000000
49458  -21.065  -21.202  80.380 0.0000000000
49473  -20.119  -21.304  79.250 0.0000000000
68642  -38.876  -3.776  55.348 0.0000000000
56438  -25.792  -15.814  70.388 0.0000000000
56450  -25.503  -15.609  69.720 0.0000000000
62382  -23.539  -9.406  64.680 0.0000000000
62397  -23.283  -9.570  63.820 0.0000000000
63406  -24.160  -8.896  63.424 0.0000000000
63407  -24.513  -8.558  63.924 0.0000000000
47396  -7.125  -25.168  80.645 0.0000000000
46406  -6.520  -26.085  80.783 0.0000000000
53238  -27.246  -19.273  80.677 0.0000000000
54160  -27.474  -18.283  80.594 0.0000000000
48411  -24.866  -22.991  81.303 0.0000000000
48393  -25.263  -22.928  82.104 0.0000000000
52371  -27.525  -19.663  81.285 0.0000000000
51493  -26.907  -20.652  81.072 0.0000000000
52370  -26.964  -20.074  80.766 0.0000000000
48376  -24.880  -22.542  82.779 0.0000000000
70695  -33.971  -1.888  63.163 0.0000000000
70698  -33.276  -1.806  62.010 0.0000000000
72573  -37.462  0.382  60.701 0.0000000000
72584  -37.072  -0.138  60.092 0.0000000000
72585  -38.083  -0.317  59.993 0.0000000000
71654  -38.771  -0.856  59.023 0.0000000000
61306  -26.593  -11.791  70.938 0.0000000000
61315  -26.353  -11.809  70.075 0.0000000000
65424  -26.746  -7.864  68.763 0.0000000000
64356  -25.748  -8.517  68.455 0.0000000000
65457  -26.794  -7.719  67.299 0.0000000000
65442  -27.642  -7.618  68.259 0.0000000000
50489  -13.788  -20.865  80.299 0.0000000000
49456  -12.772  -21.141  80.207 0.0000000000
75442  -40.469  2.225  55.856 0.0000000000
74554  -39.999  1.544  55.431 0.0000000000
75441  -39.571  2.248  55.815 0.0000000000
40927  -3.004  -31.179  89.535 0.0000000000
39930  -2.793  -31.749  89.961 0.0000000000
39929  -2.260  -32.070  90.176 0.0000000000
56372  -24.479  -16.039  74.748 0.0000000000
56383  -23.993  -16.734  74.097 0.0000000000
57417  -25.132  -15.588  73.547 0.0000000000
57418  -25.816  -15.426  73.966 0.0000000000
56343  -29.257  -14.600  76.765 0.0000000000
57433  -29.674  -14.466  73.888 0.0000000000
58437  -29.494  -14.208  73.317 0.0000000000
58447  -28.820  -14.441  72.326 0.0000000000
59402  -28.684  -13.226  72.359 0.0000000000
59391  -29.206  -13.227  72.932 0.0000000000
52408  -15.740  -20.490  75.659 0.0000000000
51558  -16.374  -21.037  74.679 0.0000000000
47474  -23.602  -22.942  77.427 0.0000000000
48497  -23.136  -22.970  76.969 0.0000000000
48498  -23.789  -22.867  77.209 0.0000000000
51526  -16.662  -20.197  76.364 0.0000000000
51511  -16.143  -19.902  77.305 0.0000000000
51525  -15.598  -20.322  76.382 0.0000000000
52395  -15.274  -20.548  75.957 0.0000000000
70731  -40.882  -2.284  58.384 0.0000000000
69707  -41.531  -2.371  57.934 0.0000000000
72607  -43.357  -0.183  56.246 0.0000000000
72606  -43.494  -0.709  56.354 0.0000000000
72620  -42.984  -1.005  55.242 0.0000000000
72614  -43.045  -0.465  55.698 0.0000000000
73601  -42.963  -0.073  55.934 0.0000000000
59455  -24.239  -13.646  67.616 0.0000000000
58503  -23.893  -14.230  67.387 0.0000000000
64485  -26.688  -7.203  61.976 0.0000000000
65541  -26.488  -7.328  61.299 0.0000000000
65542  -27.490  -6.978  61.584 0.0000000000
65485  -29.764  -7.613  66.065 0.0000000000
65486  -30.716  -7.473  65.688 0.0000000000
66555  -32.722  -5.326  64.522 0.0000000000
65519  -32.539  -5.804  64.770 0.0000000000
66563  -32.108  -5.503  63.246 0.0000000000
67537  -33.425  -4.586  64.413 0.0000000000
44281  -5.722  -27.474  83.373 0.0000000000
44271  -5.557  -27.651  84.101 0.0000000000
44279  -4.946  -28.944  83.148 0.0000000000
38088  -2.360  -34.226  84.370 0.0000000000
35269  -0.910  -36.526  86.077 0.0000000000
35256  -0.606  -36.594  87.001 0.0000000000
63281  -25.928  -9.350  71.695 0.0000000000
41978  -3.644  -29.903  88.118 0.0000000000
43104  -3.874  -29.367  88.904 0.0000000000
39946  -3.004  -31.362  87.845 0.0000000000
53276  -24.392  -19.733  75.555 0.0000000000
55269  -24.254  -17.296  76.278 0.0000000000
56337  -24.347  -16.904  76.282 0.0000000000
56338  -24.665  -16.662  76.502 0.0000000000
50558  -18.685  -20.398  76.599 0.0000000000
50560  -20.591  -21.567  76.912 0.0000000000
50583  -19.825  -21.491  74.380 0.0000000000
49505  -24.723  -21.615  78.054 0.0000000000
48500  -24.537  -22.053  76.980 0.0000000000
49520  -24.552  -21.677  76.899 0.0000000000
50574  -24.630  -21.173  76.100 0.0000000000
49553  -23.757  -21.987  74.191 0.0000000000
50479  -19.937  -20.847  81.612 0.0000000000
50463  -19.912  -20.900  82.547 0.0000000000
69728  -35.597  -3.058  55.812 0.0000000000
61361  -23.055  -11.685  66.007 0.0000000000
60416  -22.970  -12.422  65.567 0.0000000000
64469  -24.935  -8.328  62.831 0.0000000000
64470  -25.597  -7.737  62.642 0.0000000000
65471  -32.893  -7.023  67.118 0.0000000000
64407  -32.725  -6.936  66.793 0.0000000000
67520  -33.953  -5.336  65.990 0.0000000000
49403  -8.813  -22.698  82.387 0.0000000000
49404  -9.222  -22.231  83.098 0.0000000000
48370  -7.339  -23.993  82.586 0.0000000000
48361  -8.364  -22.957  83.720 0.0000000000
48360  -7.542  -23.714  83.768 0.0000000000
48355  -7.336  -23.918  84.827 0.0000000000
45357  -6.207  -26.246  82.453 0.0000000000
44322  -5.880  -27.332  81.624 0.0000000000
45371  -5.934  -27.353  81.321 0.0000000000
55244  -27.826  -16.915  80.057 0.0000000000
48427  -22.145  -21.942  80.361 0.0000000000
47400  -24.712  -23.066  80.446 0.0000000000
47413  -23.725  -23.069  79.999 0.0000000000
47414  -24.216  -23.237  79.825 0.0000000000
47433  -24.107  -23.113  79.009 0.0000000000
47415  -24.666  -23.136  79.760 0.0000000000
48415  -26.570  -22.244  81.846 0.0000000000
48414  -26.166  -22.567  81.576 0.0000000000
49476  -26.302  -21.843  80.588 0.0000000000
48449  -26.238  -22.172  80.669 0.0000000000
49475  -25.894  -21.822  80.123 0.0000000000
48465  -25.609  -21.981  79.564 0.0000000000
49490  -25.311  -21.914  78.827 0.0000000000
49491  -25.664  -21.688  79.612 0.0000000000
52377  -25.863  -20.367  79.543 0.0000000000
51500  -25.624  -20.792  79.219 0.0000000000
52386  -25.246  -20.346  78.549 0.0000000000
48410  -23.531  -22.416  81.833 0.0000000000
48409  -23.076  -22.433  81.498 0.0000000000
48408  -22.259  -22.097  81.193 0.0000000000
67581  -32.060  -4.101  61.484 0.0000000000
68587  -31.924  -3.695  60.259 0.0000000000
68588  -32.251  -3.504  60.792 0.0000000000
69668  -32.653  -2.462  60.195 0.0000000000
70713  -33.346  -1.699  59.229 0.0000000000
73562  -35.184  0.439  62.818 0.0000000000
71665  -35.991  -0.803  59.093 0.0000000000
71664  -35.025  -0.740  59.595 0.0000000000
70727  -35.602  -1.169  58.341 0.0000000000
69701  -35.431  -2.192  56.930 0.0000000000
69684  -38.474  -1.899  57.959 0.0000000000
70742  -37.348  -1.805  57.539 0.0000000000
69702  -38.204  -2.033  57.702 0.0000000000
69703  -38.730  -2.495  57.550 0.0000000000
70706  -39.982  -1.491  58.745 0.0000000000
69673  -39.669  -2.360  58.294 0.0000000000
70720  -40.031  -2.035  58.934 0.0000000000
71669  -40.692  -1.600  58.847 0.0000000000
73579  -41.071  0.059  60.365 0.0000000000
58478  -25.685  -14.374  69.317 0.0000000000
59424  -26.084  -13.494  69.469 0.0000000000
61336  -25.623  -12.371  68.914 0.0000000000
60387  -25.568  -12.836  68.839 0.0000000000
62331  -24.685  -10.220  68.479 0.0000000000
62341  -24.321  -10.467  67.890 0.0000000000
61333  -24.034  -11.067  67.404 0.0000000000
63353  -24.915  -7.915  65.985 0.0000000000
63373  -25.229  -7.967  65.291 0.0000000000
64418  -25.473  -7.757  65.947 0.0000000000
64401  -27.190  -7.496  66.313 0.0000000000
65484  -29.112  -7.690  66.617 0.0000000000
64421  -29.398  -7.914  67.251 0.0000000000
63338  -30.354  -8.212  68.121 0.0000000000
64382  -30.554  -8.152  67.972 0.0000000000
50472  -12.543  -20.953  81.696 0.0000000000
50460  -12.151  -21.099  82.422 0.0000000000
49422  -11.589  -21.464  81.825 0.0000000000
49472  -12.360  -21.358  79.626 0.0000000000
49471  -11.642  -21.648  79.342 0.0000000000
49454  -10.888  -21.993  79.909 0.0000000000
49438  -10.024  -22.358  80.833 0.0000000000
48406  -9.494  -22.752  80.691 0.0000000000
48425  -9.535  -22.764  80.244 0.0000000000
38966  -0.666  -32.731  89.807 0.0000000000
55306  -24.493  -17.152  72.384 0.0000000000
56313  -26.268  -17.320  78.648 0.0000000000
56325  -26.711  -16.437  78.187 0.0000000000
56340  -26.943  -15.924  77.316 0.0000000000
56359  -27.147  -15.518  76.317 0.0000000000
57394  -26.232  -15.488  75.852 0.0000000000
56373  -27.416  -15.421  75.441 0.0000000000
56387  -28.788  -15.635  74.033 0.0000000000
56386  -28.003  -15.588  74.137 0.0000000000
56400  -26.757  -15.568  73.269 0.0000000000
56401  -27.939  -15.706  73.102 0.0000000000
57454  -28.187  -14.759  71.299 0.0000000000
56428  -27.866  -15.665  71.491 0.0000000000
57453  -27.947  -15.369  71.333 0.0000000000
57462  -27.580  -14.847  70.636 0.0000000000
57475  -27.120  -14.486  70.089 0.0000000000
58465  -27.649  -14.190  70.440 0.0000000000
60354  -27.980  -12.957  71.509 0.0000000000
60364  -27.571  -13.088  70.854 0.0000000000
61307  -27.034  -12.365  71.470 0.0000000000
61295  -27.567  -12.092  72.288 0.0000000000
61251  -29.481  -11.405  73.935 0.0000000000
61262  -29.241  -11.477  73.230 0.0000000000
62291  -29.097  -11.074  73.489 0.0000000000
61276  -26.796  -11.062  72.450 0.0000000000
52422  -18.022  -20.888  74.576 0.0000000000
51559  -17.353  -21.016  74.476 0.0000000000
51576  -17.617  -21.595  73.565 0.0000000000
48478  -21.962  -22.520  78.115 0.0000000000
48494  -21.486  -22.264  77.667 0.0000000000
48495  -21.974  -22.633  77.166 0.0000000000
48516  -22.589  -22.870  76.057 0.0000000000
49530  -21.971  -22.468  75.636 0.0000000000
49549  -21.846  -22.475  74.627 0.0000000000
48534  -23.225  -22.797  75.139 0.0000000000
50474  -14.812  -20.656  80.906 0.0000000000
50493  -18.025  -20.644  80.311 0.0000000000
50509  -16.574  -20.557  79.683 0.0000000000
50541  -15.560  -20.032  78.249 0.0000000000
50524  -14.927  -20.389  78.987 0.0000000000
50507  -14.340  -20.748  79.569 0.0000000000
69719  -39.372  -3.190  56.670 0.0000000000
69733  -39.518  -3.434  56.015 0.0000000000
68631  -40.100  -3.294  56.614 0.0000000000
69734  -41.234  -2.917  56.496 0.0000000000
68644  -40.565  -3.322  55.854 0.0000000000
68657  -41.564  -2.931  55.157 0.0000000000
71678  -43.030  -1.422  58.328 0.0000000000
69708  -42.306  -2.266  57.797 0.0000000000
70752  -43.162  -2.000  56.884 0.0000000000
70763  -42.763  -2.037  55.077 0.0000000000
70757  -42.584  -2.322  55.465 0.0000000000
70762  -42.540  -2.380  54.514 0.0000000000
69760  -42.305  -3.163  52.831 0.0000000000
69761  -42.728  -2.648  53.299 0.0000000000
71710  -42.871  -1.595  53.764 0.0000000000
70772  -42.961  -2.222  53.035 0.0000000000
72640  -42.816  -1.723  53.502 0.0000000000
72630  -42.220  -1.179  53.914 0.0000000000
75450  -41.897  1.087  55.823 0.0000000000
75443  -41.196  2.235  56.027 0.0000000000
76358  -41.533  2.491  56.337 0.0000000000
42039  -4.148  -30.931  83.415 0.0000000000
40985  -3.829  -31.338  83.928 0.0000000000
57489  -25.116  -14.705  68.691 0.0000000000
57472  -24.845  -15.541  68.725 0.0000000000
57488  -24.430  -15.402  68.251 0.0000000000
66592  -29.224  -5.830  60.685 0.0000000000
63391  -25.889  -7.722  64.278 0.0000000000
115363  -27.360  -7.492  63.939 0.0000000000
115367  -28.435  -7.429  63.651 0.0000000000
115366  -27.729  -7.436  63.507 0.0000000000
65504  -31.804  -6.619  64.838 0.0000000000
115374  -29.700  -7.260  63.218 0.0000000000
65544  -29.837  -6.933  61.970 0.0000000000
66578  -31.548  -5.532  62.024 0.0000000000
65546  -31.098  -6.208  62.050 0.0000000000
66595  -31.486  -4.872  61.269 0.0000000000
67564  -31.781  -4.711  61.731 0.0000000000
67551  -34.010  -4.147  63.692 0.0000000000
67566  -32.769  -4.065  62.963 0.0000000000
68571  -33.914  -3.858  63.446 0.0000000000
69652  -34.126  -3.132  63.372 0.0000000000
44270  -5.379  -28.090  84.626 0.0000000000
43170  -5.083  -28.776  85.042 0.0000000000
43186  -4.852  -29.351  83.609 0.0000000000
42076  -4.616  -30.087  81.982 0.0000000000
42060  -4.508  -30.253  82.849 0.0000000000
39009  -2.551  -33.624  85.089 0.0000000000
39001  -2.746  -32.561  86.143 0.0000000000
38992  -2.595  -32.942  87.036 0.0000000000
36213  -1.889  -36.492  84.506 0.0000000000
37120  -1.913  -35.929  84.565 0.0000000000
36207  -1.752  -36.046  84.739 0.0000000000
37100  -1.437  -35.056  86.893 0.0000000000
38065  -1.693  -34.440  87.317 0.0000000000
38056  -2.120  -34.248  87.966 0.0000000000
38042  -0.237  -33.504  88.599 0.0000000000
35266  0.175  -37.629  85.853 0.0000000000
35254  0.064  -37.055  86.504 0.0000000000
40947  -3.592  -30.155  87.098 0.0000000000
53267  -24.464  -19.589  76.420 0.0000000000
55255  -25.068  -17.925  77.411 0.0000000000
50545  -20.404  -21.471  77.649 0.0000000000
50562  -24.834  -20.834  77.928 0.0000000000
50561  -24.661  -21.127  76.981 0.0000000000
51546  -24.498  -20.934  75.340 0.0000000000
52411  -24.512  -20.514  75.355 0.0000000000
48388  -21.680  -21.893  81.605 0.0000000000
49442  -20.430  -21.032  81.047 0.0000000000
50512  -19.470  -21.067  79.861 0.0000000000
68664  -39.398  -4.404  53.971 0.0000000000
55328  -24.766  -17.179  70.539 0.0000000000
61376  -22.835  -11.544  65.132 0.0000000000
61391  -22.749  -11.538  64.088 0.0000000000
64468  -24.545  -8.592  63.192 0.0000000000
64455  -25.540  -7.833  63.499 0.0000000000
48404  -7.889  -23.671  81.241 0.0000000000
48386  -7.383  -24.289  81.730 0.0000000000
47374  -7.009  -24.960  82.201 0.0000000000
46391  -6.525  -25.786  81.826 0.0000000000
45385  -6.168  -26.746  80.997 0.0000000000
45384  -6.075  -27.298  80.800 0.0000000000
54174  -27.632  -17.621  80.445 0.0000000000
55231  -28.279  -16.961  80.539 0.0000000000
47385  -23.783  -22.655  81.476 0.0000000000
47397  -23.334  -22.729  81.007 0.0000000000
47386  -24.388  -22.844  81.277 0.0000000000
47387  -24.940  -22.940  80.823 0.0000000000
47388  -24.985  -22.857  81.035 0.0000000000
50514  -26.761  -21.015  81.079 0.0000000000
50513  -26.452  -21.316  80.643 0.0000000000
50530  -25.893  -21.373  80.047 0.0000000000
52378  -26.551  -20.017  80.159 0.0000000000
48391  -23.945  -22.438  82.110 0.0000000000
69657  -32.934  -2.971  62.178 0.0000000000
69660  -32.656  -3.031  61.288 0.0000000000
70703  -33.412  -1.301  60.708 0.0000000000
73565  -35.939  0.646  61.863 0.0000000000
72583  -36.193  -0.162  60.412 0.0000000000
71652  -36.600  -0.582  59.604 0.0000000000
71675  -37.110  -1.473  58.516 0.0000000000
71666  -37.249  -1.278  58.824 0.0000000000
70717  -38.216  -1.682  58.197 0.0000000000
69671  -38.774  -2.013  57.931 0.0000000000
69672  -39.276  -2.248  58.081 0.0000000000
70718  -38.984  -1.703  58.182 0.0000000000
71655  -39.649  -0.831  59.168 0.0000000000
72587  -39.864  -0.317  59.869 0.0000000000
60362  -26.475  -12.410  69.861 0.0000000000
61325  -25.927  -11.944  69.352 0.0000000000
63316  -24.924  -9.281  68.513 0.0000000000
63336  -24.565  -9.178  67.998 0.0000000000
63335  -24.229  -9.227  67.463 0.0000000000
64377  -24.908  -8.579  67.726 0.0000000000
64400  -26.180  -7.697  66.332 0.0000000000
50473  -13.361  -20.664  81.292 0.0000000000
49440  -12.323  -21.193  81.076 0.0000000000
49470  -10.900  -22.122  79.021 0.0000000000
48443  -9.476  -23.008  79.450 0.0000000000
74569  -41.018  0.589  55.082 0.0000000000
73611  -40.563  0.150  54.518 0.0000000000
74568  -40.354  0.854  54.960 0.0000000000
74567  -39.521  1.049  54.761 0.0000000000
39936  -1.501  -32.892  89.800 0.0000000000
55290  -23.804  -17.768  74.344 0.0000000000
54210  -24.206  -18.741  73.994 0.0000000000
56397  -24.065  -16.546  73.349 0.0000000000
55305  -24.080  -16.759  72.852 0.0000000000
56398  -24.651  -16.128  72.896 0.0000000000
56399  -25.535  -15.710  72.698 0.0000000000
56326  -27.627  -16.025  78.119 0.0000000000
57410  -29.694  -14.822  74.657 0.0000000000
57420  -29.588  -14.822  73.947 0.0000000000
56403  -29.232  -15.066  73.425 0.0000000000
57431  -28.888  -14.979  72.832 0.0000000000
57443  -28.598  -14.907  72.020 0.0000000000
58457  -28.548  -14.195  71.772 0.0000000000
58466  -28.045  -13.849  71.017 0.0000000000
59401  -28.365  -13.460  71.698 0.0000000000
60355  -28.440  -12.998  72.068 0.0000000000
60343  -28.318  -12.612  72.257 0.0000000000
62290  -28.387  -10.862  73.565 0.0000000000
51577  -18.618  -21.491  73.535 0.0000000000
48496  -22.601  -22.843  76.943 0.0000000000
48532  -22.724  -22.871  75.422 0.0000000000
49552  -23.323  -22.499  74.487 0.0000000000
49551  -22.799  -22.757  74.378 0.0000000000
51475  -16.568  -20.491  81.644 0.0000000000
50526  -17.390  -20.525  78.880 0.0000000000
51509  -13.977  -20.522  77.120 0.0000000000
51541  -15.031  -20.826  75.509 0.0000000000
69705  -40.148  -2.886  57.792 0.0000000000
68620  -40.680  -2.906  57.368 0.0000000000
71688  -43.411  -1.341  56.627 0.0000000000
71694  -43.255  -1.297  55.727 0.0000000000
70768  -42.775  -2.087  53.950 0.0000000000
71699  -43.094  -1.385  54.941 0.0000000000
71705  -42.786  -1.458  54.385 0.0000000000
73612  -42.476  -0.637  55.221 0.0000000000
73626  -42.172  -0.790  54.862 0.0000000000
74557  -42.306  0.855  55.943 0.0000000000
75445  -42.094  1.367  56.260 0.0000000000
41018  -4.160  -31.856  81.792 0.0000000000
40022  -3.816  -32.434  82.106 0.0000000000
57502  -24.166  -14.616  67.828 0.0000000000
57501  -23.666  -15.322  66.999 0.0000000000
65559  -27.320  -6.853  60.832 0.0000000000
64441  -27.724  -7.425  65.130 0.0000000000
65505  -32.453  -6.155  65.141 0.0000000000
65518  -32.153  -6.009  64.164 0.0000000000
65532  -31.759  -6.086  63.442 0.0000000000
65531  -31.468  -6.054  62.767 0.0000000000
67549  -32.466  -4.615  63.090 0.0000000000
45304  -5.565  -26.474  85.206 0.0000000000
42092  -4.950  -30.524  81.388 0.0000000000
39018  -2.717  -33.342  84.121 0.0000000000
39019  -2.811  -33.022  84.767 0.0000000000
38080  -2.233  -34.357  85.032 0.0000000000
36208  -1.444  -36.166  85.277 0.0000000000
37099  -1.314  -35.491  87.083 0.0000000000
37089  -1.249  -35.105  87.499 0.0000000000
36177  -0.977  -35.567  87.366 0.0000000000
36176  -0.721  -35.573  87.578 0.0000000000
37098  -0.219  -35.440  87.847 0.0000000000
48394  -25.818  -22.716  82.127 0.0000000000
71642  -34.233  -0.810  62.926 0.0000000000
72565  -35.321  -0.264  64.362 0.0000000000
73558  -35.106  0.160  63.771 0.0000000000
73566  -36.789  1.169  61.560 0.0000000000
73567  -37.895  1.011  61.162 0.0000000000
62315  -26.032  -10.268  71.022 0.0000000000
63291  -25.939  -9.316  70.561 0.0000000000
64318  -26.360  -8.481  70.142 0.0000000000
50521  -12.020  -21.817  77.582 0.0000000000
40936  -2.827  -31.549  88.898 0.0000000000
54205  -24.066  -19.004  75.661 0.0000000000
54204  -23.860  -18.589  75.000 0.0000000000
55283  -23.897  -17.588  75.481 0.0000000000
56357  -24.531  -16.154  75.711 0.0000000000
57393  -25.220  -15.526  75.331 0.0000000000
60329  -29.355  -12.460  73.244 0.0000000000
51543  -17.147  -20.610  75.372 0.0000000000
51544  -18.095  -20.601  75.269 0.0000000000
51545  -18.984  -20.832  75.190 0.0000000000
51561  -19.244  -21.308  74.273 0.0000000000
51579  -20.027  -21.681  73.515 0.0000000000
50597  -20.543  -21.947  73.275 0.0000000000
48482  -24.390  -22.508  78.116 0.0000000000
48499  -24.228  -22.452  77.046 0.0000000000
48519  -24.031  -22.435  76.123 0.0000000000
51477  -18.337  -20.185  81.573 0.0000000000
50477  -18.260  -20.509  81.027 0.0000000000
50511  -18.693  -20.891  79.673 0.0000000000
51512  -17.224  -19.945  77.206 0.0000000000
69700  -34.606  -2.340  57.056 0.0000000000
69749  -40.608  -3.711  52.718 0.0000000000
71671  -41.994  -1.427  59.327 0.0000000000
69675  -42.005  -1.951  58.763 0.0000000000
72595  -42.368  -0.650  59.312 0.0000000000
72596  -42.813  -0.623  58.773 0.0000000000
74544  -42.996  1.317  56.860 0.0000000000
60400  -23.773  -12.695  66.988 0.0000000000
59453  -23.226  -13.246  66.208 0.0000000000
64486  -27.417  -7.254  62.661 0.0000000000
64424  -31.490  -7.482  66.442 0.0000000000
64425  -32.202  -6.999  66.348 0.0000000000
65489  -33.096  -6.271  66.056 0.0000000000
65490  -33.303  -5.871  65.833 0.0000000000
66544  -33.357  -5.483  65.587 0.0000000000
67529  -34.259  -4.528  64.952 0.0000000000
48371  -8.253  -23.099  82.835 0.0000000000
47360  -6.673  -24.802  84.899 0.0000000000
46363  -6.435  -25.604  83.226 0.0000000000
44320  -5.491  -28.638  81.795 0.0000000000
34365  -0.984  -38.453  85.606 0.0000000000
53259  -25.119  -19.881  77.972 0.0000000000
54185  -25.191  -18.898  77.983 0.0000000000
54186  -25.683  -18.773  78.675 0.0000000000
55242  -26.371  -17.698  78.851 0.0000000000
55243  -26.888  -17.402  79.413 0.0000000000
56315  -27.313  -16.600  78.980 0.0000000000
55232  -28.753  -16.503  80.702 0.0000000000
48444  -21.350  -21.465  79.715 0.0000000000
48460  -21.318  -21.767  79.121 0.0000000000
48461  -21.900  -22.259  78.943 0.0000000000
48462  -22.571  -22.589  78.757 0.0000000000
47412  -23.264  -22.693  80.242 0.0000000000
47431  -23.163  -22.779  79.407 0.0000000000
47452  -23.089  -22.885  78.676 0.0000000000
47453  -23.433  -22.931  78.258 0.0000000000
47454  -23.949  -22.928  78.110 0.0000000000
47455  -24.350  -22.731  78.426 0.0000000000
48413  -25.500  -22.798  81.263 0.0000000000
48429  -25.441  -22.684  80.396 0.0000000000
48447  -25.310  -22.615  79.730 0.0000000000
48463  -24.722  -22.624  78.788 0.0000000000
50529  -25.615  -21.235  79.236 0.0000000000
50547  -25.042  -21.205  78.309 0.0000000000
52385  -25.083  -20.274  78.002 0.0000000000
48407  -21.704  -21.582  80.862 0.0000000000
67579  -31.398  -4.545  60.594 0.0000000000
67596  -30.960  -4.138  59.571 0.0000000000
67598  -31.633  -4.013  60.270 0.0000000000
68596  -31.796  -3.523  59.502 0.0000000000
68607  -32.274  -2.817  58.670 0.0000000000
71644  -33.572  -0.878  61.395 0.0000000000
71650  -34.303  -0.767  60.445 0.0000000000
70714  -34.237  -1.105  59.414 0.0000000000
70726  -34.289  -1.462  58.375 0.0000000000
69716  -36.161  -2.446  56.496 0.0000000000
70728  -36.935  -1.565  58.150 0.0000000000
70751  -37.019  -1.837  57.079 0.0000000000
69730  -37.780  -3.488  55.612 0.0000000000
69731  -38.710  -3.419  55.936 0.0000000000
69686  -39.362  -2.486  58.043 0.0000000000
69688  -40.412  -2.622  58.218 0.0000000000
71676  -40.762  -1.970  58.578 0.0000000000
71670  -41.327  -1.576  59.004 0.0000000000
73568  -38.792  0.752  61.177 0.0000000000
72575  -39.317  0.160  60.557 0.0000000000
72576  -39.995  0.107  60.469 0.0000000000
72588  -40.594  -0.361  60.035 0.0000000000
72589  -41.267  -0.489  59.874 0.0000000000
71658  -41.504  -1.089  59.504 0.0000000000
72590  -41.837  -0.545  59.645 0.0000000000
57474  -26.427  -15.042  70.023 0.0000000000
58494  -25.288  -14.112  68.745 0.0000000000
59441  -25.705  -13.202  69.012 0.0000000000
59440  -25.284  -13.444  68.593 0.0000000000
59439  -24.738  -13.383  68.050 0.0000000000
60401  -24.279  -13.037  67.570 0.0000000000
61324  -25.604  -11.363  69.134 0.0000000000
62343  -25.324  -11.223  68.891 0.0000000000
61349  -24.222  -12.346  67.525 0.0000000000
61348  -23.751  -11.695  67.013 0.0000000000
61347  -23.372  -11.745  66.467 0.0000000000
62354  -23.316  -11.263  66.444 0.0000000000
62368  -23.464  -9.657  65.560 0.0000000000
63390  -24.902  -8.257  64.310 0.0000000000
63355  -27.166  -7.493  65.790 0.0000000000
64420  -27.671  -7.399  65.780 0.0000000000
65459  -28.551  -7.693  67.885 0.0000000000
64402  -29.274  -7.997  67.701 0.0000000000
63318  -30.077  -8.239  68.329 0.0000000000
64403  -29.764  -8.231  67.593 0.0000000000
65460  -33.057  -7.139  67.577 0.0000000000
49436  -8.572  -23.349  80.917 0.0000000000
48424  -9.011  -23.329  80.161 0.0000000000
49451  -8.694  -23.442  80.513 0.0000000000
75429  -39.084  2.872  56.292 0.0000000000
55318  -24.871  -17.084  71.481 0.0000000000
55256  -25.391  -17.701  77.818 0.0000000000
55271  -25.287  -17.262  77.424 0.0000000000
56339  -25.675  -16.472  77.347 0.0000000000
57379  -25.891  -15.690  76.648 0.0000000000
57408  -25.982  -15.453  74.784 0.0000000000
56361  -28.645  -14.812  75.892 0.0000000000
56375  -28.739  -15.197  74.944 0.0000000000
57419  -26.519  -15.449  74.186 0.0000000000
57430  -26.249  -15.471  73.664 0.0000000000
56416  -28.047  -15.683  72.051 0.0000000000
56439  -26.645  -15.588  70.556 0.0000000000
59425  -26.853  -13.493  69.895 0.0000000000
59410  -27.532  -13.525  70.437 0.0000000000
60363  -27.098  -12.890  70.274 0.0000000000
61280  -29.233  -11.899  73.085 0.0000000000
61297  -28.827  -12.217  72.791 0.0000000000
61296  -28.274  -12.151  72.536 0.0000000000
62298  -28.156  -11.172  72.915 0.0000000000
61293  -26.359  -11.116  71.472 0.0000000000
49518  -21.785  -22.440  76.417 0.0000000000
49529  -21.333  -22.047  76.065 0.0000000000
49567  -21.696  -22.624  73.513 0.0000000000
51461  -15.030  -20.427  82.772 0.0000000000
51485  -17.071  -20.659  81.079 0.0000000000
50476  -16.644  -20.635  80.992 0.0000000000
50491  -15.775  -20.655  80.273 0.0000000000
51508  -13.485  -20.677  77.034 0.0000000000
69750  -41.497  -3.333  53.279 0.0000000000
69722  -41.785  -2.522  57.105 0.0000000000
69735  -42.009  -2.681  56.026 0.0000000000
69736  -42.739  -2.304  56.288 0.0000000000
70777  -42.973  -2.411  52.092 0.0000000000
73638  -41.787  -1.091  53.374 0.0000000000
73624  -41.606  -1.002  53.785 0.0000000000
74582  -41.890  0.002  55.079 0.0000000000
74581  -41.708  -0.208  54.882 0.0000000000
74580  -41.176  0.177  54.816 0.0000000000
74556  -41.283  1.402  55.654 0.0000000000
75431  -40.823  2.833  56.238 0.0000000000
42020  -4.372  -30.077  85.043 0.0000000000
40969  -3.709  -30.512  85.535 0.0000000000
40986  -3.958  -30.697  84.680 0.0000000000
40006  -3.032  -32.722  83.153 0.0000000000
39053  -3.342  -32.996  82.379 0.0000000000
39035  -3.103  -32.764  82.880 0.0000000000
39986  -2.989  -32.767  83.590 0.0000000000
56449  -24.848  -16.003  68.864 0.0000000000
58502  -23.428  -14.326  66.552 0.0000000000
63408  -26.050  -7.551  63.707 0.0000000000
63409  -26.653  -7.470  63.679 0.0000000000
63424  -27.088  -7.361  63.254 0.0000000000
115375  -30.521  -7.055  64.273 0.0000000000
115371  -29.607  -7.354  63.898 0.0000000000
115370  -28.997  -7.353  63.398 0.0000000000
66576  -30.011  -6.276  61.312 0.0000000000
68581  -32.689  -3.692  62.503 0.0000000000
69651  -33.480  -3.089  62.897 0.0000000000
44251  -4.557  -28.009  86.668 0.0000000000
43151  -4.662  -28.621  85.899 0.0000000000
43150  -4.612  -29.327  85.500 0.0000000000
41005  -4.238  -30.798  82.657 0.0000000000
43225  -5.275  -29.560  81.428 0.0000000000
40956  -3.248  -31.222  86.196 0.0000000000
39964  -2.943  -31.997  86.326 0.0000000000
39954  -2.884  -31.868  87.157 0.0000000000
39945  -2.767  -32.040  88.273 0.0000000000
38978  -2.790  -32.756  88.725 0.0000000000
37131  -2.099  -35.815  84.228 0.0000000000
38073  -1.877  -34.120  85.775 0.0000000000
37110  -1.338  -35.064  85.792 0.0000000000
37111  -1.512  -34.434  86.516 0.0000000000
38066  -1.858  -33.786  86.988 0.0000000000
38057  -2.431  -33.632  87.548 0.0000000000
38985  -2.714  -33.233  88.123 0.0000000000
38977  -2.463  -33.371  89.077 0.0000000000
38976  -1.522  -33.348  89.432 0.0000000000
38055  -1.244  -34.373  88.261 0.0000000000
38043  -0.959  -33.919  88.985 0.0000000000
38975  -0.578  -33.239  89.349 0.0000000000
34356  -0.625  -37.902  86.053 0.0000000000
34355  -0.323  -38.465  85.843 0.0000000000
35255  -0.257  -36.928  86.919 0.0000000000
37097  0.297  -35.322  87.340 0.0000000000
36189  -1.252  -35.621  86.854 0.0000000000
36198  -0.835  -36.361  86.433 0.0000000000
36212  -1.907  -36.151  84.558 0.0000000000
37130  -2.016  -36.094  84.396 0.0000000000
38045  -2.333  -33.980  88.689 0.0000000000
38072  -1.863  -34.777  85.211 0.0000000000
39034  -2.804  -33.335  82.953 0.0000000000
41992  -3.603  -30.074  87.421 0.0000000000
43134  -4.462  -28.561  86.428 0.0000000000
47375  -23.797  -22.502  81.894 0.0000000000
47376  -24.224  -22.703  81.724 0.0000000000
47384  -23.422  -22.617  81.319 0.0000000000
47398  -23.814  -22.920  80.768 0.0000000000
47416  -25.048  -22.989  79.791 0.0000000000
47435  -25.014  -22.715  79.279 0.0000000000
47473  -23.439  -22.945  77.620 0.0000000000
48362  -8.731  -22.565  83.601 0.0000000000
48396  -26.595  -22.182  82.213 0.0000000000
48426  -21.676  -21.499  80.162 0.0000000000
49375  -7.946  -23.400  85.370 0.0000000000
49388  -7.742  -23.543  84.685 0.0000000000
49437  -9.199  -22.932  81.060 0.0000000000
49452  -8.950  -23.207  80.649 0.0000000000
49460  -26.816  -21.707  81.444 0.0000000000
49474  -20.796  -21.335  79.503 0.0000000000
50461  -12.821  -20.734  82.032 0.0000000000
50487  -10.470  -22.282  79.515 0.0000000000
50488  -10.590  -22.183  79.698 0.0000000000
50496  -26.686  -21.424  81.027 0.0000000000
50505  -10.691  -22.166  79.471 0.0000000000
51530  -24.899  -20.820  77.880 0.0000000000
51562  -19.777  -21.593  73.998 0.0000000000
52396  -15.604  -20.461  75.868 0.0000000000
52407  -15.509  -20.559  75.714 0.0000000000
52410  -17.952  -20.780  74.781 0.0000000000
52421  -17.822  -20.872  74.648 0.0000000000
55241  -25.996  -17.589  78.463 0.0000000000
56356  -24.188  -16.848  75.938 0.0000000000
56417  -28.547  -15.315  72.367 0.0000000000
57395  -26.931  -15.456  75.648 0.0000000000
57421  -29.861  -14.427  74.429 0.0000000000
57428  -25.241  -15.667  73.082 0.0000000000
57444  -28.986  -14.594  72.666 0.0000000000
57452  -27.610  -15.539  71.074 0.0000000000
58448  -29.243  -14.057  72.823 0.0000000000
58449  -29.525  -13.529  73.343 0.0000000000
59380  -29.522  -12.933  73.409 0.0000000000
61278  -28.253  -11.613  72.730 0.0000000000
61279  -28.846  -11.699  72.831 0.0000000000
63315  -24.455  -9.765  68.145 0.0000000000
63337  -29.923  -8.364  67.953 0.0000000000
63354  -26.678  -7.617  65.744 0.0000000000
63356  -29.942  -8.343  67.683 0.0000000000
63357  -30.135  -8.341  67.830 0.0000000000
64376  -24.491  -8.739  67.438 0.0000000000
64439  -25.040  -8.180  63.999 0.0000000000
64440  -25.273  -8.029  63.968 0.0000000000
64453  -24.525  -8.578  63.445 0.0000000000
67597  -31.344  -4.099  59.889 0.0000000000
68619  -40.369  -3.023  57.325 0.0000000000
68630  -39.777  -3.262  56.746 0.0000000000
69656  -32.671  -3.216  61.745 0.0000000000
69670  -38.636  -1.990  58.154 0.0000000000
69674  -42.298  -1.930  59.017 0.0000000000
69689  -42.070  -2.059  58.566 0.0000000000
69690  -42.124  -2.083  58.394 0.0000000000
69720  -39.624  -3.365  56.318 0.0000000000
69752  -42.634  -2.526  53.719 0.0000000000
70704  -38.891  -1.182  58.495 0.0000000000
70705  -39.469  -1.367  58.603 0.0000000000
70721  -41.307  -1.866  58.711 0.0000000000
70723  -42.185  -1.817  58.816 0.0000000000
70729  -37.827  -1.747  58.049 0.0000000000
70730  -40.467  -2.219  58.532 0.0000000000
70732  -41.446  -2.097  58.464 0.0000000000
70743  -41.042  -2.527  57.998 0.0000000000
70744  -41.175  -2.452  57.988 0.0000000000
70745  -43.027  -2.103  57.748 0.0000000000
70750  -36.750  -2.012  56.870 0.0000000000
71667  -38.258  -1.291  58.631 0.0000000000
71672  -42.536  -1.389  58.890 0.0000000000
71677  -41.114  -1.860  58.709 0.0000000000
71700  -43.091  -1.162  55.008 0.0000000000
72569  -34.725  -0.201  62.443 0.0000000000
73571  -41.185  0.742  60.491 0.0000000000
73639  -41.859  -1.065  53.738 0.0000000000
74547  -42.673  0.669  56.141 0.0000000000
74558  -42.415  0.180  55.619 0.0000000000
74572  -42.146  -0.210  55.204 0.0000000000
74583  -42.062  -0.734  54.915 0.0000000000
75440  -38.533  2.288  55.789 0.0000000000
75451  -42.098  0.943  55.851 0.0000000000
115364  -28.739  -7.385  63.488 0.0000000000
115372  -29.850  -7.304  63.925 0.0000000000
