#!ascii label  , from subject A00073677 vox2ras=TkReg
1631
10201  -41.586  -67.755  21.497 0.1000000015
9428  -40.893  -68.670  21.389 0.1000000015
8672  -39.524  -69.705  22.481 0.1000000015
8695  -40.220  -69.165  21.469 0.1000000015
8694  -39.258  -69.605  21.158 0.1000000015
8719  -39.828  -69.274  20.255 0.1000000015
7959  -38.892  -69.695  20.016 0.1000000015
8741  -39.241  -69.335  19.277 0.1000000015
8759  -38.799  -69.153  18.407 0.1000000015
8006  -38.320  -69.594  18.940 0.1000000015
8758  -38.383  -69.496  18.544 0.1000000015
8775  -38.433  -69.154  17.566 0.1000000015
8757  -37.977  -69.614  18.249 0.1000000015
9535  -38.869  -68.108  15.491 0.1000000015
8774  -37.838  -69.644  17.618 0.1000000015
8795  -38.206  -69.606  16.367 0.1000000015
11729  -41.373  -66.495  20.579 0.1000000015
9429  -41.229  -68.199  21.059 0.1000000015
10982  -41.420  -67.151  20.452 0.1000000015
9447  -40.658  -68.578  20.535 0.1000000015
10981  -40.890  -67.077  20.205 0.1000000015
10214  -41.000  -67.798  20.219 0.1000000015
10234  -40.260  -68.301  19.911 0.1000000015
8742  -39.766  -69.133  19.729 0.1000000015
9466  -39.658  -68.772  19.497 0.1000000015
9484  -39.102  -68.715  18.530 0.1000000015
8776  -38.804  -68.932  17.959 0.1000000015
13357  -37.780  -63.049  16.655 0.1000000015
12578  -38.807  -64.419  15.347 0.1000000015
11797  -38.965  -65.068  15.706 0.1000000015
10305  -38.741  -67.427  15.287 0.1000000015
10292  -38.831  -67.665  15.912 0.1000000015
9521  -38.816  -68.216  16.144 0.1000000015
9520  -38.767  -68.771  15.717 0.1000000015
9500  -38.610  -68.856  16.595 0.1000000015
12493  -41.709  -64.693  20.901 0.1000000015
11701  -40.505  -65.656  20.802 0.2000000030
12492  -40.945  -64.878  20.986 0.2000000030
11702  -41.247  -65.696  20.801 0.1000000015
12491  -40.080  -64.895  21.131 0.1000000015
11727  -40.121  -66.226  20.559 0.1000000015
11728  -40.730  -66.383  20.507 0.1000000015
18077  -37.041  -58.253  19.326 0.1000000015
16478  -36.863  -59.681  19.259 0.1000000015
10980  -39.825  -66.937  20.115 0.1000000015
10213  -40.359  -67.668  19.985 0.1000000015
16479  -37.114  -59.177  18.737 0.1000000015
15726  -36.947  -60.691  18.849 0.1000000015
14916  -37.034  -61.751  18.777 0.1000000015
14127  -37.330  -62.533  18.617 0.1000000015
10233  -39.454  -67.983  19.326 0.1000000015
14917  -37.269  -62.048  18.270 0.1000000015
13333  -37.761  -63.244  18.286 0.1000000015
12547  -38.351  -64.078  17.815 0.1000000015
11764  -38.413  -65.112  17.628 0.1000000015
11029  -38.536  -65.768  17.195 0.1000000015
9501  -38.718  -68.518  17.324 0.1000000015
14141  -37.604  -62.587  17.479 0.1000000015
13344  -38.213  -63.094  17.532 0.1000000015
12556  -38.657  -63.569  17.305 0.1000000015
12548  -38.746  -64.524  17.348 0.1000000015
10271  -38.539  -66.814  17.153 0.1000000015
10272  -38.740  -67.713  16.698 0.1000000015
12563  -39.156  -64.189  15.963 0.1000000015
11785  -39.091  -64.782  16.374 0.1000000015
11036  -38.756  -65.773  16.391 0.1000000015
10291  -38.759  -66.952  16.105 0.1000000015
13283  -40.581  -64.375  21.160 0.1000000015
14090  -41.927  -62.628  20.441 0.2000000030
14104  -42.599  -62.136  19.874 0.2000000030
12468  -39.557  -64.647  21.463 0.1000000015
12490  -39.353  -65.123  21.302 0.1000000015
19042  -36.880  -56.831  18.903 0.1000000015
18086  -36.964  -57.654  19.268 0.1000000015
10956  -39.110  -66.306  20.569 0.1000000015
10979  -38.641  -66.810  20.012 0.1000000015
14904  -36.531  -61.550  19.422 0.1000000015
11004  -38.949  -67.334  19.487 0.1000000015
14117  -36.739  -62.465  19.251 0.1000000015
12546  -37.416  -64.146  18.570 0.1000000015
11763  -37.604  -65.217  18.451 0.1000000015
11018  -38.141  -66.181  18.009 0.1000000015
10252  -38.434  -67.119  18.157 0.1000000015
10232  -38.754  -67.516  18.777 0.1000000015
14073  -39.398  -62.687  22.335 0.1000000015
14863  -40.052  -61.617  22.142 0.1000000015
14074  -40.442  -62.659  21.736 0.1000000015
14089  -41.202  -62.653  21.072 0.2000000030
13265  -40.734  -63.256  21.353 0.2000000030
14880  -42.363  -61.781  20.005 0.2000000030
12467  -38.845  -64.682  21.745 0.1000000015
13263  -38.647  -63.697  22.323 0.1000000015
11699  -38.641  -65.609  21.197 0.1000000015
19031  -36.568  -57.414  19.320 0.1000000015
17255  -35.731  -58.757  19.831 0.1000000015
16477  -35.960  -59.806  19.975 0.1000000015
16464  -35.087  -59.867  20.223 0.1000000015
10955  -38.151  -66.267  20.630 0.1000000015
20032  -37.359  -56.199  18.002 0.1000000015
20031  -36.216  -55.729  18.168 0.1000000015
17256  -36.619  -58.895  19.586 0.1000000015
14903  -35.939  -61.414  19.971 0.1000000015
14116  -35.749  -62.374  19.867 0.1000000015
13321  -36.224  -63.361  19.527 0.1000000015
11746  -36.131  -64.857  19.569 0.1000000015
11001  -36.972  -65.920  19.784 0.1000000015
10977  -37.236  -66.135  20.015 0.1000000015
10978  -37.752  -66.542  19.975 0.1000000015
20033  -37.849  -56.379  17.748 0.1000000015
13332  -37.075  -63.324  18.948 0.1000000015
11762  -36.994  -64.794  18.777 0.1000000015
11748  -37.241  -65.798  18.926 0.1000000015
11002  -37.354  -66.154  19.405 0.1000000015
11003  -38.110  -66.870  19.056 0.1000000015
20040  -38.098  -55.850  17.334 0.1000000015
20048  -38.511  -55.262  16.762 0.1000000015
20049  -39.060  -55.768  16.415 0.1000000015
20986  -38.891  -54.681  16.341 0.1000000015
14841  -37.501  -61.289  23.160 0.1000000015
14862  -38.782  -61.457  22.765 0.1000000015
14052  -36.591  -61.937  23.152 0.1000000015
14071  -37.197  -62.520  22.942 0.1000000015
15655  -39.740  -60.488  22.288 0.1000000015
14864  -41.005  -61.712  21.435 0.1000000015
14070  -36.145  -62.670  22.973 0.1000000015
13262  -37.487  -63.554  22.606 0.1000000015
14879  -41.745  -61.779  20.634 0.2000000030
20971  -35.836  -54.517  17.477 0.1000000015
19041  -35.658  -56.421  18.974 0.1000000015
19030  -35.952  -57.196  19.373 0.1000000015
18075  -35.291  -57.865  19.649 0.1000000015
14069  -35.316  -62.565  22.870 0.1000000015
13260  -35.595  -63.396  22.523 0.1000000015
12466  -37.770  -64.483  22.217 0.1000000015
11679  -37.952  -65.176  21.734 0.1000000015
15692  -35.213  -60.495  20.261 0.1000000015
14890  -34.571  -60.972  20.655 0.1000000015
14103  -35.406  -61.816  20.114 0.1000000015
11697  -36.252  -65.233  21.377 0.1000000015
11698  -37.438  -65.691  21.160 0.1000000015
15710  -35.828  -60.739  20.098 0.1000000015
14891  -35.270  -61.278  20.243 0.1000000015
14115  -35.101  -62.774  20.169 0.1000000015
12514  -35.234  -64.314  20.677 0.1000000015
11696  -35.539  -64.903  21.078 0.1000000015
11725  -36.775  -65.772  20.369 0.1000000015
11726  -37.450  -66.115  20.458 0.1000000015
20038  -36.536  -55.164  17.655 0.1000000015
20972  -37.002  -54.862  17.364 0.1000000015
20984  -36.973  -54.139  16.907 0.1000000015
20985  -37.934  -54.737  16.911 0.1000000015
21866  -37.854  -53.825  16.417 0.1000000015
21876  -38.899  -53.624  15.991 0.1000000015
21877  -39.716  -53.560  15.244 0.1000000015
14840  -36.349  -61.187  23.300 0.1000000015
14842  -38.283  -60.637  23.021 0.1000000015
15656  -40.714  -60.659  21.712 0.1000000015
14051  -35.784  -61.950  23.173 0.1000000015
14839  -35.373  -61.253  23.278 0.1000000015
16430  -39.553  -59.419  22.330 0.1000000015
14860  -34.226  -61.345  22.375 0.1000000015
14049  -34.782  -61.898  22.941 0.1000000015
15671  -41.592  -60.814  20.997 0.2000000030
20966  -35.443  -55.231  18.141 0.1000000015
19029  -34.812  -56.788  19.439 0.1000000015
14088  -34.361  -62.482  21.751 0.1000000015
13282  -35.154  -63.590  22.142 0.1000000015
16446  -41.340  -59.750  21.249 0.1000000015
17229  -41.948  -58.860  20.801 0.2000000030
20030  -34.990  -55.768  18.717 0.1000000015
16476  -35.216  -59.308  20.087 0.1000000015
15691  -34.603  -60.222  20.512 0.1000000015
14102  -34.729  -62.175  20.507 0.1000000015
13301  -34.565  -63.190  21.031 0.1000000015
12513  -34.911  -63.872  21.272 0.1000000015
20983  -36.311  -53.799  16.822 0.1000000015
21874  -37.392  -52.723  15.681 0.1000000015
21875  -37.986  -53.092  15.858 0.1000000015
22726  -38.879  -52.738  15.491 0.1000000015
22727  -39.343  -53.110  15.423 0.1000000015
15635  -34.655  -60.425  23.194 0.1000000015
16408  -35.551  -59.339  23.453 0.1000000015
16409  -36.603  -59.349  23.427 0.1000000015
16427  -33.936  -59.640  22.835 0.1000000015
15636  -35.905  -60.325  23.418 0.1000000015
15654  -38.884  -60.211  22.713 0.1000000015
16410  -37.711  -59.267  23.204 0.1000000015
16431  -40.437  -59.586  21.814 0.1000000015
14859  -33.803  -60.663  21.830 0.1000000015
15653  -33.960  -60.429  22.524 0.1000000015
16429  -38.624  -59.258  22.798 0.1000000015
20970  -34.557  -54.150  17.686 0.1000000015
20965  -34.760  -54.908  18.198 0.1000000015
20029  -33.954  -55.305  18.768 0.1000000015
19040  -35.051  -56.289  19.079 0.1000000015
18074  -34.137  -57.738  19.918 0.1000000015
16463  -34.483  -59.431  20.412 0.1000000015
15690  -34.107  -60.019  20.828 0.1000000015
21851  -35.090  -53.783  17.277 0.1000000015
17254  -34.786  -58.633  20.011 0.1000000015
14878  -34.119  -61.430  21.338 0.1000000015
17228  -41.101  -58.686  21.333 0.1000000015
21864  -35.618  -53.266  16.728 0.1000000015
22718  -35.518  -52.153  16.167 0.1000000015
21865  -36.862  -53.240  16.202 0.1000000015
22724  -36.781  -52.043  15.484 0.1000000015
22732  -37.369  -51.355  15.072 0.1000000015
22733  -37.998  -51.609  14.872 0.1000000015
24276  -38.313  -49.804  14.207 0.1000000015
16407  -34.587  -59.108  23.291 0.1000000015
16406  -33.822  -58.720  23.053 0.1000000015
17191  -36.297  -58.427  23.437 0.1000000015
17210  -33.292  -58.295  22.647 0.1000000015
17192  -37.145  -58.394  23.231 0.1000000015
15670  -33.766  -59.960  21.415 0.1000000015
16445  -33.465  -59.196  21.646 0.1000000015
17211  -37.960  -58.216  22.901 0.1000000015
21850  -34.367  -53.210  17.183 0.1000000015
17241  -33.957  -58.592  20.425 0.1000000015
16462  -33.772  -59.292  20.930 0.1000000015
17212  -38.694  -58.260  22.662 0.1000000015
17214  -40.263  -58.545  21.911 0.1000000015
20964  -33.768  -54.587  18.242 0.1000000015
20018  -34.143  -56.027  19.278 0.1000000015
19028  -33.440  -56.723  19.798 0.1000000015
18032  -40.052  -57.594  21.935 0.1000000015
21863  -34.903  -52.618  16.680 0.1000000015
23503  -35.188  -51.219  15.849 0.1000000015
23499  -34.945  -51.687  16.194 0.1000000015
24269  -35.749  -50.216  15.332 0.1000000015
23504  -36.155  -51.119  15.479 0.1000000015
24270  -36.448  -50.568  15.255 0.1000000015
23510  -37.789  -50.774  14.731 0.1000000015
24275  -36.964  -49.961  14.903 0.1000000015
18045  -32.574  -57.311  21.947 0.1000000015
17209  -32.881  -57.852  22.258 0.1000000015
17188  -33.655  -57.861  23.188 0.1000000015
17190  -35.363  -58.280  23.553 0.1000000015
18057  -32.640  -57.327  21.202 0.1000000015
19015  -33.049  -57.082  20.239 0.1000000015
18058  -32.981  -57.540  20.635 0.1000000015
17227  -33.105  -58.499  21.936 0.1000000015
18010  -36.797  -57.846  23.249 0.1000000015
22703  -33.618  -52.365  17.057 0.1000000015
21849  -33.329  -53.125  17.562 0.1000000015
18059  -33.506  -57.961  20.409 0.1000000015
18030  -38.554  -57.333  22.501 0.1000000015
22704  -34.326  -52.441  16.793 0.1000000015
17213  -39.422  -58.436  22.355 0.1000000015
18046  -40.892  -57.607  21.310 0.1000000015
23498  -34.407  -51.326  16.270 0.1000000015
23502  -34.647  -50.998  15.997 0.1000000015
24268  -34.404  -50.401  15.929 0.1000000015
25115  -34.925  -49.298  15.255 0.1000000015
25120  -35.625  -48.822  14.895 0.1000000015
17189  -34.413  -58.100  23.450 0.1000000015
18008  -35.098  -57.280  23.627 0.1000000015
18966  -35.639  -56.509  23.337 0.1000000015
20968  -32.994  -53.652  17.861 0.1000000015
20028  -33.266  -54.951  18.702 0.1000000015
20017  -32.817  -55.614  19.414 0.1000000015
19014  -32.496  -56.576  20.444 0.1000000015
23497  -33.432  -51.426  16.683 0.1000000015
20969  -33.573  -53.862  17.774 0.1000000015
18029  -37.457  -57.232  22.891 0.1000000015
24264  -33.881  -50.889  16.325 0.1000000015
25114  -33.897  -49.282  15.844 0.1000000015
25968  -34.228  -48.426  15.308 0.1000000015
26899  -34.503  -47.735  14.934 0.1000000015
26904  -35.283  -47.289  14.582 0.1000000015
19001  -32.304  -56.686  21.588 0.1000000015
18981  -32.971  -57.005  22.836 0.1000000015
18006  -33.433  -57.091  23.169 0.1000000015
18007  -34.145  -57.186  23.508 0.1000000015
18964  -33.758  -56.395  23.372 0.1000000015
19013  -31.926  -55.958  20.715 0.1000000015
19027  -32.869  -56.350  19.835 0.1000000015
24263  -33.277  -50.392  16.369 0.1000000015
23496  -32.799  -50.947  16.733 0.1000000015
25110  -33.321  -49.629  16.114 0.1000000015
25967  -33.330  -48.455  15.558 0.1000000015
26903  -34.366  -47.103  14.751 0.1000000015
18980  -32.563  -56.562  22.493 0.1000000015
19935  -32.860  -55.935  22.995 0.1000000015
19998  -31.995  -55.773  20.221 0.1000000015
23486  -33.061  -51.930  17.107 0.1000000015
22702  -32.767  -52.430  17.502 0.1000000015
21848  -32.646  -53.245  17.932 0.1000000015
20963  -32.586  -54.226  18.460 0.1000000015
20016  -31.668  -55.079  19.831 0.1000000015
25109  -32.565  -49.454  16.271 0.1000000015
25113  -33.133  -49.089  15.921 0.1000000015
26898  -33.654  -47.531  15.139 0.1000000015
27827  -33.806  -46.504  14.868 0.1000000015
28722  -34.186  -45.609  14.622 0.1000000015
19000  -31.883  -56.049  21.308 0.1000000015
20956  -31.365  -54.022  19.264 0.1000000015
19997  -31.475  -55.328  20.888 0.1000000015
24262  -32.110  -50.419  16.805 0.1000000015
24252  -31.814  -50.969  17.324 0.1000000015
22693  -32.216  -52.712  17.945 0.1000000015
21842  -32.036  -53.276  18.317 0.1000000015
20962  -31.821  -53.720  18.649 0.1000000015
27823  -32.976  -46.715  15.351 0.1000000015
28715  -33.249  -45.675  15.296 0.1000000015
29637  -33.609  -44.786  15.457 0.1000000015
29645  -33.789  -44.970  14.796 0.1000000015
21838  -30.957  -53.136  19.166 0.1000000015
22701  -32.064  -52.140  17.704 0.1000000015
22692  -31.583  -52.443  18.291 0.1000000015
21841  -31.459  -53.226  18.731 0.1000000015
25959  -31.995  -48.618  16.302 0.1000000015
26897  -32.649  -47.665  15.608 0.1000000015
28714  -32.683  -46.206  15.636 0.1000000015
28702  -33.262  -45.125  16.197 0.1000000015
25108  -31.631  -49.342  16.720 0.1000000015
26887  -32.197  -48.031  16.038 0.1000000015
26896  -32.130  -47.495  16.065 0.1000000015
27822  -32.244  -46.754  15.998 0.1000000015
28701  -32.640  -45.845  16.097 0.1000000015
28679  -33.688  -45.267  17.029 0.1000000015
28678  -32.921  -45.628  16.779 0.1000000015
26886  -31.760  -47.791  16.469 0.1000000015
27810  -32.319  -46.221  16.836 0.1000000015
8718  -39.121  -69.649  19.995 0.1000000015
9467  -40.078  -68.857  19.962 0.1000000015
8717  -38.811  -69.658  19.721 0.1000000015
9448  -41.147  -68.060  20.567 0.1000000015
13358  -38.850  -63.459  16.216 0.1000000015
11815  -38.503  -65.228  15.026 0.1000000015
11044  -38.612  -66.171  15.522 0.1000000015
13284  -41.213  -63.746  20.983 0.2000000030
18076  -36.350  -58.002  19.540 0.1000000015
15711  -36.422  -60.652  19.637 0.1000000015
14128  -37.691  -62.537  18.032 0.1000000015
12557  -39.034  -64.036  16.914 0.1000000015
10253  -38.738  -67.867  17.970 0.1000000015
13264  -39.980  -63.884  21.647 0.1000000015
12532  -36.589  -64.317  19.180 0.1000000015
11747  -36.711  -65.427  19.336 0.1000000015
20039  -37.136  -55.498  17.671 0.1000000015
13320  -35.322  -63.423  20.083 0.1000000015
12531  -35.784  -64.278  19.798 0.1000000015
11724  -35.865  -65.158  20.266 0.1000000015
20041  -38.686  -56.282  16.985 0.1000000015
15637  -36.987  -60.282  23.355 0.1000000015
14072  -38.251  -62.667  22.724 0.1000000015
13261  -36.483  -63.437  22.690 0.1000000015
16447  -42.126  -59.938  20.542 0.2000000030
12465  -36.584  -64.364  22.283 0.1000000015
14068  -34.684  -62.156  22.680 0.1000000015
12488  -35.470  -64.267  21.814 0.1000000015
12489  -36.147  -64.761  21.908 0.1000000015
11678  -37.062  -65.029  21.841 0.1000000015
14877  -34.058  -60.607  21.126 0.1000000015
13302  -34.903  -63.610  20.675 0.1000000015
22734  -39.018  -51.915  14.982 0.1000000015
15652  -33.597  -59.875  22.142 0.1000000015
22719  -36.182  -52.685  16.142 0.1000000015
17240  -33.252  -58.384  21.056 0.1000000015
17239  -32.867  -57.822  21.092 0.1000000015
24274  -36.234  -49.643  15.013 0.1000000015
25973  -35.964  -48.088  14.581 0.1000000015
20957  -32.072  -54.770  19.208 0.1000000015
17883  -39.083  -57.612  32.308 0.5000000000
18835  -46.692  -56.281  30.217 0.5000000000
18807  -46.586  -56.603  31.281 0.5000000000
17882  -38.262  -57.427  32.276 0.5000000000
17903  -39.328  -57.195  31.786 0.5000000000
17904  -40.437  -57.164  31.764 0.5000000000
18834  -46.264  -55.836  30.416 0.5000000000
17880  -36.696  -57.261  32.582 0.5000000000
17881  -37.126  -57.300  32.446 0.5000000000
17902  -38.719  -57.107  31.681 0.5000000000
19790  -45.342  -55.739  30.884 0.5000000000
18777  -37.630  -57.016  31.859 0.5000000000
18776  -36.515  -57.066  32.227 0.5000000000
18798  -38.221  -56.877  31.179 0.4000000060
19871  -45.988  -55.488  27.646 0.5000000000
19888  -46.231  -55.740  27.182 0.5000000000
19870  -45.148  -55.329  27.482 0.5000000000
19886  -44.742  -55.415  26.388 0.5000000000
19903  -43.804  -55.875  25.423 0.5000000000
19885  -43.613  -55.770  26.170 0.5000000000
18928  -42.385  -56.340  25.288 0.4000000060
18946  -41.645  -56.111  24.524 0.4000000060
16272  -46.311  -58.670  33.908 0.1000000015
17908  -46.618  -57.170  32.001 0.5000000000
17865  -37.355  -57.697  32.825 0.5000000000
17038  -38.445  -58.195  32.931 0.5000000000
17884  -39.861  -57.709  32.272 0.5000000000
17905  -41.516  -57.235  31.739 0.4000000060
18806  -46.061  -55.994  31.157 0.5000000000
17863  -35.260  -57.089  33.350 0.5000000000
17864  -36.423  -57.454  33.100 0.5000000000
17846  -33.513  -57.004  34.080 0.5000000000
17862  -34.336  -56.787  33.438 0.5000000000
18760  -35.650  -56.967  32.769 0.5000000000
18740  -32.752  -56.332  34.026 0.4000000060
18759  -34.834  -56.652  32.922 0.3000000119
18797  -37.260  -56.902  31.321 0.4000000060
18828  -39.790  -56.396  30.409 0.6999999881
18829  -40.621  -56.425  30.543 0.5000000000
18757  -33.272  -56.111  33.529 0.3000000119
18758  -34.010  -56.252  33.083 0.3000000119
18775  -35.249  -56.792  32.291 0.3000000119
18827  -38.914  -56.613  30.494 0.5000000000
19818  -40.042  -56.240  29.863 0.6000000238
19808  -42.162  -56.130  29.966 0.6000000238
19809  -43.300  -55.818  30.145 0.6000000238
19811  -45.735  -55.595  30.266 0.5000000000
19846  -46.287  -55.597  28.434 0.3000000119
18774  -34.448  -56.448  32.598 0.3000000119
18796  -36.060  -56.973  31.453 0.3000000119
18825  -36.979  -56.861  30.539 0.4000000060
19840  -40.101  -56.186  29.483 0.5000000000
19820  -41.521  -56.092  29.384 0.6000000238
19843  -43.298  -55.592  28.374 0.6000000238
19844  -44.524  -55.352  28.413 0.5000000000
19788  -34.943  -56.787  31.737 0.4000000060
18848  -38.723  -56.513  29.728 0.5000000000
18869  -39.621  -56.225  28.879 0.5000000000
19842  -41.855  -55.929  28.459 0.5000000000
19869  -44.002  -55.372  27.346 0.5000000000
19803  -34.518  -56.847  31.124 0.4000000060
18824  -36.014  -57.159  30.539 0.4000000060
18847  -37.716  -56.761  29.652 0.5000000000
18871  -41.367  -56.172  28.040 0.4000000060
19868  -42.717  -55.924  27.273 0.5000000000
18846  -36.651  -57.180  29.514 0.4000000060
18867  -37.362  -56.951  28.631 0.5000000000
18896  -39.924  -56.367  27.702 0.5000000000
18897  -41.008  -56.395  27.482 0.4000000060
18914  -42.229  -56.340  26.317 0.4000000060
18894  -37.833  -56.745  27.710 0.5000000000
18911  -39.163  -56.508  26.816 0.4000000060
18927  -41.416  -56.427  25.467 0.4000000060
18910  -38.177  -56.509  26.705 0.3000000119
18925  -39.297  -56.301  25.839 0.4000000060
18926  -40.314  -56.352  25.544 0.3000000119
19901  -39.513  -55.735  25.007 0.3000000119
19922  -40.051  -55.364  24.244 0.3000000119
14706  -45.644  -60.238  34.652 0.1000000015
15517  -45.711  -59.871  33.515 0.1000000015
15501  -45.949  -59.486  34.637 0.1000000015
17044  -45.915  -58.060  34.357 0.4000000060
17045  -46.500  -57.816  33.663 0.4000000060
17064  -46.650  -57.913  32.811 0.4000000060
17890  -46.350  -57.033  33.051 0.5000000000
17889  -45.383  -56.810  33.121 0.5000000000
18782  -46.328  -56.591  31.992 0.5000000000
17037  -37.547  -58.266  33.289 0.5000000000
17039  -39.295  -58.612  33.156 0.5000000000
17058  -39.268  -58.073  32.669 0.5000000000
17885  -40.889  -57.862  32.223 0.4000000060
18780  -44.832  -56.516  32.341 0.5000000000
18781  -45.750  -56.375  32.251 0.5000000000
17848  -35.572  -57.671  33.875 0.5000000000
17849  -36.190  -57.920  33.805 0.5000000000
17036  -37.021  -57.922  33.225 0.5000000000
17020  -34.087  -57.779  34.339 0.5000000000
17847  -34.626  -57.379  33.916 0.5000000000
18803  -43.106  -56.486  31.425 0.6000000238
17845  -32.410  -56.817  34.475 0.4000000060
18739  -31.944  -56.144  34.166 0.2000000030
19737  -31.176  -55.288  34.243 0.2000000030
18756  -32.417  -55.826  33.681 0.3000000119
19769  -33.801  -56.088  32.460 0.3000000119
19738  -31.844  -55.624  33.858 0.3000000119
19768  -32.851  -55.655  32.531 0.3000000119
19751  -31.829  -55.189  33.441 0.3000000119
19767  -32.142  -55.158  32.757 0.4000000060
19786  -33.108  -56.005  31.744 0.4000000060
19802  -33.551  -56.555  30.958 0.4000000060
18845  -35.770  -57.402  29.610 0.4000000060
18865  -35.524  -57.403  28.573 0.4000000060
18821  -33.117  -56.742  29.874 0.3000000119
18864  -34.365  -57.002  28.327 0.3000000119
18891  -34.942  -56.783  27.449 0.3000000119
18909  -37.176  -56.498  26.745 0.3000000119
18924  -38.589  -56.288  26.070 0.4000000060
19865  -34.509  -56.032  26.960 0.2000000030
19880  -35.336  -55.714  26.535 0.2000000030
19882  -37.545  -55.911  26.052 0.3000000119
19900  -38.308  -55.413  25.285 0.3000000119
19879  -34.341  -55.225  26.587 0.1000000015
20869  -35.735  -54.981  26.016 0.2000000030
23390  -31.569  -51.556  26.726 0.1000000015
16233  -45.779  -59.415  35.388 0.1000000015
16251  -45.956  -58.943  35.109 0.1000000015
17027  -45.702  -58.443  34.994 0.2000000030
17043  -45.113  -57.760  34.323 0.5000000000
17869  -45.700  -57.408  33.748 0.4000000060
16266  -38.574  -58.843  33.478 0.5000000000
16287  -40.880  -58.917  33.047 0.4000000060
17886  -42.051  -57.865  32.354 0.4000000060
17887  -43.402  -57.583  32.824 0.5000000000
17888  -44.463  -57.056  32.989 0.5000000000
17023  -36.821  -58.293  33.730 0.5000000000
17024  -37.319  -58.505  33.644 0.4000000060
18779  -44.048  -56.807  32.414 0.4000000060
17830  -32.716  -57.726  35.066 0.4000000060
17831  -33.552  -57.763  34.598 0.4000000060
17021  -34.894  -58.080  34.410 0.5000000000
17829  -31.715  -56.966  35.059 0.4000000060
18723  -30.976  -56.257  35.711 0.3000000119
18738  -31.358  -56.225  34.754 0.3000000119
19722  -30.861  -55.821  34.959 0.3000000119
19721  -30.456  -55.198  35.348 0.2000000030
20775  -31.097  -54.694  33.790 0.2000000030
20746  -30.068  -54.148  36.015 0.1000000015
20774  -30.675  -54.206  34.024 0.3000000119
21687  -30.106  -53.106  34.436 0.1000000015
20799  -31.578  -54.752  32.517 0.3000000119
21700  -30.738  -53.778  33.195 0.2000000030
20798  -31.038  -54.225  32.281 0.2000000030
19801  -32.413  -56.001  30.587 0.2000000030
19817  -32.363  -56.205  29.271 0.2000000030
20809  -31.046  -54.414  31.508 0.2000000030
19816  -31.664  -55.540  29.630 0.2000000030
18862  -32.990  -56.405  28.276 0.2000000030
20815  -30.923  -54.448  30.627 0.2000000030
20835  -31.338  -54.987  28.826 0.1000000015
19864  -33.476  -55.578  27.177 0.2000000030
21730  -30.879  -53.885  28.730 0.1000000015
20855  -31.454  -54.543  28.136 0.1000000015
20866  -33.279  -54.475  26.719 0.1000000015
20867  -34.061  -54.392  26.395 0.1000000015
22597  -31.054  -52.677  28.175 0.1000000015
21753  -31.870  -53.294  26.929 0.1000000015
21754  -32.654  -53.548  26.610 0.1000000015
22605  -31.446  -52.570  27.229 0.1000000015
22606  -32.104  -52.545  26.491 0.1000000015
24953  -31.019  -49.587  27.815 0.1000000015
16231  -44.908  -59.225  35.735 0.3000000119
16249  -44.463  -58.636  35.052 0.3000000119
15476  -42.347  -60.187  35.536 0.3000000119
15500  -42.708  -59.721  34.927 0.3000000119
16271  -43.667  -58.766  34.548 0.3000000119
17042  -43.947  -58.132  33.983 0.3000000119
17868  -44.823  -57.370  33.659 0.4000000060
15498  -40.967  -60.205  34.329 0.3000000119
15515  -42.310  -59.722  34.454 0.3000000119
17041  -43.088  -58.506  33.655 0.5000000000
17867  -44.191  -57.549  33.354 0.5000000000
15495  -37.891  -59.953  34.357 0.4000000060
16246  -39.607  -59.793  33.982 0.5000000000
16268  -40.540  -59.421  33.547 0.4000000060
16288  -41.492  -59.038  33.230 0.4000000060
17062  -43.228  -58.204  33.396 0.5000000000
17007  -32.873  -58.710  35.654 0.4000000060
17009  -35.186  -58.838  34.780 0.4000000060
17022  -35.893  -58.436  34.330 0.5000000000
16243  -36.575  -59.036  34.379 0.5000000000
16998  -31.717  -58.260  36.998 0.4000000060
17819  -31.647  -57.581  36.144 0.4000000060
17008  -33.883  -58.595  34.878 0.5000000000
17816  -31.517  -57.487  37.429 0.4000000060
18702  -31.882  -56.472  38.061 0.3000000119
18715  -30.642  -55.848  36.474 0.3000000119
19706  -30.691  -55.569  37.121 0.3000000119
18722  -30.532  -55.641  36.000 0.3000000119
19686  -30.733  -54.840  37.349 0.3000000119
19705  -30.305  -55.096  36.519 0.2000000030
21662  -30.934  -52.971  36.988 0.1000000015
22511  -30.491  -52.194  35.949 0.1000000015
22525  -29.992  -52.100  35.060 0.1000000015
22534  -30.113  -52.168  34.288 0.1000000015
21705  -30.490  -52.886  33.002 0.2000000030
23319  -30.235  -51.308  34.401 0.1000000015
23334  -30.263  -51.787  33.685 0.1000000015
21706  -30.667  -53.390  32.670 0.2000000030
23344  -30.469  -51.602  32.963 0.2000000030
22561  -30.714  -52.478  31.946 0.2000000030
21714  -30.743  -53.534  30.865 0.1000000015
22564  -30.788  -52.579  31.146 0.1000000015
22567  -30.823  -52.616  30.272 0.1000000015
23354  -31.144  -51.781  30.692 0.1000000015
22579  -30.859  -52.666  29.251 0.1000000015
23358  -31.245  -51.600  29.800 0.1000000015
23363  -31.079  -51.641  28.701 0.1000000015
24141  -31.048  -50.619  28.184 0.1000000015
24943  -31.909  -49.852  29.390 0.1000000015
24942  -31.335  -49.797  28.671 0.1000000015
26685  -31.819  -48.486  28.933 0.1000000015
26686  -32.456  -47.791  29.263 0.1000000015
27589  -33.160  -47.184  29.351 0.1000000015
27606  -33.608  -46.587  29.148 0.1000000015
15462  -42.735  -60.401  36.372 0.3000000119
15463  -43.671  -60.154  36.748 0.2000000030
15474  -40.509  -60.805  35.115 0.3000000119
15497  -39.931  -60.326  34.481 0.4000000060
15473  -39.420  -60.873  35.042 0.3000000119
16226  -33.431  -59.705  35.803 0.3000000119
16227  -34.714  -59.629  35.295 0.4000000060
16229  -36.617  -59.622  34.649 0.4000000060
15472  -38.257  -60.791  34.916 0.3000000119
16225  -32.786  -59.235  36.113 0.3000000119
15470  -35.595  -60.466  35.454 0.4000000060
15471  -36.915  -60.338  34.967 0.4000000060
14686  -37.640  -61.389  35.546 0.3000000119
18689  -32.491  -56.855  38.571 0.3000000119
18703  -32.721  -56.187  38.474 0.3000000119
19688  -32.706  -55.330  38.266 0.3000000119
19687  -31.440  -55.322  37.790 0.3000000119
20731  -31.364  -54.127  37.670 0.2000000030
22502  -31.672  -52.787  37.172 0.1000000015
22513  -32.309  -52.410  36.874 0.1000000015
23298  -32.910  -51.830  36.352 0.1000000015
23296  -31.151  -51.587  36.133 0.1000000015
23310  -32.650  -51.020  36.072 0.1000000015
23309  -31.658  -50.855  35.923 0.1000000015
24050  -31.388  -49.983  35.287 0.1000000015
24856  -30.779  -49.941  33.760 0.1000000015
24103  -30.621  -50.985  32.732 0.2000000030
24104  -31.024  -50.382  32.550 0.2000000030
23346  -31.330  -50.734  32.048 0.2000000030
23350  -31.032  -51.691  31.409 0.1000000015
24105  -32.017  -50.274  32.022 0.1000000015
23355  -31.680  -51.198  31.050 0.1000000015
23359  -31.654  -51.188  30.472 0.1000000015
24115  -32.344  -50.681  31.322 0.1000000015
24131  -32.039  -50.653  29.991 0.1000000015
24132  -32.794  -50.406  30.430 0.1000000015
24944  -32.868  -49.801  29.941 0.1000000015
25780  -31.709  -49.194  28.987 0.1000000015
26687  -33.392  -47.834  29.457 0.1000000015
25782  -33.416  -48.755  29.630 0.1000000015
26688  -34.076  -48.117  29.363 0.1000000015
27590  -33.874  -47.372  29.353 0.1000000015
27591  -34.328  -47.639  29.241 0.1000000015
28511  -34.858  -46.174  28.595 0.1000000015
27607  -34.612  -47.047  29.032 0.1000000015
14657  -42.980  -61.199  37.907 0.2000000030
15450  -43.892  -60.667  37.481 0.2000000030
14656  -41.639  -61.734  37.930 0.2000000030
14689  -41.181  -61.076  35.971 0.3000000119
14654  -39.838  -61.928  37.290 0.2000000030
14674  -40.798  -61.457  36.832 0.3000000119
14688  -40.061  -61.310  35.883 0.3000000119
16990  -32.018  -59.015  37.355 0.3000000119
15469  -34.253  -60.726  35.906 0.3000000119
14685  -36.457  -61.244  35.753 0.3000000119
17805  -32.799  -57.484  38.949 0.3000000119
16982  -32.029  -58.214  38.273 0.3000000119
14684  -35.364  -61.345  36.046 0.3000000119
18690  -33.413  -56.551  38.760 0.2000000030
19679  -33.395  -55.797  38.425 0.3000000119
20733  -33.531  -54.413  37.833 0.3000000119
20732  -32.425  -54.267  38.030 0.3000000119
21652  -33.344  -53.687  37.482 0.2000000030
21651  -32.324  -53.224  37.466 0.1000000015
22515  -34.013  -52.656  36.507 0.1000000015
23299  -33.771  -51.991  36.366 0.1000000015
24053  -34.286  -50.613  35.812 0.1000000015
24055  -35.849  -50.986  35.405 0.1000000015
24863  -37.047  -49.587  34.916 0.1000000015
24836  -34.663  -50.141  35.489 0.1000000015
24862  -36.085  -49.461  35.031 0.1000000015
25730  -37.078  -48.133  34.348 0.1000000015
25731  -38.123  -48.424  34.310 0.1000000015
26636  -39.819  -47.634  33.999 0.1000000015
24834  -33.159  -49.563  35.464 0.1000000015
24860  -33.943  -48.988  35.184 0.1000000015
26615  -35.402  -47.717  34.461 0.1000000015
25729  -36.370  -48.083  34.534 0.1000000015
26634  -37.617  -47.328  34.132 0.1000000015
27539  -39.380  -46.596  33.831 0.1000000015
24832  -31.719  -49.425  34.903 0.1000000015
24858  -32.082  -48.968  34.602 0.1000000015
24857  -31.315  -49.548  34.317 0.1000000015
24890  -31.839  -49.197  33.100 0.2000000030
24911  -31.621  -49.884  32.543 0.1000000015
24106  -32.630  -49.800  31.977 0.1000000015
24123  -33.082  -50.460  30.901 0.1000000015
24945  -34.065  -49.773  29.799 0.1000000015
25783  -34.699  -49.014  29.307 0.1000000015
25793  -35.114  -48.537  29.019 0.1000000015
26701  -35.341  -47.954  28.806 0.1000000015
13843  -37.032  -63.092  38.146 0.2000000030
13886  -38.759  -62.153  37.056 0.2000000030
14673  -39.569  -61.783  36.778 0.3000000119
14687  -38.875  -61.423  35.701 0.3000000119
13842  -35.940  -63.093  38.105 0.2000000030
13844  -38.089  -62.950  38.245 0.2000000030
13885  -37.828  -62.277  36.944 0.2000000030
14672  -38.316  -61.946  36.313 0.3000000119
16214  -32.463  -59.752  37.757 0.3000000119
15459  -32.782  -60.227  37.285 0.3000000119
15460  -33.349  -60.791  36.864 0.3000000119
14683  -34.595  -61.447  36.380 0.3000000119
16983  -32.447  -58.703  38.581 0.3000000119
15449  -33.209  -61.053  37.855 0.3000000119
14668  -34.186  -61.699  36.962 0.3000000119
18682  -34.822  -57.359  39.022 0.2000000030
16984  -33.277  -58.046  39.299 0.3000000119
14670  -36.158  -61.821  36.481 0.2000000030
14671  -37.176  -61.929  36.259 0.2000000030
18691  -34.544  -56.667  38.679 0.2000000030
19680  -34.250  -55.907  38.301 0.2000000030
19689  -33.938  -55.120  38.068 0.3000000119
21653  -33.981  -53.956  37.376 0.2000000030
19690  -34.929  -55.323  37.628 0.3000000119
20734  -34.607  -54.384  37.201 0.2000000030
20747  -34.945  -53.860  36.604 0.2000000030
21666  -35.324  -53.435  36.011 0.2000000030
22527  -35.283  -52.452  35.854 0.1000000015
26614  -34.469  -47.641  34.234 0.1000000015
26633  -36.339  -47.273  34.157 0.1000000015
27537  -37.150  -46.389  33.650 0.1000000015
25702  -32.753  -48.312  33.973 0.1000000015
26613  -33.667  -47.737  33.935 0.1000000015
26631  -34.242  -47.240  33.420 0.1000000015
27536  -35.958  -46.274  33.129 0.1000000015
25728  -32.770  -48.315  33.026 0.1000000015
26630  -33.373  -47.731  33.236 0.1000000015
26662  -34.051  -47.527  32.439 0.1000000015
27578  -34.754  -47.069  32.106 0.1000000015
27567  -35.790  -46.099  31.959 0.1000000015
25749  -32.525  -48.786  32.810 0.1000000015
25750  -32.956  -48.711  32.413 0.1000000015
26676  -34.797  -47.768  31.694 0.1000000015
25768  -35.202  -48.738  31.445 0.1000000015
24913  -33.055  -49.399  31.955 0.1000000015
24929  -33.898  -49.491  31.680 0.1000000015
24117  -34.443  -50.092  31.352 0.1000000015
24118  -35.345  -50.085  31.316 0.1000000015
24124  -34.050  -50.370  30.897 0.1000000015
13022  -35.083  -63.597  39.703 0.3000000119
13038  -34.830  -63.123  39.145 0.3000000119
13863  -36.428  -62.649  37.504 0.2000000030
13884  -36.816  -62.292  36.935 0.2000000030
13841  -34.841  -62.708  38.351 0.3000000119
13862  -35.430  -62.415  37.480 0.3000000119
16967  -32.987  -59.441  39.076 0.3000000119
15433  -33.190  -60.650  38.704 0.3000000119
14652  -34.200  -62.068  37.821 0.3000000119
14653  -34.754  -62.131  37.336 0.3000000119
17793  -35.240  -57.899  39.273 0.2000000030
16968  -33.492  -58.845  39.465 0.3000000119
16193  -34.016  -59.287  39.902 0.3000000119
18683  -35.362  -57.420  38.948 0.2000000030
18692  -35.619  -56.965  38.485 0.2000000030
19681  -35.238  -56.130  38.003 0.2000000030
19691  -35.889  -55.614  37.270 0.3000000119
20735  -35.638  -54.879  36.851 0.2000000030
20748  -35.496  -54.195  36.370 0.2000000030
25769  -35.808  -49.093  31.332 0.1000000015
24125  -35.088  -50.399  30.831 0.1000000015
24134  -34.633  -50.320  30.241 0.1000000015
12999  -34.992  -64.035  41.672 0.1000000015
12980  -34.725  -63.184  41.959 0.2000000030
12998  -34.669  -63.479  41.180 0.3000000119
13008  -34.617  -63.273  40.403 0.3000000119
13804  -34.430  -62.483  41.195 0.3000000119
13815  -34.304  -62.511  40.078 0.3000000119
15413  -33.554  -60.817  39.604 0.3000000119
14628  -33.784  -61.389  39.748 0.3000000119
16969  -34.659  -58.624  39.839 0.3000000119
16950  -34.662  -59.302  40.252 0.3000000119
16176  -34.163  -59.913  40.326 0.3000000119
15394  -33.779  -60.763  40.066 0.3000000119
16970  -35.779  -58.443  39.765 0.2000000030
17807  -35.734  -57.498  38.941 0.2000000030
17808  -36.404  -57.378  38.711 0.1000000015
19682  -36.214  -56.329  37.643 0.2000000030
17809  -37.359  -57.272  38.469 0.1000000015
19683  -36.885  -56.492  37.421 0.2000000030
19692  -37.087  -55.825  36.764 0.3000000119
14595  -34.435  -61.261  41.325 0.3000000119
15395  -34.068  -60.739  40.568 0.3000000119
16178  -36.088  -59.515  40.760 0.3000000119
15396  -34.574  -60.271  40.924 0.3000000119
16952  -36.429  -59.046  40.139 0.2000000030
16971  -36.747  -58.486  39.605 0.2000000030
16972  -37.716  -58.471  39.480 0.1000000015
17796  -38.045  -57.803  38.985 0.1000000015
17810  -38.419  -57.198  38.358 0.1000000015
18694  -37.711  -56.635  37.581 0.1000000015
14570  -35.602  -61.341  42.396 0.3000000119
14596  -34.862  -61.144  41.955 0.3000000119
15370  -34.513  -60.649  41.143 0.3000000119
15371  -35.162  -60.481  41.563 0.3000000119
16179  -37.041  -59.725  40.481 0.2000000030
16158  -35.325  -60.041  41.260 0.3000000119
16954  -38.422  -59.023  39.930 0.2000000030
16180  -38.090  -59.656  40.459 0.2000000030
16956  -40.563  -58.688  40.041 0.1000000015
16955  -39.488  -58.888  39.940 0.1000000015
16183  -41.318  -59.097  40.644 0.1000000015
16974  -39.816  -58.240  39.447 0.1000000015
17797  -39.098  -57.714  38.935 0.1000000015
17811  -39.503  -57.042  38.453 0.1000000015
15350  -36.456  -60.911  42.100 0.2000000030
15373  -37.013  -60.627  41.600 0.2000000030
15372  -36.144  -60.419  41.647 0.2000000030
16161  -37.711  -60.287  41.089 0.2000000030
16160  -36.624  -60.107  41.117 0.2000000030
16181  -39.167  -59.515  40.461 0.1000000015
16182  -40.258  -59.356  40.494 0.1000000015
16975  -40.842  -57.975  39.642 0.1000000015
17798  -40.172  -57.514  39.027 0.1000000015
17799  -41.200  -57.160  39.338 0.1000000015
17812  -40.571  -56.730  38.627 0.1000000015
17781  -42.295  -57.862  40.307 0.1000000015
16976  -41.635  -57.687  39.915 0.1000000015
17800  -42.268  -57.173  39.844 0.1000000015
18684  -41.845  -56.695  39.089 0.1000000015
17782  -43.081  -57.621  40.507 0.1000000015
17801  -43.199  -56.912  40.130 0.1000000015
18801  -41.037  -56.699  31.181 0.4000000060
18800  -40.027  -56.671  31.181 0.5000000000
18799  -39.042  -56.808  31.187 0.5000000000
18802  -42.093  -56.689  31.221 0.5000000000
19812  -46.345  -55.730  29.900 0.5000000000
17906  -42.612  -57.116  31.910 0.4000000060
18830  -41.607  -56.407  30.558 0.5000000000
18805  -45.046  -56.008  31.385 0.5000000000
19810  -44.638  -55.679  30.536 0.5000000000
19824  -46.029  -55.453  29.292 0.3000000119
19872  -46.434  -55.844  27.694 0.5000000000
18832  -43.685  -55.955  30.987 0.5000000000
17933  -46.634  -57.081  29.477 0.5000000000
18826  -38.012  -56.783  30.520 0.4000000060
19845  -45.559  -55.356  28.452 0.4000000060
18915  -42.930  -56.171  25.920 0.4000000060
18930  -43.849  -55.965  24.991 0.4000000060
18945  -40.726  -56.053  24.707 0.3000000119
17059  -40.223  -58.533  32.834 0.5000000000
18849  -39.543  -56.325  29.838 0.4000000060
19807  -41.116  -56.291  29.976 0.6000000238
19753  -33.379  -55.842  32.984 0.3000000119
19770  -34.490  -56.490  32.215 0.4000000060
19821  -42.693  -55.836  29.282 0.6000000238
18831  -42.676  -56.246  30.682 0.6000000238
19823  -45.096  -55.457  29.401 0.5000000000
19841  -40.735  -56.124  29.064 0.5000000000
19822  -43.929  -55.527  29.375 0.5000000000
19804  -35.329  -57.003  31.144 0.4000000060
19787  -34.090  -56.429  31.775 0.4000000060
18868  -38.368  -56.558  28.769 0.5000000000
18870  -40.759  -56.225  28.330 0.5000000000
19867  -41.765  -56.110  27.702 0.4000000060
18823  -35.073  -57.181  30.426 0.4000000060
18822  -34.112  -56.999  30.209 0.3000000119
18895  -38.858  -56.472  27.796 0.5000000000
18898  -41.806  -56.292  27.090 0.4000000060
18913  -41.168  -56.525  26.457 0.4000000060
18912  -40.139  -56.528  26.667 0.4000000060
18893  -36.865  -57.019  27.576 0.4000000060
16267  -39.412  -59.192  33.559 0.5000000000
17060  -41.330  -58.526  32.727 0.4000000060
18804  -44.072  -56.265  31.733 0.5000000000
19736  -30.561  -54.738  34.621 0.2000000030
19752  -32.690  -55.590  33.166 0.3000000119
20789  -31.726  -54.825  32.993 0.3000000119
20788  -31.144  -54.398  33.205 0.3000000119
20810  -31.365  -54.700  32.030 0.3000000119
19785  -31.861  -55.288  31.767 0.3000000119
18844  -34.741  -57.258  29.404 0.3000000119
18892  -35.906  -57.056  27.545 0.3000000119
18843  -33.755  -56.976  29.123 0.3000000119
18907  -35.473  -56.507  26.975 0.3000000119
18890  -34.022  -56.397  27.547 0.2000000030
19881  -36.504  -55.580  26.121 0.3000000119
19883  -38.116  -56.117  25.970 0.4000000060
19899  -37.122  -55.171  25.647 0.2000000030
19878  -33.775  -54.936  26.656 0.2000000030
20868  -34.944  -54.580  26.173 0.2000000030
22607  -33.190  -52.560  26.027 0.1000000015
23378  -31.162  -51.584  27.669 0.1000000015
16245  -38.661  -59.515  33.920 0.4000000060
16244  -37.617  -58.942  33.877 0.4000000060
17040  -39.859  -58.933  33.290 0.5000000000
17061  -42.447  -58.539  33.172 0.4000000060
20760  -30.212  -54.119  34.976 0.2000000030
21674  -30.039  -53.133  35.525 0.1000000015
21661  -30.453  -53.133  36.527 0.1000000015
22547  -30.237  -52.561  33.826 0.2000000030
21711  -30.754  -53.453  31.731 0.2000000030
19800  -31.422  -55.245  30.599 0.2000000030
19784  -31.257  -54.899  31.147 0.2000000030
19837  -31.896  -55.653  28.764 0.2000000030
20819  -30.977  -54.708  29.704 0.1000000015
19838  -32.593  -55.984  28.002 0.2000000030
21718  -30.720  -53.651  29.898 0.1000000015
20836  -31.827  -55.233  28.205 0.2000000030
19863  -32.753  -55.328  27.421 0.2000000030
21745  -31.475  -53.693  27.634 0.1000000015
20857  -32.839  -54.913  27.124 0.1000000015
21746  -32.103  -53.954  27.082 0.1000000015
21756  -34.416  -53.565  26.019 0.1000000015
21755  -33.594  -53.576  26.326 0.1000000015
25792  -31.363  -48.872  28.398 0.1000000015
16230  -44.135  -59.279  35.622 0.3000000119
14690  -41.922  -60.582  36.048 0.3000000119
15477  -43.360  -59.810  35.797 0.3000000119
15475  -41.498  -60.558  35.264 0.3000000119
15499  -41.944  -60.076  34.760 0.3000000119
16248  -43.521  -59.227  35.010 0.3000000119
16270  -42.737  -59.121  34.086 0.3000000119
15513  -41.244  -59.785  33.863 0.3000000119
16247  -40.241  -59.969  34.058 0.3000000119
16289  -42.094  -59.079  33.503 0.3000000119
15494  -37.120  -59.574  34.465 0.4000000060
15496  -38.947  -60.245  34.409 0.4000000060
17820  -32.322  -58.207  35.787 0.4000000060
17010  -35.753  -58.929  34.644 0.4000000060
16999  -32.265  -58.693  36.385 0.4000000060
18716  -31.020  -56.466  37.035 0.3000000119
20730  -30.543  -53.991  37.022 0.2000000030
23297  -31.981  -51.671  36.371 0.1000000015
23308  -30.662  -51.010  35.376 0.1000000015
22556  -30.523  -52.369  32.641 0.2000000030
24065  -30.984  -49.979  34.814 0.1000000015
24085  -30.495  -50.677  33.419 0.2000000030
23345  -30.816  -51.374  32.176 0.1000000015
24130  -31.347  -50.678  29.162 0.1000000015
25781  -32.332  -48.978  29.413 0.1000000015
14676  -43.062  -60.640  37.130 0.2000000030
14675  -42.000  -60.904  36.954 0.2000000030
15464  -44.610  -60.248  36.925 0.2000000030
16228  -35.912  -59.489  34.830 0.4000000060
16989  -31.824  -58.263  37.846 0.3000000119
17804  -32.025  -57.640  38.315 0.3000000119
22514  -33.185  -52.463  36.664 0.1000000015
23311  -33.611  -51.222  36.152 0.1000000015
24052  -33.366  -50.396  35.810 0.1000000015
24051  -32.394  -50.160  35.720 0.1000000015
24833  -32.248  -49.408  35.244 0.1000000015
24888  -30.775  -50.035  33.349 0.1000000015
23351  -31.515  -50.961  31.629 0.1000000015
13867  -40.712  -62.183  38.075 0.2000000030
14655  -40.346  -61.853  37.437 0.2000000030
16222  -32.707  -59.749  36.691 0.3000000119
16223  -33.218  -60.178  36.363 0.3000000119
17806  -33.843  -57.278  39.177 0.3000000119
21664  -33.349  -53.024  37.030 0.1000000015
21665  -34.291  -53.489  36.801 0.2000000030
22526  -34.592  -52.372  36.230 0.1000000015
23312  -34.622  -51.603  36.064 0.1000000015
24054  -35.255  -50.609  35.478 0.1000000015
24066  -35.671  -50.008  35.210 0.1000000015
24067  -36.318  -50.468  35.201 0.1000000015
25707  -37.418  -48.896  34.561 0.1000000015
24835  -34.081  -49.846  35.528 0.1000000015
24861  -35.025  -49.483  35.202 0.1000000015
25706  -36.641  -48.762  34.723 0.1000000015
25705  -35.755  -48.503  34.813 0.1000000015
26635  -38.737  -47.469  34.142 0.1000000015
25732  -39.159  -48.491  34.215 0.1000000015
24859  -32.950  -48.802  34.944 0.1000000015
25704  -34.718  -48.378  34.810 0.1000000015
25703  -33.734  -48.256  34.555 0.1000000015
26616  -35.976  -47.852  34.544 0.1000000015
27538  -38.270  -46.491  33.780 0.1000000015
25701  -31.888  -48.940  33.897 0.1000000015
25726  -31.748  -49.154  33.445 0.1000000015
24912  -32.228  -49.379  32.568 0.1000000015
24116  -33.206  -50.080  31.478 0.1000000015
24133  -33.607  -50.234  30.395 0.1000000015
13040  -36.583  -63.558  38.833 0.2000000030
13865  -38.480  -62.509  37.615 0.2000000030
13039  -35.521  -63.423  38.918 0.3000000119
13864  -37.447  -62.650  37.541 0.2000000030
15448  -32.847  -60.467  37.939 0.3000000119
14669  -35.243  -61.935  36.831 0.3000000119
15432  -32.944  -60.359  38.437 0.3000000119
14667  -33.643  -61.479  37.536 0.3000000119
17792  -34.220  -57.976  39.438 0.3000000119
22516  -34.690  -52.914  36.252 0.1000000015
26632  -35.195  -47.059  33.802 0.1000000015
27534  -34.413  -47.028  32.903 0.1000000015
27566  -35.157  -46.529  32.405 0.1000000015
26661  -33.264  -48.033  32.612 0.1000000015
25751  -33.545  -48.309  32.151 0.1000000015
25767  -34.226  -48.611  31.746 0.1000000015
24930  -34.809  -49.506  31.542 0.1000000015
13023  -36.091  -64.025  39.676 0.3000000119
13021  -34.587  -63.053  39.698 0.3000000119
13828  -34.400  -62.583  39.247 0.3000000119
13861  -34.792  -62.356  37.725 0.3000000119
14640  -34.058  -62.070  38.727 0.3000000119
16192  -33.363  -59.926  39.406 0.3000000119
14651  -33.591  -61.501  38.294 0.3000000119
14639  -33.650  -61.413  39.109 0.3000000119
18693  -36.674  -56.866  38.019 0.2000000030
20736  -36.301  -55.227  36.702 0.2000000030
21667  -35.901  -53.979  35.792 0.2000000030
12208  -35.622  -64.548  41.440 0.1000000015
13781  -34.685  -62.547  42.034 0.2000000030
14629  -33.994  -61.952  39.553 0.3000000119
14613  -34.073  -61.642  40.376 0.3000000119
16951  -35.451  -59.066  40.291 0.3000000119
17794  -36.139  -57.903  39.240 0.2000000030
17795  -37.047  -57.837  39.142 0.2000000030
14569  -34.725  -61.866  42.051 0.3000000119
16177  -35.119  -59.758  40.870 0.3000000119
16953  -37.393  -59.132  39.938 0.2000000030
16973  -38.749  -58.375  39.432 0.1000000015
18695  -38.934  -56.597  37.815 0.1000000015
15349  -35.832  -60.755  41.955 0.3000000119
16159  -35.742  -59.971  41.274 0.3000000119
16957  -41.646  -58.392  40.304 0.1000000015
15374  -37.793  -60.781  41.692 0.2000000030
16163  -39.936  -59.978  41.024 0.1000000015
17967  -46.575  -56.934  27.187 0.3000000119
17143  -45.678  -57.959  27.061 0.3000000119
17966  -46.135  -57.481  27.398 0.3000000119
14813  -42.159  -61.795  25.356 0.2000000030
14024  -41.657  -62.874  25.525 0.2000000030
16385  -44.668  -59.382  25.860 0.3000000119
17165  -45.098  -58.966  26.163 0.3000000119
16384  -43.956  -59.663  25.693 0.3000000119
18917  -46.427  -56.189  26.748 0.4000000060
17157  -45.940  -58.198  26.430 0.4000000060
15617  -44.322  -60.441  25.554 0.3000000119
14814  -43.242  -61.679  25.562 0.2000000030
17977  -46.580  -57.142  26.229 0.4000000060
17158  -46.375  -57.784  26.142 0.4000000060
15618  -44.905  -60.010  25.427 0.4000000060
18916  -46.173  -55.895  26.445 0.4000000060
19887  -45.831  -55.636  26.663 0.4000000060
15619  -45.219  -59.396  25.674 0.4000000060
14815  -44.036  -61.454  25.577 0.3000000119
17985  -46.504  -57.222  25.496 0.4000000060
17167  -46.099  -58.230  25.626 0.4000000060
19905  -45.326  -55.753  25.567 0.4000000060
16398  -45.557  -58.903  25.093 0.4000000060
14816  -44.447  -61.163  25.294 0.3000000119
18951  -46.361  -56.932  25.073 0.4000000060
17984  -46.339  -57.680  25.215 0.4000000060
15627  -45.076  -59.784  24.603 0.4000000060
16413  -45.500  -58.614  24.548 0.4000000060
19904  -44.320  -55.729  25.232 0.4000000060
17995  -46.069  -57.337  24.531 0.4000000060
16397  -45.315  -59.060  24.562 0.4000000060
18950  -45.830  -56.332  24.770 0.4000000060
18969  -45.585  -56.778  23.637 0.4000000060
18012  -45.595  -57.446  23.728 0.4000000060
17194  -45.575  -58.047  24.188 0.4000000060
14844  -44.449  -60.721  23.962 0.3000000119
19927  -44.908  -55.792  24.409 0.4000000060
18011  -45.403  -57.466  23.297 0.4000000060
16412  -45.019  -58.819  23.815 0.4000000060
14054  -44.322  -61.555  24.267 0.2000000030
18949  -43.992  -55.848  24.679 0.3000000119
19945  -45.236  -56.018  23.505 0.4000000060
19944  -44.403  -55.695  23.296 0.4000000060
19966  -45.274  -56.407  22.838 0.4000000060
18033  -45.257  -57.415  22.744 0.4000000060
17215  -44.795  -58.189  22.697 0.4000000060
15641  -44.531  -59.852  23.434 0.2000000030
15640  -44.073  -60.530  23.060 0.2000000030
14075  -43.484  -62.420  22.601 0.3000000119
18968  -43.455  -55.763  23.813 0.3000000119
19926  -44.073  -55.755  24.157 0.3000000119
17231  -44.479  -58.523  21.637 0.3000000119
15657  -43.796  -60.711  22.144 0.2000000030
16432  -44.442  -59.144  22.574 0.2000000030
13249  -43.412  -63.247  23.294 0.2000000030
18947  -42.616  -56.065  24.249 0.3000000119
19943  -43.484  -55.563  23.298 0.3000000119
18988  -45.203  -56.708  22.021 0.4000000060
16450  -44.123  -59.566  21.367 0.1000000015
19924  -41.813  -55.633  23.749 0.3000000119
19964  -43.834  -55.288  22.259 0.3000000119
19985  -44.697  -56.179  21.151 0.2000000030
18062  -44.483  -57.869  20.696 0.2000000030
14865  -43.580  -61.587  21.737 0.1000000015
13267  -43.102  -63.180  22.131 0.2000000030
19983  -43.303  -54.723  21.384 0.2000000030
19984  -44.066  -55.398  21.188 0.2000000030
19018  -44.153  -57.047  20.209 0.1000000015
16449  -43.951  -59.853  20.710 0.1000000015
14881  -43.457  -61.742  20.588 0.1000000015
14091  -43.275  -62.535  21.271 0.1000000015
19923  -40.983  -55.511  23.880 0.2000000030
19942  -42.462  -55.393  23.214 0.3000000119
19963  -42.842  -54.795  22.280 0.3000000119
19921  -39.146  -54.808  24.400 0.2000000030
19941  -41.464  -54.822  23.072 0.1000000015
20918  -42.699  -54.389  21.581 0.2000000030
20002  -44.086  -56.056  20.312 0.1000000015
16466  -43.734  -59.885  20.214 0.1000000015
19940  -40.481  -54.563  23.473 0.2000000030
20903  -41.663  -54.169  22.514 0.2000000030
20917  -41.981  -53.833  21.790 0.2000000030
20001  -43.097  -55.065  20.217 0.1000000015
18061  -43.831  -57.970  19.903 0.1000000015
17242  -43.421  -59.184  19.821 0.1000000015
15695  -43.373  -61.062  19.958 0.1000000015
14106  -43.126  -62.427  20.362 0.1000000015
12494  -42.390  -64.446  21.344 0.1000000015
20902  -41.032  -53.635  22.596 0.1000000015
20933  -42.661  -54.279  21.002 0.2000000030
19017  -43.042  -56.866  19.910 0.1000000015
17230  -42.665  -59.042  20.199 0.1000000015
15694  -42.944  -61.027  19.481 0.1000000015
14893  -42.993  -61.768  19.687 0.1000000015
13286  -42.659  -63.383  20.962 0.1000000015
19016  -42.485  -55.910  19.899 0.1000000015
16448  -42.797  -60.195  19.867 0.1000000015
13285  -42.273  -63.317  20.611 0.1000000015
15672  -42.253  -60.965  20.110 0.1000000015
19707  -37.395  -55.175  36.125 0.2000000030
19920  -38.542  -54.623  24.569 0.2000000030
20896  -39.319  -54.143  23.921 0.1000000015
20932  -42.007  -53.862  20.764 0.1000000015
20916  -41.395  -53.205  21.998 0.1000000015
20000  -41.944  -55.261  19.995 0.1000000015
19006  -42.215  -57.329  20.257 0.1000000015
13304  -42.737  -62.780  20.410 0.1000000015
15673  -42.671  -60.890  19.699 0.1000000015
18047  -41.747  -57.829  20.778 0.1000000015
17156  -45.353  -58.548  26.479 0.3000000119
17976  -46.358  -57.515  26.661 0.4000000060
15616  -43.628  -60.650  25.556 0.3000000119
16386  -45.193  -59.192  25.930 0.3000000119
17168  -46.435  -57.628  25.743 0.4000000060
18932  -46.404  -56.602  25.690 0.4000000060
15628  -45.314  -59.451  25.378 0.4000000060
14827  -44.827  -60.983  24.826 0.3000000119
18989  -45.415  -56.875  22.873 0.4000000060
14843  -43.851  -61.427  23.167 0.2000000030
19965  -44.796  -55.814  22.271 0.3000000119
18049  -44.877  -57.609  21.778 0.2000000030
18967  -43.115  -55.810  23.750 0.3000000119
15674  -43.768  -60.590  20.968 0.1000000015
19007  -44.821  -56.993  21.057 0.4000000060
20003  -44.515  -56.633  20.588 0.2000000030
17244  -44.314  -58.852  20.838 0.1000000015
13287  -42.945  -63.166  21.307 0.1000000015
17243  -44.101  -58.865  20.212 0.1000000015
19962  -42.082  -54.580  22.565 0.3000000119
16465  -43.317  -60.272  19.701 0.1000000015
14894  -43.190  -61.928  19.979 0.1000000015
13266  -42.793  -63.775  21.733 0.1000000015
20901  -39.729  -53.531  23.390 0.1000000015
18060  -43.082  -58.186  19.928 0.1000000015
18048  -42.452  -58.001  20.308 0.1000000015
11703  -41.993  -65.903  21.141 0.1000000015
19005  -41.716  -56.605  20.393 0.1000000015
21812  -41.665  -53.446  21.164 0.1000000015
17091  -45.546  -58.464  30.592 0.3000000119
17105  -44.573  -58.598  29.817 0.2000000030
17106  -45.322  -58.077  29.589 0.2000000030
17080  -46.496  -57.864  31.773 0.4000000060
17092  -46.231  -58.041  31.062 0.2000000030
17920  -46.139  -57.917  30.559 0.3000000119
17122  -43.964  -58.384  28.660 0.2000000030
17921  -46.528  -57.338  30.786 0.4000000060
17123  -44.882  -57.972  28.637 0.2000000030
17121  -43.016  -58.868  28.759 0.1000000015
17140  -43.402  -58.411  27.530 0.2000000030
17139  -42.647  -58.701  27.818 0.1000000015
17124  -45.559  -57.761  28.988 0.3000000119
17120  -42.315  -58.991  28.305 0.1000000015
17141  -44.338  -58.118  27.554 0.2000000030
16355  -41.955  -58.998  27.403 0.1000000015
16369  -41.531  -59.505  26.608 0.1000000015
16356  -42.715  -58.731  26.996 0.1000000015
16370  -42.384  -59.351  26.181 0.1000000015
15613  -40.480  -60.986  25.731 0.1000000015
15599  -40.799  -60.092  26.363 0.1000000015
15600  -41.687  -59.971  25.878 0.1000000015
15614  -41.423  -60.835  25.519 0.1000000015
17947  -45.469  -57.709  28.267 0.2000000030
17154  -44.013  -58.424  26.720 0.2000000030
16371  -43.394  -58.875  26.262 0.2000000030
14812  -40.978  -61.853  25.314 0.1000000015
14022  -39.202  -62.898  25.430 0.1000000015
18850  -46.784  -56.450  29.156 0.2000000030
17948  -46.031  -57.434  28.574 0.3000000119
17142  -45.153  -57.961  27.414 0.2000000030
16383  -43.211  -59.769  25.641 0.2000000030
14023  -40.436  -62.897  25.303 0.1000000015
17965  -45.714  -57.685  27.728 0.3000000119
17155  -44.722  -58.542  26.538 0.3000000119
19825  -46.654  -55.867  29.147 0.2000000030
15615  -42.566  -60.561  25.483 0.1000000015
13228  -39.904  -64.001  25.599 0.1000000015
17949  -46.555  -56.831  28.315 0.2000000030
14025  -42.777  -62.801  25.720 0.1000000015
12429  -39.949  -64.865  25.950 0.1000000015
13229  -41.136  -63.841  25.745 0.1000000015
18872  -46.766  -56.259  28.560 0.2000000030
13230  -42.235  -63.887  26.077 0.1000000015
10901  -39.336  -66.083  26.417 0.1000000015
12430  -40.776  -64.732  26.140 0.1000000015
12431  -41.594  -64.423  26.228 0.1000000015
14027  -44.209  -61.840  25.395 0.3000000119
12414  -41.483  -64.985  26.491 0.1000000015
17932  -46.007  -57.726  29.804 0.2000000030
16372  -44.190  -58.892  26.087 0.2000000030
11632  -39.592  -65.424  26.173 0.1000000015
11633  -40.269  -65.303  26.336 0.1000000015
11631  -38.744  -65.562  26.022 0.1000000015
14026  -43.829  -62.560  25.557 0.2000000030
11619  -42.428  -65.468  26.172 0.1000000015
10892  -42.041  -66.367  26.423 0.1000000015
11634  -42.883  -65.200  25.460 0.2000000030
10133  -42.093  -67.120  26.030 0.1000000015
13232  -43.699  -63.550  25.215 0.2000000030
12432  -43.064  -64.506  25.657 0.2000000030
10902  -42.504  -66.245  25.713 0.2000000030
11635  -43.137  -64.652  25.407 0.1000000015
11649  -43.219  -64.709  25.014 0.1000000015
10143  -42.329  -67.072  25.144 0.1000000015
11648  -42.927  -65.209  24.655 0.1000000015
14038  -44.415  -62.008  24.985 0.2000000030
14037  -44.102  -62.884  24.908 0.2000000030
12444  -43.480  -64.135  24.704 0.1000000015
11665  -43.096  -64.682  24.219 0.1000000015
12455  -43.296  -64.022  23.775 0.1000000015
13241  -43.722  -63.417  24.362 0.1000000015
11664  -42.763  -65.398  23.767 0.1000000015
13231  -43.174  -63.837  25.915 0.1000000015
17079  -46.141  -58.529  31.606 0.2000000030
17090  -44.882  -58.884  30.520 0.1000000015
15478  -44.345  -59.687  36.264 0.2000000030
15479  -45.159  -59.856  36.176 0.1000000015
13041  -37.684  -63.465  38.863 0.1000000015
14642  -42.569  -61.907  38.444 0.1000000015
13866  -39.627  -62.227  37.622 0.1000000015
13024  -37.265  -64.014  39.502 0.2000000030
13045  -41.648  -62.927  39.119 0.1000000015
13042  -38.754  -63.302  38.974 0.1000000015
13846  -40.214  -62.686  38.448 0.1000000015
13868  -41.370  -62.181  38.341 0.1000000015
13848  -42.004  -62.320  38.681 0.1000000015
17063  -46.467  -58.308  32.220 0.2000000030
14643  -43.590  -61.922  38.483 0.1000000015
13849  -43.068  -62.518  38.867 0.1000000015
13845  -39.163  -62.835  38.298 0.1000000015
16304  -45.403  -59.377  31.418 0.1000000015
14571  -36.777  -61.452  42.723 0.1000000015
14553  -36.156  -62.072  43.304 0.1000000015
13756  -35.844  -62.763  43.595 0.1000000015
12981  -35.179  -63.798  42.569 0.1000000015
13782  -35.230  -62.630  42.778 0.1000000015
14555  -38.456  -62.124  43.321 0.1000000015
14554  -37.301  -62.051  43.438 0.1000000015
13757  -36.641  -62.929  44.149 0.1000000015
12938  -35.938  -63.955  44.224 0.1000000015
14572  -37.843  -61.574  42.738 0.1000000015
12960  -35.754  -63.681  43.738 0.1000000015
11390  -35.763  -64.972  43.248 0.1000000015
12940  -37.392  -63.780  45.110 0.1000000015
13758  -38.004  -62.636  44.042 0.1000000015
13744  -37.699  -63.244  44.649 0.1000000015
14573  -38.891  -61.692  42.636 0.1000000015
12961  -36.184  -63.461  44.238 0.1000000015
12926  -36.658  -64.351  45.048 0.1000000015
15352  -38.290  -61.190  42.114 0.1000000015
15375  -38.587  -60.746  41.530 0.1000000015
13746  -39.897  -63.294  44.350 0.1000000015
13745  -38.793  -63.201  44.541 0.1000000015
14556  -39.559  -62.244  43.173 0.1000000015
15353  -39.279  -61.230  42.018 0.1000000015
20749  -36.646  -54.614  35.921 0.1000000015
20761  -37.099  -53.917  35.217 0.1000000015
15354  -40.345  -61.114  42.067 0.1000000015
15376  -39.615  -60.631  41.511 0.1000000015
16162  -38.851  -60.172  40.969 0.1000000015
21676  -36.424  -53.420  35.322 0.1000000015
20750  -37.895  -54.805  35.724 0.1000000015
22536  -37.920  -52.252  34.668 0.1000000015
22529  -37.074  -52.651  34.920 0.1000000015
13759  -39.168  -62.649  43.899 0.1000000015
12941  -38.435  -63.768  45.151 0.1000000015
21675  -35.775  -52.921  35.513 0.1000000015
12191  -35.460  -64.459  42.106 0.1000000015
15351  -37.362  -61.078  42.158 0.1000000015
12177  -35.598  -64.709  42.853 0.1000000015
12163  -35.724  -64.600  43.589 0.1000000015
14574  -39.966  -61.730  42.567 0.1000000015
22528  -36.293  -52.221  35.297 0.1000000015
20879  -37.371  -54.354  25.048 0.1000000015
20878  -36.397  -54.612  25.604 0.1000000015
15531  -43.205  -61.054  31.198 0.1000000015
15540  -43.382  -60.471  30.845 0.1000000015
15541  -43.892  -60.148  30.860 0.1000000015
14729  -43.624  -61.543  31.611 0.1000000015
15530  -42.780  -61.185  31.104 0.1000000015
15539  -42.372  -60.812  30.616 0.1000000015
14728  -42.749  -61.693  31.271 0.1000000015
14730  -44.143  -61.371  31.760 0.1000000015
15532  -44.236  -60.658  31.378 0.1000000015
13954  -42.121  -62.019  31.140 0.1000000015
13936  -42.306  -62.721  31.372 0.1000000015
13935  -41.811  -63.064  31.219 0.1000000015
13937  -43.228  -62.516  31.873 0.1000000015
9233  -39.014  -68.801  35.278 0.1000000015
8528  -40.205  -68.492  32.856 0.1000000015
9296  -39.827  -68.346  32.514 0.1000000015
10054  -40.056  -67.654  32.294 0.1000000015
10818  -39.661  -67.348  32.194 0.1000000015
16303  -44.725  -59.912  31.334 0.1000000015
10831  -38.935  -67.054  32.189 0.1000000015
10832  -39.965  -66.844  31.941 0.1000000015
13169  -41.344  -63.235  31.070 0.1000000015
16325  -44.077  -59.088  30.005 0.1000000015
11562  -38.446  -66.033  31.754 0.1000000015
12361  -38.946  -65.211  31.406 0.1000000015
12378  -39.941  -64.617  30.887 0.1000000015
13168  -40.687  -63.463  30.843 0.1000000015
12380  -41.293  -63.899  31.019 0.1000000015
13150  -41.955  -63.657  31.261 0.1000000015
17104  -43.751  -58.918  29.456 0.1000000015
11561  -37.504  -65.933  31.559 0.1000000015
13166  -39.087  -64.152  30.867 0.1000000015
12379  -40.717  -64.291  30.899 0.1000000015
12365  -42.341  -64.316  31.731 0.1000000015
9255  -39.659  -68.740  34.806 0.1000000015
8498  -40.150  -68.872  33.668 0.1000000015
9280  -40.663  -68.075  33.285 0.1000000015
14722  -44.496  -61.211  32.151 0.1000000015
15523  -44.926  -60.552  32.210 0.1000000015
15533  -44.957  -60.106  31.730 0.1000000015
9297  -40.438  -67.983  32.655 0.1000000015
16312  -44.394  -59.505  30.679 0.1000000015
12362  -39.807  -65.356  31.221 0.1000000015
12363  -40.684  -65.200  31.138 0.1000000015
13151  -42.628  -63.381  31.710 0.1000000015
12364  -41.545  -64.650  31.276 0.1000000015
9991  -38.569  -67.676  35.152 0.1000000015
9992  -39.284  -68.237  34.965 0.1000000015
10762  -37.520  -66.659  35.526 0.1000000015
10750  -36.800  -66.709  36.189 0.1000000015
15516  -45.255  -60.299  32.780 0.1000000015
9256  -40.237  -68.427  34.150 0.1000000015
10003  -39.726  -67.575  34.668 0.1000000015
15524  -45.455  -59.890  32.358 0.1000000015
14721  -44.027  -61.837  32.076 0.1000000015
10055  -40.688  -67.366  32.384 0.1000000015
10833  -40.759  -66.799  32.001 0.1000000015
11564  -40.382  -66.088  31.503 0.1000000015
10834  -41.226  -66.630  32.146 0.1000000015
11566  -41.960  -65.025  31.692 0.1000000015
11565  -41.442  -65.856  31.801 0.1000000015
10751  -37.195  -66.188  36.028 0.1000000015
14713  -44.935  -60.839  33.138 0.1000000015
10763  -38.393  -66.446  35.074 0.1000000015
11457  -37.321  -65.786  37.382 0.1000000015
13928  -43.919  -62.346  32.767 0.1000000015
13929  -44.390  -61.623  32.686 0.1000000015
14714  -45.389  -60.507  33.938 0.1000000015
10002  -39.008  -66.885  34.828 0.1000000015
10004  -40.757  -67.424  33.900 0.1000000015
12348  -42.575  -64.284  32.349 0.1000000015
13152  -42.958  -63.179  32.062 0.1000000015
9281  -41.056  -67.685  32.995 0.1000000015
11549  -42.219  -65.057  32.213 0.1000000015
10820  -41.115  -67.025  32.310 0.1000000015
11548  -41.794  -65.768  32.646 0.1000000015
11480  -37.654  -65.543  36.110 0.1000000015
11498  -37.948  -65.925  35.366 0.1000000015
13138  -43.267  -63.092  32.488 0.1000000015
16290  -46.220  -58.912  32.640 0.1000000015
13127  -42.870  -63.675  33.034 0.1000000015
10792  -41.457  -66.338  33.313 0.1000000015
10005  -41.169  -66.926  33.616 0.1000000015
10029  -41.188  -67.333  33.242 0.1000000015
10821  -41.451  -66.688  32.567 0.1000000015
13128  -43.514  -62.854  33.324 0.1000000015
13913  -44.498  -61.764  34.635 0.1000000015
10774  -38.905  -66.190  34.866 0.1000000015
12330  -42.441  -64.494  32.789 0.1000000015
10776  -40.207  -66.518  34.395 0.1000000015
11527  -42.104  -65.070  32.809 0.1000000015
11526  -41.727  -65.313  33.254 0.1000000015
13920  -43.996  -62.284  33.796 0.1000000015
13901  -44.502  -61.983  35.716 0.1000000015
13106  -42.279  -63.623  34.069 0.1000000015
13107  -43.218  -62.917  34.173 0.1000000015
11499  -38.677  -65.390  35.326 0.1000000015
12309  -41.493  -64.475  33.829 0.1000000015
12329  -42.106  -64.526  33.285 0.1000000015
10777  -40.938  -66.419  33.913 0.1000000015
13911  -43.453  -62.574  35.176 0.1000000015
13087  -42.832  -62.847  35.228 0.1000000015
11481  -38.413  -64.991  36.228 0.1000000015
11513  -41.120  -65.471  33.786 0.1000000015
13889  -44.367  -62.323  36.667 0.1000000015
11511  -39.583  -65.510  34.739 0.1000000015
11456  -36.795  -66.205  36.778 0.1000000015
10689  -37.605  -67.218  40.035 0.1000000015
10698  -38.248  -66.994  39.553 0.1000000015
10714  -37.526  -66.167  38.487 0.1000000015
8514  -40.154  -68.820  33.187 0.1000000015
10073  -40.356  -67.171  32.161 0.1000000015
11563  -39.442  -66.086  31.682 0.1000000015
12360  -38.031  -65.188  31.521 0.1000000015
12377  -39.356  -64.800  31.076 0.1000000015
13951  -39.985  -62.833  30.585 0.1000000015
13137  -42.795  -63.686  32.191 0.1000000015
13108  -43.660  -62.608  33.969 0.1000000015
13126  -42.451  -64.100  33.247 0.1000000015
13912  -43.891  -62.348  34.740 0.1000000015
10697  -37.057  -66.677  39.382 0.1000000015
4180  -36.417  -76.286  26.922 0.1000000015
4171  -36.260  -76.249  27.306 0.1000000015
4250  -34.322  -75.794  23.174 0.1000000015
4775  -35.419  -75.551  23.313 0.1000000015
4227  -34.964  -76.117  23.798 0.1000000015
3683  -35.684  -76.813  26.203 0.1000000015
4797  -33.984  -75.228  22.570 0.1000000015
5391  -33.164  -74.583  20.882 0.1000000015
5392  -33.568  -74.348  20.310 0.1000000015
4181  -36.647  -75.950  26.650 0.1000000015
4707  -36.638  -75.309  27.032 0.1000000015
5267  -36.358  -75.059  27.176 0.1000000015
4193  -36.799  -75.792  26.216 0.1000000015
4228  -35.867  -76.039  24.358 0.1000000015
4209  -35.933  -76.433  25.335 0.1000000015
4191  -36.027  -76.559  25.884 0.1000000015
4706  -36.259  -75.720  27.305 0.1000000015
4798  -34.926  -75.311  22.889 0.1000000015
3700  -35.234  -76.860  25.344 0.1000000015
4208  -35.321  -76.549  24.665 0.1000000015
5358  -34.358  -74.686  22.197 0.1000000015
5372  -33.613  -74.533  21.481 0.1000000015
6000  -33.816  -74.200  19.668 0.1000000015
8641  -35.391  -69.485  24.612 0.1000000015
6527  -35.396  -72.016  25.076 0.1000000015
7879  -35.961  -70.234  25.004 0.1000000015
5268  -36.836  -74.971  26.900 0.1000000015
5285  -36.673  -74.472  26.975 0.1000000015
5878  -36.234  -73.879  26.835 0.1000000015
5900  -35.916  -73.278  26.332 0.1000000015
5899  -34.907  -73.259  25.735 0.1000000015
6499  -35.624  -72.505  25.547 0.1000000015
4727  -36.942  -75.370  26.669 0.1000000015
5877  -35.298  -73.900  26.644 0.1000000015
5284  -35.812  -74.511  27.156 0.1000000015
4229  -36.314  -75.915  24.857 0.1000000015
4210  -36.421  -76.052  25.428 0.1000000015
8642  -36.025  -69.202  25.040 0.1000000015
7131  -35.390  -71.283  24.825 0.1000000015
9391  -35.556  -68.660  24.737 0.1000000015
5901  -36.536  -73.412  26.674 0.1000000015
6500  -36.884  -72.751  26.459 0.1000000015
5879  -37.063  -73.740  26.892 0.1000000015
5286  -37.435  -74.493  26.801 0.1000000015
4776  -35.863  -75.579  23.621 0.1000000015
4799  -35.785  -75.156  22.994 0.1000000015
5359  -35.351  -74.439  22.253 0.1000000015
4743  -37.170  -75.386  25.701 0.1000000015
7878  -35.227  -70.255  24.549 0.1000000015
7106  -35.687  -71.892  25.200 0.1000000015
4760  -37.091  -75.240  24.893 0.1000000015
7130  -34.289  -71.465  24.369 0.1000000015
5304  -37.840  -74.665  26.108 0.1000000015
7877  -34.515  -70.513  24.267 0.1000000015
5326  -38.435  -74.060  25.390 0.1000000015
5902  -39.007  -73.646  25.993 0.1000000015
5924  -39.231  -73.280  25.284 0.1000000015
7107  -36.296  -71.721  25.492 0.1000000015
6477  -37.500  -73.309  26.870 0.1000000015
5287  -38.155  -74.117  26.579 0.1000000015
6478  -38.033  -72.926  26.840 0.1000000015
5305  -38.509  -74.035  26.200 0.1000000015
7085  -38.210  -72.047  26.880 0.1000000015
5880  -37.894  -73.727  26.843 0.1000000015
5881  -38.798  -73.452  26.659 0.1000000015
3684  -36.117  -76.601  26.783 0.1000000015
4192  -36.373  -76.316  26.141 0.1000000015
4726  -36.593  -75.946  27.004 0.1000000015
4742  -36.707  -75.843  25.737 0.1000000015
4759  -36.719  -75.628  25.125 0.1000000015
4813  -33.501  -74.872  22.038 0.1000000015
5357  -33.878  -74.775  22.124 0.1000000015
6526  -34.828  -72.320  24.911 0.1000000015
8740  -38.733  -69.607  19.345 0.1000000015
9298  -40.893  -67.753  32.808 0.1000000015
9366  -41.692  -67.695  26.229 0.1000000015
10028  -40.927  -67.652  33.479 0.1000000015
10056  -41.141  -67.366  32.685 0.1000000015
10074  -40.609  -67.105  32.185 0.1000000015
10215  -41.453  -67.651  20.747 0.1000000015
10306  -38.848  -67.866  15.656 0.1000000015
10775  -39.450  -66.435  34.709 0.1000000015
10819  -39.996  -67.233  32.139 0.1000000015
10957  -39.699  -66.310  20.515 0.1000000015
11017  -37.624  -66.115  18.725 0.1000000015
11479  -37.081  -66.023  36.479 0.1000000015
11510  -39.137  -65.862  34.846 0.1000000015
11677  -36.489  -64.882  21.881 0.1000000015
11700  -39.654  -65.743  20.875 0.1000000015
11777  -38.864  -64.983  16.981 0.1000000015
12416  -42.769  -64.670  26.018 0.1000000015
12433  -43.357  -64.245  25.378 0.2000000030
12464  -35.976  -63.948  22.452 0.1000000015
12487  -35.044  -63.914  21.623 0.1000000015
12939  -36.408  -63.949  44.633 0.1000000015
13149  -38.963  -64.674  31.115 0.1000000015
13259  -34.884  -63.024  22.369 0.1000000015
13281  -34.839  -63.523  21.742 0.1000000015
13303  -42.683  -62.604  20.205 0.1000000015
13305  -43.010  -63.018  20.936 0.1000000015
13319  -34.852  -63.059  20.452 0.1000000015
13345  -38.681  -63.301  16.940 0.1000000015
13374  -38.838  -63.837  15.566 0.1000000015
13882  -35.544  -62.154  37.130 0.3000000119
13883  -35.935  -62.193  37.061 0.3000000119
14050  -35.046  -61.942  23.105 0.1000000015
14105  -42.917  -62.331  20.006 0.1000000015
14612  -33.792  -61.081  40.094 0.3000000119
14641  -42.078  -61.984  38.365 0.1000000015
14838  -34.716  -61.535  22.994 0.1000000015
14861  -37.948  -62.002  23.005 0.1000000015
14889  -34.314  -60.466  20.781 0.1000000015
14892  -42.750  -61.638  19.701 0.1000000015
15461  -34.023  -61.248  36.443 0.3000000119
15468  -33.519  -60.390  36.191 0.3000000119
15514  -41.832  -59.807  34.140 0.3000000119
15638  -37.836  -60.201  23.190 0.1000000015
15639  -38.345  -60.002  22.961 0.1000000015
15658  -44.115  -59.997  22.370 0.2000000030
15675  -43.920  -60.208  21.668 0.2000000030
15693  -42.625  -61.286  19.710 0.1000000015
16175  -33.768  -60.425  39.995 0.3000000119
16191  -33.065  -59.771  39.042 0.3000000119
16204  -32.872  -59.936  38.673 0.3000000119
16205  -33.120  -60.181  38.936 0.3000000119
16232  -45.557  -59.348  35.573 0.1000000015
16242  -36.029  -58.971  34.559 0.5000000000
16250  -45.397  -58.725  35.341 0.2000000030
16265  -38.035  -58.585  33.378 0.5000000000
16269  -41.667  -59.447  33.664 0.3000000119
16311  -43.483  -59.897  30.443 0.1000000015
16324  -43.593  -59.370  29.980 0.1000000015
16373  -45.228  -58.917  26.197 0.3000000119
16374  -45.466  -58.763  26.170 0.3000000119
16387  -45.537  -58.889  25.787 0.4000000060
16411  -38.135  -59.686  23.070 0.1000000015
16426  -33.462  -59.072  22.409 0.1000000015
16428  -38.250  -58.754  22.922 0.1000000015
16467  -44.104  -59.410  20.590 0.1000000015
17025  -44.722  -58.092  34.654 0.3000000119
17026  -45.288  -58.132  34.953 0.5000000000
17057  -38.759  -57.798  32.546 0.5000000000
17166  -45.337  -59.054  26.108 0.3000000119
17177  -45.946  -58.176  24.867 0.4000000060
17193  -45.263  -57.886  23.435 0.4000000060
17226  -32.831  -57.899  21.572 0.1000000015
17844  -31.829  -56.579  34.585 0.3000000119
17861  -33.804  -56.477  33.527 0.5000000000
17866  -37.884  -57.897  32.799 0.5000000000
17870  -46.181  -57.589  33.718 0.4000000060
17907  -43.443  -56.810  32.077 0.5000000000
17930  -35.983  -57.458  29.438 0.4000000060
17931  -36.204  -57.402  29.365 0.4000000060
17945  -35.948  -57.490  29.203 0.4000000060
17946  -36.213  -57.454  29.009 0.4000000060
17996  -46.383  -57.299  25.074 0.4000000060
18026  -32.798  -57.281  22.486 0.1000000015
18027  -33.135  -57.587  22.804 0.1000000015
18031  -39.333  -57.552  22.293 0.1000000015
18034  -45.499  -57.186  23.243 0.4000000060
18073  -33.400  -57.423  20.179 0.1000000015
18778  -38.362  -57.035  31.612 0.5000000000
18833  -44.367  -55.893  31.192 0.5000000000
18842  -32.993  -56.582  28.763 0.2000000030
18863  -33.422  -56.514  28.128 0.2000000030
18866  -36.479  -57.315  28.440 0.4000000060
18889  -33.538  -56.172  27.593 0.2000000030
18899  -46.659  -56.311  27.809 0.3000000119
18908  -36.193  -56.468  26.828 0.3000000119
18929  -43.304  -56.133  25.218 0.4000000060
18931  -46.078  -55.996  25.959 0.4000000060
18948  -43.538  -55.941  24.335 0.4000000060
18963  -33.033  -56.427  23.070 0.1000000015
19019  -44.546  -57.112  20.563 0.2000000030
19750  -31.348  -54.872  33.685 0.3000000119
19789  -45.048  -55.759  30.946 0.5000000000
19805  -39.995  -56.288  30.096 0.6000000238
19806  -40.317  -56.290  30.059 0.6000000238
19819  -40.605  -56.237  29.615 0.6000000238
19839  -33.246  -56.096  27.682 0.2000000030
19847  -46.665  -55.930  28.332 0.3000000119
19866  -35.050  -56.289  26.907 0.2000000030
19884  -42.915  -56.067  26.459 0.5000000000
19898  -36.659  -55.133  25.775 0.2000000030
19902  -40.115  -55.949  24.842 0.3000000119
19925  -43.680  -55.758  23.892 0.3000000119
19936  -33.278  -55.775  23.129 0.1000000015
19939  -39.740  -54.478  23.877 0.1000000015
20019  -34.753  -56.202  19.152 0.1000000015
20787  -30.745  -53.936  33.467 0.2000000030
20856  -32.149  -54.786  27.508 0.1000000015
20865  -32.591  -54.345  26.978 0.1000000015
20946  -42.119  -54.464  20.237 0.1000000015
20947  -42.523  -54.331  20.497 0.1000000015
20973  -37.562  -55.219  17.366 0.1000000015
21649  -30.754  -53.347  36.997 0.2000000030
21650  -31.232  -53.308  37.292 0.2000000030
21663  -32.800  -52.768  37.025 0.1000000015
21699  -30.487  -53.298  33.480 0.2000000030
21797  -41.017  -52.939  22.090 0.1000000015
21825  -41.409  -53.374  20.766 0.1000000015
21867  -38.410  -54.207  16.441 0.1000000015
22501  -31.263  -52.850  37.074 0.1000000015
22512  -31.239  -52.392  36.713 0.1000000015
22555  -30.384  -52.426  33.257 0.2000000030
22684  -31.122  -52.665  18.790 0.1000000015
22716  -34.092  -51.923  16.653 0.1000000015
22717  -34.695  -52.028  16.468 0.1000000015
22723  -35.901  -51.641  15.752 0.1000000015
22725  -38.001  -52.401  15.320 0.1000000015
23300  -34.258  -52.164  36.313 0.1000000015
23485  -32.429  -51.483  17.189 0.1000000015
23509  -36.925  -50.968  15.194 0.1000000015
24049  -30.855  -50.290  35.027 0.1000000015
24064  -30.637  -50.328  34.476 0.1000000015
24086  -30.809  -50.117  33.077 0.1000000015
24122  -32.291  -50.791  30.723 0.1000000015
24267  -33.735  -49.919  16.108 0.1000000015
24889  -31.291  -49.603  33.205 0.1000000015
25116  -35.786  -49.402  15.042 0.1000000015
25700  -31.534  -49.277  33.722 0.1000000015
25727  -32.204  -48.811  33.249 0.1000000015
25766  -33.518  -48.916  31.947 0.1000000015
25966  -32.620  -48.566  15.913 0.1000000015
25972  -35.073  -48.285  14.927 0.1000000015
26700  -34.701  -48.057  29.118 0.1000000015
27535  -34.875  -46.705  33.093 0.1000000015
27565  -34.645  -46.937  32.606 0.1000000015
27821  -31.957  -47.258  16.312 0.1000000015
29604  -33.705  -44.781  16.543 0.1000000015
