#!ascii label  , from subject A00073677 vox2ras=TkReg
439
18917  -46.427  -56.189  26.748 0.0000000000
19004  -40.433  -56.453  21.368 0.0000000000
18896  -39.924  -56.367  27.702 0.0000000000
19985  -44.697  -56.179  21.151 0.0000000000
20895  -38.664  -53.783  24.044 0.0000000000
18779  -44.048  -56.807  32.414 0.0000000000
18776  -36.515  -57.066  32.227 0.0000000000
16225  -32.786  -59.235  36.113 0.0000000000
18892  -35.906  -57.056  27.545 0.0000000000
18925  -39.297  -56.301  25.839 0.0000000000
20869  -35.735  -54.981  26.016 0.0000000000
17904  -40.437  -57.164  31.764 0.0000000000
16266  -38.574  -58.843  33.478 0.0000000000
18702  -31.882  -56.472  38.061 0.0000000000
18738  -31.358  -56.225  34.754 0.0000000000
15627  -45.076  -59.784  24.603 0.0000000000
19016  -42.485  -55.910  19.899 0.0000000000
16465  -43.317  -60.272  19.701 0.0000000000
15671  -41.592  -60.814  20.997 0.0000000000
19869  -44.002  -55.372  27.346 0.0000000000
18950  -45.830  -56.332  24.770 0.0000000000
20903  -41.663  -54.169  22.514 0.0000000000
21810  -40.054  -52.683  21.169 0.0000000000
19808  -42.162  -56.130  29.966 0.0000000000
18826  -38.012  -56.783  30.520 0.0000000000
19803  -34.518  -56.847  31.124 0.0000000000
15470  -35.595  -60.466  35.454 0.0000000000
17021  -34.894  -58.080  34.410 0.0000000000
19753  -33.379  -55.842  32.984 0.0000000000
20809  -31.046  -54.414  31.508 0.0000000000
16432  -44.442  -59.144  22.574 0.0000000000
20912  -35.065  -54.011  22.078 0.0000000000
18029  -37.457  -57.232  22.891 0.0000000000
14052  -36.591  -61.937  23.152 0.0000000000
18864  -34.365  -57.002  28.327 0.0000000000
18907  -35.473  -56.507  26.975 0.0000000000
17168  -46.435  -57.628  25.743 0.0000000000
19982  -41.201  -55.623  20.538 0.0000000000
18047  -41.747  -57.829  20.778 0.0000000000
17228  -41.101  -58.686  21.333 0.0000000000
15656  -40.714  -60.659  21.712 0.0000000000
16430  -39.553  -59.419  22.330 0.0000000000
19867  -41.765  -56.110  27.702 0.0000000000
18913  -41.168  -56.525  26.457 0.0000000000
19920  -38.542  -54.623  24.569 0.0000000000
19922  -40.051  -55.364  24.244 0.0000000000
20901  -39.729  -53.531  23.390 0.0000000000
20916  -41.395  -53.205  21.998 0.0000000000
21795  -38.971  -52.559  22.961 0.0000000000
19809  -43.300  -55.818  30.145 0.0000000000
18831  -42.676  -56.246  30.682 0.0000000000
17902  -38.719  -57.107  31.681 0.0000000000
18799  -39.042  -56.808  31.187 0.0000000000
18797  -37.260  -56.902  31.321 0.0000000000
18825  -36.979  -56.861  30.539 0.0000000000
18796  -36.060  -56.973  31.453 0.0000000000
16227  -34.714  -59.629  35.295 0.0000000000
17010  -35.753  -58.929  34.644 0.0000000000
17008  -33.883  -58.595  34.878 0.0000000000
19736  -30.561  -54.738  34.621 0.0000000000
18739  -31.944  -56.144  34.166 0.0000000000
19751  -31.829  -55.189  33.441 0.0000000000
19767  -32.142  -55.158  32.757 0.0000000000
19966  -45.274  -56.407  22.838 0.0000000000
18011  -45.403  -57.466  23.297 0.0000000000
18049  -44.877  -57.609  21.778 0.0000000000
14881  -43.457  -61.742  20.588 0.0000000000
20911  -34.090  -53.939  22.402 0.0000000000
18983  -36.492  -56.003  22.962 0.0000000000
16408  -35.551  -59.339  23.453 0.0000000000
18894  -37.833  -56.745  27.710 0.0000000000
18911  -39.163  -56.508  26.816 0.0000000000
18909  -37.176  -56.498  26.745 0.0000000000
19882  -37.545  -55.911  26.052 0.0000000000
20878  -36.397  -54.612  25.604 0.0000000000
17906  -42.612  -57.116  31.910 0.0000000000
17058  -39.268  -58.073  32.669 0.0000000000
17865  -37.355  -57.697  32.825 0.0000000000
16998  -31.717  -58.260  36.998 0.0000000000
17830  -32.716  -57.726  35.066 0.0000000000
18715  -30.642  -55.848  36.474 0.0000000000
20746  -30.068  -54.148  36.015 0.0000000000
21674  -30.039  -53.133  35.525 0.0000000000
20002  -44.086  -56.056  20.312 0.0000000000
19018  -44.153  -57.047  20.209 0.0000000000
18060  -43.082  -58.186  19.928 0.0000000000
16448  -42.797  -60.195  19.867 0.0000000000
14090  -41.927  -62.628  20.441 0.0000000000
14089  -41.202  -62.653  21.072 0.0000000000
14073  -39.398  -62.687  22.335 0.0000000000
13263  -38.647  -63.697  22.323 0.0000000000
19870  -45.148  -55.329  27.482 0.0000000000
18932  -46.404  -56.602  25.690 0.0000000000
18949  -43.992  -55.848  24.679 0.0000000000
19943  -43.484  -55.563  23.298 0.0000000000
18926  -40.314  -56.352  25.544 0.0000000000
19924  -41.813  -55.633  23.749 0.0000000000
19963  -42.842  -54.795  22.280 0.0000000000
20933  -42.661  -54.279  21.002 0.0000000000
20931  -41.241  -54.089  20.356 0.0000000000
19981  -40.457  -55.059  20.720 0.0000000000
19844  -44.524  -55.352  28.413 0.0000000000
19843  -43.298  -55.592  28.374 0.0000000000
19841  -40.735  -56.124  29.064 0.0000000000
18801  -41.037  -56.699  31.181 0.0000000000
19818  -40.042  -56.240  29.863 0.0000000000
18869  -39.621  -56.225  28.879 0.0000000000
18847  -37.716  -56.761  29.652 0.0000000000
18845  -35.770  -57.402  29.610 0.0000000000
18821  -33.117  -56.742  29.874 0.0000000000
15494  -37.120  -59.574  34.465 0.0000000000
17023  -36.821  -58.293  33.730 0.0000000000
17863  -35.260  -57.089  33.350 0.0000000000
17846  -33.513  -57.004  34.080 0.0000000000
17862  -34.336  -56.787  33.438 0.0000000000
18759  -34.834  -56.652  32.922 0.0000000000
19769  -33.801  -56.088  32.460 0.0000000000
19786  -33.108  -56.005  31.744 0.0000000000
17995  -46.069  -57.337  24.531 0.0000000000
16412  -45.019  -58.819  23.815 0.0000000000
16449  -43.951  -59.853  20.710 0.0000000000
14865  -43.580  -61.587  21.737 0.0000000000
22642  -38.868  -52.218  22.072 0.0000000000
22670  -38.989  -52.792  20.839 0.0000000000
19002  -39.016  -55.351  21.514 0.0000000000
19961  -37.920  -55.327  22.039 0.0000000000
18030  -38.554  -57.333  22.501 0.0000000000
16429  -38.624  -59.258  22.798 0.0000000000
14841  -37.501  -61.289  23.160 0.0000000000
18862  -32.990  -56.405  28.276 0.0000000000
18890  -34.022  -56.397  27.547 0.0000000000
17158  -46.375  -57.784  26.142 0.0000000000
17977  -46.580  -57.142  26.229 0.0000000000
18046  -40.892  -57.607  21.310 0.0000000000
17214  -40.263  -58.545  21.911 0.0000000000
18032  -40.052  -57.594  21.935 0.0000000000
18871  -41.367  -56.172  28.040 0.0000000000
18898  -41.806  -56.292  27.090 0.0000000000
18897  -41.008  -56.395  27.482 0.0000000000
20880  -38.120  -54.412  24.649 0.0000000000
20896  -39.319  -54.143  23.921 0.0000000000
20900  -39.008  -53.137  23.516 0.0000000000
18780  -44.832  -56.516  32.341 0.0000000000
18804  -44.072  -56.265  31.733 0.0000000000
18832  -43.685  -55.955  30.987 0.0000000000
18803  -43.106  -56.486  31.425 0.0000000000
18777  -37.630  -57.016  31.859 0.0000000000
16222  -32.707  -59.749  36.691 0.0000000000
16226  -33.431  -59.705  35.803 0.0000000000
17007  -32.873  -58.710  35.654 0.0000000000
20774  -30.675  -54.206  34.024 0.0000000000
20775  -31.097  -54.694  33.790 0.0000000000
20788  -31.144  -54.398  33.205 0.0000000000
21700  -30.738  -53.778  33.195 0.0000000000
19965  -44.796  -55.814  22.271 0.0000000000
18988  -45.203  -56.708  22.021 0.0000000000
19007  -44.821  -56.993  21.057 0.0000000000
18966  -35.639  -56.509  23.337 0.0000000000
18893  -36.865  -57.019  27.576 0.0000000000
19880  -35.336  -55.714  26.535 0.0000000000
19881  -36.504  -55.580  26.121 0.0000000000
19899  -37.122  -55.171  25.647 0.0000000000
17038  -38.445  -58.195  32.931 0.0000000000
17037  -37.547  -58.266  33.289 0.0000000000
17816  -31.517  -57.487  37.429 0.0000000000
17819  -31.647  -57.581  36.144 0.0000000000
18716  -31.020  -56.466  37.035 0.0000000000
20001  -43.097  -55.065  20.217 0.0000000000
19017  -43.042  -56.866  19.910 0.0000000000
17229  -41.948  -58.860  20.801 0.0000000000
17230  -42.665  -59.042  20.199 0.0000000000
16447  -42.126  -59.938  20.542 0.0000000000
14879  -41.745  -61.779  20.634 0.0000000000
15655  -39.740  -60.488  22.288 0.0000000000
14863  -40.052  -61.617  22.142 0.0000000000
14862  -38.782  -61.457  22.765 0.0000000000
19886  -44.742  -55.415  26.388 0.0000000000
19926  -44.073  -55.755  24.157 0.0000000000
18968  -43.455  -55.763  23.813 0.0000000000
19923  -40.983  -55.511  23.880 0.0000000000
19941  -41.464  -54.822  23.072 0.0000000000
19942  -42.462  -55.393  23.214 0.0000000000
19962  -42.082  -54.580  22.565 0.0000000000
20918  -42.699  -54.389  21.581 0.0000000000
21811  -41.113  -53.007  21.428 0.0000000000
21812  -41.665  -53.446  21.164 0.0000000000
21825  -41.409  -53.374  20.766 0.0000000000
21824  -40.648  -53.140  20.570 0.0000000000
19822  -43.929  -55.527  29.375 0.0000000000
19821  -42.693  -55.836  29.282 0.0000000000
19842  -41.855  -55.929  28.459 0.0000000000
19820  -41.521  -56.092  29.384 0.0000000000
17905  -41.516  -57.235  31.739 0.0000000000
18802  -42.093  -56.689  31.221 0.0000000000
18827  -38.914  -56.613  30.494 0.0000000000
18828  -39.790  -56.396  30.409 0.0000000000
18849  -39.543  -56.325  29.838 0.0000000000
19840  -40.101  -56.186  29.483 0.0000000000
18848  -38.723  -56.513  29.728 0.0000000000
18868  -38.368  -56.558  28.769 0.0000000000
19804  -35.329  -57.003  31.144 0.0000000000
18824  -36.014  -57.159  30.539 0.0000000000
18823  -35.073  -57.181  30.426 0.0000000000
18844  -34.741  -57.258  29.404 0.0000000000
18822  -34.112  -56.999  30.209 0.0000000000
16229  -36.617  -59.622  34.649 0.0000000000
17022  -35.893  -58.436  34.330 0.0000000000
17849  -36.190  -57.920  33.805 0.0000000000
17848  -35.572  -57.671  33.875 0.0000000000
17829  -31.715  -56.966  35.059 0.0000000000
17845  -32.410  -56.817  34.475 0.0000000000
18756  -32.417  -55.826  33.681 0.0000000000
18740  -32.752  -56.332  34.026 0.0000000000
18757  -33.272  -56.111  33.529 0.0000000000
18758  -34.010  -56.252  33.083 0.0000000000
18774  -34.448  -56.448  32.598 0.0000000000
20810  -31.365  -54.700  32.030 0.0000000000
19785  -31.861  -55.288  31.767 0.0000000000
19801  -32.413  -56.001  30.587 0.0000000000
18951  -46.361  -56.932  25.073 0.0000000000
17215  -44.795  -58.189  22.697 0.0000000000
15641  -44.531  -59.852  23.434 0.0000000000
15640  -44.073  -60.530  23.060 0.0000000000
17243  -44.101  -58.865  20.212 0.0000000000
17244  -44.314  -58.852  20.838 0.0000000000
16466  -43.734  -59.885  20.214 0.0000000000
14091  -43.275  -62.535  21.271 0.0000000000
21794  -38.207  -52.324  23.307 0.0000000000
22641  -37.964  -51.783  22.591 0.0000000000
21822  -38.657  -53.197  20.886 0.0000000000
20929  -39.071  -53.947  20.847 0.0000000000
20928  -38.226  -53.962  21.285 0.0000000000
18028  -36.950  -56.627  23.045 0.0000000000
18984  -37.430  -56.045  22.581 0.0000000000
18985  -38.495  -56.056  22.093 0.0000000000
17212  -38.694  -58.260  22.662 0.0000000000
17211  -37.960  -58.216  22.901 0.0000000000
14840  -36.349  -61.187  23.300 0.0000000000
15637  -36.987  -60.282  23.355 0.0000000000
18891  -34.942  -56.783  27.449 0.0000000000
19865  -34.509  -56.032  26.960 0.0000000000
19879  -34.341  -55.225  26.587 0.0000000000
19687  -31.440  -55.322  37.790 0.0000000000
16398  -45.557  -58.903  25.093 0.0000000000
19005  -41.716  -56.605  20.393 0.0000000000
19006  -42.215  -57.329  20.257 0.0000000000
16446  -41.340  -59.750  21.249 0.0000000000
16431  -40.437  -59.586  21.814 0.0000000000
19868  -42.717  -55.924  27.273 0.0000000000
18914  -42.229  -56.340  26.317 0.0000000000
18928  -42.385  -56.340  25.288 0.0000000000
19900  -38.308  -55.413  25.285 0.0000000000
19901  -39.513  -55.735  25.007 0.0000000000
19921  -39.146  -54.808  24.400 0.0000000000
19940  -40.481  -54.563  23.473 0.0000000000
20902  -41.032  -53.635  22.596 0.0000000000
21797  -41.017  -52.939  22.090 0.0000000000
21796  -40.113  -52.686  22.182 0.0000000000
17903  -39.328  -57.195  31.786 0.0000000000
18800  -40.027  -56.671  31.181 0.0000000000
18798  -38.221  -56.877  31.179 0.0000000000
19788  -34.943  -56.787  31.737 0.0000000000
15469  -34.253  -60.726  35.906 0.0000000000
16228  -35.912  -59.489  34.830 0.0000000000
17009  -35.186  -58.838  34.780 0.0000000000
19722  -30.861  -55.821  34.959 0.0000000000
19737  -31.176  -55.288  34.243 0.0000000000
19738  -31.844  -55.624  33.858 0.0000000000
19752  -32.690  -55.590  33.166 0.0000000000
19768  -32.851  -55.655  32.531 0.0000000000
20789  -31.726  -54.825  32.993 0.0000000000
20799  -31.578  -54.752  32.517 0.0000000000
20798  -31.038  -54.225  32.281 0.0000000000
19945  -45.236  -56.018  23.505 0.0000000000
18969  -45.585  -56.778  23.637 0.0000000000
18989  -45.415  -56.875  22.873 0.0000000000
18033  -45.257  -57.415  22.744 0.0000000000
17231  -44.479  -58.523  21.637 0.0000000000
15695  -43.373  -61.062  19.958 0.0000000000
19957  -34.501  -54.807  22.706 0.0000000000
19958  -35.351  -54.893  22.505 0.0000000000
19959  -36.223  -55.030  22.435 0.0000000000
18982  -35.547  -55.706  22.962 0.0000000000
18009  -36.281  -57.279  23.355 0.0000000000
18010  -36.797  -57.846  23.249 0.0000000000
17192  -37.145  -58.394  23.231 0.0000000000
16409  -36.603  -59.349  23.427 0.0000000000
15636  -35.905  -60.325  23.418 0.0000000000
18895  -38.858  -56.472  27.796 0.0000000000
18910  -38.177  -56.509  26.705 0.0000000000
18924  -38.589  -56.288  26.070 0.0000000000
19883  -38.116  -56.117  25.970 0.0000000000
20879  -37.371  -54.354  25.048 0.0000000000
17885  -40.889  -57.862  32.223 0.0000000000
17059  -40.223  -58.533  32.834 0.0000000000
17884  -39.861  -57.709  32.272 0.0000000000
17883  -39.083  -57.612  32.308 0.0000000000
17882  -38.262  -57.427  32.276 0.0000000000
17881  -37.126  -57.300  32.446 0.0000000000
16999  -32.265  -58.693  36.385 0.0000000000
17820  -32.322  -58.207  35.787 0.0000000000
18723  -30.976  -56.257  35.711 0.0000000000
19706  -30.691  -55.569  37.121 0.0000000000
18722  -30.532  -55.641  36.000 0.0000000000
19721  -30.456  -55.198  35.348 0.0000000000
20760  -30.212  -54.119  34.976 0.0000000000
21687  -30.106  -53.106  34.436 0.0000000000
19984  -44.066  -55.398  21.188 0.0000000000
20003  -44.515  -56.633  20.588 0.0000000000
18061  -43.831  -57.970  19.903 0.0000000000
17242  -43.421  -59.184  19.821 0.0000000000
14880  -42.363  -61.781  20.005 0.0000000000
14864  -41.005  -61.712  21.435 0.0000000000
14074  -40.442  -62.659  21.736 0.0000000000
13264  -39.980  -63.884  21.647 0.0000000000
19888  -46.231  -55.740  27.182 0.0000000000
18916  -46.173  -55.895  26.445 0.0000000000
19887  -45.831  -55.636  26.663 0.0000000000
19905  -45.326  -55.753  25.567 0.0000000000
19904  -44.320  -55.729  25.232 0.0000000000
19927  -44.908  -55.792  24.409 0.0000000000
19944  -44.403  -55.695  23.296 0.0000000000
19964  -43.834  -55.288  22.259 0.0000000000
18912  -40.139  -56.528  26.667 0.0000000000
18927  -41.416  -56.427  25.467 0.0000000000
18945  -40.726  -56.053  24.707 0.0000000000
18946  -41.645  -56.111  24.524 0.0000000000
18967  -43.115  -55.810  23.750 0.0000000000
19983  -43.303  -54.723  21.384 0.0000000000
20917  -41.981  -53.833  21.790 0.0000000000
20932  -42.007  -53.862  20.764 0.0000000000
20000  -41.944  -55.261  19.995 0.0000000000
19999  -41.332  -54.891  20.326 0.0000000000
19871  -45.988  -55.488  27.646 0.0000000000
18870  -40.759  -56.225  28.330 0.0000000000
18830  -41.607  -56.407  30.558 0.0000000000
18829  -40.621  -56.425  30.543 0.0000000000
19807  -41.116  -56.291  29.976 0.0000000000
18867  -37.362  -56.951  28.631 0.0000000000
18846  -36.651  -57.180  29.514 0.0000000000
18865  -35.524  -57.403  28.573 0.0000000000
18843  -33.755  -56.976  29.123 0.0000000000
16243  -36.575  -59.036  34.379 0.0000000000
17024  -37.319  -58.505  33.644 0.0000000000
17036  -37.021  -57.922  33.225 0.0000000000
17864  -36.423  -57.454  33.100 0.0000000000
17880  -36.696  -57.261  32.582 0.0000000000
17831  -33.552  -57.763  34.598 0.0000000000
17020  -34.087  -57.779  34.339 0.0000000000
17847  -34.626  -57.379  33.916 0.0000000000
18760  -35.650  -56.967  32.769 0.0000000000
18775  -35.249  -56.792  32.291 0.0000000000
19770  -34.490  -56.490  32.215 0.0000000000
19787  -34.090  -56.429  31.775 0.0000000000
19802  -33.551  -56.555  30.958 0.0000000000
17985  -46.504  -57.222  25.496 0.0000000000
17984  -46.339  -57.680  25.215 0.0000000000
16413  -45.500  -58.614  24.548 0.0000000000
18012  -45.595  -57.446  23.728 0.0000000000
17194  -45.575  -58.047  24.188 0.0000000000
16397  -45.315  -59.060  24.562 0.0000000000
14844  -44.449  -60.721  23.962 0.0000000000
18062  -44.483  -57.869  20.696 0.0000000000
16450  -44.123  -59.566  21.367 0.0000000000
15674  -43.768  -60.590  20.968 0.0000000000
15657  -43.796  -60.711  22.144 0.0000000000
19878  -33.775  -54.936  26.656 0.0000000000
20877  -35.578  -54.335  25.816 0.0000000000
21768  -36.572  -53.642  25.010 0.0000000000
21769  -37.243  -53.474  24.591 0.0000000000
21787  -37.729  -52.812  23.970 0.0000000000
22643  -39.396  -52.450  21.564 0.0000000000
22655  -38.021  -51.812  21.816 0.0000000000
22657  -39.201  -52.595  21.079 0.0000000000
21823  -39.538  -53.052  20.608 0.0000000000
20930  -40.080  -53.960  20.598 0.0000000000
19980  -39.461  -54.793  21.068 0.0000000000
19003  -39.562  -55.703  21.501 0.0000000000
20914  -36.810  -54.217  22.045 0.0000000000
19960  -37.197  -55.034  22.272 0.0000000000
19978  -37.883  -54.653  21.742 0.0000000000
19979  -38.579  -54.858  21.484 0.0000000000
18986  -39.391  -56.669  22.027 0.0000000000
17213  -39.422  -58.436  22.355 0.0000000000
15654  -38.884  -60.211  22.713 0.0000000000
14842  -38.283  -60.637  23.021 0.0000000000
14072  -38.251  -62.667  22.724 0.0000000000
14861  -37.948  -62.002  23.005 0.0000000000
15638  -37.836  -60.201  23.190 0.0000000000
15639  -38.345  -60.002  22.961 0.0000000000
15658  -44.115  -59.997  22.370 0.0000000000
15675  -43.920  -60.208  21.668 0.0000000000
16242  -36.029  -58.971  34.559 0.0000000000
16265  -38.035  -58.585  33.378 0.0000000000
16411  -38.135  -59.686  23.070 0.0000000000
16428  -38.250  -58.754  22.922 0.0000000000
16467  -44.104  -59.410  20.590 0.0000000000
17057  -38.759  -57.798  32.546 0.0000000000
17167  -46.099  -58.230  25.626 0.0000000000
17177  -45.946  -58.176  24.867 0.0000000000
17193  -45.263  -57.886  23.435 0.0000000000
17844  -31.829  -56.579  34.585 0.0000000000
17861  -33.804  -56.477  33.527 0.0000000000
17866  -37.884  -57.897  32.799 0.0000000000
17907  -43.443  -56.810  32.077 0.0000000000
17930  -35.983  -57.458  29.438 0.0000000000
17931  -36.204  -57.402  29.365 0.0000000000
17945  -35.948  -57.490  29.203 0.0000000000
17946  -36.213  -57.454  29.009 0.0000000000
17996  -46.383  -57.299  25.074 0.0000000000
18031  -39.333  -57.552  22.293 0.0000000000
18034  -45.499  -57.186  23.243 0.0000000000
18778  -38.362  -57.035  31.612 0.0000000000
18833  -44.367  -55.893  31.192 0.0000000000
18842  -32.993  -56.582  28.763 0.0000000000
18863  -33.422  -56.514  28.128 0.0000000000
18866  -36.479  -57.315  28.440 0.0000000000
18889  -33.538  -56.172  27.593 0.0000000000
18908  -36.193  -56.468  26.828 0.0000000000
18931  -46.078  -55.996  25.959 0.0000000000
18987  -39.816  -57.057  21.954 0.0000000000
19019  -44.546  -57.112  20.563 0.0000000000
19750  -31.348  -54.872  33.685 0.0000000000
19805  -39.995  -56.288  30.096 0.0000000000
19806  -40.317  -56.290  30.059 0.0000000000
19819  -40.605  -56.237  29.615 0.0000000000
19866  -35.050  -56.289  26.907 0.0000000000
19898  -36.659  -55.133  25.775 0.0000000000
19902  -40.115  -55.949  24.842 0.0000000000
19925  -43.680  -55.758  23.892 0.0000000000
19938  -34.841  -55.477  22.962 0.0000000000
19939  -39.740  -54.478  23.877 0.0000000000
20787  -30.745  -53.936  33.467 0.0000000000
20894  -37.825  -53.767  24.459 0.0000000000
20945  -41.691  -54.635  20.206 0.0000000000
20946  -42.119  -54.464  20.237 0.0000000000
20947  -42.523  -54.331  20.497 0.0000000000
21699  -30.487  -53.298  33.480 0.0000000000
21788  -38.542  -52.881  23.575 0.0000000000
