#!ascii label  , from subject A00073677 vox2ras=TkReg
273
58088  -23.656  -16.248  13.839 0.0000000000
61051  -23.215  -12.752  10.453 0.0000000000
73175  -21.581  -0.351  6.914 0.0000000000
70296  -23.906  -3.615  8.823 0.0000000000
66129  -25.556  -7.511  11.220 0.0000000000
61955  -26.928  -11.652  12.906 0.0000000000
75094  -20.465  1.309  6.895 0.0000000000
68162  -24.652  -5.917  9.704 0.0000000000
65060  -23.841  -8.446  9.180 0.0000000000
59088  -23.529  -14.515  12.145 0.0000000000
61027  -25.160  -12.258  11.813 0.0000000000
59073  -25.426  -14.086  13.696 0.0000000000
52202  -21.010  -21.474  12.898 0.0000000000
56131  -22.014  -17.482  11.499 0.0000000000
78715  -20.896  5.775  7.166 0.0000000000
76888  -21.669  4.924  6.309 0.0000000000
75993  -21.967  3.653  6.579 0.0000000000
75098  -23.281  2.432  6.971 0.0000000000
74150  -24.244  0.828  8.381 0.0000000000
71287  -22.622  -1.847  7.685 0.0000000000
72196  -25.044  -0.896  9.612 0.0000000000
70258  -25.465  -3.333  10.887 0.0000000000
68144  -26.289  -5.431  11.715 0.0000000000
66111  -27.602  -7.361  12.737 0.0000000000
62989  -24.685  -10.265  10.347 0.0000000000
63950  -26.868  -9.937  12.087 0.0000000000
66159  -23.573  -7.827  8.271 0.0000000000
65070  -22.979  -8.654  7.839 0.0000000000
58128  -23.241  -15.364  12.421 0.0000000000
60040  -24.030  -13.912  12.505 0.0000000000
58108  -23.966  -15.158  13.689 0.0000000000
49259  -19.127  -23.576  16.753 0.0000000000
50256  -19.820  -22.936  16.657 0.0000000000
51245  -20.474  -22.408  15.168 0.0000000000
57137  -22.057  -16.262  10.657 0.0000000000
56130  -21.239  -17.372  11.121 0.0000000000
75984  -21.438  4.097  6.654 0.0000000000
74168  -20.928  0.533  6.690 0.0000000000
74169  -21.770  0.789  6.724 0.0000000000
74170  -22.689  0.960  6.743 0.0000000000
74160  -23.931  1.440  7.780 0.0000000000
73166  -23.138  0.202  7.521 0.0000000000
70295  -23.639  -3.273  8.210 0.0000000000
71289  -23.673  -1.862  8.420 0.0000000000
71266  -24.608  -2.545  9.730 0.0000000000
71267  -25.073  -2.533  10.414 0.0000000000
70279  -24.826  -3.623  10.299 0.0000000000
67179  -25.036  -6.628  10.515 0.0000000000
68143  -25.561  -5.870  11.112 0.0000000000
67159  -26.028  -6.659  11.692 0.0000000000
67136  -27.284  -6.476  12.587 0.0000000000
66110  -26.853  -7.371  12.108 0.0000000000
62002  -22.418  -11.767  9.766 0.0000000000
62988  -23.798  -10.466  9.586 0.0000000000
62004  -24.555  -11.459  10.422 0.0000000000
61954  -26.533  -11.849  12.672 0.0000000000
61991  -26.206  -10.867  11.704 0.0000000000
61980  -26.876  -10.990  12.602 0.0000000000
63952  -27.914  -9.527  12.805 0.0000000000
62937  -28.175  -10.684  13.416 0.0000000000
52186  -22.186  -21.595  13.784 0.0000000000
53059  -21.564  -20.880  12.543 0.0000000000
53060  -22.361  -20.530  12.802 0.0000000000
53974  -22.658  -19.559  13.216 0.0000000000
68185  -23.737  -5.634  7.782 0.0000000000
69212  -24.454  -4.576  9.598 0.0000000000
68170  -24.041  -6.401  8.329 0.0000000000
66160  -24.091  -7.536  8.965 0.0000000000
65047  -24.301  -8.436  9.938 0.0000000000
60079  -23.629  -13.512  10.989 0.0000000000
61039  -24.384  -12.684  11.005 0.0000000000
60069  -24.224  -13.240  11.870 0.0000000000
60999  -25.390  -12.604  12.565 0.0000000000
60043  -26.621  -13.175  13.664 0.0000000000
51264  -20.878  -22.230  14.207 0.0000000000
60090  -22.301  -13.626  10.557 0.0000000000
59099  -22.899  -14.882  11.165 0.0000000000
58143  -22.797  -15.742  11.656 0.0000000000
57100  -22.899  -16.873  12.945 0.0000000000
79602  -21.445  7.149  6.254 0.0000000000
77778  -19.850  5.046  8.063 0.0000000000
77790  -21.180  5.295  6.698 0.0000000000
76889  -22.232  5.808  5.494 0.0000000000
115429  -23.293  5.624  6.636 0.0000000000
75994  -23.146  4.186  6.449 0.0000000000
75096  -21.939  1.934  6.572 0.0000000000
75097  -22.743  2.442  6.543 0.0000000000
76879  -23.902  3.772  6.950 0.0000000000
75986  -24.415  2.626  7.961 0.0000000000
75974  -24.854  2.569  8.721 0.0000000000
74143  -25.211  1.429  9.787 0.0000000000
72211  -22.168  -1.373  7.654 0.0000000000
72203  -23.279  -1.316  8.358 0.0000000000
73149  -24.783  -0.181  9.273 0.0000000000
73134  -25.103  0.250  9.934 0.0000000000
73135  -25.526  -0.294  10.484 0.0000000000
71246  -26.485  -2.428  11.864 0.0000000000
69213  -24.923  -4.519  10.375 0.0000000000
69196  -26.255  -4.515  11.613 0.0000000000
63009  -22.899  -10.195  8.138 0.0000000000
63992  -24.219  -9.313  9.846 0.0000000000
63993  -24.979  -9.467  10.543 0.0000000000
61990  -25.515  -11.493  11.302 0.0000000000
62978  -25.948  -10.326  11.202 0.0000000000
65030  -26.480  -8.318  11.673 0.0000000000
65009  -27.478  -8.319  12.356 0.0000000000
64993  -28.180  -8.451  12.927 0.0000000000
55053  -22.124  -18.375  12.020 0.0000000000
55035  -22.509  -18.463  13.020 0.0000000000
56097  -22.905  -17.609  13.700 0.0000000000
58107  -23.378  -16.028  13.349 0.0000000000
58089  -24.037  -15.943  14.072 0.0000000000
49233  -19.710  -23.647  17.547 0.0000000000
50232  -19.638  -23.224  16.885 0.0000000000
50233  -20.281  -22.970  17.149 0.0000000000
73176  -22.185  0.246  6.884 0.0000000000
74158  -23.016  0.438  7.227 0.0000000000
73165  -22.541  -0.288  7.518 0.0000000000
69226  -23.783  -4.030  8.093 0.0000000000
70303  -23.443  -3.419  7.580 0.0000000000
71280  -23.691  -2.928  8.501 0.0000000000
70278  -24.309  -3.356  9.504 0.0000000000
66147  -24.905  -7.517  10.654 0.0000000000
67158  -25.528  -6.663  11.165 0.0000000000
66130  -26.222  -7.475  11.710 0.0000000000
62003  -23.345  -11.470  9.818 0.0000000000
61052  -23.948  -12.166  10.316 0.0000000000
61979  -26.295  -11.535  12.259 0.0000000000
62936  -27.405  -10.853  13.041 0.0000000000
61956  -27.755  -11.593  13.422 0.0000000000
52203  -21.940  -21.414  12.992 0.0000000000
68184  -23.454  -6.283  6.862 0.0000000000
67204  -23.835  -6.943  7.578 0.0000000000
66146  -24.421  -7.533  9.918 0.0000000000
59100  -23.384  -14.332  11.424 0.0000000000
60080  -24.017  -13.315  11.375 0.0000000000
60068  -23.789  -13.794  11.717 0.0000000000
59072  -24.630  -14.250  13.426 0.0000000000
60041  -24.720  -13.192  12.607 0.0000000000
60042  -25.567  -13.329  13.325 0.0000000000
60010  -26.095  -14.012  13.892 0.0000000000
49232  -18.875  -24.089  17.299 0.0000000000
49231  -18.149  -24.575  16.918 0.0000000000
51246  -21.452  -22.018  15.007 0.0000000000
59108  -22.602  -14.447  10.668 0.0000000000
57132  -22.329  -16.468  11.135 0.0000000000
57120  -22.546  -16.719  12.033 0.0000000000
58127  -22.964  -16.170  12.573 0.0000000000
79601  -20.950  6.735  7.351 0.0000000000
78717  -21.631  6.590  5.962 0.0000000000
76878  -20.987  4.413  6.822 0.0000000000
77801  -21.645  5.646  6.184 0.0000000000
77802  -21.879  5.735  5.724 0.0000000000
75095  -21.173  1.466  6.700 0.0000000000
74171  -23.134  1.679  6.794 0.0000000000
75995  -23.594  3.133  7.053 0.0000000000
75985  -24.039  3.067  7.319 0.0000000000
76880  -24.389  3.719  7.549 0.0000000000
75086  -23.854  2.193  7.441 0.0000000000
75087  -24.219  1.758  7.986 0.0000000000
75075  -24.629  1.771  8.603 0.0000000000
75069  -25.093  1.971  9.313 0.0000000000
71297  -23.097  -2.888  7.264 0.0000000000
71296  -22.326  -2.345  6.925 0.0000000000
72202  -22.678  -1.341  8.089 0.0000000000
72195  -24.706  -1.409  9.253 0.0000000000
72204  -23.966  -1.293  8.490 0.0000000000
73150  -25.126  -0.521  9.905 0.0000000000
71245  -25.717  -2.393  11.093 0.0000000000
68163  -25.017  -5.341  10.411 0.0000000000
69195  -25.559  -4.527  11.010 0.0000000000
70259  -26.155  -3.587  11.585 0.0000000000
69176  -26.949  -4.523  12.203 0.0000000000
66112  -28.039  -7.386  13.051 0.0000000000
63008  -22.645  -10.265  7.911 0.0000000000
61040  -25.045  -12.136  11.224 0.0000000000
61989  -24.956  -12.000  10.907 0.0000000000
62979  -26.454  -10.261  11.749 0.0000000000
63975  -25.704  -9.221  11.098 0.0000000000
63976  -26.536  -9.515  11.642 0.0000000000
65031  -27.090  -9.029  11.883 0.0000000000
65010  -27.962  -9.068  12.676 0.0000000000
63925  -28.410  -9.528  13.298 0.0000000000
55015  -22.734  -18.897  13.725 0.0000000000
56096  -22.645  -17.636  13.032 0.0000000000
55036  -22.748  -18.371  13.773 0.0000000000
65059  -23.419  -8.549  8.459 0.0000000000
59071  -23.694  -14.804  12.995 0.0000000000
59049  -25.480  -14.833  13.957 0.0000000000
59048  -24.612  -15.177  13.923 0.0000000000
58090  -25.052  -15.838  14.215 0.0000000000
51223  -20.126  -22.666  16.265 0.0000000000
51202  -20.393  -22.695  16.793 0.0000000000
58150  -22.293  -15.529  10.659 0.0000000000
57136  -21.602  -16.074  10.537 0.0000000000
57131  -21.729  -16.757  10.816 0.0000000000
78707  -20.181  5.849  7.702 0.0000000000
74159  -23.504  0.993  7.416 0.0000000000
74149  -23.781  0.315  8.157 0.0000000000
71288  -23.287  -2.360  7.981 0.0000000000
71281  -24.080  -2.435  8.799 0.0000000000
72181  -24.882  -1.962  9.934 0.0000000000
72182  -25.257  -1.392  10.255 0.0000000000
68120  -26.940  -5.641  12.310 0.0000000000
67135  -26.646  -6.312  12.135 0.0000000000
62015  -23.106  -10.809  8.808 0.0000000000
61028  -25.768  -12.096  12.297 0.0000000000
61978  -25.701  -11.847  11.905 0.0000000000
62963  -26.645  -10.647  12.159 0.0000000000
63951  -27.460  -9.478  12.351 0.0000000000
62964  -27.174  -10.321  12.530 0.0000000000
63924  -27.767  -10.058  12.912 0.0000000000
62938  -29.134  -10.593  13.670 0.0000000000
52185  -21.359  -21.869  13.523 0.0000000000
53075  -21.863  -20.356  12.371 0.0000000000
53990  -22.018  -19.524  12.302 0.0000000000
69237  -23.525  -4.491  7.319 0.0000000000
69238  -23.812  -4.788  8.039 0.0000000000
69227  -24.040  -4.624  8.617 0.0000000000
68186  -23.981  -5.154  8.305 0.0000000000
68171  -24.181  -5.574  8.792 0.0000000000
67190  -24.017  -7.098  8.428 0.0000000000
67191  -24.339  -6.687  9.126 0.0000000000
67178  -24.609  -6.688  9.832 0.0000000000
61038  -23.797  -13.033  10.730 0.0000000000
61026  -24.629  -12.745  11.934 0.0000000000
60998  -24.933  -12.643  12.265 0.0000000000
61000  -26.308  -12.334  12.888 0.0000000000
61001  -27.230  -12.396  13.439 0.0000000000
48222  -18.605  -24.648  17.958 0.0000000000
52184  -20.397  -22.064  13.364 0.0000000000
51265  -21.657  -21.900  14.232 0.0000000000
60091  -23.016  -13.741  10.650 0.0000000000
59109  -23.163  -14.227  10.906 0.0000000000
58144  -23.173  -14.971  11.754 0.0000000000
58106  -23.086  -16.356  12.959 0.0000000000
80520  -21.305  8.034  7.087 0.0000000000
77789  -20.390  4.941  7.281 0.0000000000
78716  -21.483  6.189  6.531 0.0000000000
78728  -21.776  6.218  5.683 0.0000000000
115434  -21.943  6.491  5.084 0.0000000000
115428  -22.970  6.291  5.697 0.0000000000
77791  -23.995  4.963  7.106 0.0000000000
75992  -21.136  2.444  6.674 0.0000000000
77779  -24.736  4.634  8.111 0.0000000000
76866  -24.877  3.420  8.449 0.0000000000
72210  -21.624  -1.394  7.214 0.0000000000
73164  -21.886  -0.820  7.455 0.0000000000
73157  -23.386  -0.290  8.078 0.0000000000
73158  -24.148  -0.343  8.614 0.0000000000
74142  -24.939  0.951  9.442 0.0000000000
74126  -25.129  0.707  9.941 0.0000000000
72166  -26.207  -1.141  11.213 0.0000000000
72167  -27.108  -1.395  12.291 0.0000000000
68121  -27.674  -5.529  12.673 0.0000000000
64013  -22.890  -9.725  8.070 0.0000000000
64002  -23.365  -9.216  8.631 0.0000000000
63000  -23.200  -10.115  8.632 0.0000000000
63991  -23.659  -9.683  9.168 0.0000000000
64003  -23.724  -9.179  9.230 0.0000000000
65048  -24.871  -8.435  10.663 0.0000000000
62005  -25.289  -10.747  10.720 0.0000000000
62990  -25.382  -10.021  10.718 0.0000000000
65029  -25.641  -8.382  11.208 0.0000000000
65008  -26.976  -8.005  12.007 0.0000000000
64992  -27.857  -8.233  12.727 0.0000000000
66092  -27.921  -7.901  12.874 0.0000000000
55067  -21.805  -18.201  11.606 0.0000000000
56116  -22.452  -17.604  12.406 0.0000000000
57101  -23.203  -16.835  13.509 0.0000000000
63977  -26.997  -9.484  11.990 0.0000000000
71295  -21.437  -1.908  6.799 0.0000000000
73156  -22.879  -0.754  8.194 0.0000000000
