#!ascii label  , from subject A00073677 vox2ras=TkReg
721
40772  29.108  -32.501  85.002 0.0000000000
63753  46.055  -10.852  70.348 0.0000000000
70656  50.262  -3.241  71.232 0.0000000000
54536  46.799  -19.523  76.184 0.0000000000
44164  34.528  -28.979  82.185 0.0000000000
39578  32.667  -33.302  84.085 0.0000000000
67583  47.751  -6.485  71.364 0.0000000000
64621  49.072  -9.937  74.118 0.0000000000
54494  43.096  -21.016  79.408 0.0000000000
49466  37.422  -24.870  84.413 0.0000000000
71860  55.675  -3.117  60.919 0.0000000000
72822  51.130  -1.644  66.334 0.0000000000
55524  44.578  -18.396  74.776 0.0000000000
60605  46.923  -14.088  75.638 0.0000000000
43091  32.122  -31.728  83.669 0.0000000000
39557  31.271  -33.297  84.512 0.0000000000
65619  46.983  -8.744  70.874 0.0000000000
66598  48.150  -7.595  73.886 0.0000000000
64623  47.568  -9.882  73.629 0.0000000000
48496  43.961  -25.122  79.044 0.0000000000
43088  35.372  -30.372  83.614 0.0000000000
47382  35.733  -27.058  83.730 0.0000000000
44125  37.105  -28.674  83.344 0.0000000000
73862  54.344  -1.740  61.519 0.0000000000
69731  55.056  -3.975  63.341 0.0000000000
73825  53.922  -1.382  63.964 0.0000000000
71785  48.238  -3.070  68.717 0.0000000000
71826  48.670  -2.994  66.025 0.0000000000
72778  50.451  -1.899  69.509 0.0000000000
70716  51.997  -3.066  68.185 0.0000000000
69653  49.899  -4.585  68.967 0.0000000000
54507  44.604  -20.642  77.419 0.0000000000
55487  44.218  -19.419  76.669 0.0000000000
56486  45.809  -17.971  76.475 0.0000000000
57502  45.863  -16.347  75.094 0.0000000000
58509  47.269  -15.999  76.344 0.0000000000
59542  48.260  -14.498  75.358 0.0000000000
55498  48.165  -18.173  75.472 0.0000000000
44129  34.256  -30.440  83.621 0.0000000000
68603  46.675  -5.705  68.083 0.0000000000
70659  48.319  -3.993  71.310 0.0000000000
67565  49.131  -6.383  73.299 0.0000000000
65586  49.877  -8.899  73.191 0.0000000000
52544  40.302  -22.306  82.011 0.0000000000
52550  42.847  -22.152  80.621 0.0000000000
52569  44.174  -22.328  78.739 0.0000000000
51598  46.332  -21.986  76.236 0.0000000000
52630  47.541  -20.754  74.542 0.0000000000
51561  38.037  -23.018  82.237 0.0000000000
49476  39.975  -24.673  83.120 0.0000000000
67697  55.339  -5.217  59.922 0.0000000000
72847  51.574  -1.373  63.559 0.0000000000
71796  53.156  -2.485  66.850 0.0000000000
69707  50.989  -3.808  65.781 0.0000000000
62747  47.103  -11.724  73.340 0.0000000000
62718  47.895  -11.898  75.010 0.0000000000
60618  49.018  -13.495  74.189 0.0000000000
38455  29.159  -33.631  84.989 0.0000000000
40771  29.688  -33.143  85.025 0.0000000000
38475  30.121  -33.465  84.583 0.0000000000
65620  46.399  -9.340  71.015 0.0000000000
65606  46.931  -8.943  71.820 0.0000000000
64658  46.481  -9.957  71.886 0.0000000000
44126  36.638  -28.794  83.518 0.0000000000
72878  52.701  -1.910  61.458 0.0000000000
73836  54.252  -1.434  63.214 0.0000000000
73852  53.063  -1.016  62.836 0.0000000000
71750  49.004  -2.341  70.881 0.0000000000
71783  49.395  -2.246  68.809 0.0000000000
71748  50.682  -2.642  70.517 0.0000000000
70675  51.129  -3.020  70.045 0.0000000000
55470  45.803  -19.713  76.629 0.0000000000
55471  45.199  -19.573  76.739 0.0000000000
56473  46.509  -18.675  76.501 0.0000000000
57484  46.453  -16.984  76.456 0.0000000000
56484  47.072  -17.789  76.541 0.0000000000
57492  47.832  -16.962  75.927 0.0000000000
55499  47.885  -18.375  75.849 0.0000000000
43090  33.344  -31.041  83.710 0.0000000000
40783  33.361  -32.229  84.334 0.0000000000
41973  34.761  -31.376  84.153 0.0000000000
66669  47.599  -7.232  69.584 0.0000000000
67626  46.482  -6.578  68.000 0.0000000000
67591  47.632  -6.109  69.920 0.0000000000
69634  47.579  -4.598  69.692 0.0000000000
68542  47.932  -5.544  71.707 0.0000000000
69587  48.716  -4.723  73.190 0.0000000000
68534  47.980  -5.423  72.671 0.0000000000
65562  48.349  -8.463  74.063 0.0000000000
66596  49.208  -7.938  73.835 0.0000000000
64620  49.533  -9.758  73.606 0.0000000000
63725  50.022  -10.491  72.777 0.0000000000
63710  49.473  -10.723  73.415 0.0000000000
50526  41.097  -23.805  82.478 0.0000000000
51568  41.791  -22.313  81.621 0.0000000000
50536  42.421  -23.746  81.596 0.0000000000
50552  44.362  -23.842  79.039 0.0000000000
52581  45.019  -22.294  77.410 0.0000000000
48420  36.090  -25.851  84.410 0.0000000000
50520  35.993  -24.307  83.280 0.0000000000
50508  37.809  -23.928  84.097 0.0000000000
50517  39.021  -23.745  83.596 0.0000000000
48417  38.765  -25.315  83.835 0.0000000000
73869  55.003  -2.421  60.414 0.0000000000
69762  55.601  -4.273  60.516 0.0000000000
68645  54.436  -4.210  64.124 0.0000000000
71824  50.078  -2.339  66.164 0.0000000000
71834  48.771  -2.852  64.841 0.0000000000
72840  49.544  -2.350  64.615 0.0000000000
72849  49.781  -1.991  63.701 0.0000000000
72829  51.150  -1.660  65.422 0.0000000000
73820  52.534  -0.979  65.367 0.0000000000
73799  52.613  -1.246  66.637 0.0000000000
69676  50.710  -3.971  67.642 0.0000000000
69675  51.507  -3.651  67.250 0.0000000000
53522  41.992  -20.851  79.656 0.0000000000
54526  42.531  -20.701  78.500 0.0000000000
56498  44.474  -18.514  76.085 0.0000000000
54549  43.658  -19.664  75.959 0.0000000000
59546  46.567  -14.754  75.608 0.0000000000
59565  46.385  -14.667  73.995 0.0000000000
60634  46.606  -13.733  74.397 0.0000000000
61667  46.563  -13.242  72.435 0.0000000000
61641  47.079  -12.683  74.839 0.0000000000
62734  47.199  -11.778  74.156 0.0000000000
61626  47.476  -12.892  75.175 0.0000000000
57500  49.047  -15.939  74.367 0.0000000000
60619  48.570  -13.530  74.691 0.0000000000
58537  49.574  -15.323  73.905 0.0000000000
60645  49.852  -14.075  73.171 0.0000000000
40785  31.317  -32.692  84.228 0.0000000000
39556  32.161  -33.202  84.318 0.0000000000
37480  32.074  -33.721  83.812 0.0000000000
38474  30.920  -33.803  84.476 0.0000000000
66635  47.555  -7.295  70.967 0.0000000000
67575  47.711  -6.453  72.348 0.0000000000
66626  47.229  -8.040  72.117 0.0000000000
65563  47.853  -8.691  73.583 0.0000000000
65539  48.052  -9.195  74.071 0.0000000000
44128  35.138  -29.719  83.373 0.0000000000
46304  34.878  -27.482  82.565 0.0000000000
45194  35.874  -28.429  83.618 0.0000000000
46278  36.349  -27.468  84.009 0.0000000000
46289  37.183  -27.420  83.984 0.0000000000
47398  38.278  -26.520  83.578 0.0000000000
45203  37.521  -27.943  82.728 0.0000000000
73861  54.747  -2.146  61.336 0.0000000000
70785  55.604  -3.576  62.347 0.0000000000
71840  55.066  -2.613  62.694 0.0000000000
71822  54.800  -2.913  64.301 0.0000000000
70760  54.519  -3.230  64.997 0.0000000000
70752  47.398  -3.821  67.263 0.0000000000
71816  48.404  -3.104  66.988 0.0000000000
71815  49.495  -2.510  67.101 0.0000000000
72807  50.726  -1.844  67.809 0.0000000000
72791  52.029  -1.767  68.036 0.0000000000
71764  51.727  -2.674  68.929 0.0000000000
69631  51.161  -3.747  68.917 0.0000000000
54508  44.142  -20.430  77.782 0.0000000000
54524  43.802  -20.297  77.616 0.0000000000
54523  44.147  -20.156  77.279 0.0000000000
56476  44.893  -19.070  76.677 0.0000000000
56497  44.938  -17.809  75.911 0.0000000000
57503  45.361  -17.112  75.486 0.0000000000
57485  45.821  -17.084  76.151 0.0000000000
58524  46.318  -15.783  76.033 0.0000000000
59545  46.866  -14.875  76.132 0.0000000000
59544  47.371  -14.580  75.941 0.0000000000
58521  47.700  -15.746  75.893 0.0000000000
57491  48.194  -16.239  75.478 0.0000000000
56505  48.950  -16.993  74.318 0.0000000000
43133  32.571  -30.935  82.525 0.0000000000
43113  33.108  -30.677  83.095 0.0000000000
44147  34.026  -30.196  83.155 0.0000000000
43089  34.446  -30.727  83.966 0.0000000000
41972  35.574  -31.062  83.779 0.0000000000
70719  47.277  -4.087  68.315 0.0000000000
70678  48.259  -3.569  70.525 0.0000000000
70657  49.697  -3.175  71.666 0.0000000000
70633  49.375  -3.985  72.892 0.0000000000
68533  49.519  -5.478  72.706 0.0000000000
67573  49.634  -7.212  72.597 0.0000000000
67554  48.334  -6.823  73.829 0.0000000000
66611  49.529  -7.727  73.204 0.0000000000
51578  39.386  -22.450  81.052 0.0000000000
52553  40.849  -21.688  81.136 0.0000000000
53489  42.080  -21.503  80.735 0.0000000000
54480  42.785  -21.391  79.959 0.0000000000
50544  43.429  -23.688  80.491 0.0000000000
52561  43.270  -22.174  80.027 0.0000000000
53504  43.860  -21.486  78.903 0.0000000000
53520  44.599  -21.366  77.749 0.0000000000
53535  45.757  -21.028  76.753 0.0000000000
53534  46.398  -20.715  76.254 0.0000000000
53548  47.005  -20.000  76.017 0.0000000000
51606  46.832  -21.330  75.523 0.0000000000
51560  38.812  -22.742  82.436 0.0000000000
51548  39.981  -23.337  83.007 0.0000000000
49488  40.613  -24.676  82.607 0.0000000000
48430  39.347  -25.744  83.253 0.0000000000
47413  40.115  -26.029  81.776 0.0000000000
69786  55.491  -4.702  58.702 0.0000000000
72860  51.685  -1.678  62.508 0.0000000000
73827  52.770  -0.902  64.570 0.0000000000
72820  53.678  -1.991  65.601 0.0000000000
69691  53.528  -3.615  65.491 0.0000000000
70738  52.695  -2.965  67.262 0.0000000000
69674  52.312  -3.468  66.785 0.0000000000
69706  51.905  -3.705  65.327 0.0000000000
54537  43.015  -20.476  77.252 0.0000000000
62766  46.423  -11.779  71.485 0.0000000000
63737  46.604  -10.894  71.941 0.0000000000
63726  47.394  -10.774  73.352 0.0000000000
63698  47.723  -10.976  74.485 0.0000000000
63696  48.130  -10.893  74.812 0.0000000000
61624  47.972  -12.953  75.127 0.0000000000
62700  48.406  -12.161  74.782 0.0000000000
63694  49.007  -11.379  73.972 0.0000000000
61654  49.389  -12.420  73.361 0.0000000000
53573  48.038  -19.313  75.031 0.0000000000
54573  48.512  -18.726  74.495 0.0000000000
40757  29.000  -32.938  85.261 0.0000000000
39539  28.590  -33.063  85.516 0.0000000000
40758  28.479  -32.740  85.599 0.0000000000
39538  29.328  -32.981  85.064 0.0000000000
64668  45.906  -9.975  71.093 0.0000000000
65607  46.370  -9.568  71.478 0.0000000000
73864  53.252  -1.452  62.036 0.0000000000
72859  52.496  -1.537  62.286 0.0000000000
71732  50.110  -2.748  71.176 0.0000000000
71749  49.853  -2.341  70.802 0.0000000000
71731  50.393  -2.837  71.039 0.0000000000
70676  50.748  -3.392  70.467 0.0000000000
69612  50.177  -3.876  70.879 0.0000000000
55469  46.499  -19.273  76.405 0.0000000000
55485  47.099  -18.858  76.298 0.0000000000
55484  47.573  -18.597  76.132 0.0000000000
54535  47.425  -19.199  75.972 0.0000000000
40768  32.720  -32.607  84.302 0.0000000000
40767  33.394  -32.577  84.327 0.0000000000
39577  33.327  -33.035  83.975 0.0000000000
67590  47.761  -6.533  70.345 0.0000000000
67607  47.435  -6.463  69.519 0.0000000000
68552  47.853  -5.743  70.797 0.0000000000
65537  48.682  -9.769  74.308 0.0000000000
65561  48.875  -8.770  74.107 0.0000000000
63711  49.150  -10.612  73.919 0.0000000000
49486  42.079  -24.291  81.754 0.0000000000
50525  41.898  -23.616  82.033 0.0000000000
48419  36.865  -25.935  84.549 0.0000000000
49468  35.720  -25.099  83.835 0.0000000000
49467  36.488  -25.031  84.349 0.0000000000
50509  36.812  -24.206  84.069 0.0000000000
49465  38.430  -24.568  84.069 0.0000000000
48418  37.959  -25.836  84.195 0.0000000000
72891  55.287  -2.675  60.338 0.0000000000
72890  55.450  -2.896  60.228 0.0000000000
71876  55.537  -3.269  60.020 0.0000000000
70801  55.709  -3.698  60.690 0.0000000000
72823  50.443  -2.069  66.787 0.0000000000
72831  49.712  -2.438  65.274 0.0000000000
72830  50.319  -2.220  65.612 0.0000000000
72839  50.489  -1.982  64.570 0.0000000000
73815  51.703  -1.336  66.121 0.0000000000
73800  52.065  -1.272  66.722 0.0000000000
69695  50.016  -4.462  67.039 0.0000000000
54510  42.695  -20.771  79.151 0.0000000000
54511  42.275  -20.729  79.087 0.0000000000
55512  44.578  -18.358  75.191 0.0000000000
59557  46.406  -14.630  74.918 0.0000000000
60621  46.769  -13.745  75.135 0.0000000000
61642  46.790  -13.176  74.671 0.0000000000
60620  47.081  -13.393  75.386 0.0000000000
57508  49.446  -16.211  73.894 0.0000000000
58531  49.156  -15.251  74.408 0.0000000000
58546  50.106  -14.955  73.320 0.0000000000
40770  30.717  -32.934  84.523 0.0000000000
41977  30.485  -32.573  84.226 0.0000000000
40769  31.823  -32.777  84.308 0.0000000000
38473  31.571  -33.566  84.380 0.0000000000
64677  46.788  -9.399  69.793 0.0000000000
64687  46.942  -9.223  68.970 0.0000000000
65636  47.103  -8.664  69.893 0.0000000000
66651  47.324  -7.992  70.521 0.0000000000
66636  47.228  -8.054  71.398 0.0000000000
65564  47.548  -9.307  73.172 0.0000000000
65588  47.357  -8.766  72.765 0.0000000000
64622  47.798  -9.580  74.045 0.0000000000
45195  35.377  -28.541  83.319 0.0000000000
44127  36.054  -28.993  83.550 0.0000000000
44114  36.430  -28.424  83.694 0.0000000000
45193  36.708  -28.216  83.767 0.0000000000
46277  37.057  -27.587  84.135 0.0000000000
45192  37.067  -28.087  83.706 0.0000000000
45191  37.316  -27.989  83.244 0.0000000000
72877  53.439  -1.801  61.188 0.0000000000
73871  54.062  -1.744  60.854 0.0000000000
73870  54.545  -2.131  60.620 0.0000000000
72858  54.920  -2.279  62.042 0.0000000000
73849  54.539  -1.825  62.149 0.0000000000
72846  54.479  -1.789  63.492 0.0000000000
72836  54.300  -1.853  64.092 0.0000000000
71823  54.415  -2.511  64.707 0.0000000000
70739  47.415  -3.789  67.899 0.0000000000
71817  47.755  -3.478  66.922 0.0000000000
71800  47.893  -3.332  67.740 0.0000000000
72794  49.789  -2.101  68.986 0.0000000000
71798  49.407  -2.336  68.342 0.0000000000
72808  50.072  -2.140  68.081 0.0000000000
72824  50.208  -2.135  67.453 0.0000000000
72793  50.622  -1.834  68.700 0.0000000000
71782  51.689  -2.001  68.785 0.0000000000
72777  51.170  -1.832  69.224 0.0000000000
69632  50.630  -4.047  69.778 0.0000000000
70697  51.322  -3.353  69.419 0.0000000000
69652  50.642  -4.068  68.592 0.0000000000
55459  44.652  -20.160  77.045 0.0000000000
56475  45.220  -18.919  76.605 0.0000000000
56487  44.951  -18.442  76.365 0.0000000000
57486  45.259  -17.598  76.114 0.0000000000
57494  45.394  -17.189  75.927 0.0000000000
57483  46.971  -16.861  76.662 0.0000000000
58511  46.468  -16.288  76.329 0.0000000000
58510  46.857  -16.053  76.528 0.0000000000
59531  46.899  -15.476  76.385 0.0000000000
59530  47.139  -15.349  76.325 0.0000000000
58522  47.427  -15.233  76.086 0.0000000000
56496  47.909  -17.684  75.926 0.0000000000
56495  48.197  -17.424  75.469 0.0000000000
57501  48.550  -16.537  74.904 0.0000000000
55511  48.440  -17.909  74.928 0.0000000000
43115  31.469  -31.733  83.191 0.0000000000
43134  31.660  -31.322  82.611 0.0000000000
43114  32.329  -31.117  83.227 0.0000000000
68621  46.467  -5.489  67.233 0.0000000000
69655  47.075  -4.798  68.573 0.0000000000
70677  48.604  -2.906  70.949 0.0000000000
70658  48.813  -3.323  71.720 0.0000000000
70642  49.453  -3.663  72.282 0.0000000000
70643  48.990  -3.789  72.671 0.0000000000
68527  48.866  -5.274  73.309 0.0000000000
68526  49.282  -4.994  72.971 0.0000000000
67574  49.554  -6.357  72.615 0.0000000000
67564  49.474  -6.878  72.951 0.0000000000
67555  47.958  -7.042  73.799 0.0000000000
67567  47.906  -6.473  73.361 0.0000000000
65560  49.408  -8.789  73.737 0.0000000000
66610  49.896  -8.533  72.705 0.0000000000
52554  39.956  -22.131  81.492 0.0000000000
52551  42.237  -21.959  81.123 0.0000000000
52552  41.648  -21.810  81.261 0.0000000000
53488  42.504  -21.581  80.481 0.0000000000
49508  43.446  -24.399  80.223 0.0000000000
49507  44.044  -24.552  79.495 0.0000000000
51584  44.195  -22.975  78.869 0.0000000000
51576  43.822  -22.882  79.606 0.0000000000
52560  43.744  -22.235  79.363 0.0000000000
52559  44.213  -21.838  78.587 0.0000000000
53503  44.253  -21.398  78.447 0.0000000000
52568  44.600  -22.311  78.052 0.0000000000
51599  45.838  -22.547  76.644 0.0000000000
52580  45.563  -22.088  76.935 0.0000000000
52579  46.135  -21.364  76.519 0.0000000000
52593  46.529  -21.027  76.049 0.0000000000
52606  46.596  -21.392  75.883 0.0000000000
47383  35.341  -26.910  83.222 0.0000000000
46305  34.797  -27.134  82.351 0.0000000000
47399  35.101  -26.800  82.597 0.0000000000
50528  37.412  -23.610  81.900 0.0000000000
51571  38.128  -23.339  81.356 0.0000000000
51570  38.708  -22.766  81.607 0.0000000000
49477  39.253  -24.616  83.556 0.0000000000
51549  39.653  -23.246  83.059 0.0000000000
50516  39.841  -23.771  83.195 0.0000000000
50527  40.448  -23.964  82.935 0.0000000000
47397  38.800  -26.764  83.008 0.0000000000
47433  40.175  -25.882  81.072 0.0000000000
69776  55.539  -4.490  59.512 0.0000000000
67711  55.272  -5.384  59.555 0.0000000000
69730  55.446  -3.933  62.906 0.0000000000
71827  47.838  -3.354  66.211 0.0000000000
70779  47.173  -3.609  64.863 0.0000000000
71835  47.857  -3.275  65.268 0.0000000000
72848  50.664  -1.783  63.643 0.0000000000
72862  49.985  -1.892  62.841 0.0000000000
72861  50.830  -1.819  62.704 0.0000000000
73853  52.307  -1.103  63.105 0.0000000000
73839  52.299  -0.931  63.897 0.0000000000
73813  52.948  -1.127  66.095 0.0000000000
73819  53.181  -1.135  65.306 0.0000000000
71813  53.568  -2.196  66.240 0.0000000000
71812  54.072  -2.606  65.577 0.0000000000
70750  53.590  -3.040  66.295 0.0000000000
71781  51.970  -2.516  68.391 0.0000000000
71797  52.557  -2.138  67.438 0.0000000000
69694  50.862  -3.922  66.718 0.0000000000
69693  51.771  -3.680  66.297 0.0000000000
69692  52.785  -3.691  65.631 0.0000000000
55474  43.815  -20.092  77.173 0.0000000000
54525  43.227  -20.496  77.905 0.0000000000
55488  43.663  -20.002  76.957 0.0000000000
59577  46.389  -14.783  72.974 0.0000000000
61668  46.733  -12.566  72.949 0.0000000000
61685  46.641  -12.547  71.984 0.0000000000
62755  46.850  -11.715  72.361 0.0000000000
63727  47.127  -10.916  72.569 0.0000000000
62719  47.625  -11.944  74.875 0.0000000000
63697  47.932  -11.084  74.770 0.0000000000
63684  48.037  -11.574  75.185 0.0000000000
59543  47.740  -14.553  75.730 0.0000000000
60603  47.713  -13.734  75.543 0.0000000000
60602  48.044  -13.643  75.367 0.0000000000
61623  48.283  -12.781  74.897 0.0000000000
61640  48.582  -12.683  74.566 0.0000000000
62717  48.773  -12.078  74.410 0.0000000000
61639  49.105  -12.711  73.931 0.0000000000
62733  49.175  -11.741  73.682 0.0000000000
60633  49.474  -13.462  73.536 0.0000000000
60644  49.834  -13.419  72.805 0.0000000000
52618  47.607  -20.210  75.003 0.0000000000
53562  47.550  -19.474  75.615 0.0000000000
52617  47.846  -19.741  74.857 0.0000000000
41961  30.064  -32.824  84.616 0.0000000000
39558  30.290  -33.328  84.663 0.0000000000
65637  46.726  -9.231  70.386 0.0000000000
64657  47.073  -9.421  72.214 0.0000000000
64642  47.256  -9.920  72.673 0.0000000000
43087  36.155  -29.912  83.402 0.0000000000
43112  36.550  -30.002  83.041 0.0000000000
73863  53.888  -1.409  61.729 0.0000000000
73850  54.236  -1.455  62.319 0.0000000000
73851  53.769  -1.147  62.593 0.0000000000
73837  53.630  -1.058  63.483 0.0000000000
71768  48.440  -2.901  69.705 0.0000000000
71784  49.008  -2.337  69.096 0.0000000000
72780  49.234  -1.980  69.861 0.0000000000
72779  49.786  -1.938  69.758 0.0000000000
71766  50.878  -2.078  69.882 0.0000000000
71747  51.103  -2.725  70.047 0.0000000000
70698  51.051  -3.482  69.984 0.0000000000
55457  45.392  -20.161  76.796 0.0000000000
55458  45.127  -20.152  76.889 0.0000000000
56474  45.858  -18.756  76.586 0.0000000000
56485  46.490  -17.809  76.559 0.0000000000
57482  47.419  -16.750  76.330 0.0000000000
56483  47.603  -17.870  76.230 0.0000000000
41975  32.703  -32.046  84.153 0.0000000000
41974  33.787  -31.607  84.226 0.0000000000
40782  34.066  -32.244  84.313 0.0000000000
66676  46.818  -7.261  68.454 0.0000000000
67618  46.835  -6.493  68.751 0.0000000000
68588  46.920  -5.689  69.068 0.0000000000
69635  47.177  -5.154  69.286 0.0000000000
68571  47.670  -5.300  70.274 0.0000000000
69614  47.969  -4.733  70.911 0.0000000000
69602  48.323  -4.505  71.980 0.0000000000
69601  48.650  -4.026  72.501 0.0000000000
69595  48.465  -4.663  72.825 0.0000000000
68528  48.365  -5.371  73.275 0.0000000000
67566  48.552  -6.129  73.517 0.0000000000
64641  49.991  -9.776  73.010 0.0000000000
62745  49.698  -11.503  72.832 0.0000000000
51558  40.439  -23.068  82.696 0.0000000000
52543  41.122  -22.274  81.888 0.0000000000
51557  41.542  -22.951  82.086 0.0000000000
51567  42.351  -22.841  81.557 0.0000000000
51566  42.964  -22.776  80.988 0.0000000000
51583  44.648  -22.953  78.194 0.0000000000
51591  44.997  -22.833  77.493 0.0000000000
50560  45.351  -22.977  76.987 0.0000000000
48410  36.022  -26.546  84.235 0.0000000000
48422  35.340  -26.287  83.108 0.0000000000
49469  35.354  -25.691  83.313 0.0000000000
50521  35.602  -24.632  82.752 0.0000000000
50519  37.323  -23.498  83.122 0.0000000000
51551  38.286  -23.081  82.944 0.0000000000
50507  38.425  -23.883  83.912 0.0000000000
72905  55.423  -2.932  59.339 0.0000000000
70818  55.555  -3.804  59.742 0.0000000000
68644  54.737  -4.103  63.742 0.0000000000
71833  49.391  -2.544  65.123 0.0000000000
72850  49.046  -2.387  63.667 0.0000000000
72838  51.293  -1.503  64.519 0.0000000000
73828  51.991  -0.968  64.554 0.0000000000
73821  51.814  -1.181  65.364 0.0000000000
73814  52.325  -1.155  66.091 0.0000000000
72804  53.053  -1.649  66.730 0.0000000000
69651  51.259  -3.640  68.133 0.0000000000
69650  51.931  -3.397  67.729 0.0000000000
55500  43.990  -19.294  76.302 0.0000000000
55501  43.525  -19.924  76.605 0.0000000000
54562  43.665  -19.832  75.028 0.0000000000
58533  46.199  -15.574  75.395 0.0000000000
58538  46.157  -15.517  74.609 0.0000000000
60647  46.583  -13.679  73.269 0.0000000000
60646  46.515  -13.721  72.574 0.0000000000
61656  46.796  -12.668  74.062 0.0000000000
62735  46.959  -12.010  74.012 0.0000000000
61655  47.027  -12.216  74.411 0.0000000000
62703  47.816  -12.426  75.108 0.0000000000
58532  48.658  -15.336  74.926 0.0000000000
59556  48.630  -14.430  74.839 0.0000000000
59555  49.145  -14.404  74.305 0.0000000000
59564  49.736  -14.463  73.573 0.0000000000
43092  31.115  -32.276  83.625 0.0000000000
41976  31.693  -32.378  83.995 0.0000000000
41960  32.098  -32.452  84.196 0.0000000000
38492  31.851  -33.696  84.142 0.0000000000
38493  31.303  -33.937  84.240 0.0000000000
37464  30.051  -33.930  84.527 0.0000000000
65650  47.452  -7.599  69.304 0.0000000000
66650  47.594  -7.311  70.179 0.0000000000
66625  47.458  -7.310  71.875 0.0000000000
66613  47.421  -7.589  72.790 0.0000000000
66599  47.769  -7.533  73.516 0.0000000000
66614  47.254  -8.329  72.414 0.0000000000
65587  47.553  -8.103  73.224 0.0000000000
65538  48.376  -9.397  74.277 0.0000000000
49497  42.522  -24.540  81.160 0.0000000000
44146  34.763  -29.292  82.884 0.0000000000
45204  34.888  -28.341  82.771 0.0000000000
46291  35.372  -27.677  83.270 0.0000000000
46290  35.827  -27.733  83.722 0.0000000000
46279  36.080  -27.561  83.896 0.0000000000
47369  35.773  -26.926  83.978 0.0000000000
48409  36.315  -26.413  84.403 0.0000000000
47381  37.152  -26.719  84.239 0.0000000000
47380  37.636  -26.788  83.969 0.0000000000
46303  37.803  -27.172  83.038 0.0000000000
45202  37.730  -27.903  82.198 0.0000000000
72876  55.213  -2.502  61.172 0.0000000000
71847  55.588  -3.137  61.777 0.0000000000
71848  55.322  -2.704  61.925 0.0000000000
71839  55.398  -3.081  62.517 0.0000000000
70778  55.175  -2.969  63.111 0.0000000000
73835  54.432  -1.612  62.664 0.0000000000
71831  54.891  -2.608  63.522 0.0000000000
70770  54.980  -3.375  63.716 0.0000000000
69702  54.661  -3.625  64.347 0.0000000000
69703  54.243  -3.828  64.728 0.0000000000
69704  53.882  -3.718  65.109 0.0000000000
70761  47.291  -3.793  66.474 0.0000000000
71799  48.724  -2.761  67.989 0.0000000000
72806  51.492  -1.522  67.297 0.0000000000
70696  51.733  -2.948  68.871 0.0000000000
71765  51.388  -2.559  69.458 0.0000000000
70717  51.595  -3.386  68.562 0.0000000000
69677  49.944  -4.525  68.000 0.0000000000
54509  43.424  -20.682  78.480 0.0000000000
55473  44.155  -19.903  76.958 0.0000000000
55472  44.623  -19.771  76.916 0.0000000000
55486  44.547  -19.309  76.696 0.0000000000
56488  44.402  -18.894  76.392 0.0000000000
56507  44.886  -17.955  75.223 0.0000000000
57493  45.861  -16.531  75.721 0.0000000000
60604  47.315  -13.799  75.583 0.0000000000
58508  47.434  -16.152  76.230 0.0000000000
58520  48.217  -15.439  75.482 0.0000000000
44180  34.300  -29.514  81.521 0.0000000000
43132  33.435  -30.460  82.453 0.0000000000
44165  34.173  -29.809  82.340 0.0000000000
70740  47.129  -4.270  67.730 0.0000000000
70718  47.636  -3.629  68.479 0.0000000000
70699  47.889  -3.619  69.336 0.0000000000
71751  48.596  -2.750  70.449 0.0000000000
71733  49.497  -2.725  71.291 0.0000000000
69599  50.004  -3.891  71.728 0.0000000000
70641  49.903  -3.670  71.955 0.0000000000
69593  49.726  -4.361  72.387 0.0000000000
68540  49.630  -5.541  72.022 0.0000000000
69586  49.104  -4.423  73.177 0.0000000000
67553  48.692  -6.646  73.748 0.0000000000
66597  48.800  -7.407  74.022 0.0000000000
66612  49.189  -7.315  73.666 0.0000000000
52563  40.044  -21.932  80.580 0.0000000000
52562  40.681  -21.406  80.091 0.0000000000
53490  41.628  -21.446  80.777 0.0000000000
53508  41.410  -21.172  80.310 0.0000000000
53507  41.967  -21.126  80.350 0.0000000000
54495  42.626  -21.106  79.828 0.0000000000
49509  43.025  -24.549  80.675 0.0000000000
50535  43.014  -23.494  81.115 0.0000000000
50543  43.915  -23.588  79.794 0.0000000000
51577  43.414  -22.829  80.306 0.0000000000
53505  43.231  -21.604  79.709 0.0000000000
54493  43.684  -20.976  78.845 0.0000000000
54492  44.261  -20.988  78.295 0.0000000000
52567  45.077  -21.759  77.308 0.0000000000
53519  45.127  -21.225  77.138 0.0000000000
54506  45.238  -20.603  76.930 0.0000000000
54522  45.841  -20.333  76.657 0.0000000000
54521  46.442  -19.950  76.277 0.0000000000
53549  46.854  -20.110  75.955 0.0000000000
52592  46.920  -20.343  75.850 0.0000000000
52605  46.975  -20.541  75.727 0.0000000000
51614  47.156  -21.498  74.956 0.0000000000
51615  46.670  -22.291  75.397 0.0000000000
46316  34.580  -27.640  82.131 0.0000000000
48432  35.273  -26.281  82.616 0.0000000000
51579  38.779  -23.144  80.615 0.0000000000
51569  39.343  -22.382  81.907 0.0000000000
51559  39.621  -22.667  82.524 0.0000000000
51550  38.967  -23.065  83.111 0.0000000000
49487  41.406  -24.710  82.042 0.0000000000
48431  38.625  -25.857  83.764 0.0000000000
47414  39.472  -26.394  82.116 0.0000000000
48429  40.125  -25.323  82.783 0.0000000000
48440  40.499  -25.596  82.086 0.0000000000
41949  28.369  -32.134  85.472 0.0000000000
73838  52.943  -0.890  63.728 0.0000000000
73826  53.463  -1.145  64.425 0.0000000000
72828  53.586  -1.539  65.156 0.0000000000
72827  53.906  -2.061  64.931 0.0000000000
69690  54.029  -3.508  65.447 0.0000000000
68618  53.439  -3.810  65.151 0.0000000000
72805  52.360  -1.524  67.205 0.0000000000
70737  53.188  -2.853  66.841 0.0000000000
70751  53.022  -3.427  66.348 0.0000000000
69721  51.850  -3.796  64.413 0.0000000000
54538  42.789  -20.657  77.904 0.0000000000
61684  46.413  -13.175  71.733 0.0000000000
62778  45.840  -12.086  70.463 0.0000000000
63745  46.102  -10.886  71.268 0.0000000000
64643  46.906  -10.395  72.146 0.0000000000
62746  47.344  -11.414  73.864 0.0000000000
63712  47.560  -10.823  74.021 0.0000000000
64607  47.698  -10.235  74.197 0.0000000000
64606  47.928  -10.048  74.493 0.0000000000
64605  48.324  -10.297  74.538 0.0000000000
64604  48.617  -10.485  74.381 0.0000000000
61625  47.740  -13.021  75.255 0.0000000000
60601  48.242  -13.568  75.130 0.0000000000
62701  48.085  -12.212  75.148 0.0000000000
63683  48.084  -11.898  75.089 0.0000000000
63695  48.670  -11.236  74.341 0.0000000000
61666  49.618  -12.293  72.865 0.0000000000
60632  49.641  -13.286  73.109 0.0000000000
61653  49.619  -12.891  72.988 0.0000000000
54548  47.762  -18.962  75.757 0.0000000000
54547  48.028  -18.765  75.464 0.0000000000
53587  48.260  -19.435  74.391 0.0000000000
54561  48.332  -18.580  74.948 0.0000000000
54560  48.764  -18.106  74.442 0.0000000000
39555  33.034  -32.965  84.274 0.0000000000
40784  31.758  -32.570  84.207 0.0000000000
44115  36.241  -28.291  83.749 0.0000000000
45184  37.037  -28.019  83.991 0.0000000000
45185  36.519  -27.990  83.907 0.0000000000
45186  36.229  -28.086  83.814 0.0000000000
45214  34.483  -27.706  81.892 0.0000000000
46288  37.531  -27.344  83.603 0.0000000000
46317  34.485  -27.336  81.998 0.0000000000
47367  36.562  -26.817  84.270 0.0000000000
47368  36.205  -26.924  84.121 0.0000000000
47400  34.772  -26.921  82.210 0.0000000000
48411  35.916  -26.728  84.004 0.0000000000
48421  35.635  -26.253  83.825 0.0000000000
48441  39.928  -25.817  82.609 0.0000000000
48474  43.809  -24.972  79.449 0.0000000000
49470  35.282  -26.118  83.083 0.0000000000
49496  43.155  -24.164  80.799 0.0000000000
50510  36.199  -24.578  83.987 0.0000000000
50518  38.320  -23.450  83.558 0.0000000000
51556  41.970  -23.094  81.972 0.0000000000
51590  45.435  -22.662  76.984 0.0000000000
52545  39.804  -22.309  82.030 0.0000000000
52594  46.122  -21.837  76.495 0.0000000000
52629  47.807  -19.945  74.796 0.0000000000
53487  42.816  -21.698  80.213 0.0000000000
53506  42.355  -21.250  80.276 0.0000000000
53521  42.360  -20.981  79.907 0.0000000000
53561  48.117  -19.006  75.314 0.0000000000
53574  47.843  -19.668  75.144 0.0000000000
54481  42.542  -21.320  80.166 0.0000000000
55510  48.888  -17.661  74.375 0.0000000000
56506  48.480  -17.246  74.893 0.0000000000
56508  44.611  -18.221  75.727 0.0000000000
58523  46.696  -15.672  76.340 0.0000000000
59574  50.206  -14.272  72.812 0.0000000000
59575  50.025  -14.472  73.220 0.0000000000
62702  48.036  -12.323  75.062 0.0000000000
62716  49.077  -11.948  73.893 0.0000000000
63682  48.525  -11.994  74.638 0.0000000000
65635  47.430  -7.833  69.733 0.0000000000
65651  47.243  -8.073  68.898 0.0000000000
66670  47.291  -7.188  69.052 0.0000000000
67606  47.732  -6.893  69.882 0.0000000000
68553  47.715  -5.852  70.192 0.0000000000
68572  47.380  -5.595  69.740 0.0000000000
68617  53.662  -3.761  65.133 0.0000000000
68631  54.147  -4.059  64.561 0.0000000000
68632  53.816  -3.963  64.784 0.0000000000
68658  54.930  -4.099  63.230 0.0000000000
69585  49.422  -4.376  72.943 0.0000000000
69592  49.966  -3.933  72.076 0.0000000000
69594  48.797  -4.173  73.010 0.0000000000
69654  47.395  -4.099  68.899 0.0000000000
69717  55.110  -3.781  63.351 0.0000000000
69718  54.843  -3.888  63.802 0.0000000000
69719  54.544  -3.938  64.274 0.0000000000
70634  49.073  -3.973  73.073 0.0000000000
70749  54.129  -3.141  65.655 0.0000000000
70759  54.760  -3.310  64.381 0.0000000000
70769  55.122  -3.579  63.374 0.0000000000
70777  55.297  -3.505  63.068 0.0000000000
71767  48.827  -2.296  70.080 0.0000000000
71814  49.905  -2.385  66.463 0.0000000000
71825  49.552  -2.557  65.815 0.0000000000
71832  54.625  -2.387  64.077 0.0000000000
71861  55.495  -2.795  61.323 0.0000000000
72765  50.238  -2.035  70.218 0.0000000000
72766  49.531  -2.014  70.360 0.0000000000
72767  49.112  -2.062  70.331 0.0000000000
72792  51.339  -1.738  68.361 0.0000000000
72795  49.448  -2.062  69.440 0.0000000000
72821  53.433  -1.509  65.932 0.0000000000
72835  54.605  -2.087  63.643 0.0000000000
72837  53.835  -1.577  64.522 0.0000000000
72845  54.670  -1.979  62.943 0.0000000000
72875  55.452  -2.753  60.802 0.0000000000
73801  51.628  -1.390  66.652 0.0000000000
