#!ascii label  , from subject A00073677 vox2ras=TkReg
714
65330  20.933  -9.435  7.837 0.2500000000
65352  21.628  -9.445  7.264 0.2500000000
64402  21.588  -10.039  7.530 0.7500000000
68265  20.112  -6.692  8.261 0.2500000000
67293  20.658  -7.776  7.892 0.1250000000
68264  20.782  -6.921  7.653 0.3750000000
66325  20.493  -8.718  8.329 0.2500000000
65351  22.034  -9.097  6.769 0.7500000000
66324  20.820  -8.771  7.798 0.3750000000
64401  22.256  -10.217  6.859 0.8750000000
64420  22.694  -10.369  5.912 0.8750000000
67292  21.196  -7.434  7.349 0.3750000000
66337  21.331  -8.458  7.268 0.3750000000
66350  21.778  -8.195  6.575 0.8750000000
65373  23.411  -9.521  4.907 1.0000000000
65364  22.546  -9.490  6.063 1.0000000000
66336  21.851  -8.564  6.705 0.8750000000
64445  23.069  -10.899  4.752 1.0000000000
69343  20.563  -6.141  7.488 0.2500000000
68275  21.246  -6.632  7.111 0.7500000000
67306  21.622  -7.465  6.559 0.8750000000
67305  21.877  -7.969  6.194 0.8750000000
66357  23.498  -9.060  4.973 1.0000000000
66358  23.125  -8.774  5.404 1.0000000000
65386  23.782  -10.053  4.489 1.0000000000
65387  23.197  -10.396  4.801 1.0000000000
65374  23.002  -9.928  5.378 1.0000000000
67317  21.771  -7.053  6.018 1.0000000000
67316  22.241  -7.598  5.756 1.0000000000
66369  23.907  -8.842  4.664 1.0000000000
67330  23.197  -7.618  5.239 1.0000000000
65385  24.659  -9.728  4.503 1.0000000000
65383  26.527  -9.524  4.497 1.0000000000
64442  25.254  -10.489  4.840 1.0000000000
72538  19.415  -2.569  7.694 0.2500000000
69344  19.959  -5.513  7.943 0.2500000000
69354  20.448  -5.360  7.299 0.3750000000
69367  21.460  -5.501  6.203 1.0000000000
69353  20.983  -5.681  6.802 0.6250000000
68288  21.579  -6.403  6.308 1.0000000000
68302  22.629  -6.533  5.400 1.0000000000
68287  22.020  -6.681  5.809 1.0000000000
66368  25.123  -8.573  4.202 1.0000000000
68300  24.208  -7.226  4.662 1.0000000000
66379  25.840  -8.116  3.883 1.0000000000
65384  25.646  -9.595  4.513 1.0000000000
66378  26.444  -8.137  3.956 1.0000000000
66367  26.092  -8.750  4.245 1.0000000000
71441  19.893  -3.028  6.994 0.5000000000
71430  19.879  -3.713  7.585 0.3750000000
70379  20.198  -4.562  7.447 0.5000000000
71440  20.578  -3.908  6.824 0.5000000000
70399  21.700  -4.777  5.786 0.8750000000
68301  23.579  -6.653  4.876 1.0000000000
69380  22.449  -5.580  5.399 1.0000000000
67340  25.094  -7.611  3.873 1.0000000000
67338  26.320  -7.533  3.723 1.0000000000
66366  27.038  -8.596  4.244 0.8750000000
72548  19.786  -2.244  7.043 0.5000000000
71451  21.352  -3.431  5.856 0.6250000000
115947  22.065  -4.205  5.359 1.0000000000
71439  21.200  -4.228  6.235 0.7500000000
115946  22.430  -4.925  5.197 1.0000000000
68324  26.025  -6.342  3.069 1.0000000000
68325  25.592  -6.346  3.386 1.0000000000
68313  24.535  -6.613  4.022 1.0000000000
69379  22.894  -5.742  5.055 1.0000000000
68311  26.303  -6.861  3.322 1.0000000000
68312  25.508  -6.936  3.489 1.0000000000
68310  27.124  -6.249  3.190 0.8750000000
67327  26.922  -7.529  4.060 0.8750000000
72547  20.485  -2.528  6.506 0.5000000000
72556  21.065  -2.571  6.136 0.8750000000
72569  23.169  -3.620  4.427 1.0000000000
115953  22.996  -4.250  4.554 1.0000000000
66397  26.024  -6.710  1.879 1.0000000000
68326  24.788  -5.002  3.528 1.0000000000
68314  23.372  -4.979  4.457 1.0000000000
69405  26.267  -4.794  2.929 1.0000000000
68335  26.388  -5.891  2.703 1.0000000000
69389  27.129  -5.182  2.936 1.0000000000
73512  20.023  -1.696  6.902 0.5000000000
72546  20.935  -2.048  6.236 0.8750000000
72555  21.330  -2.284  5.802 1.0000000000
72568  23.884  -2.240  4.177 1.0000000000
72554  22.084  -2.742  5.190 1.0000000000
68345  25.781  -3.144  3.419 1.0000000000
68338  24.939  -3.145  3.462 1.0000000000
70428  26.666  -3.168  3.194 1.0000000000
69397  26.222  -3.639  3.184 1.0000000000
68337  25.822  -4.435  3.041 1.0000000000
70418  27.385  -3.950  3.163 1.0000000000
76280  22.240  1.534  4.883 1.0000000000
76268  20.689  1.587  6.150 0.3750000000
76291  22.522  0.968  4.487 0.8750000000
73528  23.436  -1.072  4.371 1.0000000000
68346  26.026  -1.121  3.252 1.0000000000
115954  24.477  -1.573  4.017 1.0000000000
77204  21.892  2.575  5.514 0.8750000000
76279  22.690  2.046  4.557 1.0000000000
76290  22.822  1.440  4.241 1.0000000000
74451  23.307  -0.378  4.004 1.0000000000
115956  24.752  -1.139  3.443 1.0000000000
115960  24.498  -0.710  3.177 1.0000000000
78055  22.192  3.567  5.250 0.7500000000
76300  22.980  1.776  3.396 1.0000000000
75380  23.387  0.757  3.334 1.0000000000
115963  24.609  0.266  2.424 1.0000000000
75379  24.032  -0.293  3.246 1.0000000000
77212  22.817  2.559  4.095 1.0000000000
76299  23.618  1.592  2.756 1.0000000000
76298  24.370  1.193  2.346 1.0000000000
82324  23.421  8.106  5.298 0.1250000000
83118  23.762  8.966  5.513 0.1250000000
82323  24.183  8.504  4.542 0.2500000000
82329  24.511  8.811  3.837 0.3750000000
83120  24.497  9.700  3.930 0.2500000000
82322  24.839  7.962  3.351 0.5000000000
82328  24.631  9.043  3.570 0.2500000000
116097  24.949  9.841  1.988 0.3750000000
83123  24.702  10.292  3.407 0.2500000000
83915  24.674  10.667  3.673 0.2500000000
116091  24.765  9.664  3.190 0.2500000000
84791  24.734  11.057  2.746 0.2500000000
116094  24.641  10.942  2.115 0.3750000000
116095  24.528  11.129  1.894 0.3750000000
84792  24.423  11.885  1.297 0.2500000000
65331  20.511  -9.430  8.426 0.1250000000
66338  20.777  -8.438  7.816 0.2500000000
67284  20.304  -7.740  8.706 0.1250000000
115949  24.585  -3.994  3.469 1.0000000000
65310  20.443  -9.575  9.107 0.1250000000
64381  21.903  -10.647  7.580 0.6250000000
63450  22.332  -11.512  7.300 0.7500000000
63468  23.011  -12.069  5.607 1.0000000000
66308  20.219  -8.517  9.072 0.1250000000
63484  23.190  -11.695  4.951 1.0000000000
63499  24.945  -11.341  5.002 1.0000000000
63498  25.692  -11.165  4.890 1.0000000000
71431  19.049  -3.440  8.511 0.2500000000
70380  19.641  -4.500  8.297 0.2500000000
68298  27.417  -6.449  4.037 0.8750000000
67326  27.760  -7.599  4.526 0.8750000000
69377  28.065  -5.407  4.126 0.8750000000
76250  20.108  1.457  6.842 0.1250000000
73501  19.976  -1.042  7.116 0.3750000000
73520  21.494  -1.347  5.432 0.6250000000
70427  26.974  -4.322  2.985 1.0000000000
69378  27.585  -5.306  3.421 0.8750000000
76267  21.470  1.595  5.629 0.5000000000
75352  20.609  0.703  6.378 0.3750000000
74441  21.391  -0.170  5.537 0.8750000000
115957  26.407  -2.164  3.557 1.0000000000
115972  26.552  -0.593  2.170 1.0000000000
115961  25.057  -0.248  2.441 1.0000000000
78064  22.505  3.547  4.439 0.8750000000
77229  23.721  3.283  2.495 1.0000000000
76306  24.051  2.405  2.146 1.0000000000
115966  24.661  0.807  2.178 1.0000000000
81564  22.603  7.330  5.582 0.1250000000
80813  23.820  6.241  4.622 0.6250000000
83117  24.272  9.774  4.906 0.2500000000
83909  24.681  10.662  4.389 0.2500000000
85814  24.653  10.892  1.439 0.5000000000
84782  24.648  11.505  3.829 0.1250000000
85797  23.877  12.385  1.034 0.2500000000
85806  23.586  11.813  0.348 0.3750000000
86701  24.853  12.148  0.906 0.2500000000
85791  24.619  12.264  3.198 0.1250000000
64382  21.309  -10.459  8.089 0.5000000000
63469  22.756  -11.285  6.116 0.7500000000
64431  22.755  -10.917  5.164 1.0000000000
66349  22.187  -8.537  6.176 1.0000000000
64444  23.550  -11.053  4.668 1.0000000000
64443  24.370  -10.710  4.730 1.0000000000
66370  23.595  -8.275  5.122 1.0000000000
70388  20.672  -4.865  6.966 0.5000000000
70387  21.113  -4.822  6.473 0.8750000000
69366  22.017  -5.815  5.779 1.0000000000
67328  24.517  -7.796  4.452 1.0000000000
67329  23.983  -7.764  5.044 1.0000000000
66380  25.431  -7.971  3.892 1.0000000000
70410  22.393  -5.248  5.353 1.0000000000
67339  25.727  -7.542  3.632 1.0000000000
68299  26.740  -6.870  3.739 0.8750000000
115952  22.009  -3.617  5.319 1.0000000000
68323  26.867  -6.137  2.900 1.0000000000
67351  25.973  -6.240  2.959 1.0000000000
71464  24.178  -3.748  3.790 1.0000000000
115948  23.956  -4.342  4.158 1.0000000000
67361  26.010  -5.792  2.837 1.0000000000
67362  25.421  -4.806  3.138 1.0000000000
69396  26.616  -4.848  2.877 1.0000000000
73510  21.109  -1.588  6.057 0.6250000000
73519  22.036  -1.807  5.036 1.0000000000
73529  22.641  -1.742  4.649 1.0000000000
72580  24.164  -1.677  4.250 1.0000000000
75363  21.749  0.585  5.233 1.0000000000
75351  21.226  0.742  5.912 0.7500000000
73530  21.980  -1.383  4.936 1.0000000000
74453  21.951  -0.586  4.863 1.0000000000
74452  22.777  -0.402  4.401 1.0000000000
77203  22.506  2.659  4.844 0.8750000000
75372  22.308  0.426  4.656 1.0000000000
75381  23.099  0.755  3.800 1.0000000000
74450  23.524  -0.352  3.647 1.0000000000
115962  24.347  -0.726  3.376 1.0000000000
74464  23.075  0.096  4.014 1.0000000000
115964  24.779  -0.624  2.918 1.0000000000
77219  23.244  2.734  2.842 1.0000000000
77220  22.944  2.822  3.443 1.0000000000
82320  23.053  8.327  5.992 0.1250000000
81571  23.508  7.341  4.859 0.3750000000
81570  24.330  7.318  4.424 0.5000000000
85796  24.271  12.144  1.992 0.2500000000
84793  23.722  12.141  0.833 0.2500000000
65309  20.706  -9.932  8.449 0.2500000000
64364  21.119  -10.600  9.554 0.1250000000
64363  21.001  -10.593  8.843 0.1250000000
63435  21.808  -11.128  7.892 0.6250000000
63485  22.868  -11.513  5.422 1.0000000000
73521  21.009  -0.997  6.093 0.6250000000
74442  21.135  -0.526  5.923 0.7500000000
74431  21.064  0.107  6.094 0.7500000000
78072  22.765  3.508  3.792 1.0000000000
115967  24.515  2.498  1.687 1.0000000000
116082  24.574  6.558  4.120 0.7500000000
116114  23.433  12.258  0.124 0.2500000000
87522  23.350  12.216  -0.035 0.3750000000
60352  23.426  -15.120  7.767 0.7500000000
59296  25.226  -15.510  8.421 0.7500000000
60353  22.348  -14.452  8.071 0.7500000000
60351  24.528  -14.981  7.686 0.7500000000
60367  23.914  -14.382  7.268 0.7500000000
60368  23.040  -14.159  7.463 0.7500000000
60350  25.446  -14.377  7.810 0.7500000000
60366  24.746  -14.404  7.158 0.7500000000
62438  22.501  -12.407  7.272 0.7500000000
61392  23.445  -13.687  6.893 0.7500000000
61410  23.112  -13.184  6.651 0.8750000000
61375  25.646  -13.913  7.397 0.7500000000
61390  25.364  -13.861  6.805 0.7500000000
61408  24.695  -13.565  5.964 0.7500000000
61409  23.689  -13.167  6.111 0.8750000000
62464  23.571  -12.628  5.142 0.8750000000
61389  26.023  -13.186  6.467 0.7500000000
61407  25.495  -13.312  5.864 0.7500000000
61426  24.989  -13.308  5.275 0.8750000000
62483  23.574  -12.127  4.782 0.8750000000
62461  26.053  -12.321  5.216 0.7500000000
62462  25.355  -12.734  5.001 0.8750000000
62481  24.765  -12.139  4.801 0.8750000000
63466  26.917  -11.490  5.789 0.8750000000
63483  26.334  -11.469  5.078 0.8750000000
64429  26.617  -10.918  5.038 0.8750000000
64441  26.270  -10.500  4.757 0.8750000000
65362  28.399  -9.500  6.511 0.3750000000
65372  27.825  -9.536  5.684 0.6250000000
64440  26.788  -10.030  4.771 0.7500000000
66355  28.694  -8.586  6.150 0.5000000000
65371  28.268  -9.036  5.987 0.5000000000
66356  28.285  -8.588  5.545 0.7500000000
66365  27.765  -8.666  4.932 0.7500000000
67303  29.663  -7.441  6.832 0.1250000000
67313  29.466  -7.300  6.049 0.3750000000
67314  28.920  -7.712  5.513 0.6250000000
67315  28.282  -8.015  5.037 0.6250000000
68263  30.070  -6.446  6.956 0.1250000000
68285  29.361  -6.574  5.534 0.1250000000
69352  29.827  -5.937  5.798 0.1250000000
68296  29.066  -6.178  4.926 0.6250000000
69376  28.830  -5.418  4.574 0.6250000000
69337  30.094  -5.893  6.313 0.1250000000
70384  30.443  -4.353  6.194 0.1250000000
69365  29.578  -5.384  5.185 0.1250000000
70408  28.522  -4.495  4.198 0.7500000000
69336  30.492  -5.255  6.870 0.1250000000
70407  29.197  -4.464  4.665 0.5000000000
70409  28.030  -4.384  3.605 0.7500000000
79902  22.595  4.847  4.675 0.5000000000
78911  22.661  4.438  4.118 0.7500000000
71471  28.386  -3.139  3.844 0.6250000000
71482  27.773  -2.663  3.350 0.6250000000
70419  26.830  -3.056  3.159 0.8750000000
72566  28.642  -2.597  4.062 0.5000000000
72577  28.217  -2.529  3.586 0.6250000000
73539  28.100  -1.916  3.303 0.6250000000
72588  27.652  -2.247  3.386 0.7500000000
115958  26.720  -2.136  3.576 0.8750000000
115968  26.455  -0.414  1.929 0.8750000000
72579  27.434  -1.919  3.434 0.7500000000
76324  26.074  0.542  1.404 0.8750000000
73526  28.878  -1.771  4.117 0.3750000000
73538  28.427  -1.855  3.585 0.5000000000
74461  28.216  -1.241  2.954 0.5000000000
74472  27.909  -0.943  2.680 0.6250000000
74449  29.004  -0.785  4.209 0.2500000000
74460  28.645  -1.044  3.472 0.3750000000
78910  23.021  4.727  4.203 0.7500000000
78920  22.902  4.049  3.692 0.8750000000
78919  23.321  4.556  3.892 0.7500000000
78082  23.678  3.451  2.996 0.8750000000
115970  24.936  2.197  1.499 0.7500000000
115969  25.665  1.734  1.141 0.8750000000
74483  27.550  -0.785  2.664 0.6250000000
76317  27.081  0.096  1.681 0.7500000000
75378  28.349  -0.595  3.037 0.3750000000
76311  28.002  0.954  1.703 0.7500000000
79901  23.177  5.252  4.591 0.6250000000
78070  23.775  3.960  3.411 0.8750000000
115973  24.127  2.802  1.833 0.8750000000
77236  24.645  4.885  1.183 0.7500000000
77249  25.872  1.874  0.740 0.7500000000
76304  28.290  1.314  3.276 0.2500000000
76305  28.089  1.188  2.489 0.5000000000
75388  27.893  -0.118  2.550 0.5000000000
75370  29.162  0.288  4.435 0.2500000000
79886  22.780  5.778  5.163 0.5000000000
79900  23.687  5.595  4.498 0.5000000000
116081  24.550  6.189  3.389 0.6250000000
78931  24.331  5.227  3.197 0.7500000000
78088  24.729  5.906  2.121 0.7500000000
77235  24.683  4.757  0.656 0.7500000000
78087  24.443  6.623  0.648 0.7500000000
115974  24.688  3.778  1.303 0.7500000000
77243  26.098  2.834  0.454 0.7500000000
78094  25.527  4.815  0.318 0.7500000000
77234  27.934  1.977  0.862 0.5000000000
78086  27.191  3.583  0.648 0.3750000000
77242  27.010  2.173  0.185 0.6250000000
77227  27.906  2.204  1.945 0.3750000000
78940  24.558  6.900  -0.147 0.7500000000
78095  24.743  5.460  0.047 0.7500000000
78080  27.698  3.525  1.494 0.3750000000
78093  26.351  4.096  0.425 0.3750000000
77218  28.501  2.361  3.764 0.1250000000
78079  28.134  3.505  2.420 0.1250000000
116085  24.554  7.570  1.386 0.6250000000
116086  24.436  7.490  0.976 0.7500000000
78948  25.064  6.757  -0.210 0.7500000000
78946  26.531  4.902  0.681 0.3750000000
78929  27.429  4.975  2.360 0.2500000000
78938  27.010  4.940  1.244 0.3750000000
78915  28.505  4.715  3.753 0.1250000000
78069  28.436  3.465  3.342 0.1250000000
83116  24.708  7.823  1.721 0.6250000000
116092  24.600  8.014  1.351 0.6250000000
79923  26.737  6.713  1.931 0.2500000000
78939  26.408  5.602  0.873 0.3750000000
78916  27.768  5.443  3.302 0.1250000000
78909  29.238  4.671  4.318 0.1250000000
86714  23.752  10.349  0.014 0.3750000000
116103  24.642  8.349  1.048 0.3750000000
86722  24.665  8.739  0.127 0.3750000000
116084  26.324  7.884  1.434 0.3750000000
116087  25.210  8.058  0.041 0.3750000000
79930  26.465  6.220  1.303 0.3750000000
78947  25.909  6.511  0.409 0.3750000000
80821  28.902  7.121  3.435 0.1250000000
78917  27.298  6.150  2.855 0.1250000000
78930  27.140  6.213  2.281 0.2500000000
79899  29.089  5.644  3.970 0.1250000000
86707  25.303  10.158  0.538 0.2500000000
82333  29.256  8.439  2.321 0.1250000000
79912  27.407  7.440  2.198 0.1250000000
87520  23.883  11.748  -0.545 0.3750000000
86709  24.038  10.841  -0.554 0.3750000000
116083  27.288  9.919  1.376 0.1250000000
82332  29.720  8.144  2.245 0.1250000000
83946  29.588  9.432  0.749 0.1250000000
116107  27.748  11.480  0.641 0.1250000000
83956  29.373  10.328  -0.328 0.1250000000
116089  28.390  11.168  -0.321 0.1250000000
82347  30.418  8.349  0.144 0.1250000000
81594  30.272  8.055  1.257 0.1250000000
62463  24.483  -12.831  4.874 0.8750000000
64428  27.058  -10.495  5.224 0.6250000000
71462  28.776  -3.523  4.335 0.6250000000
115955  27.022  -0.882  3.133 0.8750000000
115971  27.536  -0.337  2.182 0.5000000000
75377  28.474  0.112  3.501 0.3750000000
79913  23.934  5.433  4.056 0.6250000000
78918  24.023  4.587  3.555 0.8750000000
78081  24.148  4.202  2.795 0.8750000000
77228  24.092  3.578  1.858 0.8750000000
77244  25.324  3.075  1.068 0.7500000000
80830  28.753  7.753  2.941 0.1250000000
82335  28.844  9.770  1.355 0.1250000000
83134  29.971  8.843  0.671 0.1250000000
68286  28.889  -6.887  5.049 0.5000000000
72565  29.128  -2.627  4.616 0.3750000000
73525  29.301  -1.663  4.863 0.2500000000
81578  28.268  8.560  1.978 0.1250000000
74448  29.430  -0.634  5.059 0.1250000000
58284  24.148  -16.197  8.590 0.7500000000
58285  23.357  -16.289  8.694 0.7500000000
59300  21.890  -15.106  8.656 0.7500000000
58283  24.683  -16.012  8.474 0.7500000000
59297  24.273  -15.628  8.185 0.7500000000
59295  25.834  -14.899  8.475 0.7500000000
62439  21.970  -12.432  7.872 0.6250000000
61393  22.668  -13.240  7.338 0.7500000000
61374  26.181  -13.546  7.525 0.7500000000
62437  26.699  -12.818  6.840 0.6250000000
62447  26.411  -12.528  5.913 0.6250000000
64399  28.373  -10.533  6.967 0.3750000000
64419  27.721  -10.570  6.255 0.5000000000
66348  29.079  -8.715  6.966 0.1250000000
66347  29.411  -8.128  6.965 0.1250000000
67291  30.267  -7.350  7.464 0.1250000000
68262  30.885  -6.440  7.533 0.1250000000
69335  31.272  -5.339  7.626 0.1250000000
70372  30.713  -4.205  6.746 0.1250000000
78898  22.334  4.385  4.849 0.3750000000
70396  30.138  -4.324  5.605 0.1250000000
71461  29.417  -3.540  4.921 0.1250000000
77209  28.891  2.286  4.552 0.1250000000
78063  28.821  3.491  4.405 0.1250000000
80814  23.043  6.377  5.068 0.3750000000
78062  29.379  4.036  4.694 0.1250000000
79898  29.865  5.551  4.202 0.1250000000
78908  29.977  4.589  4.693 0.1250000000
81575  29.961  7.708  3.189 0.1250000000
81581  31.430  6.955  2.105 0.1250000000
85798  25.992  11.449  0.493 0.2500000000
116106  26.661  11.230  0.676 0.1250000000
83142  29.946  9.403  -0.116 0.1250000000
81593  30.624  7.759  0.882 0.1250000000
83141  30.258  8.934  -0.661 0.1250000000
115965  25.077  1.043  1.854 0.8750000000
62450  22.844  -12.467  6.478 0.7500000000
62449  23.261  -12.604  5.808 0.8750000000
63500  24.210  -11.569  4.684 0.8750000000
65382  27.236  -9.526  4.786 0.7500000000
68297  28.341  -6.472  4.624 0.6250000000
115959  26.796  -1.474  3.521 0.8750000000
76307  23.670  2.692  2.345 0.8750000000
85825  24.525  10.397  0.554 0.3750000000
86715  23.741  10.858  0.221 0.3750000000
86704  24.417  12.231  -0.195 0.1250000000
87517  23.870  12.083  -0.432 0.2500000000
59299  22.642  -15.679  8.468 0.7500000000
59298  23.568  -15.790  8.332 0.7500000000
61376  22.310  -13.645  7.862 0.7500000000
61391  24.314  -13.884  6.668 0.7500000000
63451  21.896  -11.632  7.882 0.6250000000
61427  24.268  -13.185  5.413 0.8750000000
62448  25.845  -12.915  5.471 0.7500000000
61406  25.982  -13.034  5.893 0.7500000000
63467  26.454  -11.985  5.454 0.7500000000
62480  25.549  -11.900  4.937 0.8750000000
65363  28.056  -9.955  6.205 0.5000000000
67304  29.274  -8.016  6.369 0.2500000000
67325  28.492  -7.371  4.887 0.6250000000
68274  29.769  -6.607  6.225 0.1250000000
69351  30.128  -5.152  5.874 0.1250000000
69364  29.963  -4.820  5.403 0.1250000000
70397  29.747  -4.364  5.156 0.1250000000
71463  28.350  -3.764  3.840 0.6250000000
71472  27.969  -3.230  3.417 0.6250000000
74462  28.020  -1.645  3.042 0.6250000000
77248  26.395  1.280  0.459 0.7500000000
75387  28.121  0.614  2.950 0.3750000000
76297  28.821  1.297  4.017 0.1250000000
77226  28.307  2.324  2.825 0.1250000000
78928  28.033  4.412  3.048 0.1250000000
79922  26.990  5.820  1.816 0.2500000000
79910  28.478  5.970  3.618 0.1250000000
79911  28.001  6.593  3.031 0.1250000000
80812  29.003  6.338  3.754 0.1250000000
81576  29.159  7.886  3.078 0.1250000000
80822  28.352  7.606  2.637 0.1250000000
80810  30.561  6.334  3.997 0.1250000000
81569  30.438  7.021  3.723 0.1250000000
86708  24.311  11.536  -0.417 0.2500000000
116104  29.494  8.956  1.554 0.1250000000
81585  28.745  8.434  2.288 0.1250000000
82339  29.977  8.445  1.407 0.1250000000
81583  30.244  7.930  1.847 0.1250000000
81586  28.702  8.936  1.935 0.1250000000
58270  24.999  -16.617  8.829 0.7500000000
58286  22.788  -16.303  8.825 0.7500000000
61394  22.149  -13.209  7.830 0.5000000000
63449  27.573  -11.484  6.843 0.5000000000
71448  30.236  -3.607  5.883 0.1250000000
71435  30.527  -3.515  6.448 0.1250000000
71449  29.880  -3.610  5.437 0.1250000000
81574  30.977  7.097  3.055 0.1250000000
81582  30.795  7.448  2.022 0.1250000000
59284  21.940  -15.632  8.866 0.7500000000
60354  21.492  -14.351  8.816 0.5000000000
57264  24.459  -17.550  9.267 0.6250000000
58269  26.033  -16.497  9.585 0.3750000000
59283  25.692  -16.067  8.884 0.6250000000
59282  26.318  -15.448  8.991 0.2500000000
64400  28.002  -10.979  6.729 0.3750000000
79887  22.352  5.278  5.286 0.3750000000
80804  22.468  6.234  5.516 0.2500000000
58271  23.938  -16.879  8.915 0.6250000000
60349  26.433  -14.342  8.489 0.5000000000
62425  26.975  -12.881  7.610 0.3750000000
62446  26.989  -12.142  6.502 0.5000000000
56278  24.102  -18.460  9.566 0.6250000000
60337  20.986  -14.363  9.321 0.3750000000
59285  21.301  -15.249  9.397 0.3750000000
57265  23.553  -17.608  9.293 0.6250000000
58273  22.155  -16.313  9.222 0.6250000000
57252  25.684  -17.720  10.316 0.3750000000
57263  25.286  -17.463  9.708 0.5000000000
56277  24.738  -18.014  9.691 0.6250000000
61358  20.901  -13.427  9.280 0.2500000000
58257  26.325  -16.854  10.200 0.3750000000
60336  26.994  -14.725  9.089 0.2500000000
58268  26.669  -15.903  9.677 0.2500000000
60348  27.161  -14.112  8.886 0.2500000000
61373  27.182  -13.370  8.446 0.3750000000
63434  27.619  -11.893  7.439 0.2500000000
63433  28.162  -11.468  7.662 0.2500000000
70381  19.271  -4.204  8.841 0.1250000000
73502  19.468  -1.417  7.505 0.2500000000
74432  20.684  -0.255  6.458 0.3750000000
70367  19.228  -4.800  8.920 0.2500000000
63436  21.505  -11.462  8.433 0.2500000000
63448  28.101  -11.165  7.016 0.2500000000
61377  21.766  -13.436  8.347 0.3750000000
58272  23.062  -16.832  9.079 0.6250000000
62436  27.248  -12.281  7.203 0.2500000000
59281  27.387  -15.378  9.658 0.2500000000
57262  25.918  -17.173  10.122 0.5000000000
56263  25.852  -18.063  10.650 0.3750000000
62424  27.533  -12.362  8.005 0.2500000000
55272  22.749  -18.629  9.862 0.5000000000
56264  25.103  -18.541  10.306 0.2500000000
55256  24.252  -19.563  10.383 0.3750000000
56265  24.366  -18.988  9.951 0.5000000000
56279  23.144  -18.265  9.561 0.5000000000
55258  22.552  -19.273  10.239 0.3750000000
57253  22.042  -17.521  10.190 0.5000000000
57266  22.590  -17.488  9.690 0.5000000000
56280  22.683  -18.179  9.844 0.5000000000
58258  21.821  -16.874  10.071 0.3750000000
55246  20.629  -19.380  11.524 0.1250000000
55259  21.539  -19.281  10.831 0.3750000000
58274  21.454  -16.099  9.894 0.2500000000
54280  21.099  -20.854  11.857 0.1250000000
55245  21.173  -19.863  11.173 0.2500000000
54314  22.651  -20.125  10.502 0.3750000000
55255  24.941  -19.330  10.838 0.2500000000
54313  23.463  -20.288  10.584 0.3750000000
55257  23.357  -19.656  10.073 0.5000000000
54281  20.612  -20.154  12.197 0.1250000000
54315  22.154  -19.796  10.701 0.3750000000
56268  20.748  -18.258  11.059 0.1250000000
58259  20.930  -16.500  10.493 0.1250000000
59271  20.974  -15.657  10.147 0.2500000000
56255  25.398  -19.003  11.004 0.2500000000
55271  23.287  -18.977  9.719 0.5000000000
56266  22.151  -18.263  10.306 0.5000000000
55270  23.897  -19.192  9.840 0.3750000000
56267  21.190  -18.278  10.783 0.2500000000
57254  21.437  -17.500  10.482 0.1250000000
54302  20.965  -20.190  11.497 0.1250000000
55260  20.854  -18.748  11.055 0.1250000000
56256  20.517  -18.407  11.413 0.1250000000
54301  21.749  -20.498  11.075 0.3750000000
54312  24.058  -20.248  10.959 0.2500000000
54300  22.758  -20.866  10.979 0.2500000000
62426  21.329  -12.480  8.797 0.2500000000
55244  24.526  -19.803  11.124 0.2500000000
53318  21.567  -21.531  11.537 0.1250000000
62409  20.875  -12.498  9.357 0.1250000000
78056  21.395  3.553  5.912 0.1250000000
78899  21.846  4.456  5.569 0.1250000000
78900  21.323  4.497  6.297 0.1250000000
79888  21.689  5.241  6.021 0.1250000000
80805  22.000  5.927  5.920 0.1250000000
79881  20.775  5.301  7.246 0.1250000000
79889  21.243  5.194  6.699 0.1250000000
81565  22.057  6.568  6.001 0.1250000000
80806  21.626  5.796  6.501 0.1250000000
81566  21.963  6.118  6.178 0.1250000000
80793  21.068  6.648  8.370 0.1250000000
77190  20.996  2.522  5.949 0.1250000000
78040  20.836  3.182  6.466 0.1250000000
60338  20.484  -14.391  9.915 0.1250000000
62410  20.432  -12.476  9.941 0.1250000000
75338  19.708  0.298  7.488 0.1250000000
77191  20.375  2.442  6.668 0.1250000000
78041  20.492  3.475  7.188 0.1250000000
78885  20.736  4.529  6.873 0.1250000000
79852  20.743  6.486  8.690 0.1250000000
80792  21.805  6.645  8.174 0.1250000000
81560  22.461  6.955  6.822 0.1250000000
61359  20.343  -13.434  9.848 0.1250000000
74423  20.075  -0.364  6.979 0.1250000000
63418  20.908  -11.437  10.004 0.1250000000
78057  20.898  3.878  6.514 0.1250000000
80801  21.062  5.670  7.278 0.1250000000
79870  20.732  5.357  8.019 0.1250000000
81561  22.143  6.091  6.492 0.1250000000
80800  21.637  5.956  7.461 0.1250000000
78861  20.502  4.644  8.460 0.1250000000
81540  21.939  7.107  8.617 0.1250000000
57251  26.410  -17.452  10.625 0.1250000000
57250  27.226  -17.161  10.823 0.1250000000
58256  27.032  -16.404  10.309 0.1250000000
59270  27.739  -15.826  10.180 0.1250000000
59280  28.041  -14.855  9.727 0.1250000000
60335  27.697  -14.364  9.322 0.1250000000
61357  27.532  -13.788  8.976 0.1250000000
62408  28.887  -12.685  9.179 0.1250000000
61372  27.791  -12.836  8.559 0.1250000000
62422  29.005  -12.003  9.024 0.1250000000
63416  29.531  -11.479  8.985 0.1250000000
63432  28.844  -11.362  8.522 0.1250000000
64380  28.736  -10.527  7.981 0.1250000000
54298  24.298  -20.495  11.806 0.1250000000
54299  23.532  -20.797  11.215 0.1250000000
55243  25.222  -19.499  11.636 0.1250000000
56254  26.178  -18.492  11.397 0.1250000000
57241  27.049  -17.737  11.133 0.1250000000
58243  27.749  -16.830  10.738 0.1250000000
59269  28.479  -15.381  10.093 0.1250000000
60334  28.644  -14.364  9.623 0.1250000000
61355  29.380  -13.458  9.521 0.1250000000
62407  29.664  -12.383  9.331 0.1250000000
65329  29.171  -9.986  8.140 0.1250000000
64378  30.065  -10.006  8.670 0.1250000000
64362  29.917  -11.021  9.053 0.1250000000
65350  28.982  -9.579  7.514 0.1250000000
62423  28.338  -12.295  8.591 0.1250000000
58255  28.084  -16.235  10.526 0.1250000000
61356  28.162  -13.374  9.084 0.1250000000
64379  29.526  -10.535  8.621 0.1250000000
63415  30.236  -11.572  9.281 0.1250000000
54279  24.346  -20.981  12.378 0.1250000000
54296  25.504  -19.709  12.300 0.1250000000
58242  28.468  -16.884  10.844 0.1250000000
64361  30.462  -10.549  9.102 0.1250000000
54297  25.107  -20.052  12.288 0.1250000000
60369  22.624  -13.864  7.731 0.7500000000
61425  25.454  -13.132  5.344 0.7500000000
62482  24.015  -12.251  4.655 0.8750000000
63482  26.738  -11.107  5.248 0.8750000000
63501  23.679  -11.765  4.672 1.0000000000
64418  28.181  -10.162  6.453 0.5000000000
64430  23.075  -11.176  4.796 1.0000000000
66388  26.059  -7.415  2.010 1.0000000000
66389  25.707  -7.006  1.975 1.0000000000
66390  25.986  -6.539  2.240 1.0000000000
66396  26.178  -7.092  1.834 1.0000000000
66398  25.902  -6.479  1.930 1.0000000000
67349  26.337  -6.974  2.304 1.0000000000
67350  25.930  -6.902  2.538 1.0000000000
67352  25.651  -5.480  3.211 1.0000000000
67359  26.299  -6.683  2.214 1.0000000000
67360  26.074  -6.377  2.544 1.0000000000
68336  26.196  -5.492  2.826 1.0000000000
69404  26.401  -5.311  2.813 1.0000000000
70398  22.207  -5.263  5.510 1.0000000000
71429  20.249  -4.054  7.301 0.5000000000
71450  22.515  -4.103  4.892 1.0000000000
71473  27.522  -2.882  3.298 0.8750000000
71483  27.630  -2.484  3.370 0.7500000000
72567  24.015  -1.191  4.159 1.0000000000
72578  27.865  -2.371  3.345 0.6250000000
72587  28.062  -2.081  3.480 0.6250000000
73511  20.540  -1.307  6.541 0.6250000000
73527  23.660  -0.652  3.907 1.0000000000
73540  27.866  -1.843  3.243 0.6250000000
74463  23.255  0.020  3.551 1.0000000000
74473  27.853  -1.403  2.989 0.6250000000
75337  20.104  0.512  6.919 0.5000000000
75371  22.768  0.527  4.256 1.0000000000
77250  25.704  2.212  0.902 0.7500000000
78071  23.210  3.567  3.400 0.8750000000
79880  20.935  5.708  7.598 0.1250000000
79914  23.458  5.070  4.182 0.6250000000
80777  21.295  7.152  8.624 0.1250000000
80799  22.282  6.460  7.615 0.1250000000
80807  21.198  5.626  6.996 0.1250000000
80811  29.628  6.676  3.934 0.1250000000
80820  29.460  7.256  3.686 0.1250000000
80831  28.634  7.990  2.610 0.1250000000
81551  22.563  6.969  7.962 0.1250000000
81577  28.517  8.092  2.347 0.1250000000
81584  28.916  8.148  2.734 0.1250000000
82326  29.431  8.045  2.738 0.1250000000
82327  29.181  8.182  2.790 0.1250000000
82334  28.996  8.905  1.914 0.1250000000
82338  30.292  8.189  0.894 0.1250000000
82340  29.589  8.488  1.900 0.1250000000
82348  30.183  8.447  0.788 0.1250000000
83128  29.814  8.840  1.222 0.1250000000
83133  30.144  8.848  -0.011 0.1250000000
83935  29.737  9.043  1.092 0.1250000000
84802  23.603  12.046  1.056 0.2500000000
85799  24.034  11.625  0.591 0.3750000000
85800  23.685  12.221  0.626 0.3750000000
85815  23.778  11.263  0.336 0.3750000000
86705  23.617  12.364  -0.264 0.2500000000
86706  23.354  12.151  0.230 0.3750000000
86710  23.424  11.454  0.005 0.3750000000
87518  23.453  12.490  -0.116 0.3750000000
87519  23.243  12.413  0.096 0.2500000000
87521  23.639  11.910  -0.281 0.3750000000
88265  23.184  12.523  0.053 0.2500000000
115950  22.361  -4.403  5.158 1.0000000000
115951  23.210  -4.300  4.481 1.0000000000
116079  24.498  7.152  1.310 0.7500000000
116080  24.480  7.500  1.200 0.7500000000
116088  24.554  7.797  1.273 0.6250000000
116096  24.700  10.857  1.831 0.5000000000
116113  23.392  12.374  0.354 0.2500000000
