#!ascii label  , from subject A00073677 vox2ras=TkReg
522
50358  22.169  -24.086  12.914 0.1428571492
51365  20.937  -23.761  13.515 0.1428571492
50380  21.513  -23.772  11.629 0.1428571492
51401  22.264  -23.912  11.976 0.2857142985
50359  21.357  -24.020  12.692 0.1428571492
51386  22.706  -23.737  12.542 0.1428571492
53316  23.059  -21.717  11.410 0.5714285970
51399  23.473  -22.879  12.310 0.1428571492
53300  24.611  -21.320  12.735 0.2857142985
53284  24.328  -21.917  12.803 0.2857142985
54277  25.927  -20.237  12.727 0.1428571492
54278  24.912  -20.656  12.551 0.2857142985
56254  26.178  -18.492  11.397 0.2857142985
56255  25.398  -19.003  11.004 0.2857142985
58243  27.749  -16.830  10.738 0.2857142985
57250  27.226  -17.161  10.823 0.2857142985
59270  27.739  -15.826  10.180 0.2857142985
60334  28.644  -14.364  9.623 0.2857142985
63432  28.844  -11.362  8.522 0.8571428657
62408  28.887  -12.685  9.179 0.4285714328
65329  29.171  -9.986  8.140 0.7142857313
64379  29.526  -10.535  8.621 0.7142857313
62423  28.338  -12.295  8.591 0.7142857313
66323  30.244  -8.982  8.152 0.8571428657
65328  29.732  -9.514  8.138 0.5714285970
65350  28.982  -9.579  7.514 0.8571428657
64380  28.736  -10.527  7.981 0.7142857313
63433  28.162  -11.468  7.662 0.7142857313
67291  30.267  -7.350  7.464 0.4285714328
66334  29.805  -8.439  7.605 0.7142857313
65349  29.472  -9.131  7.662 0.8571428657
69335  31.272  -5.339  7.626 0.2857142985
69336  30.492  -5.255  6.870 0.5714285970
68263  30.070  -6.446  6.956 0.7142857313
66347  29.411  -8.128  6.965 0.8571428657
70371  31.062  -4.380  7.293 0.1428571492
72532  30.606  -2.703  6.802 0.1428571492
71420  31.409  -3.534  7.569 0.1428571492
70372  30.713  -4.205  6.746 0.1428571492
68274  29.769  -6.607  6.225 0.8571428657
73508  30.503  -1.642  6.529 0.1428571492
73498  30.846  -2.137  7.069 0.1428571492
71435  30.527  -3.515  6.448 0.1428571492
71448  30.236  -3.607  5.883 0.4285714328
70384  30.443  -4.353  6.194 0.5714285970
69351  30.128  -5.152  5.874 0.7142857313
68285  29.361  -6.574  5.534 0.8571428657
73509  29.974  -2.023  6.169 0.1428571492
73516  30.210  -1.062  6.071 0.1428571492
72545  29.826  -2.231  5.909 0.1428571492
72552  29.966  -3.151  5.725 0.5714285970
69364  29.963  -4.820  5.403 0.8571428657
69352  29.827  -5.937  5.798 0.8571428657
69365  29.578  -5.384  5.185 0.8571428657
74438  29.926  -0.505  5.755 0.1428571492
73517  29.784  -1.539  5.766 0.1428571492
73525  29.301  -1.663  4.863 0.8571428657
71449  29.880  -3.610  5.437 0.8571428657
70396  30.138  -4.324  5.605 0.7142857313
71461  29.417  -3.540  4.921 0.8571428657
75370  29.162  0.288  4.435 0.1428571492
76287  29.374  1.361  4.833 0.1428571492
74448  29.430  -0.634  5.059 0.4285714328
73526  28.878  -1.771  4.117 0.8571428657
72565  29.128  -2.627  4.616 0.8571428657
71462  28.776  -3.523  4.335 0.8571428657
70408  28.522  -4.495  4.198 0.8571428657
72566  28.642  -2.597  4.062 0.8571428657
71471  28.386  -3.139  3.844 0.8571428657
76297  28.821  1.297  4.017 0.1428571492
75377  28.474  0.112  3.501 0.8571428657
74449  29.004  -0.785  4.209 0.8571428657
74460  28.645  -1.044  3.472 0.8571428657
73538  28.427  -1.855  3.585 0.8571428657
74461  28.216  -1.241  2.954 0.8571428657
72577  28.217  -2.529  3.586 0.8571428657
77218  28.501  2.361  3.764 0.2857142985
76304  28.290  1.314  3.276 0.7142857313
75387  28.121  0.614  2.950 0.8571428657
74472  27.909  -0.943  2.680 0.8571428657
73539  28.100  -1.916  3.303 0.8571428657
76305  28.089  1.188  2.489 0.8571428657
76311  28.002  0.954  1.703 0.8571428657
75388  27.893  -0.118  2.550 0.8571428657
76317  27.081  0.096  1.681 0.7142857313
74483  27.550  -0.785  2.664 0.7142857313
115971  27.536  -0.337  2.182 0.8571428657
77234  27.934  1.977  0.862 0.8571428657
78080  27.698  3.525  1.494 0.7142857313
78086  27.191  3.583  0.648 0.8571428657
77242  27.010  2.173  0.185 0.8571428657
78093  26.351  4.096  0.425 0.7142857313
79911  28.001  6.593  3.031 0.1428571492
78946  26.531  4.902  0.681 0.7142857313
81578  28.268  8.560  1.978 0.1428571492
78939  26.408  5.602  0.873 0.5714285970
79930  26.465  6.220  1.303 0.5714285970
78947  25.909  6.511  0.409 0.5714285970
116084  26.324  7.884  1.434 0.1428571492
82335  28.844  9.770  1.355 0.1428571492
116087  25.210  8.058  0.041 0.5714285970
116083  27.288  9.919  1.376 0.1428571492
116089  28.390  11.168  -0.321 0.1428571492
116106  26.661  11.230  0.676 0.1428571492
116107  27.748  11.480  0.641 0.1428571492
50340  21.505  -24.004  13.681 0.1428571492
51347  20.776  -23.712  14.099 0.1428571492
51400  22.944  -23.256  11.933 0.2857142985
51385  23.685  -23.176  12.843 0.1428571492
52358  24.533  -22.492  13.054 0.2857142985
52368  23.831  -22.434  12.565 0.2857142985
56239  26.481  -18.929  12.151 0.2857142985
55242  25.935  -19.264  12.264 0.1428571492
60335  27.697  -14.364  9.322 0.2857142985
59280  28.041  -14.855  9.727 0.2857142985
61356  28.162  -13.374  9.084 0.5714285970
66322  30.714  -8.410  8.322 0.2857142985
68262  30.885  -6.440  7.533 0.1428571492
67304  29.274  -8.016  6.369 0.8571428657
69337  30.094  -5.893  6.313 0.7142857313
72553  29.662  -2.638  5.427 0.8571428657
70407  29.197  -4.464  4.665 0.8571428657
77227  27.906  2.204  1.945 0.8571428657
78938  27.010  4.940  1.244 0.7142857313
79923  26.737  6.713  1.931 0.2857142985
116109  28.377  11.641  -2.284 0.1428571492
53302  23.295  -22.142  11.762 0.4285714328
54279  24.346  -20.981  12.378 0.2857142985
53301  23.783  -21.603  12.191 0.4285714328
54296  25.504  -19.709  12.300 0.1428571492
56253  27.507  -18.175  11.592 0.2857142985
57240  27.914  -17.476  11.112 0.2857142985
57251  26.410  -17.452  10.625 0.2857142985
61372  27.791  -12.836  8.559 0.7142857313
72531  31.096  -2.683  7.320 0.1428571492
74428  30.839  -1.026  6.534 0.1428571492
75369  29.647  0.343  5.231 0.1428571492
77209  28.891  2.286  4.552 0.1428571492
115955  27.022  -0.882  3.133 0.8571428657
77226  28.307  2.324  2.825 0.5714285970
78079  28.134  3.505  2.420 0.5714285970
79922  26.990  5.820  1.816 0.4285714328
78929  27.429  4.975  2.360 0.2857142985
78917  27.298  6.150  2.855 0.2857142985
78930  27.140  6.213  2.281 0.1428571492
79912  27.407  7.440  2.198 0.1428571492
86707  25.303  10.158  0.538 0.2857142985
116090  28.347  12.379  -0.714 0.1428571492
78069  28.436  3.465  3.342 0.4285714328
78928  28.033  4.412  3.048 0.4285714328
78916  27.768  5.443  3.302 0.4285714328
51387  22.223  -24.067  12.374 0.1428571492
50370  21.818  -24.196  12.217 0.1428571492
50341  21.171  -23.885  13.185 0.1428571492
51416  22.053  -23.446  11.464 0.4285714328
51388  20.895  -23.687  12.305 0.2857142985
52381  22.959  -22.594  11.570 0.5714285970
54297  25.107  -20.052  12.288 0.1428571492
57241  27.049  -17.737  11.133 0.2857142985
63448  28.101  -11.165  7.016 0.7142857313
66333  30.404  -7.915  7.835 0.8571428657
66348  29.079  -8.715  6.966 0.8571428657
72544  30.112  -2.703  6.147 0.2857142985
71421  30.874  -3.506  7.048 0.1428571492
70397  29.747  -4.364  5.156 0.8571428657
75378  28.349  -0.595  3.037 0.8571428657
74462  28.020  -1.645  3.042 0.8571428657
80822  28.352  7.606  2.637 0.1428571492
83956  29.373  10.328  -0.328 0.1428571492
56238  27.149  -18.827  12.082 0.1428571492
53315  23.599  -21.122  11.686 0.4285714328
58257  26.325  -16.854  10.200 0.5714285970
57262  25.918  -17.173  10.122 0.5714285970
57263  25.286  -17.463  9.708 0.5714285970
57265  23.553  -17.608  9.293 0.2857142985
58269  26.033  -16.497  9.585 0.5714285970
58270  24.999  -16.617  8.829 0.5714285970
56278  24.102  -18.460  9.566 0.4285714328
58271  23.938  -16.879  8.915 0.4285714328
60336  26.994  -14.725  9.089 0.4285714328
59282  26.318  -15.448  8.991 0.5714285970
59296  25.226  -15.510  8.421 0.5714285970
59297  24.273  -15.628  8.185 0.4285714328
60348  27.161  -14.112  8.886 0.5714285970
60349  26.433  -14.342  8.489 0.5714285970
59295  25.834  -14.899  8.475 0.4285714328
61374  26.181  -13.546  7.525 0.4285714328
61373  27.182  -13.370  8.446 0.4285714328
58285  23.357  -16.289  8.694 0.2857142985
58272  23.062  -16.832  9.079 0.2857142985
62436  27.248  -12.281  7.203 0.7142857313
61406  25.982  -13.034  5.893 0.4285714328
63466  26.917  -11.490  5.789 0.7142857313
63467  26.454  -11.985  5.454 0.5714285970
63483  26.334  -11.469  5.078 0.2857142985
62424  27.533  -12.362  8.005 0.5714285970
63434  27.619  -11.893  7.439 0.5714285970
62446  26.989  -12.142  6.502 0.7142857313
64419  27.721  -10.570  6.255 0.7142857313
64428  27.058  -10.495  5.224 0.7142857313
65372  27.825  -9.536  5.684 0.7142857313
64440  26.788  -10.030  4.771 0.7142857313
64441  26.270  -10.500  4.757 0.4285714328
65383  26.527  -9.524  4.497 0.4285714328
64399  28.373  -10.533  6.967 0.5714285970
64400  28.002  -10.979  6.729 0.5714285970
65362  28.399  -9.500  6.511 0.5714285970
66356  28.285  -8.588  5.545 0.7142857313
66365  27.765  -8.666  4.932 0.7142857313
67326  27.760  -7.599  4.526 0.7142857313
66366  27.038  -8.596  4.244 0.7142857313
67327  26.922  -7.529  4.060 0.5714285970
67303  29.663  -7.441  6.832 0.7142857313
66355  28.694  -8.586  6.150 0.5714285970
65371  28.268  -9.036  5.987 0.5714285970
67314  28.920  -7.712  5.513 0.7142857313
68286  28.889  -6.887  5.049 0.8571428657
66367  26.092  -8.750  4.245 0.4285714328
68297  28.341  -6.472  4.624 0.7142857313
68298  27.417  -6.449  4.037 0.7142857313
68299  26.740  -6.870  3.739 0.5714285970
67313  29.466  -7.300  6.049 0.5714285970
67315  28.282  -8.015  5.037 0.7142857313
68296  29.066  -6.178  4.926 0.8571428657
69376  28.830  -5.418  4.574 0.8571428657
69377  28.065  -5.407  4.126 0.7142857313
68310  27.124  -6.249  3.190 0.5714285970
69389  27.129  -5.182  2.936 0.2857142985
70427  26.974  -4.322  2.985 0.7142857313
69378  27.585  -5.306  3.421 0.8571428657
71482  27.773  -2.663  3.350 0.8571428657
70409  28.030  -4.384  3.605 0.8571428657
70418  27.385  -3.950  3.163 0.5714285970
70419  26.830  -3.056  3.159 0.8571428657
70428  26.666  -3.168  3.194 0.7142857313
71472  27.969  -3.230  3.417 0.8571428657
115958  26.720  -2.136  3.576 0.8571428657
72588  27.652  -2.247  3.386 0.8571428657
72579  27.434  -1.919  3.434 0.8571428657
115959  26.796  -1.474  3.521 0.7142857313
76324  26.074  0.542  1.404 0.7142857313
77248  26.395  1.280  0.459 0.5714285970
115965  25.077  1.043  1.854 0.7142857313
115969  25.665  1.734  1.141 0.7142857313
77249  25.872  1.874  0.740 0.7142857313
77243  26.098  2.834  0.454 0.8571428657
77244  25.324  3.075  1.068 0.7142857313
115970  24.936  2.197  1.499 0.7142857313
115974  24.688  3.778  1.303 0.7142857313
77235  24.683  4.757  0.656 0.7142857313
77228  24.092  3.578  1.858 0.5714285970
78094  25.527  4.815  0.318 0.7142857313
77236  24.645  4.885  1.183 0.5714285970
78095  24.743  5.460  0.047 0.4285714328
78081  24.148  4.202  2.795 0.5714285970
78940  24.558  6.900  -0.147 0.5714285970
78087  24.443  6.623  0.648 0.5714285970
78088  24.729  5.906  2.121 0.5714285970
78918  24.023  4.587  3.555 0.5714285970
78070  23.775  3.960  3.411 0.4285714328
116081  24.550  6.189  3.389 0.5714285970
78931  24.331  5.227  3.197 0.5714285970
79913  23.934  5.433  4.056 0.4285714328
78911  22.661  4.438  4.118 0.4285714328
81570  24.330  7.318  4.424 0.4285714328
62422  29.005  -12.003  9.024 0.2857142985
116082  24.574  6.558  4.120 0.2857142985
80813  23.820  6.241  4.622 0.4285714328
80814  23.043  6.377  5.068 0.2857142985
56277  24.738  -18.014  9.691 0.5714285970
56265  24.366  -18.988  9.951 0.5714285970
58268  26.669  -15.903  9.677 0.2857142985
59281  27.387  -15.378  9.658 0.2857142985
58283  24.683  -16.012  8.474 0.4285714328
60350  25.446  -14.377  7.810 0.4285714328
62437  26.699  -12.818  6.840 0.5714285970
64362  29.917  -11.021  9.053 0.2857142985
62462  25.355  -12.734  5.001 0.2857142985
64429  26.617  -10.918  5.038 0.7142857313
115968  26.455  -0.414  1.929 0.7142857313
77229  23.721  3.283  2.495 0.5714285970
78910  23.021  4.727  4.203 0.2857142985
78948  25.064  6.757  -0.210 0.5714285970
116085  24.554  7.570  1.386 0.2857142985
58256  27.032  -16.404  10.309 0.2857142985
71463  28.350  -3.764  3.840 0.7142857313
62425  26.975  -12.881  7.610 0.5714285970
68346  26.026  -1.121  3.252 0.7142857313
57264  24.459  -17.550  9.267 0.5714285970
59283  25.692  -16.067  8.884 0.5714285970
55270  23.897  -19.192  9.840 0.5714285970
58284  24.148  -16.197  8.590 0.4285714328
60351  24.528  -14.981  7.686 0.4285714328
62447  26.411  -12.528  5.913 0.5714285970
62461  26.053  -12.321  5.216 0.4285714328
62448  25.845  -12.915  5.471 0.4285714328
61389  26.023  -13.186  6.467 0.4285714328
63449  27.573  -11.484  6.843 0.7142857313
62480  25.549  -11.900  4.937 0.2857142985
65363  28.056  -9.955  6.205 0.7142857313
65382  27.236  -9.526  4.786 0.7142857313
67325  28.492  -7.371  4.887 0.5714285970
67338  26.320  -7.533  3.723 0.2857142985
68323  26.867  -6.137  2.900 0.2857142985
79900  23.687  5.595  4.498 0.4285714328
60352  23.426  -15.120  7.767 0.1428571492
60366  24.746  -14.404  7.158 0.4285714328
52383  21.533  -22.670  11.492 0.4285714328
58254  29.068  -16.237  10.648 0.1428571492
58255  28.084  -16.235  10.526 0.1428571492
59269  28.479  -15.381  10.093 0.1428571492
61355  29.380  -13.458  9.521 0.1428571492
61354  29.996  -12.975  9.629 0.1428571492
60333  29.437  -14.255  9.714 0.1428571492
60323  29.248  -14.809  9.916 0.1428571492
62407  29.664  -12.383  9.331 0.1428571492
64361  30.462  -10.549  9.102 0.2857142985
115972  26.552  -0.593  2.170 0.5714285970
116093  27.355  11.961  0.676 0.1428571492
115957  26.407  -2.164  3.557 0.4285714328
86702  26.375  12.309  1.144 0.1428571492
85798  25.992  11.449  0.493 0.1428571492
115961  25.057  -0.248  2.441 0.4285714328
115966  24.661  0.807  2.178 0.4285714328
85806  23.586  11.813  0.348 0.2857142985
116103  24.642  8.349  1.048 0.2857142985
116086  24.436  7.490  0.976 0.2857142985
86722  24.665  8.739  0.127 0.2857142985
75381  23.099  0.755  3.800 0.1428571492
76298  24.370  1.193  2.346 0.5714285970
115967  24.515  2.498  1.687 0.5714285970
116097  24.949  9.841  1.988 0.2857142985
76299  23.618  1.592  2.756 0.4285714328
76307  23.670  2.692  2.345 0.5714285970
77212  22.817  2.559  4.095 0.4285714328
77220  22.944  2.822  3.443 0.2857142985
82322  24.839  7.962  3.351 0.1428571492
83116  24.708  7.823  1.721 0.1428571492
77203  22.506  2.659  4.844 0.1428571492
78920  22.902  4.049  3.692 0.4285714328
78064  22.505  3.547  4.439 0.2857142985
81564  22.603  7.330  5.582 0.1428571492
82329  24.511  8.811  3.837 0.1428571492
82328  24.631  9.043  3.570 0.1428571492
82323  24.183  8.504  4.542 0.1428571492
83117  24.272  9.774  4.906 0.1428571492
53317  22.131  -21.697  11.154 0.4285714328
54301  21.749  -20.498  11.075 0.2857142985
58242  28.468  -16.884  10.844 0.1428571492
60322  30.029  -14.585  9.921 0.1428571492
115964  24.779  -0.624  2.918 0.2857142985
86714  23.752  10.349  0.014 0.2857142985
116091  24.765  9.664  3.190 0.2857142985
55228  26.735  -19.461  12.491 0.1428571492
57239  28.808  -17.474  11.153 0.1428571492
64378  30.065  -10.006  8.670 0.1428571492
63416  29.531  -11.479  8.985 0.1428571492
76290  22.822  1.440  4.241 0.2857142985
116095  24.528  11.129  1.894 0.2857142985
86715  23.741  10.858  0.221 0.2857142985
86709  24.038  10.841  -0.554 0.2857142985
87522  23.350  12.216  -0.035 0.2857142985
86704  24.417  12.231  -0.195 0.1428571492
86701  24.853  12.148  0.906 0.1428571492
83123  24.702  10.292  3.407 0.2857142985
116094  24.641  10.942  2.115 0.2857142985
86703  25.587  12.059  0.428 0.1428571492
116102  26.406  11.926  0.531 0.1428571492
84793  23.722  12.141  0.833 0.2857142985
86708  24.311  11.536  -0.417 0.1428571492
54300  22.758  -20.866  10.979 0.4285714328
52382  22.377  -22.592  11.284 0.4285714328
115963  24.609  0.266  2.424 0.4285714328
115973  24.127  2.802  1.833 0.5714285970
81571  23.508  7.341  4.859 0.2857142985
116092  24.600  8.014  1.351 0.2857142985
59268  29.594  -15.405  10.292 0.1428571492
75379  24.032  -0.293  3.246 0.2857142985
85814  24.653  10.892  1.439 0.2857142985
85825  24.525  10.397  0.554 0.2857142985
75380  23.387  0.757  3.334 0.2857142985
76300  22.980  1.776  3.396 0.4285714328
76306  24.051  2.405  2.146 0.5714285970
77219  23.244  2.734  2.842 0.5714285970
78072  22.765  3.508  3.792 0.4285714328
53318  21.567  -21.531  11.537 0.2857142985
62406  30.593  -12.506  9.588 0.1428571492
115956  24.752  -1.139  3.443 0.2857142985
87520  23.883  11.748  -0.545 0.2857142985
87517  23.870  12.083  -0.432 0.2857142985
85791  24.619  12.264  3.198 0.1428571492
84792  24.423  11.885  1.297 0.1428571492
83909  24.681  10.662  4.389 0.1428571492
84791  24.734  11.057  2.746 0.1428571492
85796  24.271  12.144  1.992 0.1428571492
83915  24.674  10.667  3.673 0.1428571492
84782  24.648  11.505  3.829 0.1428571492
85781  24.601  12.515  4.242 0.1428571492
84774  24.807  11.617  4.727 0.1428571492
86698  24.924  12.920  2.654 0.1428571492
61357  27.532  -13.788  8.976 0.2857142985
85797  23.877  12.385  1.034 0.1428571492
55256  24.252  -19.563  10.383 0.4285714328
55255  24.941  -19.330  10.838 0.2857142985
55243  25.222  -19.499  11.636 0.1428571492
56264  25.103  -18.541  10.306 0.2857142985
56263  25.852  -18.063  10.650 0.2857142985
54312  24.058  -20.248  10.959 0.2857142985
78082  23.678  3.451  2.996 0.4285714328
57252  25.684  -17.720  10.316 0.2857142985
55244  24.526  -19.803  11.124 0.2857142985
54313  23.463  -20.288  10.584 0.2857142985
55257  23.357  -19.656  10.073 0.2857142985
61375  25.646  -13.913  7.397 0.2857142985
61390  25.364  -13.861  6.805 0.2857142985
61407  25.495  -13.312  5.864 0.2857142985
63498  25.692  -11.165  4.890 0.1428571492
64442  25.254  -10.489  4.840 0.1428571492
66378  26.444  -8.137  3.956 0.1428571492
68324  26.025  -6.342  3.069 0.1428571492
68335  26.388  -5.891  2.703 0.1428571492
69397  26.222  -3.639  3.184 0.1428571492
69405  26.267  -4.794  2.929 0.1428571492
68338  24.939  -3.145  3.462 0.1428571492
115962  24.347  -0.726  3.376 0.1428571492
74464  23.075  0.096  4.014 0.1428571492
74450  23.524  -0.352  3.647 0.1428571492
78919  23.321  4.556  3.892 0.1428571492
79902  22.595  4.847  4.675 0.1428571492
78898  22.334  4.385  4.849 0.1428571492
79901  23.177  5.252  4.591 0.1428571492
79886  22.780  5.778  5.163 0.1428571492
54299  23.532  -20.797  11.215 0.1428571492
53303  21.225  -21.819  12.156 0.2857142985
61408  24.695  -13.565  5.964 0.2857142985
65384  25.646  -9.595  4.513 0.1428571492
66379  25.840  -8.116  3.883 0.1428571492
67339  25.727  -7.542  3.632 0.1428571492
68311  26.303  -6.861  3.322 0.1428571492
68325  25.592  -6.346  3.386 0.1428571492
66397  26.024  -6.710  1.879 0.1428571492
67361  26.010  -5.792  2.837 0.1428571492
67362  25.421  -4.806  3.138 0.1428571492
74451  23.307  -0.378  4.004 0.1428571492
61391  24.314  -13.884  6.668 0.2857142985
69396  26.616  -4.848  2.877 0.1428571492
78055  22.192  3.567  5.250 0.1428571492
60367  23.914  -14.382  7.268 0.1428571492
68345  25.781  -3.144  3.419 0.1428571492
115960  24.498  -0.710  3.177 0.1428571492
54314  22.651  -20.125  10.502 0.2857142985
61427  24.268  -13.185  5.413 0.1428571492
68337  25.822  -4.435  3.041 0.1428571492
67351  25.973  -6.240  2.959 0.1428571492
54280  21.099  -20.854  11.857 0.1428571492
54259  20.583  -20.033  12.885 0.1428571492
54302  20.965  -20.190  11.497 0.1428571492
55258  22.552  -19.273  10.239 0.1428571492
67283  31.249  -7.729  8.442 0.1428571492
52370  20.927  -22.859  12.138 0.1428571492
55245  21.173  -19.863  11.173 0.1428571492
55271  23.287  -18.977  9.719 0.1428571492
54315  22.154  -19.796  10.701 0.1428571492
57266  22.590  -17.488  9.690 0.1428571492
78915  28.505  4.715  3.753 0.1428571492
67290  30.834  -7.472  7.948 0.1428571492
56279  23.144  -18.265  9.561 0.1428571492
59298  23.568  -15.790  8.332 0.1428571492
54281  20.612  -20.154  12.197 0.1428571492
55272  22.749  -18.629  9.862 0.1428571492
50371  21.282  -24.102  11.926 0.1428571492
50379  21.753  -23.983  11.781 0.1428571492
51402  21.170  -23.514  11.720 0.1428571492
51415  22.587  -23.028  11.479 0.5714285970
51417  21.508  -23.435  11.499 0.1428571492
52322  20.628  -23.373  14.085 0.1428571492
52337  20.804  -23.473  13.830 0.1428571492
52369  23.396  -22.522  12.015 0.1428571492
61425  25.454  -13.132  5.344 0.4285714328
63482  26.738  -11.107  5.248 0.7142857313
64418  28.181  -10.162  6.453 0.7142857313
66335  29.333  -8.965  7.437 0.8571428657
66388  26.059  -7.415  2.010 0.1428571492
66389  25.707  -7.006  1.975 0.1428571492
66390  25.986  -6.539  2.240 0.1428571492
66396  26.178  -7.092  1.834 0.1428571492
66398  25.902  -6.479  1.930 0.1428571492
67349  26.337  -6.974  2.304 0.1428571492
67350  25.930  -6.902  2.538 0.1428571492
67352  25.651  -5.480  3.211 0.1428571492
67359  26.299  -6.683  2.214 0.1428571492
67360  26.074  -6.377  2.544 0.1428571492
68336  26.196  -5.492  2.826 0.1428571492
69404  26.401  -5.311  2.813 0.1428571492
71473  27.522  -2.882  3.298 0.8571428657
71483  27.630  -2.484  3.370 0.8571428657
72578  27.865  -2.371  3.345 0.8571428657
72587  28.062  -2.081  3.480 0.8571428657
73507  30.978  -1.218  6.782 0.1428571492
73527  23.660  -0.652  3.907 0.1428571492
73540  27.866  -1.843  3.243 0.8571428657
74427  31.019  -0.655  6.830 0.1428571492
74463  23.255  0.020  3.551 0.1428571492
74473  27.853  -1.403  2.989 0.8571428657
75371  22.768  0.527  4.256 0.1428571492
77250  25.704  2.212  0.902 0.7142857313
78071  23.210  3.567  3.400 0.4285714328
79914  23.458  5.070  4.182 0.4285714328
83973  28.711  11.115  -1.751 0.1428571492
84802  23.603  12.046  1.056 0.2857142985
84840  28.690  11.847  -2.803 0.1428571492
85799  24.034  11.625  0.591 0.2857142985
85800  23.685  12.221  0.626 0.2857142985
85815  23.778  11.263  0.336 0.2857142985
86706  23.354  12.151  0.230 0.2857142985
86710  23.424  11.454  0.005 0.2857142985
87518  23.453  12.490  -0.116 0.2857142985
87521  23.639  11.910  -0.281 0.2857142985
116079  24.498  7.152  1.310 0.2857142985
116080  24.480  7.500  1.200 0.2857142985
116088  24.554  7.797  1.273 0.2857142985
116096  24.700  10.857  1.831 0.2857142985
