#!ascii label  , from subject A00073308 vox2ras=TkReg
716
97110  48.889  0.461  51.271 0.0000000000
97162  52.957  0.964  42.974 0.0000000000
99338  49.125  2.611  44.543 0.0000000000
96245  48.800  -0.525  31.155 0.0000000000
95145  47.098  -2.031  47.376 0.0000000000
101270  52.861  5.036  49.390 0.0000000000
97257  53.263  1.086  35.959 0.0000000000
99402  43.460  2.665  39.508 0.0000000000
98246  56.800  1.936  49.123 0.0000000000
96114  51.635  -0.594  48.683 0.0000000000
95164  48.790  -1.383  42.334 0.0000000000
101320  46.208  4.116  42.618 0.0000000000
97237  45.425  0.361  38.415 0.0000000000
100391  54.791  3.225  42.810 0.0000000000
97246  50.313  0.873  36.687 0.0000000000
101334  44.936  4.177  40.307 0.0000000000
96083  53.227  -0.308  51.280 0.0000000000
95114  51.880  -1.694  51.390 0.0000000000
96132  47.715  -0.541  44.946 0.0000000000
101292  48.778  4.685  46.482 0.0000000000
102928  48.113  6.498  44.310 0.0000000000
100367  47.375  3.241  44.280 0.0000000000
98326  45.558  1.326  41.372 0.0000000000
97192  48.111  0.772  41.284 0.0000000000
98267  55.310  1.960  45.613 0.0000000000
100333  56.780  2.919  46.024 0.0000000000
98305  54.926  1.790  42.702 0.0000000000
98428  51.705  1.178  32.338 0.0000000000
98378  52.662  2.325  35.803 0.0000000000
97301  49.770  1.071  33.646 0.0000000000
97303  47.312  1.269  33.465 0.0000000000
97312  47.320  0.454  31.703 0.0000000000
94253  47.496  -2.193  34.341 0.0000000000
95125  47.731  -1.775  50.956 0.0000000000
94150  49.735  -3.042  49.914 0.0000000000
100329  51.363  3.616  47.571 0.0000000000
96163  52.087  -0.419  40.204 0.0000000000
97204  53.596  0.860  40.005 0.0000000000
96183  51.940  0.054  37.068 0.0000000000
96222  51.687  0.129  32.793 0.0000000000
102055  55.392  5.436  52.519 0.0000000000
98194  54.593  2.454  52.247 0.0000000000
97133  53.979  0.636  49.210 0.0000000000
98263  52.082  1.323  45.941 0.0000000000
96116  49.972  -1.286  48.366 0.0000000000
97149  49.794  0.711  45.467 0.0000000000
97177  50.628  -0.136  42.675 0.0000000000
94218  50.107  -2.156  40.067 0.0000000000
96101  45.990  -0.264  50.831 0.0000000000
102957  48.332  6.970  40.660 0.0000000000
102152  46.378  5.181  40.317 0.0000000000
99392  45.151  2.672  40.534 0.0000000000
97239  43.937  1.250  38.604 0.0000000000
98393  43.955  1.457  35.262 0.0000000000
100303  55.452  3.675  49.555 0.0000000000
100336  53.869  3.550  46.254 0.0000000000
99336  51.909  2.900  44.242 0.0000000000
98347  54.018  2.116  39.184 0.0000000000
98336  52.315  1.700  40.001 0.0000000000
98323  50.204  1.167  41.150 0.0000000000
97248  48.010  0.291  37.167 0.0000000000
98406  45.316  1.289  33.673 0.0000000000
101327  44.517  4.418  40.940 0.0000000000
102154  44.924  4.947  40.723 0.0000000000
97108  51.296  0.350  51.739 0.0000000000
96086  50.663  -0.746  51.798 0.0000000000
100351  48.528  3.462  45.462 0.0000000000
101295  47.731  4.336  45.287 0.0000000000
99339  48.224  2.608  44.143 0.0000000000
98296  47.403  1.848  42.883 0.0000000000
99368  48.552  1.932  42.823 0.0000000000
98278  53.978  1.602  44.357 0.0000000000
98277  55.148  1.987  44.572 0.0000000000
98306  54.267  1.491  42.219 0.0000000000
98439  50.271  0.730  31.763 0.0000000000
98416  50.273  1.217  33.265 0.0000000000
98430  49.384  0.927  32.495 0.0000000000
98431  48.205  1.224  32.423 0.0000000000
96234  48.274  -0.575  31.827 0.0000000000
95263  48.012  -1.055  32.072 0.0000000000
95262  48.534  -1.364  31.213 0.0000000000
93143  47.891  -3.824  50.689 0.0000000000
101286  50.863  5.023  48.297 0.0000000000
100320  52.430  3.837  48.528 0.0000000000
95207  50.810  -1.285  38.713 0.0000000000
96175  51.760  -0.441  38.272 0.0000000000
96184  51.189  -0.700  37.529 0.0000000000
95254  50.930  -1.052  33.446 0.0000000000
95269  51.265  -1.436  31.443 0.0000000000
96232  51.285  -0.121  31.867 0.0000000000
96097  52.763  -0.896  50.403 0.0000000000
97120  53.964  0.279  50.860 0.0000000000
97134  53.059  0.411  48.752 0.0000000000
98256  53.342  1.417  47.281 0.0000000000
97138  51.958  0.442  47.887 0.0000000000
94158  48.666  -2.858  48.708 0.0000000000
94157  49.572  -2.553  49.125 0.0000000000
95144  48.274  -1.611  47.563 0.0000000000
95158  48.395  -1.217  42.840 0.0000000000
97155  48.808  0.130  44.913 0.0000000000
96130  49.131  -0.108  43.781 0.0000000000
97164  50.405  0.197  43.348 0.0000000000
96146  49.833  -0.685  42.565 0.0000000000
95173  50.723  -1.081  41.302 0.0000000000
95174  49.801  -1.774  41.283 0.0000000000
93225  49.505  -3.714  38.538 0.0000000000
102129  46.931  5.568  42.824 0.0000000000
102939  48.253  6.847  42.942 0.0000000000
102137  46.978  5.668  41.675 0.0000000000
102144  47.051  5.699  40.660 0.0000000000
102145  46.548  4.986  41.141 0.0000000000
100407  45.686  3.970  40.640 0.0000000000
100401  45.476  3.073  41.220 0.0000000000
97210  45.538  0.659  40.417 0.0000000000
97211  44.839  0.878  40.084 0.0000000000
97238  44.563  0.697  38.470 0.0000000000
97252  44.019  1.007  37.526 0.0000000000
97251  44.835  0.527  37.379 0.0000000000
99273  56.413  3.020  51.182 0.0000000000
101254  56.010  4.152  51.458 0.0000000000
99304  56.776  2.688  49.228 0.0000000000
100360  55.522  3.416  44.179 0.0000000000
100335  55.027  3.735  46.482 0.0000000000
100361  54.689  3.571  44.427 0.0000000000
100347  53.200  3.439  45.528 0.0000000000
99348  53.489  3.275  43.464 0.0000000000
97232  53.556  0.905  37.819 0.0000000000
97217  54.132  1.537  39.487 0.0000000000
97231  53.939  1.665  38.239 0.0000000000
98370  51.152  1.444  36.217 0.0000000000
98359  52.058  1.806  37.666 0.0000000000
98350  51.108  1.291  38.497 0.0000000000
98322  51.346  1.693  41.134 0.0000000000
97219  50.324  0.910  39.210 0.0000000000
97220  49.397  0.619  39.205 0.0000000000
97247  49.189  0.523  37.012 0.0000000000
98433  46.079  1.720  32.048 0.0000000000
98405  46.041  1.314  33.506 0.0000000000
98434  45.156  1.258  32.442 0.0000000000
97316  44.003  1.088  32.756 0.0000000000
102086  54.277  5.879  49.969 0.0000000000
100409  44.293  3.812  40.541 0.0000000000
100414  44.429  3.410  39.970 0.0000000000
99259  52.358  2.529  52.653 0.0000000000
98220  51.975  1.310  52.017 0.0000000000
96084  52.728  -0.722  51.333 0.0000000000
95134  52.034  -1.295  49.552 0.0000000000
95152  47.055  -1.076  45.457 0.0000000000
102926  48.725  6.405  45.606 0.0000000000
102113  47.466  4.792  44.843 0.0000000000
101314  46.455  4.040  43.503 0.0000000000
100394  45.605  2.748  42.151 0.0000000000
99354  46.716  2.123  43.096 0.0000000000
98325  46.333  1.114  41.699 0.0000000000
97222  47.070  0.243  39.414 0.0000000000
98253  56.110  1.589  47.959 0.0000000000
99310  57.061  2.323  47.485 0.0000000000
99322  56.225  2.421  45.424 0.0000000000
99347  55.619  2.497  43.581 0.0000000000
100390  55.270  2.908  42.654 0.0000000000
97285  52.902  1.589  34.417 0.0000000000
98377  53.708  2.136  36.236 0.0000000000
98391  52.131  1.974  34.897 0.0000000000
98392  51.318  1.665  34.910 0.0000000000
97259  50.453  1.097  35.684 0.0000000000
97260  49.505  0.659  35.876 0.0000000000
97289  49.096  0.804  33.986 0.0000000000
98432  47.162  1.617  32.258 0.0000000000
97313  46.510  0.672  31.609 0.0000000000
93254  48.114  -3.004  33.247 0.0000000000
96088  48.727  -1.072  51.118 0.0000000000
95116  50.110  -1.790  51.651 0.0000000000
93130  49.291  -3.267  51.071 0.0000000000
93150  48.930  -3.452  50.029 0.0000000000
94165  47.478  -2.654  48.055 0.0000000000
102106  50.009  5.711  47.546 0.0000000000
100331  49.664  4.462  47.168 0.0000000000
99324  50.164  2.907  45.288 0.0000000000
96143  52.451  0.230  41.308 0.0000000000
97190  53.391  0.711  41.025 0.0000000000
96162  52.870  0.255  39.597 0.0000000000
96168  52.811  0.297  38.586 0.0000000000
96182  52.792  0.562  36.548 0.0000000000
96204  51.234  -0.376  35.396 0.0000000000
96203  52.019  0.431  34.719 0.0000000000
97273  52.832  0.879  35.171 0.0000000000
97299  52.322  0.805  32.959 0.0000000000
97320  50.788  0.154  31.285 0.0000000000
96253  49.375  -0.952  30.246 0.0000000000
94272  48.591  -2.347  30.589 0.0000000000
100259  54.968  3.598  52.878 0.0000000000
98237  55.982  1.753  50.883 0.0000000000
98218  53.825  1.321  52.098 0.0000000000
97128  54.564  0.696  50.402 0.0000000000
98244  55.302  1.109  49.745 0.0000000000
98255  54.298  1.487  47.399 0.0000000000
98262  53.007  1.552  46.373 0.0000000000
98279  52.847  1.447  44.203 0.0000000000
94136  50.587  -2.551  50.872 0.0000000000
95136  50.593  -2.060  49.570 0.0000000000
96115  50.571  -0.953  48.475 0.0000000000
96124  48.623  -0.460  46.650 0.0000000000
96123  49.383  -0.018  46.835 0.0000000000
97140  50.534  0.335  47.379 0.0000000000
97148  50.651  1.143  45.582 0.0000000000
98281  51.343  1.037  44.329 0.0000000000
97163  51.779  0.746  43.427 0.0000000000
96156  51.223  -0.577  41.478 0.0000000000
95196  50.723  -1.514  39.628 0.0000000000
94232  50.166  -1.978  38.404 0.0000000000
94219  49.701  -2.822  39.759 0.0000000000
94226  49.786  -2.851  38.887 0.0000000000
97122  47.467  0.112  50.851 0.0000000000
96100  47.097  -0.648  50.673 0.0000000000
95127  45.522  -1.408  50.470 0.0000000000
103767  49.016  7.589  41.155 0.0000000000
103788  48.126  7.230  38.891 0.0000000000
101333  45.560  4.286  40.463 0.0000000000
101337  45.154  3.803  40.122 0.0000000000
99401  44.376  2.702  39.663 0.0000000000
99382  45.233  2.224  41.330 0.0000000000
99393  44.704  2.307  40.035 0.0000000000
98361  43.684  1.807  38.732 0.0000000000
100304  54.533  4.234  49.615 0.0000000000
100325  55.999  3.407  47.351 0.0000000000
100326  54.955  3.548  47.695 0.0000000000
99307  53.384  3.378  48.139 0.0000000000
100337  52.812  3.251  46.499 0.0000000000
100364  51.425  3.034  45.111 0.0000000000
99337  50.531  2.770  44.600 0.0000000000
97188  54.537  1.570  41.446 0.0000000000
98333  54.735  1.923  40.914 0.0000000000
99378  54.257  2.609  41.431 0.0000000000
98357  53.662  2.023  38.329 0.0000000000
98335  53.454  2.168  40.144 0.0000000000
99379  53.224  2.512  41.320 0.0000000000
99380  51.944  2.226  41.610 0.0000000000
99366  50.997  2.173  42.382 0.0000000000
99367  49.665  1.959  42.696 0.0000000000
97191  48.818  0.975  41.424 0.0000000000
97221  48.246  0.357  39.362 0.0000000000
97249  46.879  0.239  37.262 0.0000000000
97261  48.380  0.430  36.015 0.0000000000
97262  47.259  0.402  36.124 0.0000000000
97263  46.210  0.502  36.224 0.0000000000
98407  44.492  1.312  34.139 0.0000000000
94247  47.216  -2.292  35.119 0.0000000000
102968  44.967  5.897  40.700 0.0000000000
97109  50.098  0.420  51.610 0.0000000000
99352  48.879  2.326  43.520 0.0000000000
98292  53.719  1.362  43.220 0.0000000000
97161  53.391  1.161  42.891 0.0000000000
97322  49.213  0.153  31.513 0.0000000000
98440  49.732  0.622  31.892 0.0000000000
98441  48.662  0.740  32.000 0.0000000000
102087  53.364  5.957  49.636 0.0000000000
101271  52.238  5.222  49.032 0.0000000000
100306  52.720  4.382  49.099 0.0000000000
95217  50.620  -1.286  37.951 0.0000000000
96176  51.048  -0.881  38.145 0.0000000000
95227  50.580  -1.206  37.141 0.0000000000
95261  51.093  -1.449  32.450 0.0000000000
95275  50.927  -1.694  30.381 0.0000000000
99408  42.783  2.299  38.296 0.0000000000
96110  52.490  -0.646  49.455 0.0000000000
96109  53.176  -0.389  50.059 0.0000000000
96113  52.375  -0.212  48.816 0.0000000000
97135  52.322  0.167  48.441 0.0000000000
94164  48.221  -2.476  48.221 0.0000000000
95141  48.661  -2.248  48.142 0.0000000000
96136  48.561  -0.650  43.450 0.0000000000
96147  49.131  -0.916  42.729 0.0000000000
96135  49.547  -0.312  43.151 0.0000000000
95163  49.619  -1.239  42.089 0.0000000000
102130  46.572  4.765  43.185 0.0000000000
102138  46.508  4.918  42.153 0.0000000000
101326  46.181  4.257  41.580 0.0000000000
100393  45.789  3.538  41.997 0.0000000000
97223  45.981  0.273  39.443 0.0000000000
97224  45.085  0.575  39.401 0.0000000000
98242  56.557  2.175  50.076 0.0000000000
99291  56.412  2.871  50.216 0.0000000000
100378  54.839  3.454  43.584 0.0000000000
100392  54.210  3.303  43.215 0.0000000000
100379  54.071  3.414  43.858 0.0000000000
97245  53.303  0.901  36.924 0.0000000000
97244  53.618  1.574  36.870 0.0000000000
98360  51.158  1.317  37.277 0.0000000000
97233  50.062  0.801  38.028 0.0000000000
97314  45.578  0.992  31.860 0.0000000000
96237  45.151  0.466  32.412 0.0000000000
97315  44.672  0.894  32.456 0.0000000000
100415  43.846  3.384  40.204 0.0000000000
99277  51.648  2.035  52.316 0.0000000000
96085  51.738  -0.777  51.862 0.0000000000
95113  52.394  -1.472  50.742 0.0000000000
95123  51.791  -1.912  50.527 0.0000000000
102109  49.041  5.504  46.594 0.0000000000
102110  48.555  5.419  46.020 0.0000000000
100352  47.700  3.784  44.978 0.0000000000
101302  47.270  4.222  44.704 0.0000000000
101303  46.785  4.123  44.167 0.0000000000
100368  46.663  3.607  43.835 0.0000000000
100381  46.154  3.068  43.227 0.0000000000
100380  46.934  2.634  43.588 0.0000000000
97180  47.702  0.967  41.981 0.0000000000
98311  46.910  1.357  42.379 0.0000000000
97193  47.044  0.750  41.381 0.0000000000
97208  47.663  0.493  40.411 0.0000000000
98260  55.276  1.673  46.650 0.0000000000
98259  56.202  1.828  46.903 0.0000000000
98304  55.389  2.042  43.320 0.0000000000
98290  55.509  2.133  43.950 0.0000000000
100376  55.526  2.787  43.148 0.0000000000
99362  55.142  2.395  42.255 0.0000000000
98414  52.246  1.243  33.122 0.0000000000
98399  53.024  1.789  34.598 0.0000000000
98400  52.410  1.574  34.178 0.0000000000
98401  51.189  1.587  34.076 0.0000000000
98402  50.486  1.388  33.797 0.0000000000
97274  50.651  1.352  34.945 0.0000000000
97288  50.266  1.266  34.194 0.0000000000
98417  48.929  1.061  33.171 0.0000000000
98442  47.634  1.203  31.846 0.0000000000
97324  47.063  0.991  31.594 0.0000000000
96235  47.177  -0.103  32.042 0.0000000000
94258  48.174  -2.419  32.605 0.0000000000
95124  48.366  -1.408  51.072 0.0000000000
95117  48.864  -1.943  51.316 0.0000000000
94128  48.490  -2.966  51.357 0.0000000000
93142  48.270  -3.720  50.489 0.0000000000
93151  48.115  -3.619  49.526 0.0000000000
93155  48.021  -3.315  48.857 0.0000000000
93156  47.237  -3.615  48.717 0.0000000000
100321  51.157  4.272  48.184 0.0000000000
100330  50.324  4.252  47.479 0.0000000000
100339  50.581  3.528  46.713 0.0000000000
100350  49.952  3.240  45.832 0.0000000000
96154  52.696  0.261  40.523 0.0000000000
96174  52.726  0.404  37.536 0.0000000000
96192  52.249  0.354  35.887 0.0000000000
95245  50.240  -1.338  34.895 0.0000000000
96223  51.514  -0.244  33.410 0.0000000000
96213  51.351  -0.356  34.235 0.0000000000
96212  51.939  0.387  33.657 0.0000000000
97286  52.655  1.109  34.056 0.0000000000
96251  50.563  -1.056  30.119 0.0000000000
96233  51.011  0.034  31.410 0.0000000000
96252  50.043  -0.837  29.979 0.0000000000
96244  49.718  -0.275  30.700 0.0000000000
94278  48.948  -2.487  29.807 0.0000000000
99257  54.401  2.935  52.652 0.0000000000
100248  54.765  4.011  53.124 0.0000000000
99256  55.106  2.831  52.294 0.0000000000
99275  55.583  2.492  51.889 0.0000000000
98217  54.891  1.817  51.699 0.0000000000
98219  52.918  1.088  52.117 0.0000000000
98196  53.204  1.932  52.416 0.0000000000
97106  53.533  0.239  51.629 0.0000000000
97129  53.836  0.220  50.093 0.0000000000
97132  54.551  0.759  49.662 0.0000000000
98248  55.085  1.186  48.796 0.0000000000
98249  54.168  1.145  48.340 0.0000000000
97142  52.540  1.144  47.341 0.0000000000
98269  53.013  1.548  45.186 0.0000000000
98270  52.078  1.382  44.949 0.0000000000
94127  49.664  -2.927  51.347 0.0000000000
94137  50.044  -3.002  50.616 0.0000000000
95140  49.333  -1.842  48.222 0.0000000000
95139  50.337  -1.779  48.973 0.0000000000
95138  50.980  -1.260  48.949 0.0000000000
96125  47.915  -0.813  46.530 0.0000000000
96128  47.764  -0.613  45.958 0.0000000000
97150  48.988  0.269  45.526 0.0000000000
97146  49.291  0.314  46.271 0.0000000000
97145  49.961  0.602  46.648 0.0000000000
97144  51.074  1.066  46.599 0.0000000000
97153  50.760  0.816  44.403 0.0000000000
97176  51.313  0.085  42.587 0.0000000000
96144  51.723  -0.172  41.806 0.0000000000
95183  50.505  -1.589  40.536 0.0000000000
94225  50.218  -2.113  39.251 0.0000000000
93211  49.214  -3.370  40.138 0.0000000000
97112  46.925  0.772  51.180 0.0000000000
97124  46.166  0.216  51.046 0.0000000000
97123  46.587  0.181  50.934 0.0000000000
95126  46.594  -1.503  50.573 0.0000000000
102949  48.309  6.921  41.738 0.0000000000
103776  48.871  7.673  40.100 0.0000000000
103777  48.360  7.309  39.581 0.0000000000
102964  48.251  7.158  40.058 0.0000000000
102151  47.039  5.729  40.066 0.0000000000
102153  45.505  5.058  40.413 0.0000000000
100408  45.372  3.483  40.404 0.0000000000
100413  44.923  3.364  39.905 0.0000000000
99400  45.035  2.900  39.932 0.0000000000
99371  45.701  2.030  42.214 0.0000000000
97225  44.406  1.016  39.420 0.0000000000
98341  44.651  1.535  40.189 0.0000000000
98351  44.171  1.834  39.419 0.0000000000
98371  43.533  1.641  37.878 0.0000000000
97265  44.321  0.972  36.344 0.0000000000
100285  56.002  3.699  50.585 0.0000000000
101255  55.724  4.710  50.994 0.0000000000
100286  55.375  4.329  50.217 0.0000000000
100287  54.969  4.623  50.116 0.0000000000
100324  56.971  3.026  47.132 0.0000000000
100334  56.185  3.324  46.173 0.0000000000
99311  54.594  3.582  47.106 0.0000000000
100327  54.193  3.436  48.204 0.0000000000
99312  54.025  3.394  47.481 0.0000000000
99313  53.177  3.233  47.518 0.0000000000
99318  53.525  3.317  46.925 0.0000000000
100363  52.503  3.256  44.856 0.0000000000
99350  51.393  2.637  43.415 0.0000000000
97189  54.100  1.306  41.599 0.0000000000
98334  54.299  2.041  40.212 0.0000000000
99389  54.514  2.325  40.900 0.0000000000
99415  53.232  2.386  36.161 0.0000000000
98367  53.586  2.083  37.268 0.0000000000
98368  52.890  2.281  36.843 0.0000000000
98349  52.097  1.699  38.856 0.0000000000
98348  53.182  1.831  39.071 0.0000000000
98320  53.229  2.354  40.701 0.0000000000
99391  53.528  2.426  40.671 0.0000000000
98321  52.588  2.160  40.790 0.0000000000
98337  50.861  1.208  39.900 0.0000000000
98308  50.379  1.710  41.855 0.0000000000
98309  49.145  1.348  41.946 0.0000000000
98324  49.404  0.918  41.089 0.0000000000
97234  48.752  0.423  38.201 0.0000000000
97235  47.573  0.170  38.317 0.0000000000
97276  48.711  0.609  34.926 0.0000000000
97277  47.584  0.656  34.994 0.0000000000
97292  45.890  1.016  34.271 0.0000000000
97278  46.548  0.731  35.125 0.0000000000
97279  45.611  0.803  35.242 0.0000000000
97280  44.752  1.024  35.251 0.0000000000
97293  45.181  1.089  34.462 0.0000000000
97305  43.916  0.722  33.209 0.0000000000
97317  43.782  0.927  33.204 0.0000000000
102146  44.420  5.248  41.314 0.0000000000
98221  50.693  1.667  51.982 0.0000000000
95115  51.119  -1.670  51.852 0.0000000000
100341  48.634  4.067  46.236 0.0000000000
101294  48.236  4.535  45.872 0.0000000000
100366  48.262  2.924  44.677 0.0000000000
99353  47.730  2.285  43.382 0.0000000000
99369  47.993  1.970  42.892 0.0000000000
97179  48.442  1.068  41.868 0.0000000000
98268  54.135  1.720  45.403 0.0000000000
98291  54.856  1.749  43.665 0.0000000000
97311  50.563  0.748  31.698 0.0000000000
98415  51.475  1.412  33.130 0.0000000000
98429  50.586  1.044  32.212 0.0000000000
97323  48.074  0.438  31.823 0.0000000000
96246  48.020  0.041  31.936 0.0000000000
94264  48.383  -2.188  31.703 0.0000000000
94129  47.508  -2.888  51.143 0.0000000000
95118  48.170  -2.441  51.277 0.0000000000
93132  47.775  -3.680  50.958 0.0000000000
102103  51.234  5.862  48.432 0.0000000000
102089  51.900  5.665  48.783 0.0000000000
95206  51.337  -0.912  39.194 0.0000000000
96169  52.084  -0.409  39.310 0.0000000000
96193  51.262  -0.486  36.532 0.0000000000
95260  51.376  -0.625  32.569 0.0000000000
96242  51.193  -0.675  31.485 0.0000000000
99258  53.527  2.812  52.782 0.0000000000
97130  53.302  0.013  49.515 0.0000000000
98250  53.464  1.187  48.016 0.0000000000
97137  52.711  0.866  48.008 0.0000000000
97143  51.947  1.095  46.996 0.0000000000
94151  49.035  -3.157  49.457 0.0000000000
95143  49.082  -1.294  47.686 0.0000000000
96137  47.838  -0.706  44.088 0.0000000000
96127  48.360  -0.148  45.405 0.0000000000
96131  48.545  -0.212  44.412 0.0000000000
97154  49.479  0.309  44.403 0.0000000000
97165  49.620  0.084  43.628 0.0000000000
96134  50.200  -0.291  42.748 0.0000000000
96145  50.612  -0.601  42.109 0.0000000000
95162  50.222  -1.236  41.734 0.0000000000
94205  49.965  -2.093  40.501 0.0000000000
93219  49.367  -3.727  39.500 0.0000000000
92159  49.345  -4.622  38.271 0.0000000000
102940  47.536  6.098  43.442 0.0000000000
102950  47.560  6.286  42.288 0.0000000000
102958  47.639  6.331  41.135 0.0000000000
101332  46.108  4.347  40.766 0.0000000000
100400  45.793  3.766  41.042 0.0000000000
98340  45.017  1.133  40.665 0.0000000000
101242  56.037  4.029  52.108 0.0000000000
101243  55.830  4.701  51.938 0.0000000000
100273  56.202  3.608  51.563 0.0000000000
100302  56.188  3.207  49.384 0.0000000000
100344  56.305  3.101  45.010 0.0000000000
100345  55.449  3.589  45.227 0.0000000000
100346  54.341  3.662  45.380 0.0000000000
100362  53.604  3.480  44.562 0.0000000000
99335  52.901  3.302  44.047 0.0000000000
99349  52.600  2.988  43.326 0.0000000000
97218  53.677  0.887  38.934 0.0000000000
98369  51.952  1.945  36.564 0.0000000000
97205  50.404  0.959  39.677 0.0000000000
98338  49.830  0.852  40.563 0.0000000000
98419  46.657  1.506  32.995 0.0000000000
97291  46.819  1.027  33.976 0.0000000000
98420  45.643  1.477  32.899 0.0000000000
98421  44.803  1.328  33.132 0.0000000000
98435  44.400  1.105  32.777 0.0000000000
97304  44.298  0.762  32.841 0.0000000000
101269  53.840  5.045  49.723 0.0000000000
100402  44.050  4.005  41.097 0.0000000000
99276  52.140  1.902  52.352 0.0000000000
97107  52.382  0.216  51.845 0.0000000000
95122  52.252  -1.465  49.992 0.0000000000
96111  51.899  -1.108  49.297 0.0000000000
95149  47.326  -1.284  46.593 0.0000000000
95153  46.366  -1.700  45.911 0.0000000000
95155  47.151  -1.135  44.444 0.0000000000
95159  47.487  -1.398  43.378 0.0000000000
95175  48.795  -1.815  41.723 0.0000000000
94192  49.060  -2.185  41.235 0.0000000000
102112  47.867  5.404  45.128 0.0000000000
102117  47.642  5.767  44.434 0.0000000000
102118  47.151  5.160  44.106 0.0000000000
102119  46.688  4.541  43.775 0.0000000000
100382  45.810  2.527  42.657 0.0000000000
98312  46.118  1.510  42.084 0.0000000000
97194  46.159  0.762  41.120 0.0000000000
97209  46.554  0.441  40.405 0.0000000000
98252  56.804  1.871  48.168 0.0000000000
98258  56.739  1.937  47.400 0.0000000000
99315  56.823  2.403  46.685 0.0000000000
100343  56.561  2.790  45.591 0.0000000000
99323  55.730  2.219  44.884 0.0000000000
99332  55.898  2.499  44.417 0.0000000000
100359  55.910  2.992  43.853 0.0000000000
100377  55.381  3.194  43.321 0.0000000000
97272  53.178  1.607  35.004 0.0000000000
97256  53.599  1.790  35.778 0.0000000000
97271  53.479  1.954  35.314 0.0000000000
98390  53.139  2.118  35.081 0.0000000000
98379  51.749  1.874  35.628 0.0000000000
97275  49.818  0.889  34.919 0.0000000000
98404  47.822  1.188  33.484 0.0000000000
98418  47.709  1.352  33.080 0.0000000000
97302  47.605  1.227  33.468 0.0000000000
97325  46.338  1.277  31.565 0.0000000000
96224  46.362  -0.286  32.467 0.0000000000
94259  47.789  -1.969  33.433 0.0000000000
94265  48.024  -1.622  32.576 0.0000000000
93255  47.829  -2.681  33.933 0.0000000000
96087  49.483  -0.749  51.373 0.0000000000
93141  49.290  -3.333  50.688 0.0000000000
93131  48.832  -3.394  51.056 0.0000000000
94159  47.945  -3.002  48.514 0.0000000000
102919  49.793  6.178  47.184 0.0000000000
102107  49.498  5.615  47.105 0.0000000000
101288  50.275  5.008  47.894 0.0000000000
101289  49.747  4.932  47.479 0.0000000000
101291  49.245  4.818  47.022 0.0000000000
100340  49.411  3.989  46.618 0.0000000000
99325  49.619  2.870  45.233 0.0000000000
97175  52.695  0.559  42.168 0.0000000000
97174  53.514  1.162  42.498 0.0000000000
95237  50.469  -1.183  36.158 0.0000000000
97258  52.888  0.741  35.723 0.0000000000
98427  52.226  1.062  32.539 0.0000000000
97309  51.915  0.655  32.203 0.0000000000
97310  51.089  0.598  31.674 0.0000000000
97321  50.259  0.355  31.336 0.0000000000
95270  48.931  -1.543  30.325 0.0000000000
101231  55.483  4.275  52.745 0.0000000000
99255  55.819  2.993  52.123 0.0000000000
98216  56.004  2.146  51.542 0.0000000000
98243  56.066  1.558  49.921 0.0000000000
98195  54.068  2.197  52.344 0.0000000000
97105  54.227  0.964  51.762 0.0000000000
98238  55.281  1.175  50.702 0.0000000000
98247  56.137  1.428  48.948 0.0000000000
98254  55.236  1.473  47.657 0.0000000000
98261  54.245  1.664  46.438 0.0000000000
98293  52.517  1.173  43.568 0.0000000000
94126  50.714  -2.285  51.476 0.0000000000
94135  51.281  -2.201  51.077 0.0000000000
94156  50.176  -2.406  49.531 0.0000000000
94149  50.540  -2.451  50.086 0.0000000000
94148  51.148  -2.215  50.431 0.0000000000
95135  51.352  -1.666  49.590 0.0000000000
95148  48.016  -1.011  46.867 0.0000000000
96121  48.916  -0.987  47.416 0.0000000000
96120  49.669  -0.556  47.669 0.0000000000
96119  50.848  -0.219  48.007 0.0000000000
96118  51.419  0.021  48.070 0.0000000000
97139  51.286  0.463  47.528 0.0000000000
98264  51.422  1.289  45.574 0.0000000000
98271  51.323  1.223  44.796 0.0000000000
98280  51.886  1.188  44.096 0.0000000000
98294  52.025  1.073  43.666 0.0000000000
96155  51.850  -0.369  41.043 0.0000000000
95182  51.268  -0.823  40.692 0.0000000000
95195  51.340  -0.954  39.941 0.0000000000
95218  50.172  -1.795  37.669 0.0000000000
94206  49.330  -2.579  40.657 0.0000000000
95184  49.909  -2.024  40.748 0.0000000000
96098  48.713  -0.398  51.053 0.0000000000
96099  48.077  -0.740  50.841 0.0000000000
94138  46.938  -2.368  50.812 0.0000000000
94139  46.046  -2.496  50.579 0.0000000000
102973  47.572  6.790  39.148 0.0000000000
102965  47.591  6.575  39.905 0.0000000000
102974  47.100  6.514  39.244 0.0000000000
101338  44.889  3.706  39.983 0.0000000000
98352  43.753  2.211  39.203 0.0000000000
98327  44.976  1.634  40.894 0.0000000000
99383  44.847  2.089  40.630 0.0000000000
98362  43.339  2.126  38.500 0.0000000000
98381  43.467  1.559  36.554 0.0000000000
102067  55.581  5.454  51.543 0.0000000000
102076  54.927  5.668  50.411 0.0000000000
101268  54.629  5.038  50.106 0.0000000000
99306  56.993  2.506  48.222 0.0000000000
100316  56.542  3.067  48.281 0.0000000000
100317  55.734  3.437  48.501 0.0000000000
100318  54.786  3.519  48.796 0.0000000000
100319  53.764  3.713  48.811 0.0000000000
100305  53.349  4.314  49.244 0.0000000000
100328  52.412  3.268  47.437 0.0000000000
100338  51.675  3.232  46.663 0.0000000000
100348  52.091  3.182  45.746 0.0000000000
100349  51.022  3.113  45.922 0.0000000000
99351  50.091  2.371  43.544 0.0000000000
98318  54.728  1.743  41.678 0.0000000000
97203  54.258  1.418  40.589 0.0000000000
97202  54.575  1.592  41.194 0.0000000000
99377  54.753  2.310  41.495 0.0000000000
99363  54.817  2.853  42.061 0.0000000000
98358  52.973  2.051  37.998 0.0000000000
99390  53.992  2.508  40.682 0.0000000000
99364  53.746  2.897  42.497 0.0000000000
99365  52.303  2.613  42.407 0.0000000000
99381  51.309  1.990  41.733 0.0000000000
97178  48.806  1.127  41.762 0.0000000000
97207  48.973  0.749  40.446 0.0000000000
97236  46.444  0.192  38.380 0.0000000000
97250  45.810  0.301  37.321 0.0000000000
97264  45.226  0.614  36.273 0.0000000000
98422  44.087  1.208  33.385 0.0000000000
98423  43.499  1.154  33.487 0.0000000000
93269  48.388  -3.262  31.029 0.0000000000
93248  47.934  -3.125  33.910 0.0000000000
94125  51.288  -2.044  51.524 0.0000000000
94240  47.072  -2.563  35.742 0.0000000000
95172  51.251  -0.695  41.131 0.0000000000
95247  47.061  -1.403  34.088 0.0000000000
95253  51.446  -0.444  33.037 0.0000000000
95268  51.314  -0.835  31.933 0.0000000000
96089  45.746  0.175  51.156 0.0000000000
96096  53.363  -0.300  50.830 0.0000000000
96191  52.882  0.660  36.003 0.0000000000
96238  44.601  0.561  32.735 0.0000000000
96243  50.799  -0.451  30.861 0.0000000000
97119  54.469  0.768  51.237 0.0000000000
97121  48.223  0.075  50.940 0.0000000000
97152  51.434  0.938  44.053 0.0000000000
97206  49.976  0.838  39.856 0.0000000000
97287  50.868  1.522  34.525 0.0000000000
97290  47.872  0.981  33.943 0.0000000000
97300  50.197  1.269  33.717 0.0000000000
98197  52.531  1.744  52.324 0.0000000000
98215  56.328  2.542  51.369 0.0000000000
98236  56.404  2.396  50.902 0.0000000000
98266  56.001  1.964  46.103 0.0000000000
98276  55.625  2.199  44.338 0.0000000000
98295  47.751  1.949  42.906 0.0000000000
98307  50.995  1.885  41.784 0.0000000000
98310  47.986  1.530  42.511 0.0000000000
98319  54.411  1.529  41.799 0.0000000000
98339  49.402  0.813  40.725 0.0000000000
98380  51.092  1.507  35.471 0.0000000000
98389  53.550  2.112  35.605 0.0000000000
98403  48.243  1.078  33.508 0.0000000000
98436  44.123  1.199  32.879 0.0000000000
98443  46.817  1.493  31.735 0.0000000000
99254  56.235  3.152  51.802 0.0000000000
99274  56.154  2.683  51.727 0.0000000000
99308  52.802  3.274  47.982 0.0000000000
99316  56.461  2.248  46.183 0.0000000000
99317  54.232  3.533  46.831 0.0000000000
99319  52.967  3.172  47.087 0.0000000000
99321  56.625  2.593  45.966 0.0000000000
99333  55.689  2.213  44.563 0.0000000000
99334  53.502  3.393  43.971 0.0000000000
99355  46.033  2.277  42.857 0.0000000000
99361  55.413  2.358  42.917 0.0000000000
99370  46.241  1.814  42.593 0.0000000000
99414  53.441  2.280  36.483 0.0000000000
99422  53.496  2.285  36.063 0.0000000000
99423  53.316  2.320  35.731 0.0000000000
99430  53.534  2.222  35.815 0.0000000000
99431  53.382  2.244  35.541 0.0000000000
100249  54.590  4.197  53.181 0.0000000000
100257  56.043  3.503  52.151 0.0000000000
100258  55.582  3.482  52.508 0.0000000000
100322  50.619  4.589  48.001 0.0000000000
100365  50.603  2.965  45.364 0.0000000000
100389  55.387  2.635  42.719 0.0000000000
101219  55.200  4.478  52.968 0.0000000000
101230  55.834  3.818  52.427 0.0000000000
101284  52.341  4.612  49.013 0.0000000000
101285  51.689  4.878  48.695 0.0000000000
102104  50.568  5.779  47.968 0.0000000000
102923  48.943  5.960  46.193 0.0000000000
102929  47.569  5.910  44.091 0.0000000000
