#!ascii label  , from subject A00074034 vox2ras=TkReg
908
108276  -54.423  32.027  12.641 0.0000000000
122033  -40.402  47.433  5.349 0.0000000000
116181  -41.842  40.761  13.052 0.0000000000
115327  -48.629  39.629  7.640 0.0000000000
120483  -44.802  46.221  2.761 0.0000000000
117195  -42.511  41.889  5.628 0.0000000000
115338  -44.662  40.328  4.947 0.0000000000
113508  -45.531  37.147  9.848 0.0000000000
105759  -46.306  29.277  17.186 0.0000000000
109106  -49.900  32.588  15.695 0.0000000000
122861  -39.995  48.505  -0.432 0.0000000000
122102  -46.173  47.801  0.437 0.0000000000
120500  -51.675  45.559  2.023 0.0000000000
113477  -49.145  37.014  12.107 0.0000000000
117996  -37.506  42.116  7.105 0.0000000000
117128  -46.505  41.650  11.163 0.0000000000
113511  -53.421  37.376  10.140 0.0000000000
110910  -48.594  34.523  10.922 0.0000000000
109988  -44.349  33.351  13.130 0.0000000000
108327  -53.933  31.642  10.109 0.0000000000
119670  -45.515  43.801  1.004 0.0000000000
118032  -43.722  43.218  2.711 0.0000000000
116266  -44.212  40.688  2.834 0.0000000000
115337  -43.490  39.730  5.311 0.0000000000
107390  -48.627  30.856  16.201 0.0000000000
109952  -47.258  33.458  16.939 0.0000000000
124255  -39.552  50.930  0.744 0.0000000000
122851  -49.176  48.627  0.827 0.0000000000
112581  -46.509  36.691  13.258 0.0000000000
114385  -44.653  39.147  12.493 0.0000000000
121283  -37.469  46.574  4.876 0.0000000000
119639  -38.535  45.078  5.782 0.0000000000
117188  -45.519  41.648  6.856 0.0000000000
117159  -44.353  41.408  9.194 0.0000000000
117163  -48.107  41.371  9.060 0.0000000000
115288  -49.932  40.695  10.591 0.0000000000
115311  -51.092  39.396  8.546 0.0000000000
111802  -50.909  35.390  10.066 0.0000000000
113519  -49.252  37.470  8.858 0.0000000000
111786  -44.928  35.781  11.347 0.0000000000
120468  -43.226  46.567  4.845 0.0000000000
119644  -40.614  44.791  4.819 0.0000000000
118026  -42.186  43.563  3.639 0.0000000000
116223  -44.422  42.120  4.766 0.0000000000
115340  -46.375  39.868  5.455 0.0000000000
114473  -46.969  38.833  8.041 0.0000000000
115304  -45.047  39.497  6.956 0.0000000000
114447  -43.373  38.842  8.912 0.0000000000
105794  -48.267  29.414  14.750 0.0000000000
107402  -50.711  30.384  14.529 0.0000000000
109118  -52.730  32.406  14.619 0.0000000000
124243  -34.994  50.143  2.737 0.0000000000
122085  -36.948  47.514  1.091 0.0000000000
120479  -40.069  46.032  2.114 0.0000000000
122059  -43.316  48.310  3.621 0.0000000000
122814  -46.163  48.738  3.776 0.0000000000
121341  -48.302  46.777  1.991 0.0000000000
118865  -48.653  43.327  0.300 0.0000000000
118868  -51.863  42.777  1.382 0.0000000000
111739  -47.525  35.068  14.878 0.0000000000
110886  -50.557  34.670  14.181 0.0000000000
111761  -52.888  35.155  13.427 0.0000000000
117138  -39.722  41.231  10.518 0.0000000000
117183  -40.366  41.738  6.919 0.0000000000
117156  -40.997  41.338  9.351 0.0000000000
117112  -44.152  41.349  12.076 0.0000000000
114403  -48.114  39.168  11.363 0.0000000000
113497  -51.861  37.730  11.466 0.0000000000
111794  -54.504  35.192  11.637 0.0000000000
110014  -52.860  33.621  10.945 0.0000000000
109157  -49.970  32.357  11.959 0.0000000000
108291  -47.699  31.596  12.430 0.0000000000
112623  -47.178  36.324  9.958 0.0000000000
110902  -46.784  33.931  11.982 0.0000000000
108309  -45.070  31.117  12.040 0.0000000000
107431  -54.181  31.077  12.130 0.0000000000
107468  -54.386  30.801  10.401 0.0000000000
109174  -54.303  31.859  10.638 0.0000000000
118038  -45.176  42.458  0.991 0.0000000000
117226  -44.532  41.734  2.033 0.0000000000
116281  -44.621  40.858  1.787 0.0000000000
115384  -43.513  39.950  3.402 0.0000000000
115271  -43.676  40.187  12.812 0.0000000000
121285  -39.453  47.174  4.849 0.0000000000
117201  -47.201  40.997  6.855 0.0000000000
117176  -46.705  41.403  8.161 0.0000000000
116206  -48.526  40.727  8.011 0.0000000000
116202  -49.642  40.994  9.263 0.0000000000
115309  -49.208  39.634  8.029 0.0000000000
113530  -50.509  37.966  8.733 0.0000000000
114475  -48.726  38.782  7.972 0.0000000000
120474  -44.080  46.340  3.742 0.0000000000
120473  -43.332  46.026  4.036 0.0000000000
119653  -43.135  44.900  2.975 0.0000000000
116238  -44.568  41.556  4.030 0.0000000000
118022  -43.505  42.610  3.856 0.0000000000
116224  -44.756  41.710  4.627 0.0000000000
116225  -45.271  41.268  4.859 0.0000000000
115339  -45.625  40.144  4.866 0.0000000000
115323  -45.666  39.674  6.093 0.0000000000
114492  -42.993  39.293  6.466 0.0000000000
108251  -49.104  31.575  16.189 0.0000000000
107391  -49.632  30.914  15.725 0.0000000000
108254  -50.455  31.657  15.493 0.0000000000
108262  -51.723  31.413  14.945 0.0000000000
109108  -51.533  32.139  15.022 0.0000000000
123548  -39.371  49.789  0.130 0.0000000000
123546  -37.873  49.430  0.665 0.0000000000
122097  -38.355  47.460  0.445 0.0000000000
120488  -38.140  45.996  1.430 0.0000000000
121347  -39.565  46.649  0.274 0.0000000000
121351  -43.750  46.535  0.652 0.0000000000
121335  -42.939  46.918  1.847 0.0000000000
122089  -44.524  47.650  1.874 0.0000000000
122813  -45.043  48.815  3.777 0.0000000000
122837  -46.861  48.569  1.669 0.0000000000
122093  -50.972  47.204  2.269 0.0000000000
122819  -50.124  47.963  3.223 0.0000000000
121343  -50.385  46.512  2.619 0.0000000000
120510  -49.261  45.303  0.793 0.0000000000
120511  -50.409  45.150  1.249 0.0000000000
118866  -49.753  43.263  0.500 0.0000000000
118857  -51.690  43.760  1.548 0.0000000000
112554  -42.669  36.481  15.426 0.0000000000
112550  -44.106  35.769  16.308 0.0000000000
111727  -44.377  35.869  15.366 0.0000000000
111729  -46.501  34.964  15.893 0.0000000000
111738  -46.143  35.749  14.589 0.0000000000
112595  -47.939  36.775  12.511 0.0000000000
111757  -48.299  35.709  13.667 0.0000000000
111775  -49.206  35.992  13.060 0.0000000000
110887  -51.416  34.583  14.008 0.0000000000
111777  -51.375  35.816  12.795 0.0000000000
117991  -36.653  41.790  8.395 0.0000000000
117152  -36.991  41.089  9.450 0.0000000000
117154  -38.957  41.256  9.541 0.0000000000
118010  -40.633  42.788  4.871 0.0000000000
118009  -39.821  43.201  5.243 0.0000000000
117184  -41.792  41.542  6.747 0.0000000000
117144  -45.898  41.628  10.292 0.0000000000
117158  -43.251  41.317  9.182 0.0000000000
117142  -43.850  41.360  10.354 0.0000000000
116188  -42.403  40.971  10.999 0.0000000000
117113  -44.875  41.509  11.958 0.0000000000
116185  -45.499  40.513  12.254 0.0000000000
116191  -47.074  40.947  11.413 0.0000000000
115290  -52.123  40.014  10.340 0.0000000000
115280  -51.347  39.611  11.030 0.0000000000
114408  -53.175  38.392  11.127 0.0000000000
113480  -53.427  36.952  12.098 0.0000000000
112615  -54.153  36.366  11.200 0.0000000000
110924  -53.823  34.899  10.387 0.0000000000
111804  -53.133  35.721  10.068 0.0000000000
110920  -50.191  34.932  10.381 0.0000000000
110912  -50.861  34.600  10.695 0.0000000000
110011  -49.133  33.769  11.401 0.0000000000
109156  -49.111  32.384  12.181 0.0000000000
110001  -48.613  33.151  11.936 0.0000000000
114450  -46.329  38.449  8.686 0.0000000000
113517  -47.184  37.891  8.799 0.0000000000
112632  -45.984  36.966  9.882 0.0000000000
110900  -45.126  34.415  12.217 0.0000000000
110907  -45.683  34.685  11.745 0.0000000000
109998  -45.334  33.402  12.726 0.0000000000
109153  -45.802  32.349  12.712 0.0000000000
109135  -44.754  32.272  13.015 0.0000000000
108287  -43.366  31.287  12.404 0.0000000000
106582  -51.829  29.687  12.455 0.0000000000
107445  -52.483  31.143  10.620 0.0000000000
119661  -45.306  44.538  1.285 0.0000000000
118850  -43.933  43.719  2.320 0.0000000000
118855  -44.522  43.546  1.732 0.0000000000
117221  -44.347  41.841  3.167 0.0000000000
116253  -44.454  41.066  3.459 0.0000000000
115354  -44.283  40.493  4.414 0.0000000000
115370  -43.925  40.311  3.927 0.0000000000
107385  -47.133  30.149  16.530 0.0000000000
108249  -47.289  31.573  16.583 0.0000000000
109954  -48.970  32.768  16.291 0.0000000000
124282  -41.700  50.740  -1.214 0.0000000000
122849  -47.640  48.518  0.245 0.0000000000
121367  -51.428  46.071  0.466 0.0000000000
120513  -52.489  44.880  1.715 0.0000000000
112564  -45.389  36.434  14.135 0.0000000000
113458  -46.015  37.302  13.095 0.0000000000
113475  -47.594  37.527  12.072 0.0000000000
118000  -37.744  43.021  6.220 0.0000000000
117186  -43.809  41.614  6.573 0.0000000000
117172  -42.706  41.382  7.744 0.0000000000
117174  -44.923  41.505  8.002 0.0000000000
117161  -46.312  41.563  9.203 0.0000000000
117145  -46.868  41.625  10.147 0.0000000000
116196  -48.778  40.993  10.475 0.0000000000
116197  -49.484  41.169  10.124 0.0000000000
116204  -51.561  40.249  9.416 0.0000000000
114453  -52.538  38.417  9.352 0.0000000000
112638  -52.202  36.841  9.272 0.0000000000
113509  -51.420  36.864  9.150 0.0000000000
112626  -50.473  36.371  9.322 0.0000000000
112625  -49.208  36.050  9.463 0.0000000000
112621  -45.500  36.591  10.440 0.0000000000
117107  -39.162  41.018  12.668 0.0000000000
121276  -42.340  47.473  5.426 0.0000000000
120463  -40.938  46.434  5.290 0.0000000000
120466  -41.322  45.833  4.941 0.0000000000
118839  -41.343  43.990  4.145 0.0000000000
118011  -41.797  42.585  4.638 0.0000000000
118845  -43.039  43.439  3.308 0.0000000000
118021  -42.776  42.677  4.096 0.0000000000
117196  -43.919  42.015  5.281 0.0000000000
117197  -44.704  41.974  5.541 0.0000000000
117209  -46.393  41.127  5.631 0.0000000000
115342  -47.616  40.018  6.844 0.0000000000
114474  -47.852  38.857  7.670 0.0000000000
115307  -46.993  39.264  7.577 0.0000000000
114472  -46.066  39.150  8.156 0.0000000000
114449  -45.540  38.597  8.819 0.0000000000
115321  -43.936  39.654  5.808 0.0000000000
114470  -43.993  39.435  7.538 0.0000000000
106553  -48.569  29.933  15.557 0.0000000000
106562  -49.883  30.033  14.551 0.0000000000
106573  -50.781  29.823  13.396 0.0000000000
107413  -51.538  30.234  13.694 0.0000000000
108274  -52.980  31.353  14.112 0.0000000000
108275  -53.825  31.789  13.523 0.0000000000
122055  -34.131  47.636  3.308 0.0000000000
122833  -35.947  48.660  1.532 0.0000000000
121312  -35.331  46.888  2.582 0.0000000000
121314  -37.571  46.010  2.833 0.0000000000
121315  -38.585  46.116  2.965 0.0000000000
121300  -39.980  46.906  3.939 0.0000000000
122113  -41.551  47.585  -0.846 0.0000000000
120492  -41.130  45.997  1.183 0.0000000000
121318  -41.932  47.254  2.991 0.0000000000
122057  -42.050  48.173  4.451 0.0000000000
122048  -43.618  48.116  5.002 0.0000000000
122050  -45.407  48.223  4.571 0.0000000000
121322  -46.698  47.491  3.404 0.0000000000
122827  -48.052  48.938  2.595 0.0000000000
122076  -47.865  47.913  3.299 0.0000000000
121340  -47.051  46.718  2.229 0.0000000000
119662  -46.474  45.062  0.897 0.0000000000
118863  -46.476  43.354  0.460 0.0000000000
118045  -47.875  42.238  -0.047 0.0000000000
118047  -49.947  42.264  0.308 0.0000000000
118852  -53.143  43.139  3.100 0.0000000000
110846  -47.698  33.974  16.400 0.0000000000
110851  -48.769  33.928  15.654 0.0000000000
111756  -47.012  35.803  13.792 0.0000000000
111740  -48.727  34.932  14.554 0.0000000000
110853  -50.266  33.633  15.025 0.0000000000
109968  -51.594  33.234  14.689 0.0000000000
109990  -53.024  33.775  14.183 0.0000000000
109992  -54.360  33.568  13.459 0.0000000000
117109  -41.228  41.016  12.319 0.0000000000
118832  -39.263  43.855  5.425 0.0000000000
118823  -38.830  43.203  5.833 0.0000000000
117182  -39.444  41.730  7.580 0.0000000000
117170  -40.201  41.513  8.350 0.0000000000
117169  -39.208  41.466  8.546 0.0000000000
117139  -40.747  41.199  10.438 0.0000000000
117123  -41.620  40.953  11.322 0.0000000000
117110  -42.240  40.928  12.255 0.0000000000
115273  -45.167  39.981  12.401 0.0000000000
114387  -46.387  39.153  11.981 0.0000000000
113494  -48.373  38.087  11.512 0.0000000000
115278  -48.884  40.157  10.733 0.0000000000
114404  -49.274  38.948  11.205 0.0000000000
112612  -50.443  37.042  11.698 0.0000000000
112599  -51.992  36.736  12.266 0.0000000000
111780  -54.343  35.349  12.642 0.0000000000
110005  -54.661  33.564  12.541 0.0000000000
109167  -54.130  32.470  10.634 0.0000000000
109166  -53.341  32.718  10.812 0.0000000000
108313  -51.813  31.660  11.359 0.0000000000
111792  -52.016  35.078  10.312 0.0000000000
110013  -51.446  33.480  11.343 0.0000000000
108312  -50.803  31.283  11.558 0.0000000000
107426  -49.208  30.991  11.861 0.0000000000
107425  -48.287  30.862  12.070 0.0000000000
113518  -48.302  37.533  8.764 0.0000000000
112624  -48.137  36.097  9.677 0.0000000000
111789  -47.932  34.949  10.778 0.0000000000
111797  -46.020  36.071  10.554 0.0000000000
111788  -46.933  35.074  10.930 0.0000000000
110909  -47.511  34.248  11.440 0.0000000000
109154  -47.064  32.452  12.544 0.0000000000
108290  -46.666  31.563  12.422 0.0000000000
108296  -54.178  31.402  12.588 0.0000000000
107448  -54.218  30.726  11.407 0.0000000000
108297  -54.491  31.647  11.845 0.0000000000
108316  -54.459  31.451  10.902 0.0000000000
117229  -45.383  41.562  0.815 0.0000000000
117228  -44.892  41.616  1.396 0.0000000000
116175  -42.819  40.064  13.267 0.0000000000
122032  -39.764  47.216  5.305 0.0000000000
121272  -38.981  46.641  5.382 0.0000000000
121273  -39.879  46.811  5.499 0.0000000000
116215  -48.149  40.446  7.549 0.0000000000
117191  -47.622  40.965  7.421 0.0000000000
116207  -48.976  40.647  8.363 0.0000000000
114476  -49.625  38.802  8.287 0.0000000000
115308  -48.515  39.281  7.675 0.0000000000
121321  -45.163  46.696  3.364 0.0000000000
120481  -43.409  45.523  3.363 0.0000000000
120482  -44.099  45.825  3.043 0.0000000000
105770  -46.900  29.482  16.503 0.0000000000
109103  -49.428  32.306  16.059 0.0000000000
108252  -49.813  31.637  15.794 0.0000000000
109104  -50.058  32.095  15.686 0.0000000000
108255  -51.205  31.626  15.160 0.0000000000
109107  -50.663  32.338  15.297 0.0000000000
123561  -39.852  49.499  -0.272 0.0000000000
123560  -39.227  49.219  -0.074 0.0000000000
122846  -39.476  48.012  -0.179 0.0000000000
122098  -39.255  47.427  0.099 0.0000000000
122111  -39.810  47.727  -0.233 0.0000000000
121364  -45.220  46.966  -0.115 0.0000000000
121363  -44.485  46.539  -0.246 0.0000000000
121352  -44.731  47.041  0.705 0.0000000000
121337  -44.553  47.288  1.324 0.0000000000
122090  -45.248  48.022  1.773 0.0000000000
122825  -45.743  48.638  2.639 0.0000000000
122836  -45.981  48.257  1.455 0.0000000000
121344  -51.341  46.509  2.255 0.0000000000
121327  -51.137  46.839  2.799 0.0000000000
120499  -50.913  45.764  2.184 0.0000000000
119664  -51.454  44.861  1.625 0.0000000000
112561  -43.009  36.826  14.818 0.0000000000
112555  -43.573  36.236  15.198 0.0000000000
111736  -44.497  36.140  14.814 0.0000000000
111728  -45.355  35.545  15.592 0.0000000000
112596  -48.749  36.531  12.531 0.0000000000
111774  -48.607  36.116  13.052 0.0000000000
111776  -50.265  35.871  12.958 0.0000000000
112597  -49.729  36.611  12.260 0.0000000000
117992  -37.396  41.616  8.212 0.0000000000
117167  -37.416  41.362  8.824 0.0000000000
117168  -38.139  41.414  8.501 0.0000000000
117204  -41.354  42.330  5.059 0.0000000000
117194  -41.127  42.012  5.735 0.0000000000
117143  -44.894  41.479  10.336 0.0000000000
117126  -44.457  41.467  11.303 0.0000000000
117127  -45.432  41.570  11.373 0.0000000000
116190  -45.964  40.987  11.947 0.0000000000
114429  -53.197  38.273  10.265 0.0000000000
115291  -52.684  38.979  10.644 0.0000000000
114409  -53.626  37.923  10.869 0.0000000000
113512  -53.724  37.264  10.770 0.0000000000
112629  -53.656  36.506  10.304 0.0000000000
110919  -49.364  34.879  10.430 0.0000000000
110911  -49.708  34.378  10.834 0.0000000000
110010  -48.170  33.775  11.539 0.0000000000
113516  -45.919  37.730  9.401 0.0000000000
109997  -44.759  33.924  12.689 0.0000000000
109989  -44.937  32.946  13.062 0.0000000000
109134  -43.665  32.198  13.148 0.0000000000
107466  -53.333  31.027  9.962 0.0000000000
108326  -53.410  31.609  10.378 0.0000000000
116267  -44.493  41.022  2.334 0.0000000000
117222  -44.403  41.709  2.641 0.0000000000
115369  -42.733  39.609  4.086 0.0000000000
108248  -46.592  31.602  16.740 0.0000000000
109102  -48.641  32.310  16.354 0.0000000000
109953  -48.333  33.194  16.378 0.0000000000
124985  -42.051  51.480  -0.940 0.0000000000
121366  -50.731  46.507  -0.190 0.0000000000
120517  -51.763  45.316  0.129 0.0000000000
120529  -50.467  45.211  -1.197 0.0000000000
113472  -44.537  38.506  12.726 0.0000000000
113473  -45.112  38.312  12.614 0.0000000000
113474  -46.320  37.872  12.307 0.0000000000
118822  -38.291  43.875  5.911 0.0000000000
117187  -44.684  41.674  6.734 0.0000000000
117177  -47.529  41.303  8.200 0.0000000000
117162  -47.216  41.494  9.147 0.0000000000
117146  -47.751  41.457  9.954 0.0000000000
117147  -48.666  41.302  9.840 0.0000000000
116209  -50.981  40.140  8.749 0.0000000000
116203  -50.774  40.748  9.348 0.0000000000
116210  -51.506  39.732  8.903 0.0000000000
115296  -52.068  39.407  9.245 0.0000000000
115312  -51.527  39.206  8.738 0.0000000000
113522  -52.090  37.389  8.956 0.0000000000
114452  -51.565  38.454  8.720 0.0000000000
113529  -49.848  38.079  8.617 0.0000000000
112637  -50.282  37.034  9.105 0.0000000000
112636  -49.666  36.858  9.171 0.0000000000
121289  -43.123  47.198  5.285 0.0000000000
121288  -42.088  46.826  5.330 0.0000000000
120467  -42.576  46.317  4.881 0.0000000000
119649  -42.505  44.917  3.504 0.0000000000
119648  -41.730  44.763  4.024 0.0000000000
118843  -41.906  44.040  3.648 0.0000000000
118020  -41.723  43.213  4.061 0.0000000000
118849  -43.289  43.821  2.874 0.0000000000
118028  -43.595  42.801  3.291 0.0000000000
116237  -44.314  42.107  4.575 0.0000000000
117215  -43.452  42.518  4.121 0.0000000000
117206  -43.335  42.313  4.612 0.0000000000
118012  -42.464  42.448  4.625 0.0000000000
115355  -45.938  40.532  4.762 0.0000000000
116226  -45.620  41.261  5.115 0.0000000000
116241  -46.448  40.728  5.414 0.0000000000
116227  -46.763  40.491  5.928 0.0000000000
115341  -46.909  40.044  6.195 0.0000000000
115325  -47.174  39.585  7.119 0.0000000000
115324  -46.411  39.676  6.523 0.0000000000
115305  -45.801  39.403  7.177 0.0000000000
107389  -47.558  30.651  16.462 0.0000000000
106549  -48.153  30.206  16.099 0.0000000000
107394  -50.104  30.485  15.060 0.0000000000
107401  -50.241  30.310  14.742 0.0000000000
106563  -50.435  30.018  14.008 0.0000000000
107412  -50.875  30.104  13.928 0.0000000000
108263  -52.371  31.597  14.681 0.0000000000
107404  -52.460  31.127  14.382 0.0000000000
108264  -53.167  31.898  14.365 0.0000000000
109119  -53.470  32.538  14.219 0.0000000000
124240  -35.097  50.782  2.950 0.0000000000
124235  -33.934  50.624  3.923 0.0000000000
123530  -33.957  49.412  3.284 0.0000000000
122809  -33.720  48.559  3.526 0.0000000000
123533  -34.589  49.453  2.772 0.0000000000
124952  -39.721  51.827  1.283 0.0000000000
124951  -38.426  51.206  1.616 0.0000000000
122835  -37.334  48.556  0.751 0.0000000000
122834  -36.610  48.595  1.162 0.0000000000
122084  -36.154  47.827  1.495 0.0000000000
121329  -35.676  47.442  1.905 0.0000000000
121330  -36.250  46.875  1.787 0.0000000000
121313  -36.474  46.205  2.662 0.0000000000
121331  -37.358  46.300  1.644 0.0000000000
120478  -39.172  45.788  2.088 0.0000000000
121316  -39.577  46.303  2.975 0.0000000000
121360  -41.522  46.745  -0.357 0.0000000000
121349  -41.390  46.099  0.543 0.0000000000
122087  -43.145  47.556  2.558 0.0000000000
121319  -42.687  47.401  2.627 0.0000000000
122071  -42.814  47.853  3.233 0.0000000000
121302  -41.687  47.813  3.975 0.0000000000
122058  -42.821  48.353  4.092 0.0000000000
122047  -42.625  48.348  4.963 0.0000000000
122811  -43.390  48.506  4.000 0.0000000000
122805  -45.262  48.541  4.399 0.0000000000
122806  -45.701  48.449  4.329 0.0000000000
121305  -45.630  47.633  4.218 0.0000000000
121306  -46.350  47.956  4.051 0.0000000000
122850  -48.502  48.912  0.450 0.0000000000
122838  -47.847  48.878  1.642 0.0000000000
122839  -48.711  48.958  1.762 0.0000000000
122078  -49.525  47.494  3.076 0.0000000000
122064  -49.564  47.834  3.251 0.0000000000
122077  -48.808  47.757  3.030 0.0000000000
121323  -47.968  47.421  2.722 0.0000000000
120495  -46.103  45.864  1.578 0.0000000000
120496  -47.385  45.899  1.146 0.0000000000
119673  -48.363  44.352  0.480 0.0000000000
119672  -47.162  44.508  0.565 0.0000000000
118864  -47.524  43.391  0.212 0.0000000000
118867  -50.850  43.094  0.847 0.0000000000
118046  -48.900  42.384  0.199 0.0000000000
117238  -50.228  41.139  0.267 0.0000000000
118048  -51.157  42.110  0.519 0.0000000000
119666  -52.925  44.110  2.253 0.0000000000
111724  -46.155  34.847  16.956 0.0000000000
111730  -47.280  34.672  15.642 0.0000000000
110849  -47.256  34.453  16.095 0.0000000000
110850  -47.887  34.330  15.710 0.0000000000
110847  -48.298  33.808  16.087 0.0000000000
110862  -48.395  34.485  15.149 0.0000000000
112565  -46.023  36.358  13.864 0.0000000000
111755  -46.409  36.120  13.861 0.0000000000
111758  -49.652  35.208  13.935 0.0000000000
111741  -49.358  34.709  14.567 0.0000000000
110863  -49.122  34.339  14.997 0.0000000000
110864  -49.927  34.329  14.693 0.0000000000
110865  -50.933  33.939  14.606 0.0000000000
111760  -51.886  35.177  13.403 0.0000000000
110888  -52.339  34.542  13.898 0.0000000000
110889  -53.217  34.350  13.881 0.0000000000
109991  -53.569  33.470  14.127 0.0000000000
110890  -54.076  34.344  13.673 0.0000000000
117137  -38.725  41.108  10.544 0.0000000000
117121  -39.467  41.137  11.543 0.0000000000
120465  -40.506  45.396  5.036 0.0000000000
119641  -39.988  44.844  5.177 0.0000000000
118002  -39.546  42.480  5.934 0.0000000000
117998  -39.543  42.048  6.892 0.0000000000
117997  -38.851  42.175  6.977 0.0000000000
117173  -43.925  41.490  7.921 0.0000000000
117157  -42.095  41.248  9.225 0.0000000000
117155  -39.960  41.371  9.481 0.0000000000
117140  -41.730  41.024  10.375 0.0000000000
117124  -42.554  41.049  11.445 0.0000000000
117111  -43.214  41.162  12.212 0.0000000000
116183  -43.897  40.791  12.558 0.0000000000
115276  -46.703  40.121  11.799 0.0000000000
115274  -45.892  39.993  12.149 0.0000000000
114402  -47.154  39.268  11.657 0.0000000000
113493  -47.352  38.382  11.702 0.0000000000
115287  -49.295  40.799  10.481 0.0000000000
115279  -50.192  39.841  10.949 0.0000000000
114406  -51.570  38.624  11.232 0.0000000000
114405  -50.487  38.749  11.184 0.0000000000
113496  -50.868  37.733  11.239 0.0000000000
112613  -51.306  37.100  11.702 0.0000000000
112614  -51.846  37.226  11.816 0.0000000000
112602  -54.384  35.897  11.868 0.0000000000
112601  -53.987  36.500  12.250 0.0000000000
110891  -54.494  34.392  13.006 0.0000000000
110903  -54.592  34.441  12.120 0.0000000000
110016  -54.492  33.525  11.405 0.0000000000
110916  -54.487  34.471  11.494 0.0000000000
110914  -53.460  34.432  10.554 0.0000000000
110015  -53.882  33.574  10.666 0.0000000000
108314  -52.903  31.875  10.824 0.0000000000
109165  -52.347  32.632  11.280 0.0000000000
112627  -51.677  36.337  9.506 0.0000000000
111803  -52.150  35.485  10.034 0.0000000000
111791  -51.634  35.050  10.336 0.0000000000
110003  -50.474  32.972  11.701 0.0000000000
110004  -51.016  32.840  11.734 0.0000000000
109159  -51.408  32.468  11.642 0.0000000000
108294  -50.379  31.765  11.919 0.0000000000
108311  -50.112  31.242  11.763 0.0000000000
108293  -49.602  31.602  12.034 0.0000000000
108292  -48.686  31.606  12.277 0.0000000000
107424  -47.314  30.911  12.072 0.0000000000
113526  -47.519  38.465  8.220 0.0000000000
113527  -48.083  38.254  8.296 0.0000000000
112634  -47.723  36.976  9.396 0.0000000000
111799  -47.576  35.609  10.381 0.0000000000
112611  -44.989  36.133  10.995 0.0000000000
111787  -45.692  35.489  11.152 0.0000000000
110901  -45.982  34.096  12.200 0.0000000000
110908  -46.420  34.573  11.567 0.0000000000
110000  -47.564  33.405  12.064 0.0000000000
109999  -46.438  33.303  12.475 0.0000000000
109152  -45.217  31.811  12.684 0.0000000000
108289  -45.647  31.337  12.259 0.0000000000
108310  -45.388  30.956  11.873 0.0000000000
107430  -53.523  30.650  12.613 0.0000000000
107447  -53.733  30.337  11.700 0.0000000000
106605  -54.299  30.270  9.856 0.0000000000
118862  -45.657  43.249  0.785 0.0000000000
118037  -44.658  42.550  1.585 0.0000000000
116280  -44.141  40.230  2.129 0.0000000000
114384  -43.885  39.462  12.776 0.0000000000
121284  -38.478  46.719  4.878 0.0000000000
117189  -46.332  41.455  7.032 0.0000000000
117190  -47.034  41.223  7.289 0.0000000000
117178  -48.392  41.043  8.197 0.0000000000
117164  -48.959  41.143  8.983 0.0000000000
117179  -48.794  40.978  8.503 0.0000000000
116208  -50.005  40.288  8.724 0.0000000000
115310  -50.295  39.508  8.420 0.0000000000
114477  -50.670  38.662  8.512 0.0000000000
113528  -48.960  38.161  8.495 0.0000000000
121303  -43.666  46.871  4.705 0.0000000000
119650  -43.070  45.367  3.429 0.0000000000
119652  -42.781  44.475  3.189 0.0000000000
117216  -44.114  42.250  3.832 0.0000000000
117207  -44.215  42.183  4.245 0.0000000000
115322  -44.682  39.780  6.057 0.0000000000
106560  -48.201  29.572  15.205 0.0000000000
107392  -50.155  31.309  15.548 0.0000000000
107395  -50.737  31.013  15.277 0.0000000000
107403  -51.767  30.875  14.684 0.0000000000
108256  -51.807  31.751  14.959 0.0000000000
109109  -52.126  32.082  14.897 0.0000000000
124934  -35.511  51.118  2.924 0.0000000000
124266  -39.150  50.249  0.537 0.0000000000
124265  -38.455  50.074  0.720 0.0000000000
123547  -38.699  49.406  0.285 0.0000000000
122844  -38.118  48.512  0.412 0.0000000000
122096  -37.656  47.805  0.667 0.0000000000
121332  -38.172  46.498  0.963 0.0000000000
120489  -38.845  45.830  1.117 0.0000000000
120490  -39.818  45.744  1.332 0.0000000000
121362  -43.427  46.407  -0.541 0.0000000000
121350  -42.614  46.209  0.638 0.0000000000
121336  -44.055  47.084  1.444 0.0000000000
122088  -43.758  47.518  2.225 0.0000000000
122073  -44.253  48.071  2.613 0.0000000000
122812  -44.001  48.492  3.725 0.0000000000
122824  -44.663  48.547  3.065 0.0000000000
122826  -47.033  48.945  2.700 0.0000000000
122104  -49.837  48.142  1.448 0.0000000000
122840  -49.559  48.492  2.104 0.0000000000
122092  -50.267  47.967  2.347 0.0000000000
121326  -50.467  47.169  3.107 0.0000000000
121342  -49.476  46.696  2.200 0.0000000000
120497  -48.803  46.186  1.205 0.0000000000
120498  -49.992  46.054  1.662 0.0000000000
119674  -49.540  44.266  0.639 0.0000000000
119675  -50.686  44.117  0.970 0.0000000000
113441  -41.164  37.833  15.091 0.0000000000
113438  -42.070  36.889  15.322 0.0000000000
112553  -41.939  36.569  15.848 0.0000000000
111726  -43.891  35.927  15.655 0.0000000000
112582  -47.498  36.318  13.088 0.0000000000
112583  -48.205  36.257  12.948 0.0000000000
111759  -50.848  35.201  13.529 0.0000000000
117153  -37.999  41.180  9.578 0.0000000000
118838  -40.811  43.918  4.616 0.0000000000
118833  -40.155  43.886  5.007 0.0000000000
118003  -40.380  42.334  5.676 0.0000000000
117193  -40.332  42.140  6.098 0.0000000000
117141  -42.689  41.149  10.499 0.0000000000
117125  -43.489  41.317  11.371 0.0000000000
116184  -44.942  40.936  12.389 0.0000000000
116189  -45.328  41.353  12.011 0.0000000000
115277  -47.669  40.142  11.360 0.0000000000
115289  -50.946  40.408  10.547 0.0000000000
115281  -52.246  39.209  11.024 0.0000000000
115282  -52.723  38.853  11.059 0.0000000000
113498  -52.717  37.767  11.535 0.0000000000
113479  -52.871  37.196  12.032 0.0000000000
113499  -53.583  37.388  11.539 0.0000000000
111793  -54.312  35.528  11.099 0.0000000000
110915  -54.197  34.655  10.890 0.0000000000
111805  -53.918  35.537  10.475 0.0000000000
110923  -53.312  35.039  10.166 0.0000000000
110921  -50.633  34.968  10.383 0.0000000000
110012  -50.184  33.686  11.271 0.0000000000
110002  -49.573  33.056  11.769 0.0000000000
109155  -48.131  32.438  12.341 0.0000000000
112633  -46.741  37.107  9.696 0.0000000000
112622  -46.336  36.478  10.188 0.0000000000
111772  -44.664  35.340  11.828 0.0000000000
111773  -45.269  34.951  11.696 0.0000000000
109136  -45.220  32.740  12.942 0.0000000000
108288  -44.644  31.431  12.447 0.0000000000
108273  -44.036  31.701  12.885 0.0000000000
108272  -43.684  31.689  12.874 0.0000000000
106581  -50.960  29.533  12.520 0.0000000000
120494  -44.929  45.728  2.150 0.0000000000
120493  -44.258  45.228  2.348 0.0000000000
119660  -44.382  44.581  1.951 0.0000000000
118033  -44.183  42.674  2.406 0.0000000000
118029  -44.197  42.270  2.904 0.0000000000
115353  -43.205  39.772  4.632 0.0000000000
106543  -46.898  29.890  16.656 0.0000000000
107384  -46.832  30.277  16.713 0.0000000000
108250  -48.171  31.560  16.395 0.0000000000
109958  -49.283  33.187  15.978 0.0000000000
124968  -41.112  51.699  0.295 0.0000000000
124268  -40.788  50.741  -0.330 0.0000000000
124281  -41.116  50.249  -0.938 0.0000000000
124289  -41.726  50.156  -1.484 0.0000000000
122103  -46.816  48.011  0.127 0.0000000000
122119  -49.598  47.845  0.065 0.0000000000
122120  -50.419  47.146  0.176 0.0000000000
121354  -51.066  46.783  0.777 0.0000000000
121355  -51.529  46.265  1.460 0.0000000000
120501  -52.419  44.666  2.049 0.0000000000
120512  -51.965  45.525  1.164 0.0000000000
119676  -52.429  44.858  0.769 0.0000000000
113457  -45.394  37.563  13.052 0.0000000000
112594  -47.153  37.001  12.613 0.0000000000
113476  -48.555  37.263  12.053 0.0000000000
118821  -37.195  43.686  6.283 0.0000000000
117185  -42.936  41.538  6.364 0.0000000000
117175  -45.839  41.451  8.078 0.0000000000
117160  -45.359  41.512  9.213 0.0000000000
117129  -47.434  41.425  10.781 0.0000000000
117130  -48.141  41.242  10.446 0.0000000000
117148  -49.232  41.178  9.532 0.0000000000
116198  -50.467  41.072  10.069 0.0000000000
116199  -51.364  40.775  10.004 0.0000000000
115297  -52.630  39.103  9.975 0.0000000000
113523  -52.867  37.544  9.532 0.0000000000
112639  -52.504  37.099  9.333 0.0000000000
113510  -51.869  36.830  9.148 0.0000000000
114451  -50.933  38.144  8.699 0.0000000000
113521  -50.924  37.467  8.952 0.0000000000
111801  -49.779  35.443  9.933 0.0000000000
111800  -48.613  35.286  10.255 0.0000000000
112620  -44.531  36.758  10.737 0.0000000000
110899  -44.215  34.504  12.606 0.0000000000
110885  -43.580  34.038  13.055 0.0000000000
122034  -41.208  47.692  5.367 0.0000000000
121274  -40.809  46.983  5.512 0.0000000000
121287  -41.378  46.724  5.348 0.0000000000
119645  -41.195  44.764  4.466 0.0000000000
120472  -42.164  45.539  4.298 0.0000000000
120471  -41.583  45.241  4.417 0.0000000000
118019  -41.086  43.433  4.401 0.0000000000
117205  -42.070  42.267  5.082 0.0000000000
119654  -43.759  44.689  2.467 0.0000000000
118848  -42.947  44.251  3.079 0.0000000000
118027  -42.634  43.247  3.628 0.0000000000
117198  -45.317  41.703  5.704 0.0000000000
117199  -46.050  41.415  5.785 0.0000000000
117200  -46.768  41.085  6.233 0.0000000000
116228  -47.260  40.563  6.692 0.0000000000
115326  -48.068  39.613  7.343 0.0000000000
114495  -47.604  39.302  7.413 0.0000000000
114494  -47.318  39.186  7.581 0.0000000000
115306  -46.552  39.363  7.458 0.0000000000
113515  -45.227  38.169  9.338 0.0000000000
114493  -43.866  39.558  6.473 0.0000000000
106548  -47.307  29.857  16.392 0.0000000000
106552  -47.785  29.704  15.750 0.0000000000
106550  -48.873  30.424  15.808 0.0000000000
106554  -49.359  30.203  15.322 0.0000000000
106561  -48.887  29.678  14.801 0.0000000000
106572  -49.927  29.699  13.587 0.0000000000
106580  -50.309  29.542  12.903 0.0000000000
106574  -51.384  29.823  13.037 0.0000000000
107428  -51.779  29.967  13.051 0.0000000000
107429  -52.346  30.169  12.976 0.0000000000
107414  -52.582  30.769  13.768 0.0000000000
107415  -53.266  31.109  13.558 0.0000000000
123535  -35.867  49.939  1.929 0.0000000000
124253  -37.824  50.393  1.196 0.0000000000
123539  -36.382  49.548  1.499 0.0000000000
123534  -35.290  49.513  2.287 0.0000000000
122821  -34.877  48.617  2.427 0.0000000000
121311  -34.645  47.186  2.996 0.0000000000
121295  -34.677  46.739  3.672 0.0000000000
121296  -35.829  46.346  3.692 0.0000000000
121297  -36.947  46.275  3.808 0.0000000000
121298  -38.004  46.378  3.925 0.0000000000
121299  -39.046  46.485  4.022 0.0000000000
121286  -40.199  47.486  4.647 0.0000000000
122112  -40.560  47.593  -0.444 0.0000000000
121348  -40.500  46.604  0.096 0.0000000000
120506  -40.476  45.880  0.765 0.0000000000
120491  -40.663  45.963  1.509 0.0000000000
121334  -41.553  46.257  1.704 0.0000000000
121317  -40.691  46.500  2.756 0.0000000000
121301  -40.898  47.502  3.982 0.0000000000
122045  -40.762  47.880  4.958 0.0000000000
122035  -42.039  47.891  5.395 0.0000000000
122036  -42.766  47.875  5.355 0.0000000000
122804  -44.378  48.479  4.442 0.0000000000
122049  -44.667  48.223  4.847 0.0000000000
121290  -44.062  47.606  4.753 0.0000000000
121304  -44.455  46.917  4.239 0.0000000000
122815  -47.371  48.736  3.298 0.0000000000
122828  -48.911  48.709  2.639 0.0000000000
122816  -48.303  48.585  3.076 0.0000000000
122062  -47.711  48.347  3.404 0.0000000000
121339  -45.855  46.514  2.571 0.0000000000
120509  -48.060  45.299  0.684 0.0000000000
119671  -46.059  44.103  0.752 0.0000000000
118043  -45.879  42.421  0.573 0.0000000000
119665  -52.421  44.203  2.144 0.0000000000
118858  -52.490  43.251  2.155 0.0000000000
110845  -46.892  34.328  16.729 0.0000000000
109957  -48.691  33.539  16.066 0.0000000000
110852  -49.585  33.751  15.329 0.0000000000
109959  -50.093  33.092  15.421 0.0000000000
109967  -50.780  33.096  14.941 0.0000000000
109117  -51.998  32.606  14.791 0.0000000000
110866  -51.939  33.961  14.388 0.0000000000
109970  -53.123  32.921  14.406 0.0000000000
109137  -54.085  32.801  13.815 0.0000000000
109138  -54.496  32.715  13.071 0.0000000000
117120  -38.442  41.108  11.520 0.0000000000
117108  -40.226  41.132  12.497 0.0000000000
120462  -40.218  45.981  5.321 0.0000000000
118831  -38.816  44.485  5.633 0.0000000000
118001  -38.390  42.700  6.218 0.0000000000
117181  -38.611  41.667  7.717 0.0000000000
117171  -41.330  41.392  8.073 0.0000000000
116194  -41.906  40.861  10.924 0.0000000000
117122  -40.504  41.151  11.457 0.0000000000
116182  -42.935  40.604  12.948 0.0000000000
115272  -44.369  40.111  12.574 0.0000000000
114386  -45.573  39.060  12.276 0.0000000000
113492  -46.776  38.640  11.860 0.0000000000
116192  -48.052  40.934  10.998 0.0000000000
113495  -49.563  37.579  11.445 0.0000000000
112598  -50.841  36.458  12.203 0.0000000000
111778  -52.457  35.866  12.865 0.0000000000
112600  -53.063  36.544  12.444 0.0000000000
111779  -53.481  35.797  12.898 0.0000000000
111762  -53.796  35.062  13.420 0.0000000000
111763  -54.260  34.837  13.252 0.0000000000
109160  -54.733  32.624  12.099 0.0000000000
109168  -54.529  32.276  11.211 0.0000000000
108315  -53.605  32.068  10.557 0.0000000000
112628  -52.751  36.605  9.709 0.0000000000
110922  -52.755  35.213  10.115 0.0000000000
110913  -52.295  34.695  10.533 0.0000000000
107443  -50.078  30.576  11.316 0.0000000000
112635  -48.720  36.825  9.241 0.0000000000
111790  -48.377  34.917  10.650 0.0000000000
111798  -46.617  35.834  10.528 0.0000000000
106547  -46.799  29.607  16.694 0.0000000000
106589  -51.413  29.363  11.881 0.0000000000
107387  -46.357  31.135  16.815 0.0000000000
107396  -51.383  31.235  15.048 0.0000000000
107427  -49.741  31.071  11.793 0.0000000000
107446  -53.046  31.419  10.441 0.0000000000
108295  -51.053  31.871  11.813 0.0000000000
109116  -51.304  32.633  14.911 0.0000000000
109158  -50.716  32.376  11.873 0.0000000000
109969  -52.600  33.294  14.470 0.0000000000
110009  -47.732  33.783  11.666 0.0000000000
110867  -52.644  34.001  14.213 0.0000000000
112549  -43.548  35.928  16.121 0.0000000000
112616  -54.382  35.770  11.447 0.0000000000
113478  -52.260  37.335  11.823 0.0000000000
113520  -50.076  37.466  8.890 0.0000000000
114407  -52.422  38.463  11.240 0.0000000000
114430  -53.567  37.760  10.516 0.0000000000
114478  -51.250  38.946  8.566 0.0000000000
115269  -43.272  39.815  13.145 0.0000000000
115356  -46.310  40.325  4.889 0.0000000000
115357  -46.710  40.222  5.380 0.0000000000
116187  -42.142  40.865  11.135 0.0000000000
116195  -42.177  40.913  10.797 0.0000000000
116201  -49.221  40.978  8.861 0.0000000000
116216  -48.658  40.009  7.701 0.0000000000
116239  -45.696  40.828  4.820 0.0000000000
116240  -46.022  40.886  5.042 0.0000000000
117165  -49.296  41.121  9.282 0.0000000000
117208  -46.244  41.086  5.386 0.0000000000
118034  -53.252  42.713  2.817 0.0000000000
118844  -42.605  43.924  3.285 0.0000000000
118851  -52.886  43.446  2.679 0.0000000000
118853  -53.390  43.070  2.906 0.0000000000
118856  -45.092  43.348  1.199 0.0000000000
118859  -52.853  42.776  2.840 0.0000000000
119655  -52.856  43.780  2.488 0.0000000000
119656  -53.088  43.517  2.742 0.0000000000
119657  -53.237  43.275  2.909 0.0000000000
119663  -47.088  45.178  0.807 0.0000000000
119667  -53.248  43.419  2.600 0.0000000000
120477  -38.234  45.767  2.012 0.0000000000
120480  -40.556  46.156  2.075 0.0000000000
120484  -51.103  46.396  2.696 0.0000000000
120485  -51.317  46.356  2.529 0.0000000000
120504  -39.201  46.171  0.545 0.0000000000
120505  -39.727  45.983  0.602 0.0000000000
120507  -40.899  45.900  0.988 0.0000000000
120508  -47.406  45.232  0.754 0.0000000000
120516  -51.045  45.731  -0.502 0.0000000000
121275  -41.654  47.316  5.451 0.0000000000
121291  -44.910  47.755  4.687 0.0000000000
121307  -49.963  47.428  3.249 0.0000000000
121308  -50.125  47.616  3.256 0.0000000000
121320  -44.450  46.484  3.607 0.0000000000
121324  -49.055  47.278  2.644 0.0000000000
121325  -49.839  47.007  3.025 0.0000000000
121333  -40.854  46.205  1.990 0.0000000000
121338  -45.175  46.355  2.675 0.0000000000
121346  -38.841  46.637  0.510 0.0000000000
121353  -45.279  47.236  0.391 0.0000000000
121359  -41.019  47.108  -0.398 0.0000000000
122044  -40.074  47.568  5.108 0.0000000000
122046  -41.633  48.199  5.063 0.0000000000
122056  -41.411  47.941  4.560 0.0000000000
122060  -46.036  48.270  4.241 0.0000000000
122061  -46.833  48.293  3.782 0.0000000000
122063  -48.585  48.159  3.209 0.0000000000
122065  -50.100  47.745  3.253 0.0000000000
122068  -34.673  47.743  2.655 0.0000000000
122069  -35.211  47.855  2.143 0.0000000000
122070  -42.258  47.912  3.779 0.0000000000
122072  -43.597  48.097  2.970 0.0000000000
122074  -44.875  48.250  2.394 0.0000000000
122075  -47.295  48.081  3.549 0.0000000000
122079  -50.297  47.733  3.053 0.0000000000
122080  -50.695  47.373  2.823 0.0000000000
122083  -35.659  48.068  1.776 0.0000000000
122086  -37.669  47.067  0.903 0.0000000000
122091  -49.937  48.290  1.988 0.0000000000
122099  -39.933  47.199  -0.004 0.0000000000
122100  -44.909  47.507  1.305 0.0000000000
122101  -45.496  47.655  0.882 0.0000000000
122105  -50.504  47.432  1.256 0.0000000000
122106  -51.189  46.879  1.650 0.0000000000
122116  -45.702  47.404  0.126 0.0000000000
122803  -43.486  48.396  4.415 0.0000000000
122810  -34.286  48.563  2.955 0.0000000000
122817  -49.146  48.271  3.033 0.0000000000
122818  -49.827  48.103  3.207 0.0000000000
122822  -35.427  48.656  1.960 0.0000000000
122823  -44.109  48.377  3.083 0.0000000000
122829  -49.585  48.347  2.825 0.0000000000
122830  -50.079  48.160  3.001 0.0000000000
122841  -49.896  48.294  2.634 0.0000000000
122845  -39.028  48.426  -0.002 0.0000000000
122847  -46.050  47.996  0.905 0.0000000000
122848  -46.597  48.206  0.832 0.0000000000
122860  -39.481  48.911  -0.250 0.0000000000
122862  -41.315  48.544  -1.056 0.0000000000
123538  -35.739  49.274  1.782 0.0000000000
123540  -37.130  49.474  1.056 0.0000000000
123562  -40.684  49.385  -0.735 0.0000000000
124239  -34.404  50.424  3.254 0.0000000000
124244  -35.650  50.521  2.503 0.0000000000
124245  -36.561  50.583  1.968 0.0000000000
124252  -37.035  50.154  1.471 0.0000000000
124254  -38.846  50.777  1.038 0.0000000000
124267  -40.017  50.551  0.150 0.0000000000
124280  -40.462  50.084  -0.428 0.0000000000
124291  -42.314  51.250  -1.950 0.0000000000
124929  -34.366  50.992  3.832 0.0000000000
124950  -37.794  50.946  1.681 0.0000000000
124967  -40.086  51.266  0.611 0.0000000000
124984  -41.389  50.981  -0.619 0.0000000000
124995  -42.244  51.329  -1.647 0.0000000000
