#!ascii label  , from subject A00074034 vox2ras=TkReg
1036
57011  -18.239  -15.949  -2.046 0.5555555820
57012  -18.959  -16.085  -2.331 0.6666666865
58072  -19.247  -15.696  -3.079 0.7777777910
57028  -20.052  -15.906  -3.095 0.7777777910
58111  -19.973  -15.168  -4.393 0.8888888955
59169  -21.799  -14.839  -3.574 0.8888888955
56985  -17.631  -16.274  -1.483 0.5555555820
58058  -17.498  -15.490  -2.068 0.5555555820
58071  -18.246  -15.397  -2.879 0.6666666865
58086  -18.427  -14.818  -3.415 0.8888888955
57029  -20.446  -15.702  -3.197 0.8888888955
58112  -20.345  -15.171  -4.405 0.8888888955
59193  -21.585  -14.402  -4.860 1.0000000000
59194  -22.650  -14.287  -4.207 0.8888888955
60343  -22.411  -13.812  -5.058 1.0000000000
59165  -17.638  -14.348  -3.298 0.7777777910
59190  -18.970  -14.166  -4.743 1.0000000000
60356  -19.025  -13.359  -5.571 1.0000000000
60341  -19.140  -13.940  -5.188 1.0000000000
60358  -20.550  -13.678  -6.221 1.0000000000
60359  -21.378  -13.945  -5.792 1.0000000000
61592  -19.988  -13.332  -6.420 1.0000000000
60373  -20.935  -13.147  -6.637 1.0000000000
60374  -21.361  -13.369  -6.466 1.0000000000
61594  -23.183  -12.798  -5.646 1.0000000000
61608  -21.354  -12.865  -6.975 1.0000000000
61609  -22.170  -12.878  -6.687 1.0000000000
62953  -23.737  -11.734  -5.954 1.0000000000
62964  -22.910  -11.838  -6.970 1.0000000000
64334  -24.097  -10.816  -6.524 0.7777777910
62950  -18.044  -11.648  -5.643 0.8888888955
61607  -20.442  -12.684  -6.963 1.0000000000
62951  -18.775  -12.072  -6.131 1.0000000000
61620  -20.833  -12.177  -7.580 1.0000000000
62978  -22.056  -11.856  -8.038 1.0000000000
62979  -22.683  -11.438  -7.711 1.0000000000
64349  -23.770  -10.535  -7.205 1.0000000000
65706  -24.149  -10.293  -7.087 0.8888888955
65707  -24.724  -10.193  -6.864 0.7777777910
65708  -25.708  -10.156  -6.472 0.7777777910
64331  -18.413  -10.686  -6.907 0.5555555820
64356  -19.731  -10.440  -8.823 0.7777777910
64332  -19.265  -11.147  -7.232 0.8888888955
62988  -20.718  -11.502  -8.445 1.0000000000
62977  -21.089  -11.960  -8.087 1.0000000000
64346  -20.295  -11.237  -8.358 0.8888888955
62989  -21.281  -11.471  -8.654 1.0000000000
62990  -21.757  -11.284  -8.642 1.0000000000
65719  -23.322  -10.410  -8.229 1.0000000000
65720  -24.102  -9.908  -7.874 0.8888888955
65736  -23.751  -9.257  -8.999 1.0000000000
67194  -25.073  -9.155  -7.878 0.8888888955
68530  -26.069  -8.086  -7.607 0.7777777910
67196  -26.679  -8.767  -7.303 0.6666666865
68531  -26.856  -8.112  -7.709 0.6666666865
67193  -18.102  -9.033  -8.091 0.4444444478
65718  -18.725  -10.040  -8.122 0.7777777910
67205  -19.162  -9.176  -9.245 0.6666666865
65745  -20.230  -9.847  -9.828 0.7777777910
64368  -20.732  -10.275  -9.771 0.8888888955
64369  -21.294  -10.311  -9.877 0.8888888955
64359  -22.248  -10.839  -8.734 1.0000000000
64379  -21.921  -10.147  -10.125 1.0000000000
65747  -22.458  -10.031  -9.786 1.0000000000
67219  -23.983  -8.506  -9.185 0.8888888955
68538  -24.514  -7.870  -8.828 0.7777777910
68539  -25.313  -7.796  -8.178 0.7777777910
67197  -27.669  -8.898  -7.874 0.5555555820
68540  -26.340  -7.220  -7.742 0.7777777910
68541  -27.390  -7.723  -7.994 0.6666666865
67215  -18.806  -8.112  -9.460 0.6666666865
67204  -18.493  -8.537  -8.717 0.6666666865
67217  -20.143  -9.423  -10.384 0.7777777910
67216  -19.478  -8.730  -9.985 0.7777777910
65755  -20.598  -9.651  -10.425 0.8888888955
65756  -21.206  -9.761  -10.698 0.8888888955
67229  -21.116  -9.311  -11.177 1.0000000000
65765  -21.830  -9.184  -11.378 1.0000000000
65758  -22.934  -9.268  -10.747 1.0000000000
65748  -23.189  -9.375  -9.984 0.8888888955
69927  -24.109  -7.338  -9.988 0.8888888955
69928  -24.612  -7.075  -9.216 0.8888888955
69913  -24.812  -7.404  -8.610 0.7777777910
69941  -23.715  -7.159  -10.607 0.8888888955
69943  -24.985  -6.418  -9.545 0.7777777910
69929  -25.540  -6.555  -8.876 0.7777777910
69916  -27.658  -6.843  -8.079 0.7777777910
69917  -28.152  -7.206  -8.762 0.6666666865
68547  -18.913  -7.751  -9.844 0.6666666865
67227  -19.852  -8.156  -11.114 0.8888888955
67240  -21.288  -8.745  -11.545 0.8888888955
68570  -20.986  -7.790  -11.896 1.0000000000
68560  -23.231  -7.806  -11.046 1.0000000000
68548  -23.678  -7.911  -10.322 0.8888888955
71369  -25.393  -6.196  -9.465 0.7777777910
71382  -25.079  -5.871  -10.170 0.7777777910
69931  -27.784  -6.157  -8.726 0.6666666865
69932  -28.526  -6.781  -9.641 0.5555555820
68553  -29.002  -7.875  -9.711 0.5555555820
68558  -18.632  -7.094  -9.937 0.7777777910
69939  -18.596  -6.470  -10.395 0.6666666865
68559  -19.236  -7.421  -10.550 0.8888888955
68571  -21.717  -7.906  -11.922 1.0000000000
69953  -23.414  -7.024  -11.440 0.8888888955
69966  -23.800  -6.283  -11.699 0.8888888955
69942  -24.395  -6.624  -10.137 0.8888888955
71383  -26.115  -5.110  -10.164 0.7777777910
72697  -26.607  -4.354  -10.809 0.7777777910
71372  -27.911  -5.964  -9.450 0.5555555820
71409  -24.990  -4.621  -12.099 0.7777777910
71385  -28.273  -5.399  -10.229 0.5555555820
72698  -27.499  -4.388  -10.601 0.6666666865
71378  -17.210  -5.204  -9.502 0.4444444478
71379  -17.823  -5.550  -10.231 0.5555555820
71380  -18.701  -5.802  -10.790 0.7777777910
69952  -20.504  -6.833  -11.848 1.0000000000
69940  -19.279  -6.469  -11.050 0.8888888955
69962  -20.714  -6.404  -12.107 1.0000000000
69963  -21.528  -6.531  -12.432 0.8888888955
69964  -22.275  -6.574  -12.586 0.8888888955
69965  -23.102  -6.618  -12.290 0.8888888955
71407  -22.750  -5.830  -12.872 0.8888888955
71408  -24.054  -5.321  -12.426 0.8888888955
71396  -25.934  -4.457  -10.902 0.6666666865
72699  -28.318  -4.663  -11.202 0.5555555820
74021  -17.649  -3.350  -11.233 0.6666666865
72694  -17.874  -4.521  -10.597 0.6666666865
72719  -18.656  -4.371  -12.188 0.7777777910
71404  -20.274  -5.401  -12.321 0.8888888955
72721  -20.188  -4.687  -12.684 0.7777777910
71417  -21.287  -5.142  -13.021 0.7777777910
71406  -21.839  -5.867  -12.788 0.8888888955
72734  -21.430  -4.619  -13.701 0.7777777910
71419  -22.950  -4.875  -13.111 0.7777777910
72722  -24.647  -4.536  -12.539 0.6666666865
72736  -23.167  -4.012  -13.692 0.6666666865
72738  -24.930  -3.743  -12.847 0.6666666865
72723  -25.125  -3.981  -12.471 0.6666666865
72709  -25.645  -4.019  -11.549 0.5555555820
75414  -25.107  -2.307  -13.106 0.6666666865
74051  -24.852  -3.173  -12.977 0.5555555820
74024  -26.857  -2.807  -11.358 0.5555555820
72711  -27.706  -3.844  -11.074 0.4444444478
74038  -26.453  -2.172  -11.886 0.5555555820
78045  -16.691  -0.874  -10.482 0.3333333433
76708  -17.080  -1.535  -10.635 0.3333333433
75387  -17.960  -2.801  -11.659 0.5555555820
74034  -18.749  -3.741  -12.502 0.6666666865
76718  -18.242  -2.340  -12.029 0.5555555820
72732  -19.895  -4.176  -12.973 0.7777777910
74061  -20.111  -3.382  -14.435 0.6666666865
74049  -20.429  -3.835  -14.085 0.6666666865
72748  -21.546  -4.060  -14.352 0.6666666865
72750  -22.759  -3.569  -14.229 0.6666666865
75426  -23.730  -2.604  -14.300 0.6666666865
75413  -24.457  -2.587  -13.734 0.6666666865
75401  -25.516  -2.369  -12.603 0.5555555820
76728  -26.179  -1.527  -12.861 0.5555555820
75415  -25.568  -2.019  -12.846 0.6666666865
78060  -17.007  -0.685  -11.124 0.4444444478
78059  -16.361  -0.226  -11.059 0.4444444478
76717  -17.843  -1.723  -11.587 0.4444444478
78069  -17.892  -0.756  -11.810 0.5555555820
76724  -18.548  -1.826  -12.695 0.5555555820
76725  -19.039  -2.379  -13.138 0.6666666865
75400  -19.361  -2.885  -13.409 0.6666666865
75412  -19.744  -2.746  -14.201 0.6666666865
74062  -20.798  -3.497  -14.686 0.6666666865
74063  -21.652  -3.308  -14.818 0.6666666865
75425  -22.865  -2.484  -14.681 0.6666666865
76753  -24.956  -1.311  -14.012 0.6666666865
78083  -26.258  -0.884  -13.625 0.5555555820
76741  -26.330  -1.338  -13.159 0.6666666865
79373  -18.376  -0.016  -11.970 0.4444444478
76736  -18.808  -1.303  -13.418 0.6666666865
76737  -19.293  -1.836  -13.692 0.6666666865
76747  -20.072  -1.752  -14.658 0.6666666865
75422  -20.237  -2.759  -14.937 0.6666666865
76751  -23.588  -1.854  -15.014 0.6666666865
59167  -19.342  -14.945  -4.063 0.8888888955
59207  -20.114  -14.254  -5.708 1.0000000000
60342  -21.900  -13.916  -5.405 1.0000000000
67218  -23.630  -8.544  -9.892 0.8888888955
72693  -16.947  -4.699  -9.967 0.5555555820
68580  -21.300  -7.172  -12.084 1.0000000000
71394  -24.430  -5.863  -11.199 0.8888888955
72676  -16.885  -4.601  -8.857 0.2222222239
72710  -26.792  -4.105  -11.137 0.6666666865
72733  -20.544  -4.462  -13.400 0.7777777910
74023  -26.309  -3.549  -11.391 0.4444444478
78081  -18.882  -0.843  -13.972 0.6666666865
67203  -17.686  -7.992  -8.233 0.4444444478
68546  -18.340  -7.448  -9.283 0.4444444478
78077  -27.286  -1.362  -13.147 0.5555555820
76730  -27.506  -1.641  -12.622 0.5555555820
79353  -16.041  0.093  -10.976 0.2222222239
79372  -17.585  -0.173  -11.585 0.3333333433
78076  -26.781  -1.189  -13.284 0.5555555820
56961  -18.136  -16.979  -1.174 0.5555555820
55858  -18.623  -17.421  -1.256 0.5555555820
56988  -20.449  -16.845  -1.843 0.5555555820
58075  -22.108  -15.457  -2.659 0.7777777910
59154  -22.379  -15.009  -2.979 0.8888888955
56960  -17.474  -16.802  -0.762 0.5555555820
57013  -19.780  -16.163  -2.554 0.6666666865
57014  -20.649  -16.131  -2.465 0.6666666865
58074  -21.090  -15.579  -2.805 0.8888888955
59170  -23.049  -14.976  -3.314 0.7777777910
59195  -23.801  -14.380  -3.869 0.7777777910
60344  -23.435  -13.596  -4.789 0.8888888955
58056  -15.898  -16.239  -1.029 0.4444444478
59138  -16.827  -14.849  -2.004 0.5555555820
61577  -23.806  -13.055  -5.141 1.0000000000
60320  -16.636  -13.081  -2.774 0.2222222239
60321  -17.131  -13.282  -3.525 0.6666666865
62954  -24.834  -11.919  -5.424 0.8888888955
64321  -25.453  -11.474  -5.732 0.6666666865
65709  -26.655  -10.294  -6.483 0.6666666865
61575  -17.493  -12.444  -4.547 0.5555555820
62949  -17.348  -11.181  -5.090 0.4444444478
65723  -27.322  -9.889  -7.099 0.5555555820
67198  -28.164  -9.567  -8.291 0.5555555820
67161  -16.753  -9.017  -5.947 0.2222222239
67209  -28.602  -9.008  -8.754 0.5555555820
67192  -17.549  -8.487  -7.640 0.4444444478
67220  -28.930  -8.417  -9.310 0.5555555820
69907  -17.529  -6.526  -8.161 0.3333333433
71364  -17.497  -5.737  -9.434 0.4444444478
68573  -29.223  -7.358  -11.243 0.4444444478
71363  -17.192  -5.300  -8.764 0.3333333433
69955  -29.012  -6.537  -11.682 0.5555555820
72712  -28.379  -4.391  -11.608 0.4444444478
76707  -16.583  -1.156  -9.975 0.3333333433
75370  -16.630  -2.247  -9.869 0.4444444478
74025  -28.090  -3.128  -11.420 0.4444444478
75404  -28.153  -2.198  -12.240 0.4444444478
76731  -28.042  -1.714  -12.921 0.2222222239
79354  -16.913  0.119  -11.320 0.3333333433
78080  -18.628  -0.715  -13.251 0.6666666865
76756  -20.090  -1.243  -15.181 0.6666666865
75435  -21.415  -2.088  -15.540 0.6666666865
76749  -21.890  -1.868  -15.527 0.6666666865
78089  -23.367  -1.070  -15.302 0.6666666865
78090  -23.888  -1.080  -14.859 0.6666666865
78082  -25.475  -0.952  -14.064 0.6666666865
78085  -27.766  -1.260  -13.388 0.3333333433
79387  -19.252  -0.207  -14.619 0.5555555820
56986  -18.637  -16.707  -1.656 0.6666666865
56987  -19.545  -16.796  -1.831 0.6666666865
58087  -18.981  -15.146  -3.554 0.8888888955
58073  -19.713  -15.801  -3.165 0.8888888955
59192  -20.718  -14.805  -4.979 1.0000000000
59191  -19.758  -14.667  -4.839 1.0000000000
58088  -19.839  -15.486  -3.833 0.8888888955
59168  -21.040  -15.015  -4.360 0.8888888955
58090  -21.379  -15.216  -3.119 0.8888888955
56984  -16.787  -16.269  -1.126 0.4444444478
58057  -16.551  -15.491  -1.412 0.4444444478
59153  -17.316  -14.916  -2.626 0.6666666865
58089  -20.839  -15.403  -3.683 0.8888888955
59209  -21.074  -14.520  -5.397 1.0000000000
60361  -22.818  -13.409  -5.339 1.0000000000
59164  -16.922  -13.765  -3.111 0.5555555820
59152  -16.669  -14.100  -2.528 0.6666666865
59166  -18.706  -14.402  -4.051 1.0000000000
60322  -17.876  -13.729  -3.963 0.8888888955
60340  -18.399  -13.359  -4.745 0.8888888955
61590  -18.618  -12.624  -5.582 1.0000000000
60357  -19.683  -13.803  -5.823 1.0000000000
59208  -20.584  -14.429  -5.582 1.0000000000
60375  -21.772  -13.402  -6.202 1.0000000000
61591  -19.397  -12.819  -6.337 1.0000000000
61606  -19.729  -12.371  -6.853 1.0000000000
61593  -22.568  -12.866  -6.098 1.0000000000
61595  -24.173  -12.536  -5.213 0.8888888955
61610  -22.779  -12.505  -6.319 1.0000000000
61622  -21.857  -12.534  -7.370 1.0000000000
61621  -21.287  -12.367  -7.519 1.0000000000
64335  -25.139  -10.773  -6.162 0.7777777910
62939  -17.513  -11.825  -4.935 0.6666666865
62962  -19.895  -12.041  -7.167 1.0000000000
62961  -19.241  -11.758  -6.776 0.8888888955
62976  -20.343  -11.753  -7.764 1.0000000000
64360  -22.870  -10.675  -8.338 1.0000000000
65721  -25.211  -9.520  -7.160 0.8888888955
65722  -26.231  -9.447  -6.817 0.7777777910
64318  -17.476  -10.478  -5.792 0.5555555820
64330  -17.667  -10.161  -6.489 0.6666666865
64319  -18.188  -11.026  -6.107 0.7777777910
64344  -18.643  -10.327  -7.695 0.7777777910
65732  -19.154  -9.801  -8.772 0.6666666865
65733  -19.816  -10.153  -9.249 0.8888888955
64345  -19.530  -10.750  -7.991 0.8888888955
64357  -20.484  -10.815  -9.124 0.8888888955
62975  -19.665  -11.508  -7.399 0.8888888955
64358  -21.506  -10.893  -9.121 1.0000000000
65735  -23.021  -10.086  -8.897 1.0000000000
67206  -24.635  -8.755  -8.483 0.8888888955
67207  -25.289  -8.552  -7.981 0.8888888955
67195  -25.669  -8.710  -7.365 0.7777777910
65724  -27.946  -10.150  -7.965 0.5555555820
67208  -27.962  -8.316  -8.269 0.6666666865
65731  -18.488  -9.423  -8.281 0.5555555820
65716  -17.459  -9.192  -6.975 0.3333333433
65717  -17.985  -9.710  -7.681 0.4444444478
65744  -19.562  -9.571  -9.444 0.7777777910
65746  -20.867  -9.922  -10.077 0.8888888955
64370  -21.948  -10.414  -9.478 1.0000000000
65757  -22.203  -9.583  -10.785 1.0000000000
68551  -25.982  -6.602  -8.188 0.7777777910
68542  -28.115  -7.748  -8.433 0.5555555820
67228  -20.448  -9.114  -10.999 0.8888888955
67241  -22.208  -8.720  -11.567 1.0000000000
71370  -25.919  -5.992  -9.326 0.7777777910
69930  -26.644  -6.263  -8.324 0.7777777910
68537  -17.804  -7.456  -8.531 0.4444444478
67239  -20.480  -8.215  -11.591 0.8888888955
68572  -22.586  -7.602  -11.792 0.8888888955
71371  -26.964  -5.986  -9.296 0.6666666865
69944  -28.915  -6.494  -10.671 0.5555555820
69945  -29.162  -7.084  -10.251 0.5555555820
69924  -18.019  -6.445  -9.588 0.5555555820
68568  -19.799  -7.290  -11.358 0.8888888955
68581  -21.966  -7.234  -12.347 1.0000000000
69954  -23.970  -6.479  -10.933 0.8888888955
71395  -25.196  -5.031  -11.236 0.8888888955
71384  -27.379  -4.989  -10.021 0.6666666865
69951  -19.963  -6.413  -11.723 1.0000000000
71393  -19.072  -5.547  -11.474 0.7777777910
71392  -18.416  -5.178  -10.927 0.7777777910
69961  -20.190  -5.891  -11.975 0.7777777910
71397  -28.635  -5.465  -11.185 0.5555555820
74003  -17.013  -3.610  -10.388 0.5555555820
74004  -17.910  -3.909  -11.099 0.5555555820
72707  -18.438  -4.593  -11.508 0.6666666865
72708  -18.936  -5.009  -12.087 0.7777777910
72720  -19.437  -4.570  -12.457 0.7777777910
71403  -19.660  -5.446  -11.989 0.7777777910
71418  -22.087  -5.188  -13.269 0.7777777910
72735  -22.263  -4.536  -13.875 0.6666666865
71420  -23.671  -4.642  -13.142 0.6666666865
74065  -23.159  -3.201  -14.212 0.6666666865
74050  -23.979  -3.308  -13.692 0.6666666865
74037  -25.695  -2.979  -12.129 0.5555555820
75392  -27.825  -2.047  -11.919 0.4444444478
75403  -27.018  -1.815  -12.008 0.5555555820
75371  -17.364  -2.567  -10.908 0.4444444478
75388  -18.409  -2.925  -12.283 0.6666666865
74048  -19.852  -3.648  -13.679 0.7777777910
76738  -24.230  -2.130  -14.339 0.6666666865
76739  -24.733  -1.875  -13.782 0.6666666865
76723  -18.163  -1.263  -12.141 0.5555555820
75424  -21.959  -2.508  -15.171 0.6666666865
76750  -22.574  -1.916  -15.296 0.6666666865
76760  -22.915  -1.384  -15.482 0.6666666865
69908  -17.738  -6.809  -8.914 0.4444444478
73983  -16.602  -3.936  -9.145 0.3333333433
75405  -28.495  -2.412  -13.142 0.3333333433
78084  -27.206  -0.694  -13.651 0.3333333433
56959  -16.387  -16.355  -0.711 0.5555555820
61578  -24.362  -13.204  -4.759 0.7777777910
58031  -15.320  -16.257  -0.898 0.3333333433
64336  -26.343  -11.192  -5.930 0.6666666865
60339  -17.534  -13.092  -4.171 0.7777777910
65705  -17.658  -9.897  -6.920 0.3333333433
65704  -17.245  -9.509  -6.291 0.3333333433
67180  -16.926  -8.480  -6.390 0.1111111119
68536  -17.497  -7.437  -7.799 0.4444444478
69923  -17.534  -6.066  -8.847 0.3333333433
74002  -16.537  -3.122  -9.235 0.3333333433
79383  -25.331  -0.611  -14.431 0.6666666865
79384  -25.856  -0.486  -14.279 0.4444444478
54698  -22.350  -19.379  -1.179 0.4444444478
53470  -24.624  -19.104  0.528 0.2222222239
55842  -18.983  -18.084  -1.042 0.4444444478
54695  -19.671  -18.596  -0.559 0.4444444478
55859  -19.269  -17.476  -1.403 0.4444444478
55860  -20.216  -17.682  -1.318 0.4444444478
54713  -21.779  -18.746  -1.664 0.4444444478
54714  -22.876  -18.680  -1.762 0.4444444478
54715  -23.987  -18.772  -1.742 0.2222222239
55861  -21.192  -17.758  -1.495 0.4444444478
55862  -22.105  -17.876  -2.011 0.4444444478
54716  -24.804  -18.443  -1.933 0.1111111119
55864  -25.678  -18.204  -1.439 0.1111111119
55882  -22.664  -17.536  -2.314 0.4444444478
54732  -24.098  -18.447  -2.510 0.3333333433
56989  -21.395  -16.888  -1.832 0.4444444478
55884  -24.274  -17.996  -3.071 0.3333333433
56990  -22.125  -17.043  -2.132 0.4444444478
55883  -23.392  -17.815  -2.664 0.3333333433
57031  -24.828  -16.784  -3.682 0.2222222239
57019  -25.465  -17.238  -3.166 0.1111111119
57033  -26.387  -16.632  -3.903 0.1111111119
58077  -23.834  -16.494  -3.350 0.3333333433
58092  -24.190  -16.076  -3.518 0.3333333433
58091  -23.648  -15.556  -3.327 0.4444444478
60345  -24.489  -13.905  -4.320 0.6666666865
58129  -25.982  -15.846  -5.575 0.4444444478
59211  -27.085  -15.167  -6.725 0.3333333433
61579  -24.931  -13.457  -4.511 0.6666666865
61597  -26.162  -13.181  -5.800 0.5555555820
61596  -25.348  -12.930  -4.874 0.6666666865
61611  -26.830  -13.274  -6.542 0.5555555820
60363  -26.632  -14.219  -6.265 0.4444444478
61612  -27.447  -13.270  -7.346 0.3333333433
62955  -25.765  -12.205  -5.522 0.5555555820
62980  -27.691  -12.195  -7.427 0.4444444478
64350  -27.839  -11.107  -7.578 0.5555555820
62967  -27.088  -12.243  -6.594 0.4444444478
64351  -28.310  -11.252  -8.305 0.4444444478
76757  -20.578  -1.583  -15.456 0.5555555820
78097  -20.111  -0.711  -15.442 0.5555555820
76759  -22.200  -1.325  -15.700 0.5555555820
78100  -22.731  -0.650  -15.823 0.5555555820
78101  -23.711  -0.396  -15.310 0.5555555820
78102  -24.574  -0.150  -15.200 0.5555555820
53467  -21.738  -19.935  -0.597 0.4444444478
53469  -23.799  -19.276  0.065 0.2222222239
54733  -24.617  -18.230  -2.553 0.2222222239
57018  -24.628  -17.390  -3.361 0.2222222239
55886  -25.892  -17.412  -2.587 0.1111111119
58093  -24.964  -16.149  -4.138 0.4444444478
58094  -25.465  -16.461  -4.314 0.3333333433
59172  -24.528  -15.658  -3.858 0.4444444478
60346  -25.294  -14.092  -4.653 0.6666666865
59197  -25.622  -15.118  -5.162 0.4444444478
62981  -28.158  -12.162  -8.140 0.4444444478
67210  -29.056  -9.777  -9.389 0.4444444478
79397  -20.976  0.425  -16.030 0.5555555820
58115  -26.180  -16.379  -5.466 0.2222222239
53439  -20.104  -20.160  1.006 0.4444444478
53451  -20.961  -20.041  0.208 0.4444444478
53452  -21.977  -20.185  0.403 0.4444444478
53453  -23.009  -19.779  0.679 0.2222222239
53454  -23.984  -19.420  0.999 0.2222222239
53455  -24.809  -19.230  1.264 0.1111111119
54693  -18.490  -18.072  0.090 0.4444444478
54682  -19.216  -18.912  -0.046 0.4444444478
54700  -25.053  -18.749  -0.529 0.1111111119
55844  -25.889  -18.287  -0.762 0.1111111119
55845  -26.501  -18.062  -0.908 0.1111111119
55865  -26.382  -17.522  -1.822 0.1111111119
56991  -26.761  -16.969  -2.012 0.1111111119
57021  -27.078  -16.408  -3.239 0.1111111119
57034  -26.991  -16.461  -4.292 0.1111111119
57066  -26.952  -16.307  -5.780 0.2222222239
59221  -27.539  -14.750  -7.255 0.1111111119
58130  -26.640  -15.968  -5.918 0.2222222239
61623  -28.004  -13.209  -8.296 0.2222222239
65737  -28.450  -10.307  -8.570 0.4444444478
65738  -28.868  -10.471  -9.200 0.3333333433
65750  -29.167  -10.538  -9.884 0.3333333433
67221  -29.270  -9.141  -9.872 0.3333333433
74026  -28.478  -3.662  -12.007 0.3333333433
79380  -18.670  0.149  -12.893 0.4444444478
79389  -25.306  -0.285  -14.820 0.5555555820
79395  -19.717  -0.180  -15.167 0.5555555820
79396  -20.121  0.302  -15.568 0.5555555820
79398  -21.999  0.216  -16.094 0.5555555820
79399  -22.989  0.222  -16.165 0.5555555820
79400  -24.008  0.347  -15.766 0.5555555820
55841  -18.309  -17.587  -0.573 0.4444444478
55843  -19.703  -18.066  -1.074 0.4444444478
57015  -21.665  -16.247  -2.301 0.5555555820
59155  -22.679  -15.332  -2.972 0.6666666865
64322  -25.990  -11.791  -5.786 0.5555555820
64337  -27.320  -11.120  -6.691 0.4444444478
74039  -28.348  -2.966  -11.962 0.3333333433
58076  -23.260  -15.947  -3.048 0.3333333433
57016  -22.734  -16.715  -2.537 0.3333333433
54697  -21.426  -19.407  -1.241 0.4444444478
54699  -23.477  -19.136  -0.951 0.4444444478
53468  -22.745  -19.699  -0.313 0.3333333433
54694  -18.865  -18.367  -0.355 0.4444444478
54711  -20.327  -18.449  -0.926 0.4444444478
53465  -20.407  -19.019  -0.706 0.4444444478
54696  -20.960  -19.328  -1.211 0.4444444478
54712  -20.890  -18.742  -1.327 0.4444444478
55863  -22.913  -18.104  -2.231 0.4444444478
54731  -23.465  -18.415  -2.236 0.4444444478
54701  -26.324  -18.335  -0.235 0.1111111119
57017  -23.681  -17.092  -3.251 0.3333333433
55885  -25.248  -17.856  -2.529 0.2222222239
57032  -25.622  -16.765  -3.805 0.1111111119
57020  -26.397  -16.970  -2.825 0.1111111119
57048  -25.849  -16.650  -4.385 0.1111111119
59196  -24.866  -15.160  -4.262 0.4444444478
59210  -26.322  -15.137  -5.889 0.3333333433
58114  -25.521  -16.131  -4.821 0.4444444478
60362  -25.908  -14.127  -5.462 0.5555555820
62966  -26.388  -12.322  -6.000 0.5555555820
60376  -27.248  -14.232  -7.059 0.3333333433
78099  -21.669  -0.563  -15.922 0.5555555820
78098  -20.759  -0.610  -15.809 0.5555555820
53466  -20.880  -19.573  -0.721 0.4444444478
80661  -20.327  1.301  -15.735 0.5555555820
57049  -26.363  -16.736  -4.873 0.2222222239
53450  -19.966  -19.426  0.105 0.4444444478
54681  -18.701  -18.656  0.275 0.4444444478
55824  -18.065  -17.702  0.161 0.4444444478
54683  -25.456  -19.022  0.831 0.1111111119
49404  -19.873  -22.247  7.885 0.1111111119
52012  -16.829  -21.093  4.874 0.3333333433
50658  -18.670  -20.958  6.108 0.2222222239
50635  -18.740  -21.587  6.966 0.2222222239
50636  -19.779  -21.530  7.226 0.1111111119
53406  -16.188  -19.277  3.339 0.3333333433
52033  -16.383  -20.018  4.110 0.3333333433
52011  -16.334  -20.829  4.803 0.3333333433
52035  -18.388  -20.773  4.405 0.3333333433
52014  -19.774  -20.369  5.204 0.2222222239
51958  -20.081  -20.896  6.706 0.2222222239
51959  -20.751  -21.169  6.955 0.1111111119
51985  -19.779  -20.540  6.066 0.2222222239
55797  -16.128  -17.769  2.347 0.2222222239
54660  -16.681  -18.687  2.372 0.2222222239
54659  -16.055  -18.444  2.801 0.2222222239
53407  -16.772  -19.744  2.983 0.3333333433
52054  -16.657  -19.823  3.366 0.3333333433
52034  -17.311  -20.751  4.287 0.3333333433
52015  -20.668  -20.415  5.357 0.1111111119
56926  -16.518  -17.013  0.981 0.2222222239
54669  -16.520  -18.161  2.186 0.3333333433
55812  -17.084  -17.790  1.161 0.3333333433
54670  -17.137  -18.396  1.768 0.3333333433
54679  -17.465  -18.186  1.073 0.3333333433
53437  -18.232  -19.383  1.436 0.3333333433
53425  -17.183  -19.366  2.387 0.3333333433
52074  -18.303  -20.276  2.185 0.3333333433
52075  -19.248  -20.906  2.376 0.3333333433
52080  -18.723  -20.138  1.491 0.3333333433
52058  -20.528  -20.327  3.469 0.3333333433
52076  -20.323  -20.503  2.473 0.3333333433
52059  -21.058  -20.233  3.957 0.1111111119
53409  -21.558  -19.936  3.387 0.2222222239
56939  -16.525  -16.720  0.277 0.2222222239
55822  -16.806  -17.337  0.873 0.2222222239
54680  -18.040  -18.435  0.656 0.3333333433
53448  -18.511  -18.927  0.743 0.3333333433
53438  -19.215  -19.867  1.007 0.3333333433
52082  -20.084  -20.604  1.739 0.3333333433
53408  -21.008  -20.103  2.989 0.3333333433
58016  -15.749  -15.589  0.447 0.3333333433
56958  -15.571  -16.215  -0.731 0.3333333433
53449  -18.969  -19.233  0.561 0.3333333433
53440  -21.002  -20.355  1.351 0.3333333433
53441  -22.151  -19.999  1.458 0.3333333433
62991  -28.524  -12.314  -8.710 0.2222222239
64361  -28.705  -11.480  -8.974 0.2222222239
68562  -29.275  -7.954  -10.551 0.3333333433
67232  -29.364  -9.316  -11.096 0.2222222239
50697  -17.854  -20.945  4.888 0.3333333433
50681  -18.098  -20.929  5.300 0.3333333433
50659  -19.390  -21.061  6.653 0.2222222239
51986  -20.774  -20.635  6.258 0.1111111119
55811  -16.531  -17.524  1.573 0.3333333433
52056  -18.317  -20.628  3.264 0.3333333433
52057  -19.383  -20.588  3.370 0.3333333433
52036  -19.576  -20.477  4.347 0.3333333433
54671  -17.710  -18.673  1.349 0.3333333433
55823  -17.325  -17.599  0.442 0.3333333433
49383  -19.125  -22.526  8.491 0.1111111119
52010  -15.536  -20.489  4.880 0.3333333433
50679  -16.399  -21.323  5.346 0.3333333433
50656  -16.708  -21.719  6.044 0.3333333433
50657  -17.616  -21.348  5.975 0.3333333433
49384  -20.067  -22.884  8.581 0.1111111119
49405  -20.590  -22.535  7.894 0.1111111119
53405  -15.531  -18.941  3.598 0.3333333433
50637  -20.769  -21.940  7.364 0.1111111119
51987  -21.741  -21.031  6.517 0.1111111119
55810  -15.959  -17.190  2.088 0.2222222239
52016  -21.590  -20.491  5.568 0.1111111119
53380  -22.139  -19.800  3.960 0.1111111119
53410  -22.690  -19.734  3.400 0.1111111119
53429  -22.378  -19.725  2.455 0.1111111119
53442  -23.235  -19.646  1.661 0.1111111119
64362  -29.121  -11.671  -9.669 0.2222222239
68574  -29.393  -8.419  -11.646 0.2222222239
67243  -29.427  -9.499  -12.107 0.2222222239
58033  -16.061  -14.911  -1.019 0.2222222239
59137  -16.154  -14.139  -1.312 0.3333333433
56940  -17.106  -16.946  -0.182 0.4444444478
55840  -17.688  -17.310  -0.174 0.4444444478
65759  -29.372  -10.432  -10.698 0.2222222239
49403  -18.920  -22.093  7.719 0.1111111119
50680  -17.308  -21.183  5.164 0.3333333433
53424  -16.497  -18.981  2.691 0.3333333433
54645  -15.652  -18.695  3.344 0.2222222239
53378  -15.315  -19.228  4.081 0.2222222239
52032  -15.445  -19.820  4.527 0.3333333433
50696  -17.702  -20.919  4.689 0.3333333433
52013  -18.931  -20.607  5.184 0.3333333433
51984  -19.277  -20.596  5.656 0.2222222239
52055  -17.272  -20.188  3.068 0.3333333433
52037  -20.534  -20.360  4.476 0.1111111119
56925  -16.059  -16.553  1.203 0.2222222239
53436  -17.625  -18.929  1.792 0.3333333433
53426  -17.870  -19.758  2.132 0.3333333433
52073  -17.664  -19.937  2.441 0.3333333433
52081  -19.244  -20.564  1.536 0.3333333433
52077  -20.809  -20.496  1.995 0.3333333433
52038  -21.579  -20.199  4.518 0.1111111119
56938  -15.961  -16.260  0.278 0.2222222239
53428  -21.257  -20.190  2.350 0.3333333433
49382  -18.145  -22.492  8.307 0.1111111119
50634  -17.796  -21.619  6.700 0.2222222239
50678  -15.574  -21.115  5.360 0.3333333433
50677  -15.024  -20.827  5.326 0.2222222239
50655  -15.704  -21.618  5.969 0.3333333433
50633  -17.225  -21.771  6.432 0.3333333433
54630  -14.891  -18.905  4.164 0.2222222239
62992  -29.082  -12.676  -9.267 0.1111111119
62999  -30.489  -12.631  -9.847 0.1111111119
62998  -29.598  -12.782  -10.086 0.1111111119
61646  -30.018  -12.765  -11.173 0.1111111119
63005  -30.399  -12.615  -11.316 0.1111111119
63011  -30.423  -12.377  -11.830 0.1111111119
65766  -29.406  -10.442  -11.662 0.1111111119
63015  -30.065  -11.893  -12.473 0.1111111119
71410  -28.841  -5.563  -12.123 0.2222222239
64390  -29.730  -11.168  -13.009 0.1111111119
71421  -28.914  -5.807  -13.172 0.1111111119
72725  -29.151  -4.223  -13.123 0.1111111119
72739  -28.884  -4.946  -13.527 0.1111111119
78096  -19.702  -0.885  -14.989 0.4444444478
74040  -28.762  -3.355  -12.704 0.1111111119
80647  -18.909  1.386  -14.239 0.4444444478
79388  -19.554  0.561  -15.012 0.4444444478
74053  -28.971  -3.236  -13.614 0.1111111119
79391  -27.190  0.087  -14.223 0.3333333433
78092  -27.520  -0.363  -13.898 0.2222222239
76754  -28.504  -1.476  -14.390 0.1111111119
75416  -28.699  -2.459  -14.010 0.1111111119
75427  -28.619  -2.528  -14.985 0.1111111119
79406  -21.439  0.853  -16.400 0.4444444478
80662  -20.881  1.433  -16.205 0.4444444478
80674  -22.146  1.384  -17.190 0.4444444478
79407  -22.110  0.734  -16.687 0.4444444478
79408  -22.814  0.653  -16.976 0.4444444478
80663  -23.531  0.572  -16.603 0.4444444478
80664  -24.402  0.842  -16.508 0.4444444478
80665  -25.323  1.154  -15.859 0.4444444478
79402  -25.918  0.733  -15.275 0.2222222239
80655  -27.214  0.848  -14.933 0.2222222239
79392  -27.997  0.357  -14.565 0.2222222239
78103  -28.415  -0.483  -14.829 0.2222222239
83091  -27.659  3.936  -18.149 0.1111111119
81883  -28.244  2.479  -17.233 0.1111111119
76769  -28.463  -1.490  -16.323 0.1111111119
81842  -19.315  2.310  -14.730 0.4444444478
81855  -20.079  2.220  -15.174 0.4444444478
81843  -19.534  1.833  -15.103 0.4444444478
81863  -20.436  2.045  -15.909 0.3333333433
80673  -21.445  1.514  -16.674 0.4444444478
80676  -24.088  1.558  -17.033 0.4444444478
81890  -23.306  2.633  -17.829 0.3333333433
81866  -25.374  1.945  -16.106 0.3333333433
81867  -26.302  2.241  -15.854 0.1111111119
80667  -27.207  1.603  -15.421 0.1111111119
80668  -28.148  1.459  -15.782 0.1111111119
80656  -27.842  0.989  -15.144 0.2222222239
80677  -28.564  1.466  -16.740 0.1111111119
81854  -19.826  2.512  -14.803 0.2222222239
81864  -21.032  2.333  -16.125 0.3333333433
81876  -21.571  2.361  -16.770 0.3333333433
81878  -23.323  2.081  -17.397 0.3333333433
81879  -24.436  2.237  -17.129 0.4444444478
83073  -24.783  2.916  -17.388 0.2222222239
81880  -25.441  2.658  -16.620 0.2222222239
81881  -26.410  2.916  -16.489 0.1111111119
83088  -24.463  3.464  -18.177 0.1111111119
83074  -25.492  3.420  -17.212 0.1111111119
81882  -27.428  2.902  -16.669 0.1111111119
83089  -25.262  3.868  -17.912 0.1111111119
83075  -26.597  3.644  -17.085 0.1111111119
81856  -20.697  2.534  -15.527 0.3333333433
83052  -21.179  2.986  -15.479 0.3333333433
84243  -20.994  4.048  -15.416 0.3333333433
83071  -21.593  3.325  -16.888 0.3333333433
83072  -21.996  2.998  -17.480 0.3333333433
81889  -22.569  2.592  -17.682 0.3333333433
81891  -24.100  2.773  -17.923 0.2222222239
84272  -25.528  4.593  -18.044 0.1111111119
83090  -27.022  4.084  -17.560 0.1111111119
84286  -26.928  4.971  -18.978 0.1111111119
85424  -20.811  5.873  -15.093 0.1111111119
85428  -20.841  5.421  -15.580 0.1111111119
84258  -21.422  4.397  -16.922 0.2222222239
83085  -21.677  3.633  -17.412 0.3333333433
84268  -21.643  4.271  -17.675 0.2222222239
84269  -21.986  4.068  -18.617 0.2222222239
84270  -22.826  3.870  -19.135 0.1111111119
84283  -23.328  4.472  -19.390 0.1111111119
83104  -24.101  4.118  -18.693 0.1111111119
84285  -25.197  5.305  -18.594 0.1111111119
84260  -26.330  4.282  -17.559 0.1111111119
83092  -28.255  3.189  -18.667 0.1111111119
86657  -21.335  6.262  -15.607 0.1111111119
86662  -21.458  6.241  -16.304 0.1111111119
85431  -21.112  5.374  -16.332 0.1111111119
86671  -21.501  6.272  -17.004 0.1111111119
86672  -21.995  6.511  -17.523 0.1111111119
85443  -21.845  5.377  -18.548 0.1111111119
85442  -21.653  4.960  -17.923 0.2222222239
84282  -22.211  4.513  -19.504 0.1111111119
86680  -22.364  6.428  -19.719 0.1111111119
84305  -23.167  5.174  -19.877 0.1111111119
85462  -23.556  5.866  -19.883 0.1111111119
85450  -23.733  5.212  -19.390 0.1111111119
86663  -21.969  7.017  -16.273 0.1111111119
86664  -22.730  7.531  -15.770 0.1111111119
87722  -22.533  7.465  -16.680 0.1111111119
87740  -22.526  7.249  -17.827 0.1111111119
86677  -22.108  6.405  -18.734 0.1111111119
87748  -22.380  7.284  -19.006 0.1111111119
87741  -23.109  7.935  -16.959 0.1111111119
87749  -22.962  7.946  -18.109 0.1111111119
62993  -30.060  -12.818  -9.083 0.1111111119
61640  -29.877  -13.052  -10.756 0.1111111119
63000  -30.960  -12.368  -10.326 0.1111111119
67249  -29.461  -9.560  -12.968 0.1111111119
65772  -29.490  -10.416  -12.599 0.1111111119
68590  -29.425  -8.993  -13.194 0.1111111119
72740  -29.111  -4.366  -13.753 0.1111111119
80648  -19.312  1.370  -14.864 0.4444444478
79401  -25.120  0.365  -15.479 0.4444444478
80654  -26.571  0.655  -14.881 0.3333333433
78093  -28.025  -0.554  -13.900 0.1111111119
76761  -28.537  -1.465  -15.339 0.1111111119
74066  -28.825  -3.704  -14.573 0.1111111119
79403  -28.338  0.428  -15.346 0.2222222239
81868  -27.264  2.218  -16.089 0.1111111119
81869  -28.035  2.180  -16.424 0.1111111119
79415  -28.904  0.471  -17.262 0.1111111119
81877  -22.231  2.247  -17.401 0.3333333433
83076  -27.644  3.486  -17.308 0.1111111119
86686  -22.927  6.463  -20.265 0.1111111119
64373  -31.243  -11.557  -9.427 0.1111111119
68583  -29.257  -7.680  -12.234 0.2222222239
74054  -29.168  -3.939  -13.980 0.1111111119
79382  -19.162  0.696  -14.528 0.4444444478
80653  -19.801  1.282  -15.259 0.4444444478
80675  -23.273  1.211  -17.273 0.4444444478
81865  -24.760  1.544  -16.540 0.4444444478
86658  -21.847  6.917  -15.502 0.1111111119
86659  -22.561  7.320  -15.185 0.1111111119
87723  -23.374  7.970  -15.840 0.1111111119
64372  -30.680  -12.299  -9.245 0.1111111119
65739  -31.564  -10.098  -8.833 0.1111111119
64364  -31.188  -10.794  -8.346 0.1111111119
65760  -31.621  -10.260  -10.951 0.1111111119
63012  -31.070  -12.004  -12.316 0.1111111119
64391  -31.388  -11.143  -12.720 0.1111111119
63022  -30.212  -11.602  -13.181 0.1111111119
67254  -29.278  -9.358  -13.595 0.1111111119
65779  -29.485  -10.229  -13.601 0.1111111119
68589  -29.163  -8.286  -13.426 0.1111111119
68596  -28.635  -8.416  -14.666 0.1111111119
71428  -28.776  -5.969  -14.218 0.1111111119
79381  -18.792  0.246  -13.881 0.4444444478
72751  -28.780  -4.798  -14.390 0.1111111119
74075  -28.429  -3.671  -15.745 0.1111111119
75447  -28.107  -2.506  -16.901 0.1111111119
76779  -28.360  -1.548  -17.321 0.1111111119
83038  -19.312  3.259  -14.243 0.2222222239
83050  -20.105  2.979  -14.563 0.3333333433
83051  -20.744  3.080  -15.034 0.2222222239
85426  -20.383  4.902  -14.564 0.1111111119
84250  -21.184  4.310  -16.193 0.2222222239
81892  -28.437  2.363  -18.217 0.1111111119
81902  -28.357  2.296  -19.197 0.1111111119
86656  -20.743  5.784  -14.900 0.1111111119
87660  -20.849  7.005  -14.249 0.1111111119
86649  -22.310  7.244  -14.733 0.1111111119
83105  -27.800  3.835  -19.163 0.1111111119
87706  -23.283  7.746  -15.036 0.1111111119
86687  -23.797  6.720  -20.110 0.1111111119
86681  -24.968  6.339  -19.532 0.1111111119
85452  -25.695  5.971  -18.981 0.1111111119
85453  -26.890  5.732  -19.672 0.1111111119
87753  -22.765  8.124  -19.315 0.1111111119
87757  -23.545  7.635  -20.142 0.1111111119
76742  -28.307  -1.607  -13.581 0.1111111119
64371  -29.411  -11.608  -10.430 0.1111111119
72724  -28.814  -4.549  -12.565 0.2222222239
64380  -29.600  -11.454  -11.237 0.1111111119
63006  -30.849  -12.314  -11.217 0.1111111119
63016  -30.599  -12.036  -12.855 0.1111111119
69967  -29.009  -6.816  -12.750 0.1111111119
69973  -28.811  -7.083  -13.878 0.1111111119
80666  -26.250  1.408  -15.325 0.2222222239
78106  -28.558  -0.476  -15.777 0.2222222239
83077  -28.238  3.203  -17.841 0.1111111119
80683  -28.729  1.474  -17.751 0.1111111119
78112  -28.712  -0.521  -16.773 0.2222222239
79409  -28.635  0.497  -16.238 0.2222222239
83062  -21.362  3.233  -16.077 0.3333333433
84259  -25.810  4.013  -17.470 0.1111111119
83086  -22.178  3.212  -18.014 0.2222222239
83087  -23.200  3.265  -18.495 0.1111111119
83103  -23.584  3.805  -18.812 0.1111111119
84273  -26.709  4.764  -18.121 0.1111111119
85444  -25.921  5.308  -18.324 0.1111111119
84274  -27.327  4.449  -18.783 0.1111111119
85445  -26.442  5.384  -18.750 0.1111111119
86646  -20.778  6.094  -14.644 0.1111111119
85427  -20.539  5.300  -15.032 0.1111111119
86647  -21.113  6.489  -14.941 0.1111111119
85436  -21.382  5.348  -17.127 0.1111111119
84304  -22.623  4.959  -19.933 0.1111111119
84284  -24.425  4.795  -18.766 0.1111111119
86648  -21.767  6.996  -15.014 0.1111111119
85437  -21.635  5.710  -17.626 0.1111111119
85449  -22.123  5.534  -19.569 0.1111111119
85461  -22.694  5.689  -20.119 0.1111111119
87756  -23.152  7.013  -20.279 0.1111111119
85463  -24.261  6.282  -19.726 0.1111111119
85451  -24.496  5.728  -19.174 0.1111111119
87752  -22.667  7.213  -19.978 0.1111111119
64381  -31.443  -11.428  -10.567 0.1111111119
78115  -28.539  -0.586  -17.826 0.1111111119
88838  -23.637  8.442  -18.337 0.1111111119
65751  -31.683  -10.290  -9.871 0.1111111119
69979  -28.543  -7.187  -15.002 0.1111111119
75436  -28.304  -2.513  -15.951 0.1111111119
79421  -28.683  0.396  -18.365 0.1111111119
86645  -20.582  5.633  -14.233 0.1111111119
80691  -28.505  1.388  -18.800 0.1111111119
86688  -24.696  6.675  -20.038 0.1111111119
88846  -23.529  8.639  -20.486 0.1111111119
62938  -16.773  -11.362  -4.255 0.2222222239
64301  -16.885  -10.616  -4.925 0.2222222239
61559  -16.966  -12.416  -3.924 0.3333333433
80611  -18.452  0.890  -11.968 0.2222222239
81821  -18.568  2.583  -13.203 0.1111111119
81840  -18.555  2.929  -13.654 0.1111111119
81841  -18.635  2.374  -13.844 0.2222222239
61558  -16.590  -12.288  -3.236 0.2222222239
79330  -13.859  0.456  -10.194 0.1111111119
80594  -15.185  1.113  -10.308 0.1111111119
81807  -18.736  1.351  -12.366 0.1111111119
83036  -18.827  3.244  -13.606 0.1111111119
83022  -19.026  3.412  -14.121 0.1111111119
80609  -16.356  0.470  -10.766 0.1111111119
68526  -17.122  -7.549  -6.981 0.2222222239
79355  -17.835  0.349  -11.583 0.1111111119
80646  -18.757  1.163  -13.358 0.3333333433
81822  -18.570  1.735  -12.910 0.3333333433
62920  -16.556  -11.840  -3.669 0.2222222239
80610  -17.731  0.811  -11.403 0.1111111119
81806  -18.785  1.743  -12.463 0.1111111119
80582  -15.972  1.222  -9.674 0.1111111119
80595  -16.890  1.003  -10.726 0.1111111119
81798  -18.533  1.005  -11.989 0.1111111119
58095  -27.344  -15.965  -4.672 0.1111111119
49418  -15.090  -22.085  6.493 0.1111111119
49419  -15.944  -22.055  6.545 0.1111111119
49401  -16.761  -22.172  7.077 0.1111111119
50631  -13.514  -21.335  6.666 0.1111111119
51983  -14.046  -20.760  5.789 0.1111111119
52031  -14.981  -19.615  4.634 0.1111111119
60293  -15.723  -13.319  -0.621 0.1111111119
64300  -16.225  -10.085  -4.410 0.1111111119
62937  -15.940  -10.750  -3.889 0.1111111119
71352  -17.283  -5.619  -8.205 0.2222222239
72659  -16.697  -4.654  -7.785 0.2222222239
50653  -13.833  -20.996  6.076 0.1111111119
64317  -16.683  -10.029  -5.172 0.1111111119
49400  -15.502  -22.493  7.192 0.1111111119
53351  -14.118  -19.557  5.099 0.1111111119
53376  -14.126  -19.076  4.801 0.1111111119
54643  -14.779  -18.363  3.888 0.1111111119
54644  -15.077  -18.570  3.711 0.1111111119
55796  -15.487  -17.592  2.992 0.1111111119
60294  -16.001  -13.101  -1.202 0.1111111119
64273  -15.729  -10.198  -3.401 0.1111111119
71337  -17.468  -5.648  -7.642 0.2222222239
72658  -15.995  -4.425  -6.857 0.2222222239
73965  -15.578  -3.873  -7.323 0.1111111119
49402  -17.904  -22.094  7.483 0.1111111119
49399  -14.441  -22.391  7.152 0.1111111119
73966  -16.133  -4.185  -8.241 0.2222222239
60313  -16.277  -13.108  -1.932 0.1111111119
65698  -16.773  -9.510  -5.620 0.1111111119
56910  -15.648  -16.576  2.353 0.1111111119
59136  -15.670  -13.959  -0.477 0.1111111119
55779  -15.164  -18.097  3.418 0.1111111119
52009  -14.543  -20.204  5.226 0.1111111119
50654  -14.544  -21.367  5.931 0.1111111119
62919  -15.915  -11.370  -3.387 0.1111111119
49417  -14.515  -21.984  6.533 0.1111111119
51982  -13.461  -20.315  6.135 0.1111111119
52008  -13.908  -19.847  5.485 0.1111111119
53350  -13.637  -19.289  5.517 0.1111111119
54628  -14.028  -18.560  4.763 0.1111111119
60263  -15.506  -13.525  0.111 0.1111111119
61495  -15.743  -12.785  -0.030 0.1111111119
73954  -16.122  -3.795  -6.554 0.1111111119
75328  -15.866  -2.954  -7.058 0.1111111119
76693  -15.913  -1.153  -9.234 0.1111111119
69892  -17.553  -6.748  -7.363 0.1111111119
75354  -16.009  -2.414  -8.761 0.1111111119
76692  -15.174  -0.685  -9.233 0.1111111119
78043  -14.747  0.014  -10.256 0.1111111119
48116  -20.069  -23.407  9.026 0.1111111119
50632  -14.061  -21.914  6.642 0.1111111119
52083  -20.558  -20.554  1.865 0.3333333433
53377  -14.640  -19.294  4.622 0.1111111119
53379  -15.855  -19.540  4.049 0.3333333433
53427  -20.768  -20.257  2.805 0.3333333433
53444  -24.870  -19.140  1.699 0.1111111119
53480  -20.585  -18.888  -1.066 0.4444444478
53481  -20.737  -19.177  -1.080 0.4444444478
54629  -14.585  -18.587  4.265 0.1111111119
54658  -15.471  -18.277  3.260 0.1111111119
55837  -13.838  -16.867  -0.809 0.2222222239
55838  -14.145  -16.970  -0.881 0.2222222239
55839  -14.485  -16.747  -0.851 0.2222222239
55856  -13.967  -16.935  -1.158 0.2222222239
55857  -14.501  -16.842  -1.351 0.2222222239
56956  -13.933  -16.316  -0.833 0.2222222239
56957  -14.691  -16.526  -0.853 0.2222222239
56982  -14.330  -16.684  -1.467 0.3333333433
56983  -14.617  -16.835  -1.927 0.3333333433
57010  -14.588  -16.580  -2.025 0.3333333433
57030  -24.202  -16.796  -3.530 0.3333333433
57050  -26.999  -16.522  -5.187 0.1111111119
57065  -26.625  -16.474  -5.522 0.2222222239
58030  -14.604  -16.726  -1.020 0.3333333433
58032  -15.833  -15.474  -0.650 0.3333333433
58054  -14.713  -16.447  -1.733 0.3333333433
58055  -15.069  -16.307  -1.341 0.3333333433
58068  -15.096  -16.662  -2.241 0.3333333433
58069  -14.904  -16.258  -2.036 0.3333333433
58070  -15.205  -16.434  -1.745 0.3333333433
58113  -25.120  -15.834  -4.412 0.4444444478
59106  -15.848  -14.565  -0.651 0.1111111119
59171  -24.069  -15.264  -3.583 0.4444444478
60360  -22.261  -13.384  -5.790 1.0000000000
61576  -18.010  -12.398  -5.090 1.0000000000
61641  -30.228  -13.038  -10.427 0.1111111119
61642  -30.561  -12.764  -10.325 0.1111111119
61647  -30.305  -12.885  -10.992 0.1111111119
61648  -30.565  -12.734  -10.659 0.1111111119
61653  -30.217  -12.543  -11.427 0.1111111119
61654  -30.243  -12.758  -11.261 0.1111111119
62952  -23.165  -12.227  -6.238 1.0000000000
62960  -18.556  -11.433  -6.296 0.7777777910
62963  -22.241  -12.316  -7.298 1.0000000000
62965  -23.558  -11.357  -6.614 0.7777777910
63004  -29.759  -12.398  -10.884 0.1111111119
63010  -29.957  -12.193  -11.599 0.1111111119
64320  -24.642  -11.317  -5.963 0.6666666865
64333  -23.504  -11.074  -7.000 1.0000000000
64347  -22.600  -11.146  -8.108 1.0000000000
64348  -23.202  -10.866  -7.679 1.0000000000
64378  -21.654  -9.968  -10.395 0.8888888955
64386  -29.551  -11.375  -12.135 0.1111111119
65734  -22.378  -10.308  -9.212 1.0000000000
65749  -23.608  -8.907  -9.509 0.8888888955
65764  -21.538  -9.374  -11.177 1.0000000000
65778  -29.214  -9.722  -14.004 0.1111111119
67230  -22.751  -9.017  -11.152 1.0000000000
67231  -23.241  -8.666  -10.699 1.0000000000
67238  -20.060  -7.814  -11.607 0.8888888955
67242  -22.795  -8.384  -11.278 1.0000000000
68529  -25.605  -8.283  -7.819 0.7777777910
68549  -24.057  -7.858  -9.565 0.7777777910
68550  -25.572  -6.955  -8.192 0.7777777910
68552  -28.590  -7.776  -9.071 0.5555555820
68561  -29.212  -7.190  -10.675 0.5555555820
68569  -20.379  -7.374  -11.755 1.0000000000
68579  -20.817  -7.117  -11.882 1.0000000000
68582  -22.451  -7.011  -12.275 1.0000000000
68584  -29.468  -8.734  -12.614 0.1111111119
69914  -25.069  -7.031  -8.496 0.7777777910
69915  -27.000  -7.034  -7.747 0.7777777910
69933  -29.140  -7.370  -9.967 0.5555555820
71381  -24.427  -6.159  -10.581 0.7777777910
71405  -21.047  -5.764  -12.562 0.8888888955
71416  -20.676  -5.077  -12.740 0.7777777910
72737  -24.405  -4.177  -13.115 0.6666666865
72747  -20.921  -4.139  -14.101 0.6666666865
72749  -22.313  -3.836  -14.350 0.6666666865
72752  -29.067  -4.355  -14.103 0.1111111119
74022  -18.012  -3.760  -11.982 0.6666666865
74035  -19.380  -3.660  -12.937 0.7777777910
74036  -25.246  -2.696  -12.664 0.5555555820
74041  -29.171  -3.808  -13.408 0.1111111119
74052  -25.097  -3.485  -12.580 0.5555555820
74064  -22.434  -3.157  -14.581 0.6666666865
74067  -28.989  -4.204  -14.283 0.1111111119
75393  -28.151  -2.565  -11.755 0.3333333433
75399  -18.910  -2.925  -12.821 0.6666666865
75402  -26.062  -1.915  -12.455 0.5555555820
75423  -20.938  -2.634  -15.500 0.6666666865
75434  -21.050  -1.964  -15.644 0.6666666865
76672  -15.184  -0.790  -8.747 0.1111111119
76729  -26.745  -1.521  -12.757 0.5555555820
76740  -25.636  -1.564  -13.315 0.6666666865
76748  -20.494  -2.172  -15.120 0.6666666865
76752  -24.345  -1.506  -14.440 0.6666666865
76758  -21.351  -1.457  -15.779 0.5555555820
78019  -13.521  -0.029  -9.404 0.1111111119
78020  -14.322  -0.600  -9.620 0.1111111119
78021  -15.310  -0.563  -9.490 0.1111111119
78044  -15.885  -0.282  -10.192 0.1111111119
78070  -18.359  -0.726  -12.474 0.5555555820
78078  -27.651  -1.539  -13.025 0.5555555820
78088  -19.380  -1.120  -14.435 0.6666666865
78091  -24.661  -0.735  -14.570 0.6666666865
79309  -13.543  0.033  -9.706 0.1111111119
79328  -12.391  1.364  -9.457 0.1111111119
79329  -12.771  1.123  -9.721 0.1111111119
79331  -15.235  0.316  -10.654 0.1111111119
79385  -26.536  -0.316  -14.031 0.4444444478
79390  -26.085  0.135  -14.682 0.5555555820
80581  -14.792  1.592  -9.401 0.1111111119
80592  -12.669  1.461  -9.387 0.1111111119
80593  -13.673  1.356  -9.511 0.1111111119
80631  -18.765  0.896  -12.490 0.3333333433
83023  -19.288  3.554  -14.122 0.1111111119
83037  -18.820  3.304  -14.007 0.1111111119
84226  -19.174  3.573  -14.101 0.1111111119
84271  -24.801  4.113  -18.386 0.1111111119
85423  -20.625  5.718  -15.005 0.1111111119
86622  -20.890  6.704  -14.453 0.1111111119
86623  -21.024  6.558  -14.703 0.1111111119
86655  -20.576  5.591  -14.666 0.1111111119
87659  -20.726  6.864  -14.033 0.1111111119
87661  -21.119  7.061  -14.402 0.1111111119
87686  -20.769  6.636  -14.269 0.1111111119
136996  -15.169  -16.359  -1.499 0.3333333433
136997  -14.972  -17.051  -2.017 0.3333333433
