#!ascii label  , from subject A00074034 vox2ras=TkReg
721
76447  26.794  5.177  77.746 0.0000000000
88811  45.264  15.528  52.855 0.0000000000
86404  54.106  14.046  52.537 0.0000000000
79960  48.638  7.906  65.107 0.0000000000
70823  34.562  1.735  72.596 0.0000000000
72214  31.827  3.008  76.066 0.0000000000
88806  50.608  16.121  52.910 0.0000000000
88740  48.481  15.723  56.405 0.0000000000
78847  44.509  7.788  67.316 0.0000000000
70820  39.001  1.232  72.805 0.0000000000
88913  57.960  15.616  42.139 0.0000000000
87717  55.891  14.735  47.741 0.0000000000
81172  46.778  9.645  59.782 0.0000000000
88691  47.602  14.949  60.076 0.0000000000
75165  31.728  4.734  74.196 0.0000000000
75122  29.765  4.255  76.929 0.0000000000
88809  47.560  15.475  53.070 0.0000000000
91182  50.047  17.002  54.953 0.0000000000
91185  47.444  17.153  55.559 0.0000000000
70859  45.166  1.882  69.677 0.0000000000
70772  35.696  1.394  75.694 0.0000000000
69458  36.866  0.740  72.806 0.0000000000
67972  37.900  -1.181  75.005 0.0000000000
87767  56.647  15.789  42.628 0.0000000000
85281  58.197  12.859  44.009 0.0000000000
87744  57.329  14.860  45.188 0.0000000000
87693  53.155  14.735  50.362 0.0000000000
86471  53.014  13.928  48.994 0.0000000000
87672  55.445  14.730  50.202 0.0000000000
85190  56.071  12.657  48.827 0.0000000000
83866  53.683  12.360  49.970 0.0000000000
79944  46.743  8.530  66.623 0.0000000000
81139  45.213  9.162  64.292 0.0000000000
82390  46.795  10.919  63.877 0.0000000000
85044  47.288  13.011  60.251 0.0000000000
84982  48.040  12.198  63.148 0.0000000000
85032  49.703  12.404  60.638 0.0000000000
79999  50.031  8.396  62.740 0.0000000000
73731  34.143  3.329  75.019 0.0000000000
86422  50.530  14.417  51.469 0.0000000000
88804  52.845  15.799  52.846 0.0000000000
87613  51.568  15.324  54.373 0.0000000000
86370  49.108  14.004  54.996 0.0000000000
75241  41.390  4.806  70.944 0.0000000000
75256  43.930  4.770  69.770 0.0000000000
76539  46.414  5.362  68.265 0.0000000000
76560  47.979  5.199  66.282 0.0000000000
76580  47.670  5.722  64.280 0.0000000000
73825  39.391  3.635  69.938 0.0000000000
70817  40.979  1.225  72.202 0.0000000000
86589  57.374  13.952  40.971 0.0000000000
87746  56.068  14.501  45.664 0.0000000000
85215  57.405  13.360  47.125 0.0000000000
83959  55.018  11.825  46.062 0.0000000000
89967  46.009  16.443  56.749 0.0000000000
89931  47.886  16.147  58.441 0.0000000000
85053  50.070  12.565  59.013 0.0000000000
75125  26.813  4.584  78.151 0.0000000000
76445  28.658  5.190  77.088 0.0000000000
73688  28.378  4.208  77.359 0.0000000000
88810  46.413  15.403  53.124 0.0000000000
90030  47.327  16.781  54.288 0.0000000000
90031  46.131  16.729  54.196 0.0000000000
69392  36.492  0.452  75.557 0.0000000000
87760  56.097  14.899  43.445 0.0000000000
88887  57.311  15.306  44.038 0.0000000000
87753  56.220  14.715  44.588 0.0000000000
88824  54.445  15.234  51.636 0.0000000000
87673  54.762  15.211  50.727 0.0000000000
86420  55.014  14.056  51.615 0.0000000000
86439  55.265  13.387  50.955 0.0000000000
79943  47.335  8.626  65.998 0.0000000000
81102  46.749  9.764  65.678 0.0000000000
82351  47.193  10.191  65.226 0.0000000000
83689  47.523  11.742  63.510 0.0000000000
82370  48.185  10.548  64.065 0.0000000000
82388  49.172  9.943  63.004 0.0000000000
79986  49.520  8.262  63.781 0.0000000000
75164  32.763  4.199  74.003 0.0000000000
73704  33.352  3.100  76.284 0.0000000000
72211  34.297  2.286  76.243 0.0000000000
87641  49.407  14.803  52.425 0.0000000000
86424  48.570  13.420  51.386 0.0000000000
87661  50.099  14.704  52.164 0.0000000000
87659  51.744  15.426  51.939 0.0000000000
88805  51.794  16.279  53.016 0.0000000000
88786  52.523  15.575  53.549 0.0000000000
90043  51.383  16.721  53.959 0.0000000000
89984  49.222  16.381  55.353 0.0000000000
88776  49.765  15.559  54.986 0.0000000000
87600  48.621  15.191  55.819 0.0000000000
85084  48.821  12.530  55.685 0.0000000000
85072  48.657  12.942  56.768 0.0000000000
73799  42.589  3.618  70.983 0.0000000000
75240  42.442  4.784  70.488 0.0000000000
73798  43.515  3.643  70.400 0.0000000000
73821  46.120  2.956  69.034 0.0000000000
76551  47.091  5.082  67.796 0.0000000000
69457  37.775  0.951  72.854 0.0000000000
70849  38.650  1.869  71.082 0.0000000000
72305  39.289  2.597  71.229 0.0000000000
73775  40.371  3.438  71.726 0.0000000000
72266  39.874  1.963  72.502 0.0000000000
90139  57.579  16.601  41.570 0.0000000000
87787  57.702  14.577  41.064 0.0000000000
83972  57.772  12.165  44.745 0.0000000000
87719  54.779  14.547  48.564 0.0000000000
86509  53.439  13.575  46.843 0.0000000000
86508  54.866  14.062  47.082 0.0000000000
86529  54.045  13.520  45.833 0.0000000000
87728  55.760  14.509  46.786 0.0000000000
87715  57.074  14.499  47.005 0.0000000000
87703  56.932  14.410  47.795 0.0000000000
83907  54.369  12.184  48.321 0.0000000000
83906  55.460  12.253  47.813 0.0000000000
78848  43.493  7.116  67.502 0.0000000000
78879  43.862  7.878  65.125 0.0000000000
80012  46.223  9.253  62.564 0.0000000000
80014  44.803  8.520  61.679 0.0000000000
86329  47.188  13.992  59.722 0.0000000000
86350  46.254  13.708  57.363 0.0000000000
87578  46.281  14.744  57.644 0.0000000000
88741  45.032  15.745  56.769 0.0000000000
88726  46.497  15.683  57.925 0.0000000000
89949  46.895  16.573  57.795 0.0000000000
88701  47.793  15.596  59.601 0.0000000000
82417  50.644  10.396  60.433 0.0000000000
85043  49.898  12.729  59.846 0.0000000000
82438  50.745  10.742  59.189 0.0000000000
81182  50.278  10.174  58.262 0.0000000000
75152  30.544  5.225  75.701 0.0000000000
73707  30.521  3.805  76.506 0.0000000000
72215  30.588  3.225  76.310 0.0000000000
73687  29.275  3.642  77.114 0.0000000000
88808  48.666  15.618  52.944 0.0000000000
90027  50.604  17.037  54.408 0.0000000000
90028  49.736  17.200  53.905 0.0000000000
91183  49.268  17.173  55.098 0.0000000000
91158  48.070  16.585  56.743 0.0000000000
72254  35.061  1.929  73.620 0.0000000000
70822  35.197  1.129  72.766 0.0000000000
70804  36.083  1.024  74.127 0.0000000000
69432  37.855  0.643  73.868 0.0000000000
69431  38.530  -0.083  73.893 0.0000000000
69455  39.342  0.133  73.024 0.0000000000
66463  38.366  -1.963  74.427 0.0000000000
90128  57.510  16.074  42.302 0.0000000000
87766  58.153  14.640  42.804 0.0000000000
87758  57.947  14.652  43.671 0.0000000000
86541  57.986  13.797  44.342 0.0000000000
85260  57.853  13.165  45.653 0.0000000000
86458  52.167  14.236  50.080 0.0000000000
86457  53.329  14.411  49.718 0.0000000000
87691  54.945  14.868  49.724 0.0000000000
87690  55.651  14.760  49.387 0.0000000000
86469  56.895  14.019  48.481 0.0000000000
86455  56.019  13.482  49.855 0.0000000000
85192  54.622  12.405  49.300 0.0000000000
79926  45.605  8.401  67.167 0.0000000000
78878  44.466  8.347  65.502 0.0000000000
79962  45.570  9.266  65.881 0.0000000000
81137  46.401  10.131  64.385 0.0000000000
82412  46.966  10.416  62.417 0.0000000000
83743  47.401  11.179  60.326 0.0000000000
83705  47.220  11.646  62.252 0.0000000000
85021  47.535  12.739  62.029 0.0000000000
86301  47.934  13.677  61.670 0.0000000000
87529  48.573  14.129  61.110 0.0000000000
84999  48.707  12.524  62.174 0.0000000000
82410  49.774  10.790  61.611 0.0000000000
78936  50.541  7.957  61.271 0.0000000000
75180  32.107  4.414  73.126 0.0000000000
75179  32.783  3.839  72.957 0.0000000000
73759  33.942  3.173  73.089 0.0000000000
72230  35.265  2.193  75.110 0.0000000000
70752  34.859  1.423  76.336 0.0000000000
86440  51.718  14.475  50.647 0.0000000000
87658  52.644  15.455  51.616 0.0000000000
87625  53.595  14.683  52.988 0.0000000000
87626  53.066  14.823  53.670 0.0000000000
86394  51.434  14.167  53.771 0.0000000000
85092  50.555  13.440  53.883 0.0000000000
90005  51.157  16.396  54.927 0.0000000000
87615  50.067  15.068  54.708 0.0000000000
76544  40.393  5.033  68.753 0.0000000000
76543  41.601  5.707  68.311 0.0000000000
77744  42.868  6.381  68.628 0.0000000000
77743  43.686  6.607  68.662 0.0000000000
73823  44.493  3.650  69.891 0.0000000000
76529  45.012  5.124  69.110 0.0000000000
78831  45.069  7.183  68.163 0.0000000000
77751  46.754  6.212  67.719 0.0000000000
78844  47.299  6.958  67.050 0.0000000000
78860  48.464  6.816  65.870 0.0000000000
77781  49.200  6.637  64.366 0.0000000000
76569  47.679  5.283  65.344 0.0000000000
75242  40.508  4.590  70.834 0.0000000000
73774  41.018  3.482  71.774 0.0000000000
70832  42.416  1.467  71.639 0.0000000000
68011  41.232  -0.766  72.560 0.0000000000
68010  42.125  -0.731  72.494 0.0000000000
87800  56.922  14.626  39.989 0.0000000000
86542  55.507  14.062  44.699 0.0000000000
87745  56.764  14.910  45.410 0.0000000000
86506  57.543  14.022  46.638 0.0000000000
85241  57.318  12.702  46.654 0.0000000000
85189  56.800  12.995  48.398 0.0000000000
85242  56.559  12.419  46.971 0.0000000000
83958  55.951  12.174  46.419 0.0000000000
79977  44.309  8.406  64.242 0.0000000000
90011  44.337  16.934  54.357 0.0000000000
90010  45.335  17.051  54.759 0.0000000000
91186  46.939  17.120  55.778 0.0000000000
91147  47.713  16.695  57.233 0.0000000000
88712  48.328  15.643  58.128 0.0000000000
88688  48.625  14.918  60.149 0.0000000000
87564  49.336  14.245  59.100 0.0000000000
86348  48.721  13.789  57.758 0.0000000000
83772  49.210  11.524  57.627 0.0000000000
77794  49.571  6.857  63.327 0.0000000000
77812  49.500  6.959  62.127 0.0000000000
76446  28.121  5.327  77.337 0.0000000000
75124  27.844  4.765  77.783 0.0000000000
88791  45.706  16.176  53.514 0.0000000000
88790  46.855  16.156  53.629 0.0000000000
87637  54.553  14.538  52.072 0.0000000000
87656  54.926  14.993  51.605 0.0000000000
86403  54.582  14.213  52.107 0.0000000000
85127  54.656  13.123  51.367 0.0000000000
86421  54.330  13.397  51.962 0.0000000000
79961  48.076  8.104  65.395 0.0000000000
81101  47.415  9.216  65.565 0.0000000000
81119  47.890  9.636  64.771 0.0000000000
82371  47.470  10.739  64.584 0.0000000000
81118  48.531  9.459  64.215 0.0000000000
81136  48.818  9.796  63.633 0.0000000000
79974  48.840  8.303  64.622 0.0000000000
73706  31.275  3.737  76.229 0.0000000000
73721  32.650  4.032  75.698 0.0000000000
73705  32.437  3.634  76.116 0.0000000000
70755  32.298  2.295  76.013 0.0000000000
87640  50.300  15.266  52.517 0.0000000000
87639  51.059  15.587  52.465 0.0000000000
90044  50.719  16.725  53.580 0.0000000000
88759  48.634  15.768  55.904 0.0000000000
86371  48.617  13.955  55.786 0.0000000000
87587  48.420  14.945  56.595 0.0000000000
72280  42.620  2.497  71.290 0.0000000000
72303  43.239  2.862  70.842 0.0000000000
72279  43.456  2.110  70.992 0.0000000000
70821  38.478  1.264  72.513 0.0000000000
70835  38.296  1.319  71.878 0.0000000000
70834  38.830  1.801  71.975 0.0000000000
72284  39.402  2.054  72.185 0.0000000000
72267  39.497  1.639  72.534 0.0000000000
88924  57.934  15.751  41.079 0.0000000000
87775  57.968  14.613  41.873 0.0000000000
87718  55.141  14.524  48.041 0.0000000000
86488  54.731  14.277  47.772 0.0000000000
87729  55.450  14.486  47.433 0.0000000000
87716  56.502  14.715  47.343 0.0000000000
87704  56.474  14.707  48.199 0.0000000000
83908  53.011  11.778  47.897 0.0000000000
78864  43.723  7.519  66.389 0.0000000000
80024  46.330  9.078  61.578 0.0000000000
80036  46.333  8.987  60.513 0.0000000000
87553  47.400  14.650  60.005 0.0000000000
86341  46.922  14.196  58.975 0.0000000000
87566  47.080  14.893  59.286 0.0000000000
88713  47.001  15.752  58.734 0.0000000000
89918  47.360  15.849  58.984 0.0000000000
88702  47.472  15.394  59.489 0.0000000000
81165  50.867  9.441  60.387 0.0000000000
82423  50.792  10.298  59.844 0.0000000000
81171  50.942  9.390  59.588 0.0000000000
81181  50.707  9.727  58.721 0.0000000000
75138  29.387  4.906  76.669 0.0000000000
76458  29.738  5.406  76.115 0.0000000000
75137  30.510  4.662  76.275 0.0000000000
75121  30.223  4.042  76.696 0.0000000000
73686  30.082  3.588  76.807 0.0000000000
87643  47.133  14.625  52.688 0.0000000000
87642  48.264  14.712  52.626 0.0000000000
88788  49.098  16.493  53.408 0.0000000000
88789  48.011  16.275  53.596 0.0000000000
90008  47.774  17.232  54.850 0.0000000000
91202  48.599  17.359  54.688 0.0000000000
91184  48.367  17.235  55.175 0.0000000000
91171  48.471  16.708  55.696 0.0000000000
91172  47.745  17.006  56.048 0.0000000000
70789  35.786  1.621  74.612 0.0000000000
70805  35.563  1.396  73.606 0.0000000000
70788  36.386  1.056  74.915 0.0000000000
69391  37.085  -0.012  75.404 0.0000000000
69411  37.091  0.517  74.758 0.0000000000
69410  37.699  -0.166  74.751 0.0000000000
69409  38.113  -0.564  74.527 0.0000000000
67971  38.344  -0.970  74.345 0.0000000000
88904  56.591  16.024  42.304 0.0000000000
88914  56.801  16.411  42.100 0.0000000000
88903  57.081  15.984  42.671 0.0000000000
88902  57.763  15.524  43.061 0.0000000000
88894  57.244  15.553  43.545 0.0000000000
87751  57.624  14.877  44.418 0.0000000000
86527  57.808  13.985  45.485 0.0000000000
87671  55.910  14.434  49.777 0.0000000000
86454  56.274  14.054  49.586 0.0000000000
86437  56.025  14.203  49.948 0.0000000000
85146  54.882  12.786  50.666 0.0000000000
85167  55.114  12.606  49.890 0.0000000000
85168  54.136  12.461  50.148 0.0000000000
83882  53.813  12.322  49.503 0.0000000000
79925  46.125  8.529  67.021 0.0000000000
79945  45.771  9.046  66.511 0.0000000000
82352  46.794  10.244  65.234 0.0000000000
81120  46.464  10.067  65.164 0.0000000000
81149  46.464  9.846  63.240 0.0000000000
82404  47.162  11.354  62.432 0.0000000000
82405  47.109  11.167  62.856 0.0000000000
85002  47.556  12.442  62.581 0.0000000000
85001  47.756  12.578  62.635 0.0000000000
86277  47.758  13.005  62.087 0.0000000000
86276  48.040  13.140  62.164 0.0000000000
85000  48.251  12.427  62.707 0.0000000000
81148  49.774  9.523  62.415 0.0000000000
82402  49.277  10.617  62.489 0.0000000000
81157  50.432  9.679  61.443 0.0000000000
79998  50.348  8.439  62.145 0.0000000000
75181  31.136  4.723  73.340 0.0000000000
75197  31.471  4.276  72.325 0.0000000000
73732  33.526  3.797  74.456 0.0000000000
73744  33.454  3.666  73.472 0.0000000000
73743  34.168  3.310  73.976 0.0000000000
72243  34.700  2.722  74.533 0.0000000000
86423  49.828  14.206  51.669 0.0000000000
86441  51.000  14.275  50.916 0.0000000000
88827  52.466  15.775  52.313 0.0000000000
88826  53.171  15.626  52.136 0.0000000000
88803  53.518  15.354  52.630 0.0000000000
88785  53.203  15.342  53.223 0.0000000000
87627  52.171  14.964  54.078 0.0000000000
87628  51.578  14.852  54.226 0.0000000000
90006  50.628  16.520  55.040 0.0000000000
87599  49.197  14.828  55.064 0.0000000000
86382  49.910  14.043  54.488 0.0000000000
85083  49.152  13.212  54.944 0.0000000000
76534  40.679  4.979  69.967 0.0000000000
76533  41.409  5.378  69.513 0.0000000000
75257  43.163  5.174  69.977 0.0000000000
76532  42.487  5.761  69.476 0.0000000000
76531  43.543  5.655  69.540 0.0000000000
77733  43.984  6.133  69.174 0.0000000000
72301  44.752  2.569  70.106 0.0000000000
72300  45.222  2.351  69.783 0.0000000000
75269  46.099  4.475  68.619 0.0000000000
75254  45.489  4.502  69.016 0.0000000000
76540  45.481  5.367  68.738 0.0000000000
76541  44.875  5.595  68.997 0.0000000000
77741  45.806  6.217  68.265 0.0000000000
77752  45.868  7.054  67.831 0.0000000000
77740  46.349  5.931  68.108 0.0000000000
76550  47.618  5.359  67.160 0.0000000000
77750  47.499  6.170  67.154 0.0000000000
77760  48.052  6.217  66.496 0.0000000000
77759  48.595  6.216  65.940 0.0000000000
76559  48.508  5.696  65.795 0.0000000000
69459  35.988  0.721  72.795 0.0000000000
69478  35.634  0.552  71.884 0.0000000000
69477  36.700  0.578  71.906 0.0000000000
73826  38.989  3.103  69.596 0.0000000000
73846  39.143  3.589  69.244 0.0000000000
75271  39.516  4.299  69.121 0.0000000000
75258  40.135  4.562  69.980 0.0000000000
75259  39.850  4.132  70.349 0.0000000000
72282  40.726  2.792  72.012 0.0000000000
72264  41.064  2.057  72.089 0.0000000000
72281  41.588  2.489  71.757 0.0000000000
70833  41.624  1.433  71.905 0.0000000000
68012  40.177  -0.974  72.776 0.0000000000
68009  42.766  -0.511  72.267 0.0000000000
87788  57.312  14.371  40.593 0.0000000000
86590  56.780  13.376  40.660 0.0000000000
86554  58.208  13.647  43.438 0.0000000000
86491  51.326  13.311  47.451 0.0000000000
86490  52.625  13.587  47.774 0.0000000000
86528  55.242  13.925  45.938 0.0000000000
86543  54.454  13.567  44.702 0.0000000000
87726  57.250  14.605  46.062 0.0000000000
85240  57.686  13.302  46.261 0.0000000000
85165  56.402  13.326  49.167 0.0000000000
83932  55.122  12.014  47.164 0.0000000000
83931  55.851  12.265  47.328 0.0000000000
79976  44.880  8.885  64.633 0.0000000000
79964  44.510  8.482  65.036 0.0000000000
83744  47.315  11.751  59.851 0.0000000000
89968  44.926  16.553  56.279 0.0000000000
89988  44.448  16.794  55.386 0.0000000000
89987  45.610  16.895  55.742 0.0000000000
90009  46.624  17.097  55.156 0.0000000000
89986  46.518  16.971  56.085 0.0000000000
89932  47.441  16.263  58.509 0.0000000000
91148  47.447  16.757  57.294 0.0000000000
89948  47.547  16.528  57.819 0.0000000000
89947  48.056  16.412  57.495 0.0000000000
86299  48.992  13.563  61.205 0.0000000000
87540  48.883  14.258  60.680 0.0000000000
86315  49.485  13.572  60.349 0.0000000000
86328  49.684  13.552  59.511 0.0000000000
86339  49.591  13.399  58.745 0.0000000000
86340  49.165  13.928  58.476 0.0000000000
86347  49.197  13.278  58.202 0.0000000000
85061  48.956  12.689  57.664 0.0000000000
85060  49.520  12.525  58.287 0.0000000000
81194  49.984  9.541  57.808 0.0000000000
77780  49.528  6.934  63.964 0.0000000000
77795  48.640  6.441  63.391 0.0000000000
75139  28.901  5.087  76.938 0.0000000000
75123  28.879  4.737  77.346 0.0000000000
73689  27.528  4.074  77.493 0.0000000000
69393  35.998  0.725  75.936 0.0000000000
70771  36.145  0.928  75.553 0.0000000000
69376  36.070  0.176  76.109 0.0000000000
67959  36.590  -0.414  75.995 0.0000000000
87759  56.735  15.500  43.151 0.0000000000
87752  56.914  15.318  44.314 0.0000000000
88839  54.200  15.393  51.314 0.0000000000
87674  53.768  15.264  50.743 0.0000000000
88838  54.641  15.299  51.343 0.0000000000
87655  55.371  14.649  51.022 0.0000000000
86419  55.436  14.286  51.071 0.0000000000
86438  55.700  14.068  50.468 0.0000000000
81085  46.440  9.264  66.170 0.0000000000
81084  47.004  9.158  66.082 0.0000000000
82372  46.846  10.781  64.736 0.0000000000
83677  46.948  11.315  64.125 0.0000000000
83675  47.663  11.305  64.007 0.0000000000
83688  48.173  11.714  63.409 0.0000000000
82403  48.736  11.384  62.895 0.0000000000
82389  48.730  10.702  63.288 0.0000000000
81135  49.351  9.109  63.220 0.0000000000
75150  32.395  4.411  75.171 0.0000000000
73720  33.268  3.777  75.505 0.0000000000
73719  34.019  3.079  75.943 0.0000000000
86407  48.905  14.150  52.134 0.0000000000
86406  49.393  14.341  52.098 0.0000000000
87677  51.401  14.829  51.437 0.0000000000
87660  50.762  14.817  51.838 0.0000000000
88787  51.742  15.924  54.112 0.0000000000
88757  49.899  16.121  55.131 0.0000000000
88758  49.052  15.783  55.373 0.0000000000
75216  41.898  4.259  71.174 0.0000000000
75239  43.362  4.528  70.157 0.0000000000
73824  43.813  4.155  70.053 0.0000000000
72321  45.718  2.407  69.324 0.0000000000
75268  46.799  4.283  68.116 0.0000000000
75279  47.150  4.411  67.303 0.0000000000
69476  37.589  0.870  71.905 0.0000000000
70861  38.377  1.785  70.407 0.0000000000
72323  38.694  2.421  70.098 0.0000000000
73801  39.228  3.063  70.344 0.0000000000
73800  39.641  3.474  70.861 0.0000000000
73776  39.963  3.493  71.469 0.0000000000
72283  39.944  2.783  71.933 0.0000000000
72265  40.486  2.118  72.332 0.0000000000
70818  40.290  1.410  72.470 0.0000000000
86489  54.125  14.172  48.166 0.0000000000
86507  55.319  14.178  46.615 0.0000000000
87727  56.602  14.703  46.406 0.0000000000
86486  57.271  14.031  47.602 0.0000000000
85218  55.408  12.368  48.479 0.0000000000
77754  42.778  6.611  67.736 0.0000000000
80001  45.738  9.159  63.189 0.0000000000
80002  44.880  8.673  62.688 0.0000000000
80013  45.602  8.816  62.150 0.0000000000
80025  45.570  8.678  61.119 0.0000000000
85054  47.127  13.096  59.023 0.0000000000
86349  46.629  13.927  58.243 0.0000000000
87588  45.514  14.520  56.781 0.0000000000
87589  44.697  15.048  56.272 0.0000000000
88727  45.965  15.562  57.178 0.0000000000
89950  46.355  16.115  57.421 0.0000000000
89933  47.255  16.140  58.658 0.0000000000
89916  47.728  15.926  59.031 0.0000000000
83731  49.889  11.688  60.758 0.0000000000
83730  50.240  11.505  60.315 0.0000000000
83742  50.471  11.484  59.646 0.0000000000
83754  50.411  11.574  59.036 0.0000000000
83755  49.920  11.603  58.450 0.0000000000
82439  50.386  10.759  58.591 0.0000000000
75166  30.660  5.079  74.363 0.0000000000
76469  30.502  5.319  74.845 0.0000000000
75151  31.092  5.060  75.239 0.0000000000
72198  29.988  3.255  76.849 0.0000000000
73709  28.225  3.516  76.882 0.0000000000
88807  49.680  15.838  52.869 0.0000000000
90045  49.989  16.518  53.326 0.0000000000
91200  49.798  17.266  54.609 0.0000000000
90029  48.508  17.087  54.234 0.0000000000
91201  49.082  17.376  54.618 0.0000000000
91170  49.524  16.760  55.170 0.0000000000
89985  48.535  16.205  56.019 0.0000000000
89965  48.325  16.217  56.803 0.0000000000
70848  43.962  1.390  70.835 0.0000000000
70806  34.980  1.742  73.221 0.0000000000
70836  34.819  1.041  72.121 0.0000000000
69434  36.233  0.833  73.461 0.0000000000
69433  36.871  0.727  73.835 0.0000000000
70803  38.331  0.996  73.102 0.0000000000
69456  38.855  0.562  73.323 0.0000000000
69430  39.014  -0.473  73.487 0.0000000000
67988  38.854  -1.205  73.778 0.0000000000
66480  38.944  -2.205  73.916 0.0000000000
88893  57.572  15.218  43.825 0.0000000000
85270  57.951  12.796  44.944 0.0000000000
85271  57.497  12.280  45.244 0.0000000000
86472  51.753  13.556  48.704 0.0000000000
87692  54.034  14.735  49.934 0.0000000000
86456  53.737  14.508  49.643 0.0000000000
87707  54.521  14.596  49.102 0.0000000000
87706  55.194  14.751  48.906 0.0000000000
87705  55.817  14.805  48.567 0.0000000000
87689  56.282  14.594  49.051 0.0000000000
85166  55.846  12.871  49.589 0.0000000000
85145  55.578  13.132  50.309 0.0000000000
85191  55.350  12.524  49.153 0.0000000000
85219  54.943  12.357  48.811 0.0000000000
79927  45.085  8.247  67.313 0.0000000000
78863  44.431  8.168  66.145 0.0000000000
79946  44.992  8.554  66.767 0.0000000000
79963  45.009  8.887  65.668 0.0000000000
81122  45.348  9.282  64.838 0.0000000000
81103  46.035  9.577  65.749 0.0000000000
81121  45.888  9.709  64.961 0.0000000000
81138  45.704  9.443  63.984 0.0000000000
81150  46.004  9.424  63.499 0.0000000000
81160  46.784  9.699  62.096 0.0000000000
81167  47.060  9.764  60.961 0.0000000000
82426  47.284  10.573  60.162 0.0000000000
82418  47.351  10.883  61.241 0.0000000000
83721  47.277  11.626  61.531 0.0000000000
83733  47.267  12.213  60.930 0.0000000000
83690  47.243  11.690  63.407 0.0000000000
83706  47.336  12.068  62.568 0.0000000000
85033  47.379  12.981  61.244 0.0000000000
86316  47.407  13.827  60.608 0.0000000000
87543  47.671  14.455  60.627 0.0000000000
87542  47.970  14.687  60.715 0.0000000000
87530  48.146  14.241  61.227 0.0000000000
86300  48.341  13.701  61.603 0.0000000000
85020  49.131  12.582  61.639 0.0000000000
83703  49.009  11.792  62.247 0.0000000000
83720  49.581  11.739  61.284 0.0000000000
82409  50.317  10.511  61.115 0.0000000000
80023  50.785  8.678  60.886 0.0000000000
72268  33.794  2.532  72.287 0.0000000000
73760  33.260  3.372  72.530 0.0000000000
72255  34.564  2.443  73.432 0.0000000000
72242  35.186  2.093  74.154 0.0000000000
72231  34.593  2.632  75.495 0.0000000000
72210  35.041  2.080  75.916 0.0000000000
87694  52.579  14.736  50.609 0.0000000000
87675  52.935  15.151  50.937 0.0000000000
88840  53.457  15.426  51.451 0.0000000000
87638  54.050  14.856  52.391 0.0000000000
86405  53.412  13.504  52.814 0.0000000000
86391  53.691  14.247  52.943 0.0000000000
86392  53.412  14.073  53.249 0.0000000000
86393  52.554  14.088  53.680 0.0000000000
90026  51.223  16.503  54.606 0.0000000000
88774  51.262  15.919  54.824 0.0000000000
88775  50.507  15.696  54.969 0.0000000000
87614  50.914  14.937  54.439 0.0000000000
86381  50.679  14.193  54.071 0.0000000000
76553  40.567  5.214  67.403 0.0000000000
77745  42.328  6.202  68.177 0.0000000000
76523  41.935  5.388  70.044 0.0000000000
76542  42.320  6.042  68.681 0.0000000000
77753  43.290  6.766  68.165 0.0000000000
78833  43.642  6.944  68.165 0.0000000000
78832  44.148  7.100  68.190 0.0000000000
72302  44.012  2.444  70.544 0.0000000000
73797  44.230  3.080  70.280 0.0000000000
73822  45.576  3.550  69.292 0.0000000000
75255  44.812  4.529  69.396 0.0000000000
76530  44.382  5.542  69.264 0.0000000000
77732  44.322  6.017  69.098 0.0000000000
77742  44.634  6.243  68.772 0.0000000000
78846  45.406  7.813  67.609 0.0000000000
78845  46.379  7.720  67.336 0.0000000000
78862  47.065  7.741  66.898 0.0000000000
78861  47.678  7.552  66.272 0.0000000000
78877  48.299  7.432  65.703 0.0000000000
78892  49.265  7.409  64.654 0.0000000000
77768  48.887  6.340  65.401 0.0000000000
76568  48.622  5.752  64.863 0.0000000000
75293  47.194  4.944  65.518 0.0000000000
76570  47.041  5.080  65.250 0.0000000000
69479  34.920  0.748  71.447 0.0000000000
69493  36.510  0.427  70.952 0.0000000000
76545  39.763  4.613  68.354 0.0000000000
76525  40.954  4.998  70.599 0.0000000000
75219  40.215  3.766  71.473 0.0000000000
75218  40.519  3.983  71.460 0.0000000000
75217  41.168  4.203  71.408 0.0000000000
73773  41.806  3.469  71.454 0.0000000000
70831  43.279  1.410  71.334 0.0000000000
70819  39.727  1.162  72.635 0.0000000000
69454  40.426  0.343  72.437 0.0000000000
69453  41.567  0.169  72.264 0.0000000000
69474  42.321  0.467  72.039 0.0000000000
85261  57.653  12.668  45.822 0.0000000000
85262  56.935  12.277  45.934 0.0000000000
86487  57.158  13.422  47.865 0.0000000000
85217  56.166  12.433  47.903 0.0000000000
85216  57.024  12.774  47.541 0.0000000000
83974  56.255  12.025  45.089 0.0000000000
88792  44.686  16.332  53.175 0.0000000000
88742  44.309  15.882  56.036 0.0000000000
90033  44.090  16.757  53.469 0.0000000000
90032  45.045  16.853  53.846 0.0000000000
89966  46.790  16.856  56.768 0.0000000000
91160  47.310  16.912  56.837 0.0000000000
88725  48.370  15.702  57.187 0.0000000000
88689  48.134  15.209  60.204 0.0000000000
88700  48.379  15.495  59.325 0.0000000000
87552  48.945  14.878  59.368 0.0000000000
87565  48.789  14.752  58.549 0.0000000000
87576  48.459  14.853  57.531 0.0000000000
86357  48.433  14.094  56.878 0.0000000000
83773  48.847  12.143  57.153 0.0000000000
82455  49.833  10.649  58.055 0.0000000000
79973  49.395  7.997  64.225 0.0000000000
78905  49.849  7.647  63.346 0.0000000000
77813  48.763  6.618  62.475 0.0000000000
78921  50.047  7.464  62.584 0.0000000000
78937  50.079  7.420  61.673 0.0000000000
69452  42.235  -0.162  72.280 0.0000000000
69475  41.607  0.832  72.066 0.0000000000
70802  38.522  0.734  73.435 0.0000000000
70846  45.049  2.065  70.000 0.0000000000
70860  44.811  1.322  69.552 0.0000000000
72197  30.146  3.312  76.668 0.0000000000
72285  33.563  2.093  71.639 0.0000000000
72304  39.720  3.126  71.386 0.0000000000
72322  45.228  2.905  69.747 0.0000000000
72324  38.324  1.909  69.871 0.0000000000
73703  33.828  2.713  76.328 0.0000000000
73777  32.926  3.184  71.964 0.0000000000
73845  45.890  3.981  68.884 0.0000000000
75135  32.326  4.124  75.752 0.0000000000
75149  33.027  4.089  74.789 0.0000000000
75243  40.062  3.986  71.139 0.0000000000
75270  40.143  4.764  69.490 0.0000000000
75272  39.084  3.690  68.789 0.0000000000
76457  30.288  5.315  75.892 0.0000000000
76459  28.703  5.496  76.574 0.0000000000
76470  30.142  5.473  75.338 0.0000000000
76482  30.411  5.269  74.619 0.0000000000
76524  41.446  5.178  70.337 0.0000000000
76579  48.423  6.088  63.963 0.0000000000
77734  43.304  6.195  69.175 0.0000000000
78849  42.958  6.820  67.198 0.0000000000
78876  48.860  7.354  65.228 0.0000000000
78891  49.530  7.466  64.093 0.0000000000
78920  50.427  7.985  62.065 0.0000000000
79975  47.968  8.791  65.035 0.0000000000
79987  49.020  8.974  63.908 0.0000000000
79988  45.457  9.196  63.634 0.0000000000
79989  45.012  8.939  63.726 0.0000000000
80000  46.167  9.371  63.017 0.0000000000
80011  50.530  8.589  61.665 0.0000000000
80052  46.253  8.888  59.573 0.0000000000
81083  47.218  9.038  65.906 0.0000000000
81104  45.556  9.375  65.444 0.0000000000
81147  50.267  8.903  62.089 0.0000000000
81158  49.850  10.155  61.996 0.0000000000
81159  47.157  10.331  61.669 0.0000000000
81164  50.865  9.950  59.963 0.0000000000
81166  47.270  10.321  61.162 0.0000000000
81170  50.849  9.998  59.470 0.0000000000
81180  50.815  10.224  59.212 0.0000000000
82411  47.205  11.081  62.084 0.0000000000
82416  50.782  10.201  60.070 0.0000000000
82419  47.322  10.457  60.812 0.0000000000
82424  50.707  10.824  59.821 0.0000000000
82425  47.414  10.905  60.639 0.0000000000
82437  50.790  10.411  59.500 0.0000000000
83676  47.215  11.342  64.123 0.0000000000
83704  48.514  11.885  62.855 0.0000000000
83719  50.129  11.124  60.925 0.0000000000
83722  47.308  12.266  61.809 0.0000000000
83732  47.358  11.446  60.750 0.0000000000
83905  55.831  12.308  47.685 0.0000000000
84983  47.802  12.206  63.126 0.0000000000
84984  47.524  12.126  63.032 0.0000000000
85031  49.969  11.970  60.300 0.0000000000
85042  50.089  12.038  60.032 0.0000000000
85052  50.206  12.085  59.510 0.0000000000
86275  48.524  13.038  61.935 0.0000000000
86278  47.653  12.953  62.105 0.0000000000
86302  47.642  13.519  61.494 0.0000000000
86468  57.082  14.168  47.981 0.0000000000
86470  53.815  14.379  49.268 0.0000000000
87528  48.812  14.038  61.025 0.0000000000
87531  47.848  14.167  61.189 0.0000000000
87541  48.358  14.615  60.703 0.0000000000
87551  49.206  14.456  59.903 0.0000000000
87577  46.724  14.915  58.487 0.0000000000
87657  54.427  15.038  51.970 0.0000000000
87676  52.027  14.841  51.015 0.0000000000
88690  47.781  15.108  60.138 0.0000000000
88699  48.786  14.997  59.738 0.0000000000
88825  53.927  15.348  51.950 0.0000000000
88886  57.494  15.151  44.104 0.0000000000
89917  47.469  15.856  59.061 0.0000000000
89983  49.918  16.523  55.142 0.0000000000
90007  48.334  17.325  54.737 0.0000000000
91146  47.909  16.619  57.168 0.0000000000
91159  47.767  16.815  56.665 0.0000000000
91169  50.081  16.734  55.086 0.0000000000
91173  47.138  17.062  56.216 0.0000000000
