#!ascii label  , from subject A00073611 vox2ras=TkReg
1139
75388  -44.216  -10.048  47.191 0.0000000000
76414  -48.484  -8.821  34.247 0.0000000000
84144  -46.202  -0.907  45.828 0.0000000000
76344  -49.307  -9.210  41.003 0.0000000000
72893  -49.582  -14.181  47.080 0.0000000000
78971  -43.435  -6.468  37.597 0.0000000000
84220  -50.015  0.486  38.045 0.0000000000
86598  -44.547  2.924  41.326 0.0000000000
71008  -42.169  -15.897  51.782 0.0000000000
76292  -45.645  -10.505  43.339 0.0000000000
76361  -44.847  -9.560  39.599 0.0000000000
78069  -42.433  -7.597  43.527 0.0000000000
85012  -50.305  0.039  49.850 0.0000000000
83217  -49.710  -1.191  43.328 0.0000000000
85858  -51.141  1.306  44.401 0.0000000000
85910  -47.527  2.402  40.554 0.0000000000
86559  -46.222  2.430  46.391 0.0000000000
75524  -45.034  -10.099  32.792 0.0000000000
78047  -40.355  -7.716  47.346 0.0000000000
80517  -44.719  -5.116  46.383 0.0000000000
76310  -55.087  -8.974  42.305 0.0000000000
73809  -50.127  -13.004  42.113 0.0000000000
72034  -44.254  -14.213  43.762 0.0000000000
70102  -43.752  -16.065  46.960 0.0000000000
77311  -46.085  -8.341  33.856 0.0000000000
79811  -44.596  -5.304  32.561 0.0000000000
80548  -45.002  -3.672  42.890 0.0000000000
82322  -46.321  -2.822  37.539 0.0000000000
83317  -46.114  -1.626  32.140 0.0000000000
83273  -46.554  -0.673  36.699 0.0000000000
85096  -43.956  0.912  39.307 0.0000000000
75400  -44.374  -10.678  45.319 0.0000000000
76290  -43.699  -9.808  43.525 0.0000000000
77182  -42.786  -9.228  45.726 0.0000000000
86547  -49.679  1.513  50.166 0.0000000000
85832  -51.817  0.738  46.875 0.0000000000
85821  -49.557  1.793  47.274 0.0000000000
85840  -48.097  1.328  45.288 0.0000000000
76422  -47.101  -9.288  33.186 0.0000000000
78905  -38.409  -5.740  46.860 0.0000000000
80513  -40.975  -4.446  46.061 0.0000000000
72913  -49.812  -13.901  44.698 0.0000000000
72046  -47.317  -13.985  42.805 0.0000000000
71091  -46.791  -15.064  44.682 0.0000000000
70065  -43.314  -16.507  49.876 0.0000000000
72901  -39.406  -14.074  46.898 0.0000000000
74567  -39.440  -11.500  48.223 0.0000000000
72880  -37.253  -13.183  48.243 0.0000000000
78124  -49.303  -7.757  39.124 0.0000000000
77258  -43.124  -8.176  38.870 0.0000000000
76401  -45.706  -9.251  36.816 0.0000000000
78149  -43.719  -7.424  35.866 0.0000000000
78173  -44.639  -7.838  33.137 0.0000000000
79797  -43.843  -5.695  35.040 0.0000000000
82250  -44.802  -2.699  45.634 0.0000000000
80527  -45.350  -4.464  44.605 0.0000000000
82258  -46.894  -3.040  44.511 0.0000000000
84191  -50.059  0.116  40.924 0.0000000000
83248  -47.987  -0.962  40.607 0.0000000000
83274  -48.457  -1.139  37.536 0.0000000000
82352  -47.317  -1.913  34.260 0.0000000000
83291  -48.466  -0.769  35.431 0.0000000000
83299  -46.297  -0.744  34.277 0.0000000000
85120  -48.737  0.819  36.873 0.0000000000
86599  -45.453  2.663  40.868 0.0000000000
86642  -45.650  2.645  38.633 0.0000000000
86625  -44.199  2.979  39.232 0.0000000000
85930  -41.725  2.208  38.232 0.0000000000
86623  -42.921  2.984  39.791 0.0000000000
76309  -47.141  -10.158  42.385 0.0000000000
77225  -47.159  -8.921  40.554 0.0000000000
76323  -45.465  -9.720  41.767 0.0000000000
76320  -42.886  -8.877  41.174 0.0000000000
78949  -42.585  -6.609  40.198 0.0000000000
85021  -48.759  0.118  47.893 0.0000000000
83197  -48.551  -1.390  44.720 0.0000000000
84139  -51.000  -0.605  46.195 0.0000000000
84154  -52.152  0.120  43.626 0.0000000000
85078  -50.806  1.304  40.702 0.0000000000
86630  -49.533  2.437  38.838 0.0000000000
85884  -48.727  1.562  42.072 0.0000000000
85868  -46.616  1.181  43.155 0.0000000000
86577  -44.859  2.492  44.521 0.0000000000
76441  -43.777  -9.184  31.498 0.0000000000
77164  -42.364  -8.768  47.719 0.0000000000
78051  -43.325  -7.927  47.250 0.0000000000
78910  -42.738  -6.605  46.957 0.0000000000
81358  -42.891  -4.155  46.060 0.0000000000
83187  -44.057  -0.889  46.109 0.0000000000
83177  -42.468  -0.947  48.579 0.0000000000
84111  -45.557  -0.367  48.766 0.0000000000
76347  -52.063  -9.054  40.374 0.0000000000
74639  -53.101  -10.981  41.953 0.0000000000
74635  -49.533  -11.464  40.864 0.0000000000
73808  -47.449  -11.951  41.829 0.0000000000
73794  -45.541  -11.913  43.438 0.0000000000
71980  -48.141  -14.791  49.197 0.0000000000
71011  -45.109  -15.557  51.258 0.0000000000
71034  -45.660  -15.512  49.283 0.0000000000
71060  -46.726  -15.348  47.050 0.0000000000
71088  -44.200  -15.237  44.898 0.0000000000
74577  -42.643  -11.075  47.549 0.0000000000
78177  -49.060  -7.598  33.640 0.0000000000
76392  -47.560  -8.913  37.566 0.0000000000
77300  -47.673  -8.134  35.303 0.0000000000
76434  -47.928  -8.177  33.318 0.0000000000
76444  -46.092  -8.810  32.274 0.0000000000
77339  -44.920  -8.033  31.091 0.0000000000
79020  -44.138  -6.301  30.195 0.0000000000
78914  -43.800  -6.530  45.501 0.0000000000
79745  -42.970  -5.490  42.822 0.0000000000
80566  -43.551  -4.577  40.001 0.0000000000
82281  -47.650  -2.255  42.991 0.0000000000
81421  -45.241  -2.966  40.014 0.0000000000
80582  -44.607  -4.449  37.675 0.0000000000
80609  -45.153  -3.893  34.706 0.0000000000
80629  -45.087  -3.606  31.753 0.0000000000
80620  -43.726  -3.998  31.028 0.0000000000
85935  -47.311  1.876  38.181 0.0000000000
84207  -45.613  0.166  39.022 0.0000000000
83254  -43.460  -1.314  39.720 0.0000000000
85087  -41.939  0.702  39.893 0.0000000000
85085  -39.964  1.190  40.127 0.0000000000
75394  -44.213  -10.392  46.276 0.0000000000
76275  -43.672  -9.814  45.515 0.0000000000
76258  -43.506  -9.341  46.721 0.0000000000
86552  -49.674  1.707  49.269 0.0000000000
86556  -48.849  2.220  48.002 0.0000000000
76413  -47.834  -9.239  34.129 0.0000000000
72904  -49.754  -14.070  45.755 0.0000000000
72029  -48.419  -14.416  44.274 0.0000000000
72010  -48.079  -14.699  46.165 0.0000000000
71055  -38.535  -15.493  47.541 0.0000000000
72890  -38.156  -13.360  47.803 0.0000000000
77228  -49.764  -8.582  40.417 0.0000000000
77246  -49.472  -8.158  40.034 0.0000000000
78123  -43.279  -7.354  38.186 0.0000000000
77268  -43.821  -8.450  37.492 0.0000000000
78138  -43.533  -7.442  36.948 0.0000000000
78991  -43.660  -6.598  35.453 0.0000000000
79782  -43.688  -5.632  37.128 0.0000000000
83193  -45.352  -1.616  45.471 0.0000000000
81369  -45.995  -3.646  45.454 0.0000000000
83195  -47.205  -1.794  45.039 0.0000000000
84211  -49.936  0.440  38.849 0.0000000000
84210  -49.267  -0.213  39.138 0.0000000000
84219  -49.611  -0.147  38.119 0.0000000000
83283  -48.780  -0.945  36.439 0.0000000000
84235  -49.470  0.221  36.440 0.0000000000
84241  -48.150  -0.587  35.254 0.0000000000
85122  -49.727  0.803  36.923 0.0000000000
85893  -44.747  2.554  41.972 0.0000000000
86612  -44.859  2.868  40.083 0.0000000000
86611  -43.900  2.803  40.206 0.0000000000
86624  -43.342  3.164  39.334 0.0000000000
87335  -43.501  2.891  40.504 0.0000000000
76308  -46.528  -10.151  42.768 0.0000000000
76324  -46.468  -9.652  41.918 0.0000000000
76307  -45.598  -10.126  42.719 0.0000000000
76289  -42.922  -9.228  43.215 0.0000000000
76305  -43.674  -9.488  42.434 0.0000000000
77202  -42.537  -8.387  41.787 0.0000000000
77224  -42.532  -8.128  40.394 0.0000000000
78938  -42.143  -7.027  41.902 0.0000000000
84115  -49.709  -0.179  48.739 0.0000000000
84126  -49.716  -0.261  47.542 0.0000000000
84117  -51.279  -0.139  48.055 0.0000000000
85844  -51.902  0.849  45.717 0.0000000000
85033  -52.479  0.495  45.180 0.0000000000
85874  -52.446  1.229  43.912 0.0000000000
84179  -52.048  0.989  41.761 0.0000000000
85886  -51.283  1.455  42.370 0.0000000000
85899  -50.640  1.569  41.263 0.0000000000
85871  -50.472  1.259  43.114 0.0000000000
85827  -47.396  1.731  46.048 0.0000000000
85855  -47.954  1.179  44.277 0.0000000000
85838  -46.226  1.607  45.015 0.0000000000
85853  -45.911  1.360  44.065 0.0000000000
86568  -45.697  2.341  45.723 0.0000000000
75530  -44.360  -9.598  31.671 0.0000000000
77175  -41.581  -8.582  47.663 0.0000000000
78049  -42.224  -7.796  47.475 0.0000000000
78055  -41.390  -6.992  46.861 0.0000000000
81363  -41.111  -3.420  45.830 0.0000000000
80520  -41.605  -4.006  45.897 0.0000000000
82247  -42.035  -2.413  45.772 0.0000000000
82248  -42.954  -2.544  45.667 0.0000000000
83185  -41.944  -1.366  46.508 0.0000000000
83161  -42.489  -1.368  50.515 0.0000000000
84109  -43.898  -0.862  48.924 0.0000000000
83172  -44.695  -1.093  49.839 0.0000000000
84101  -46.513  -0.365  49.623 0.0000000000
84087  -45.178  -0.753  50.652 0.0000000000
76365  -53.211  -8.325  40.120 0.0000000000
76328  -53.916  -9.481  40.935 0.0000000000
73812  -52.401  -11.913  43.053 0.0000000000
73826  -51.574  -12.005  41.917 0.0000000000
74637  -51.489  -11.485  41.345 0.0000000000
73824  -49.950  -12.489  41.520 0.0000000000
73822  -48.150  -11.857  41.482 0.0000000000
72955  -48.351  -12.636  41.646 0.0000000000
72928  -45.561  -13.973  43.108 0.0000000000
73806  -45.860  -12.466  42.860 0.0000000000
72938  -44.994  -12.835  43.077 0.0000000000
71009  -42.954  -15.786  51.747 0.0000000000
71032  -44.158  -16.239  49.774 0.0000000000
71045  -45.151  -15.735  48.531 0.0000000000
71046  -45.840  -15.434  48.282 0.0000000000
71058  -45.275  -15.713  47.533 0.0000000000
71069  -45.431  -15.692  46.525 0.0000000000
71067  -43.954  -15.849  46.469 0.0000000000
74576  -41.436  -11.111  47.786 0.0000000000
74568  -40.492  -10.911  48.113 0.0000000000
78164  -49.675  -7.708  34.886 0.0000000000
76362  -45.997  -9.370  39.668 0.0000000000
76363  -46.820  -9.076  39.266 0.0000000000
76378  -46.410  -9.333  38.551 0.0000000000
77298  -45.997  -8.616  34.970 0.0000000000
77283  -46.190  -8.902  35.974 0.0000000000
77312  -47.051  -8.153  34.197 0.0000000000
78184  -47.626  -7.735  33.868 0.0000000000
77322  -47.250  -8.241  33.362 0.0000000000
77333  -46.345  -8.596  32.690 0.0000000000
77321  -46.028  -8.274  32.903 0.0000000000
79009  -44.178  -6.854  32.646 0.0000000000
78183  -44.606  -7.742  32.358 0.0000000000
78193  -44.465  -7.354  31.570 0.0000000000
78206  -44.205  -7.072  30.449 0.0000000000
79822  -44.478  -5.491  30.592 0.0000000000
79719  -44.207  -6.139  46.887 0.0000000000
78061  -43.823  -7.023  46.158 0.0000000000
79722  -44.580  -5.748  45.952 0.0000000000
80539  -45.073  -3.938  43.468 0.0000000000
80526  -44.629  -4.936  44.367 0.0000000000
80547  -44.386  -3.952  42.497 0.0000000000
80556  -43.548  -4.249  41.316 0.0000000000
80557  -44.123  -3.775  41.668 0.0000000000
83205  -49.549  -1.378  44.112 0.0000000000
82260  -48.161  -2.344  44.020 0.0000000000
82282  -48.316  -1.868  42.986 0.0000000000
82314  -46.922  -1.831  38.790 0.0000000000
82306  -46.519  -1.662  40.117 0.0000000000
82305  -46.010  -2.424  39.439 0.0000000000
81429  -45.465  -3.216  38.767 0.0000000000
81437  -45.730  -3.344  37.391 0.0000000000
80588  -45.089  -4.093  36.924 0.0000000000
81447  -45.828  -3.421  36.466 0.0000000000
82361  -47.000  -1.702  33.310 0.0000000000
81464  -46.579  -2.566  33.674 0.0000000000
82367  -46.125  -2.283  31.774 0.0000000000
81487  -44.527  -3.495  31.103 0.0000000000
83323  -44.758  -2.435  31.226 0.0000000000
81478  -43.564  -3.541  31.599 0.0000000000
83306  -44.936  -1.666  32.578 0.0000000000
83281  -45.969  -1.256  36.018 0.0000000000
82342  -45.232  -1.737  35.071 0.0000000000
86629  -48.613  2.607  39.100 0.0000000000
86645  -48.912  2.191  38.435 0.0000000000
86644  -47.905  2.327  38.585 0.0000000000
85933  -44.968  2.156  38.350 0.0000000000
85923  -45.823  1.434  38.539 0.0000000000
85097  -44.988  0.943  39.046 0.0000000000
83255  -44.138  -0.929  39.348 0.0000000000
84205  -43.758  -0.211  39.547 0.0000000000
83246  -42.884  -0.971  40.204 0.0000000000
85088  -42.692  0.520  39.830 0.0000000000
86638  -41.396  2.628  38.449 0.0000000000
85918  -41.027  1.767  38.505 0.0000000000
85917  -39.919  2.174  38.448 0.0000000000
85905  -39.368  1.705  39.260 0.0000000000
75406  -44.806  -10.654  44.580 0.0000000000
76291  -44.673  -10.373  43.804 0.0000000000
76282  -43.647  -10.005  44.610 0.0000000000
76281  -42.878  -9.472  44.329 0.0000000000
77189  -42.475  -8.624  44.003 0.0000000000
85018  -51.318  0.359  48.696 0.0000000000
85817  -51.138  1.102  48.829 0.0000000000
85822  -50.484  1.606  47.507 0.0000000000
85830  -50.350  1.471  46.430 0.0000000000
85031  -49.697  0.843  44.926 0.0000000000
85829  -49.353  1.447  46.320 0.0000000000
86561  -47.626  1.839  47.019 0.0000000000
75525  -46.040  -9.580  32.872 0.0000000000
78899  -39.649  -6.967  47.104 0.0000000000
78908  -40.953  -6.353  46.609 0.0000000000
79714  -39.452  -5.330  46.603 0.0000000000
72930  -49.847  -13.646  42.970 0.0000000000
72048  -48.977  -13.843  42.660 0.0000000000
72039  -48.664  -14.177  43.377 0.0000000000
72037  -46.798  -14.584  43.535 0.0000000000
71096  -45.678  -15.154  44.010 0.0000000000
70052  -42.060  -16.443  50.580 0.0000000000
70076  -42.104  -16.870  48.760 0.0000000000
72902  -40.008  -13.564  46.659 0.0000000000
74574  -39.646  -12.077  47.971 0.0000000000
73756  -38.898  -12.771  47.732 0.0000000000
73750  -38.574  -12.367  48.201 0.0000000000
76376  -44.449  -9.448  38.596 0.0000000000
76389  -44.975  -9.395  37.540 0.0000000000
77269  -44.405  -9.048  37.262 0.0000000000
77282  -44.911  -8.900  36.312 0.0000000000
77297  -44.759  -8.354  34.797 0.0000000000
77310  -45.182  -8.308  33.465 0.0000000000
78160  -43.883  -7.584  34.750 0.0000000000
78998  -43.788  -6.590  34.356 0.0000000000
79804  -43.973  -5.675  33.981 0.0000000000
81361  -44.986  -4.541  46.299 0.0000000000
79723  -45.088  -5.086  45.798 0.0000000000
80523  -45.443  -4.518  45.641 0.0000000000
80528  -46.011  -4.124  44.775 0.0000000000
81395  -46.321  -3.323  43.586 0.0000000000
84177  -50.101  -0.320  41.785 0.0000000000
83240  -48.624  -0.843  41.474 0.0000000000
83249  -48.681  -0.607  40.764 0.0000000000
83257  -48.005  -0.843  39.523 0.0000000000
82324  -47.712  -1.709  37.960 0.0000000000
82333  -47.449  -2.102  36.328 0.0000000000
82344  -48.080  -1.468  35.804 0.0000000000
82353  -47.902  -1.318  34.799 0.0000000000
83309  -47.573  -1.020  33.613 0.0000000000
84253  -46.197  -0.862  33.457 0.0000000000
84248  -47.645  -0.731  34.229 0.0000000000
84233  -47.794  -0.333  35.765 0.0000000000
84225  -47.451  -0.157  36.885 0.0000000000
86601  -46.869  2.468  40.618 0.0000000000
86627  -46.356  3.041  39.171 0.0000000000
86613  -45.877  2.963  39.988 0.0000000000
86641  -44.531  2.680  38.618 0.0000000000
85932  -43.889  2.256  38.275 0.0000000000
85920  -43.354  1.684  38.664 0.0000000000
86640  -43.336  2.950  38.454 0.0000000000
87352  -41.962  3.120  38.637 0.0000000000
87343  -41.766  3.159  39.418 0.0000000000
76326  -48.631  -9.406  41.408 0.0000000000
77226  -47.902  -8.710  40.841 0.0000000000
76342  -47.106  -9.192  41.250 0.0000000000
76341  -46.330  -9.288  40.884 0.0000000000
76340  -45.219  -9.510  40.692 0.0000000000
76306  -44.589  -9.933  42.650 0.0000000000
76322  -44.439  -9.611  41.588 0.0000000000
76339  -44.188  -9.435  40.536 0.0000000000
76359  -43.093  -8.834  39.548 0.0000000000
78106  -42.760  -7.230  39.508 0.0000000000
78950  -42.854  -6.407  39.408 0.0000000000
84135  -47.005  -0.325  46.513 0.0000000000
84146  -48.124  -0.942  45.294 0.0000000000
84137  -49.006  -0.595  46.394 0.0000000000
84148  -50.134  -0.732  45.409 0.0000000000
84149  -51.009  -0.569  45.001 0.0000000000
84129  -52.209  -0.134  46.403 0.0000000000
84150  -52.063  -0.350  44.714 0.0000000000
83218  -50.572  -0.602  43.238 0.0000000000
84178  -50.922  0.700  41.865 0.0000000000
84192  -50.561  0.704  40.646 0.0000000000
85091  -50.762  1.373  39.416 0.0000000000
85939  -50.456  1.959  38.126 0.0000000000
85912  -50.458  2.139  40.057 0.0000000000
85911  -49.826  2.320  40.260 0.0000000000
85897  -48.258  2.073  40.996 0.0000000000
85870  -49.158  1.120  43.397 0.0000000000
85869  -47.671  1.182  43.052 0.0000000000
85883  -47.510  1.476  42.028 0.0000000000
85882  -46.491  1.549  42.261 0.0000000000
85881  -45.505  1.950  42.294 0.0000000000
86591  -44.502  2.744  42.569 0.0000000000
76251  -43.383  -9.241  47.753 0.0000000000
77166  -43.042  -8.829  47.236 0.0000000000
78039  -42.877  -8.292  47.522 0.0000000000
78902  -43.537  -6.951  47.356 0.0000000000
79718  -43.502  -6.209  46.849 0.0000000000
79716  -41.485  -5.522  46.424 0.0000000000
80515  -43.172  -5.063  46.450 0.0000000000
81359  -43.763  -4.332  46.251 0.0000000000
81367  -44.294  -3.587  45.979 0.0000000000
83192  -44.359  -1.715  45.601 0.0000000000
83188  -44.803  -0.987  45.821 0.0000000000
83181  -41.726  -1.263  47.695 0.0000000000
84131  -43.294  -0.490  47.509 0.0000000000
84132  -44.011  -0.445  47.094 0.0000000000
84134  -46.019  -0.445  46.701 0.0000000000
84112  -46.641  -0.092  48.629 0.0000000000
84102  -47.750  0.153  49.518 0.0000000000
84090  -48.480  -0.023  50.324 0.0000000000
77230  -51.457  -8.441  40.064 0.0000000000
76345  -50.100  -9.216  40.448 0.0000000000
75427  -54.218  -10.553  43.116 0.0000000000
75442  -53.870  -10.220  41.741 0.0000000000
75455  -52.736  -10.157  40.854 0.0000000000
74650  -50.982  -10.767  40.718 0.0000000000
75451  -49.192  -10.125  40.990 0.0000000000
75438  -48.202  -10.237  41.651 0.0000000000
75426  -47.434  -10.449  42.061 0.0000000000
74620  -46.500  -11.250  42.805 0.0000000000
72941  -47.548  -13.044  42.109 0.0000000000
73795  -46.093  -11.769  42.975 0.0000000000
74610  -45.969  -11.270  43.372 0.0000000000
74604  -44.821  -11.333  44.697 0.0000000000
71960  -45.965  -15.168  51.548 0.0000000000
71023  -43.466  -16.085  50.779 0.0000000000
71025  -45.475  -15.644  50.342 0.0000000000
71970  -47.036  -15.173  50.225 0.0000000000
71979  -47.256  -15.114  48.677 0.0000000000
71990  -48.011  -14.903  47.953 0.0000000000
72001  -47.783  -14.925  46.965 0.0000000000
71071  -46.880  -15.281  46.230 0.0000000000
71090  -46.034  -15.395  44.688 0.0000000000
72026  -44.428  -14.798  44.220 0.0000000000
74578  -43.533  -10.773  47.407 0.0000000000
75378  -42.623  -9.954  48.359 0.0000000000
76248  -41.313  -9.430  48.027 0.0000000000
76256  -40.505  -8.965  47.892 0.0000000000
77173  -39.931  -8.287  47.703 0.0000000000
76416  -50.374  -8.318  35.257 0.0000000000
76415  -49.534  -8.580  34.786 0.0000000000
76425  -49.300  -8.070  33.722 0.0000000000
77245  -48.720  -8.164  39.897 0.0000000000
77260  -48.594  -8.125  38.779 0.0000000000
76402  -46.536  -9.170  36.797 0.0000000000
77285  -47.792  -8.487  36.347 0.0000000000
77301  -48.178  -8.051  35.707 0.0000000000
78176  -48.737  -7.474  34.091 0.0000000000
78186  -48.742  -7.615  33.368 0.0000000000
76424  -48.748  -8.181  33.482 0.0000000000
76423  -47.743  -8.801  33.462 0.0000000000
76433  -46.732  -8.900  32.703 0.0000000000
76432  -45.999  -9.251  32.305 0.0000000000
77320  -45.198  -8.225  32.591 0.0000000000
77340  -45.235  -8.553  31.536 0.0000000000
76443  -45.564  -8.995  31.704 0.0000000000
76454  -44.262  -8.257  30.581 0.0000000000
77338  -43.713  -8.012  30.533 0.0000000000
78197  -42.985  -7.284  30.947 0.0000000000
77184  -43.311  -8.314  46.543 0.0000000000
78060  -43.233  -7.765  45.767 0.0000000000
78917  -42.919  -7.075  44.223 0.0000000000
79726  -44.596  -5.342  44.973 0.0000000000
79736  -43.185  -5.955  43.808 0.0000000000
79744  -42.677  -6.196  43.104 0.0000000000
79750  -42.554  -6.217  42.041 0.0000000000
79759  -43.089  -5.221  40.548 0.0000000000
79768  -43.218  -5.478  39.369 0.0000000000
83196  -47.790  -1.826  44.622 0.0000000000
82270  -46.989  -3.075  43.858 0.0000000000
82280  -46.570  -2.630  42.943 0.0000000000
83238  -47.198  -1.742  41.714 0.0000000000
82291  -46.490  -2.090  41.870 0.0000000000
81413  -45.187  -2.878  41.220 0.0000000000
81412  -44.586  -3.406  40.600 0.0000000000
81420  -44.542  -3.799  39.354 0.0000000000
79776  -44.069  -5.041  37.591 0.0000000000
79783  -44.342  -4.890  36.749 0.0000000000
79805  -44.472  -4.946  33.548 0.0000000000
81456  -46.617  -2.674  34.890 0.0000000000
80615  -45.581  -3.809  32.936 0.0000000000
80621  -44.922  -4.420  31.966 0.0000000000
80628  -44.547  -4.372  31.094 0.0000000000
79821  -43.650  -5.578  30.428 0.0000000000
83297  -45.139  -1.529  33.615 0.0000000000
85937  -49.263  1.673  37.800 0.0000000000
85106  -48.008  1.070  37.952 0.0000000000
84217  -46.863  0.125  38.127 0.0000000000
85934  -46.096  1.844  38.473 0.0000000000
85099  -46.386  0.785  38.466 0.0000000000
84216  -46.067  -0.451  38.334 0.0000000000
83263  -44.666  -1.274  38.699 0.0000000000
82311  -43.924  -2.178  38.420 0.0000000000
82303  -42.737  -2.445  39.288 0.0000000000
85908  -41.960  1.253  39.359 0.0000000000
85086  -41.031  0.945  40.261 0.0000000000
87299  -44.419  3.432  43.423 0.0000000000
87312  -43.915  3.655  42.260 0.0000000000
87323  -43.158  3.662  41.492 0.0000000000
87322  -42.273  3.539  41.452 0.0000000000
87331  -40.600  3.253  40.296 0.0000000000
76268  -44.027  -9.704  46.606 0.0000000000
72905  -50.494  -13.670  46.404 0.0000000000
72011  -48.902  -14.455  46.057 0.0000000000
77227  -48.914  -8.597  40.857 0.0000000000
78959  -43.227  -6.361  38.606 0.0000000000
78982  -43.567  -6.544  36.525 0.0000000000
83194  -46.336  -1.763  45.235 0.0000000000
84227  -49.871  0.021  37.228 0.0000000000
84228  -50.034  0.604  37.534 0.0000000000
85115  -50.085  1.034  37.435 0.0000000000
87324  -43.694  3.171  41.061 0.0000000000
76293  -46.050  -10.547  43.211 0.0000000000
77193  -42.498  -8.463  42.839 0.0000000000
78079  -42.337  -7.683  42.346 0.0000000000
84105  -50.320  -0.145  49.304 0.0000000000
84116  -50.530  -0.265  48.347 0.0000000000
84106  -50.980  -0.096  48.856 0.0000000000
85843  -51.148  1.185  45.522 0.0000000000
85859  -51.917  1.274  44.683 0.0000000000
85873  -51.977  1.502  43.742 0.0000000000
85887  -52.076  1.499  42.950 0.0000000000
85872  -51.288  1.468  43.443 0.0000000000
85055  -50.659  1.242  43.815 0.0000000000
86569  -46.548  1.944  45.865 0.0000000000
75515  -45.540  -10.255  33.756 0.0000000000
75531  -44.902  -9.671  31.895 0.0000000000
78048  -41.284  -7.675  47.325 0.0000000000
78054  -40.649  -7.094  46.943 0.0000000000
82243  -40.703  -2.437  46.136 0.0000000000
82246  -41.388  -2.728  45.842 0.0000000000
82244  -41.366  -2.000  46.060 0.0000000000
83164  -44.740  -1.078  50.166 0.0000000000
84100  -45.234  -0.708  49.758 0.0000000000
77215  -55.222  -8.245  41.641 0.0000000000
76349  -54.098  -8.838  40.676 0.0000000000
76329  -54.539  -9.109  41.419 0.0000000000
73825  -51.012  -12.175  41.738 0.0000000000
72956  -49.083  -12.890  41.592 0.0000000000
72939  -45.419  -13.124  42.900 0.0000000000
72927  -44.681  -13.444  43.305 0.0000000000
73792  -44.235  -12.751  43.799 0.0000000000
72926  -43.840  -13.505  43.874 0.0000000000
71044  -44.491  -16.098  48.728 0.0000000000
70091  -44.031  -16.125  47.913 0.0000000000
71057  -44.620  -15.909  47.801 0.0000000000
70103  -44.225  -15.963  47.356 0.0000000000
71068  -44.498  -15.842  46.760 0.0000000000
74587  -40.895  -11.893  47.069 0.0000000000
78163  -48.776  -7.712  35.430 0.0000000000
76377  -45.444  -9.513  38.593 0.0000000000
79004  -44.301  -5.967  32.794 0.0000000000
79010  -44.256  -6.352  32.145 0.0000000000
79016  -44.481  -6.332  31.044 0.0000000000
79816  -44.594  -5.371  31.457 0.0000000000
78912  -44.085  -6.667  46.545 0.0000000000
81393  -44.945  -3.444  42.495 0.0000000000
83216  -48.784  -1.457  43.498 0.0000000000
82313  -46.247  -2.709  38.223 0.0000000000
81438  -46.401  -2.857  37.166 0.0000000000
82368  -46.397  -1.928  32.321 0.0000000000
82377  -46.141  -1.955  31.645 0.0000000000
82375  -45.010  -2.666  31.316 0.0000000000
83324  -45.261  -1.982  31.149 0.0000000000
83315  -44.738  -2.045  31.657 0.0000000000
83316  -45.476  -1.623  31.887 0.0000000000
83280  -45.306  -1.656  36.951 0.0000000000
86615  -48.226  2.619  40.030 0.0000000000
86628  -47.485  2.735  39.220 0.0000000000
85921  -44.399  1.652  38.647 0.0000000000
85089  -43.307  0.455  39.661 0.0000000000
85095  -42.989  1.219  39.420 0.0000000000
86637  -40.554  2.691  38.474 0.0000000000
85929  -40.773  2.361  38.285 0.0000000000
76283  -44.169  -10.397  44.986 0.0000000000
76266  -43.193  -9.413  45.852 0.0000000000
76274  -42.992  -9.587  45.275 0.0000000000
77186  -42.528  -8.829  45.230 0.0000000000
85813  -50.910  1.001  49.617 0.0000000000
85812  -50.404  1.281  49.527 0.0000000000
86557  -49.663  1.874  48.266 0.0000000000
85816  -50.488  1.460  48.560 0.0000000000
86549  -47.588  2.830  48.362 0.0000000000
86555  -47.982  2.242  47.872 0.0000000000
86554  -47.073  2.339  47.766 0.0000000000
75505  -47.258  -9.742  34.651 0.0000000000
75516  -46.620  -9.715  33.645 0.0000000000
78906  -38.938  -5.977  46.880 0.0000000000
78907  -39.907  -6.385  46.877 0.0000000000
79713  -38.645  -5.230  46.724 0.0000000000
72922  -50.466  -13.471  44.268 0.0000000000
72921  -49.856  -13.769  43.773 0.0000000000
72040  -49.346  -13.939  43.252 0.0000000000
72030  -49.207  -14.133  44.061 0.0000000000
72028  -47.478  -14.708  44.483 0.0000000000
72027  -46.945  -14.837  44.194 0.0000000000
71097  -46.341  -15.054  44.043 0.0000000000
71064  -39.985  -15.511  46.769 0.0000000000
72007  -39.625  -14.655  46.772 0.0000000000
72892  -39.633  -13.036  47.127 0.0000000000
72891  -39.096  -13.519  47.247 0.0000000000
72881  -37.944  -12.781  48.172 0.0000000000
76375  -43.693  -8.964  38.620 0.0000000000
76388  -44.202  -9.140  37.869 0.0000000000
77281  -44.056  -8.155  36.118 0.0000000000
77296  -43.983  -7.998  35.365 0.0000000000
81368  -45.225  -3.832  46.013 0.0000000000
82252  -46.566  -2.758  45.046 0.0000000000
81375  -46.309  -3.625  44.835 0.0000000000
81386  -46.416  -3.485  44.222 0.0000000000
84190  -49.282  -0.365  41.230 0.0000000000
84200  -49.153  -0.203  40.263 0.0000000000
83267  -48.833  -0.616  38.242 0.0000000000
83258  -48.538  -0.656  38.998 0.0000000000
83266  -48.084  -1.146  38.540 0.0000000000
82334  -47.942  -1.643  36.882 0.0000000000
83300  -48.018  -0.895  34.450 0.0000000000
84234  -48.559  0.229  36.249 0.0000000000
83282  -47.015  -0.646  35.846 0.0000000000
84226  -48.203  0.545  37.175 0.0000000000
86600  -46.365  2.554  40.692 0.0000000000
86626  -45.238  3.130  39.160 0.0000000000
87345  -43.001  3.296  38.709 0.0000000000
87344  -42.606  3.260  39.205 0.0000000000
76325  -47.569  -9.576  41.845 0.0000000000
76304  -42.931  -9.024  42.137 0.0000000000
76321  -43.551  -9.276  41.384 0.0000000000
76338  -43.310  -9.185  40.410 0.0000000000
76337  -42.774  -8.702  40.380 0.0000000000
78096  -42.486  -7.411  40.331 0.0000000000
84124  -47.894  -0.096  47.477 0.0000000000
84136  -48.002  -0.527  46.412 0.0000000000
84125  -48.778  -0.225  47.229 0.0000000000
84127  -50.792  -0.489  47.315 0.0000000000
84138  -50.020  -0.493  46.377 0.0000000000
85824  -51.608  0.641  48.007 0.0000000000
85023  -51.706  0.211  47.762 0.0000000000
85833  -51.915  0.418  47.189 0.0000000000
84151  -52.503  0.284  44.418 0.0000000000
84141  -52.505  -0.097  45.515 0.0000000000
84153  -51.306  -0.387  43.950 0.0000000000
84164  -51.295  0.176  43.014 0.0000000000
85066  -51.288  1.178  41.891 0.0000000000
84202  -50.631  0.913  39.972 0.0000000000
85885  -50.038  1.438  42.117 0.0000000000
85898  -49.617  2.001  40.909 0.0000000000
86602  -49.083  2.507  40.468 0.0000000000
85841  -49.076  0.976  45.451 0.0000000000
85030  -49.254  0.789  44.871 0.0000000000
85856  -48.788  0.889  44.614 0.0000000000
85854  -46.905  1.174  44.162 0.0000000000
85064  -47.042  1.318  42.460 0.0000000000
85052  -46.798  1.266  42.664 0.0000000000
86585  -45.181  1.943  43.868 0.0000000000
85867  -45.699  1.534  43.092 0.0000000000
86592  -45.031  2.135  42.972 0.0000000000
86584  -44.685  2.631  43.657 0.0000000000
75523  -44.022  -10.082  32.398 0.0000000000
76431  -43.309  -9.496  32.383 0.0000000000
76250  -42.853  -9.274  48.102 0.0000000000
77165  -42.926  -8.832  47.610 0.0000000000
78038  -42.538  -8.161  47.567 0.0000000000
78901  -42.836  -7.115  47.375 0.0000000000
78911  -43.220  -6.712  47.221 0.0000000000
79709  -43.901  -6.495  47.218 0.0000000000
79715  -40.431  -5.429  46.447 0.0000000000
81357  -42.268  -3.939  45.923 0.0000000000
80514  -42.112  -4.600  46.248 0.0000000000
81366  -43.399  -3.473  45.839 0.0000000000
83191  -43.425  -1.646  45.717 0.0000000000
82249  -43.871  -2.630  45.658 0.0000000000
83169  -42.743  -1.223  49.676 0.0000000000
83176  -41.676  -1.301  48.803 0.0000000000
83182  -42.508  -0.777  47.522 0.0000000000
84119  -43.201  -0.653  48.345 0.0000000000
84110  -44.683  -0.838  48.798 0.0000000000
84120  -43.986  -0.657  48.094 0.0000000000
84121  -44.842  -0.657  47.860 0.0000000000
84133  -44.979  -0.630  46.746 0.0000000000
84122  -45.774  -0.299  47.715 0.0000000000
84123  -46.807  -0.126  47.569 0.0000000000
84103  -48.836  -0.048  49.713 0.0000000000
77250  -53.127  -7.795  39.814 0.0000000000
76364  -52.617  -8.402  40.067 0.0000000000
76346  -51.015  -9.186  40.290 0.0000000000
74623  -52.569  -11.560  42.458 0.0000000000
74624  -53.410  -11.060  42.709 0.0000000000
75441  -53.078  -10.683  41.463 0.0000000000
74638  -52.452  -11.142  41.490 0.0000000000
74636  -50.509  -11.577  40.995 0.0000000000
74649  -50.045  -10.756  40.533 0.0000000000
75452  -49.613  -9.924  40.673 0.0000000000
74648  -49.320  -10.598  40.833 0.0000000000
75439  -48.875  -10.048  41.294 0.0000000000
74634  -48.673  -10.959  41.160 0.0000000000
74633  -47.782  -11.084  41.655 0.0000000000
74621  -47.093  -11.215  42.216 0.0000000000
75425  -46.870  -10.617  42.619 0.0000000000
72047  -48.150  -13.938  42.647 0.0000000000
74609  -45.413  -11.307  43.950 0.0000000000
71991  -48.897  -14.546  48.200 0.0000000000
71958  -44.369  -15.273  52.250 0.0000000000
71959  -44.891  -15.249  52.000 0.0000000000
70053  -42.848  -16.373  50.476 0.0000000000
70054  -43.230  -16.339  50.427 0.0000000000
71033  -44.971  -15.903  49.557 0.0000000000
71969  -46.078  -15.409  50.635 0.0000000000
71026  -46.147  -15.432  49.921 0.0000000000
71035  -46.421  -15.301  49.067 0.0000000000
71047  -46.580  -15.241  47.993 0.0000000000
71989  -47.277  -15.118  47.581 0.0000000000
72000  -47.244  -15.162  46.807 0.0000000000
72009  -47.441  -14.986  46.187 0.0000000000
71080  -44.796  -15.610  45.681 0.0000000000
71081  -45.687  -15.581  45.544 0.0000000000
71089  -45.094  -15.344  44.604 0.0000000000
74588  -41.950  -11.721  46.957 0.0000000000
73768  -42.965  -12.061  45.857 0.0000000000
74589  -43.207  -11.549  46.620 0.0000000000
75386  -43.134  -10.439  48.007 0.0000000000
75385  -42.328  -10.553  48.025 0.0000000000
74569  -41.124  -10.600  48.197 0.0000000000
75377  -41.694  -10.187  48.207 0.0000000000
77161  -39.633  -8.895  48.057 0.0000000000
77172  -39.131  -8.218  47.762 0.0000000000
77303  -51.091  -8.076  35.384 0.0000000000
77302  -50.078  -7.946  35.021 0.0000000000
77315  -49.425  -7.831  33.967 0.0000000000
77325  -49.190  -7.574  33.272 0.0000000000
76379  -47.220  -8.972  38.479 0.0000000000
77244  -47.608  -8.577  39.544 0.0000000000
76390  -45.997  -9.425  37.640 0.0000000000
77299  -46.934  -8.450  35.127 0.0000000000
77284  -47.051  -8.640  36.066 0.0000000000
78162  -48.135  -7.776  35.187 0.0000000000
78175  -47.971  -7.583  34.470 0.0000000000
78185  -47.875  -7.588  33.661 0.0000000000
77323  -48.320  -7.800  33.304 0.0000000000
76435  -48.542  -7.864  33.222 0.0000000000
77331  -44.945  -8.220  31.834 0.0000000000
76450  -45.159  -8.562  31.224 0.0000000000
76442  -44.650  -9.270  31.194 0.0000000000
76449  -44.766  -8.516  30.873 0.0000000000
77345  -44.184  -7.764  30.436 0.0000000000
78205  -43.911  -7.125  30.275 0.0000000000
77337  -43.267  -7.713  30.705 0.0000000000
79015  -43.759  -6.353  30.246 0.0000000000
77178  -43.228  -8.682  46.822 0.0000000000
78057  -43.604  -7.690  46.629 0.0000000000
78064  -43.242  -7.184  44.950 0.0000000000
78918  -43.339  -6.515  44.560 0.0000000000
79727  -45.042  -5.021  45.438 0.0000000000
80537  -43.595  -5.159  43.445 0.0000000000
79737  -43.991  -5.231  44.231 0.0000000000
79735  -42.834  -6.250  43.496 0.0000000000
82272  -48.254  -2.129  43.554 0.0000000000
82271  -47.596  -2.604  43.616 0.0000000000
83239  -47.972  -1.417  41.569 0.0000000000
83247  -47.205  -1.386  40.840 0.0000000000
82298  -45.875  -2.222  40.824 0.0000000000
82299  -46.593  -1.727  41.103 0.0000000000
82290  -45.797  -2.523  41.982 0.0000000000
81428  -44.929  -3.817  38.182 0.0000000000
80574  -44.451  -4.334  38.480 0.0000000000
80581  -44.125  -4.785  38.180 0.0000000000
80603  -45.275  -3.831  35.338 0.0000000000
80596  -44.837  -4.303  36.016 0.0000000000
80602  -44.755  -4.295  35.079 0.0000000000
80608  -44.894  -4.015  34.048 0.0000000000
82343  -47.402  -2.047  35.350 0.0000000000
81479  -45.742  -2.814  32.012 0.0000000000
81472  -45.938  -3.256  33.005 0.0000000000
80622  -45.414  -3.674  32.400 0.0000000000
81486  -44.086  -3.508  31.028 0.0000000000
80627  -44.021  -4.577  30.519 0.0000000000
80626  -43.533  -5.066  30.745 0.0000000000
79820  -43.272  -5.642  31.090 0.0000000000
80619  -43.313  -4.625  31.443 0.0000000000
84246  -46.381  -0.708  33.777 0.0000000000
83298  -45.804  -0.950  33.866 0.0000000000
82341  -44.568  -2.124  34.647 0.0000000000
86631  -50.157  2.293  38.528 0.0000000000
85938  -49.987  2.022  37.792 0.0000000000
86646  -49.695  2.241  38.192 0.0000000000
85936  -48.341  1.778  38.092 0.0000000000
84218  -47.533  0.478  37.734 0.0000000000
86643  -46.788  2.525  38.615 0.0000000000
85098  -45.778  0.962  38.673 0.0000000000
84208  -46.209  0.323  38.637 0.0000000000
83264  -45.441  -1.038  38.257 0.0000000000
84215  -45.330  -0.602  38.811 0.0000000000
82304  -43.583  -1.984  39.218 0.0000000000
83253  -42.830  -1.674  40.084 0.0000000000
84197  -42.478  -0.229  40.286 0.0000000000
83245  -42.334  -1.282  40.606 0.0000000000
84196  -41.680  -0.197  40.638 0.0000000000
85931  -42.791  2.244  38.257 0.0000000000
85919  -42.185  1.611  38.800 0.0000000000
85906  -40.420  1.497  39.227 0.0000000000
85907  -41.423  1.370  39.323 0.0000000000
85077  -40.409  0.556  40.753 0.0000000000
87311  -43.546  3.956  41.907 0.0000000000
88009  -43.154  4.108  41.775 0.0000000000
87332  -41.539  3.131  40.381 0.0000000000
76276  -44.152  -10.005  45.859 0.0000000000
76267  -43.575  -9.465  46.218 0.0000000000
86551  -48.941  2.406  49.012 0.0000000000
86550  -48.309  2.778  48.563 0.0000000000
87260  -47.852  3.492  49.222 0.0000000000
75517  -47.361  -9.394  33.716 0.0000000000
79712  -37.965  -5.324  46.863 0.0000000000
72914  -50.484  -13.580  45.282 0.0000000000
72020  -49.063  -14.281  45.017 0.0000000000
72019  -48.264  -14.595  45.240 0.0000000000
72018  -47.589  -14.819  45.438 0.0000000000
71999  -39.023  -14.607  47.118 0.0000000000
71998  -38.402  -14.390  47.507 0.0000000000
77229  -50.588  -8.517  40.128 0.0000000000
77247  -50.230  -7.993  39.852 0.0000000000
78108  -49.348  -7.941  39.652 0.0000000000
79790  -43.819  -5.690  36.110 0.0000000000
82251  -45.699  -2.746  45.374 0.0000000000
84201  -49.939  0.496  39.886 0.0000000000
83275  -49.231  -0.580  37.320 0.0000000000
83284  -49.389  -0.347  36.609 0.0000000000
83292  -49.109  -0.392  36.030 0.0000000000
84242  -48.839  -0.220  35.798 0.0000000000
85121  -49.258  0.842  36.755 0.0000000000
85894  -45.150  2.373  41.694 0.0000000000
86610  -43.275  2.756  40.083 0.0000000000
86609  -42.929  2.809  40.212 0.0000000000
77212  -42.543  -8.403  40.988 0.0000000000
78087  -42.326  -7.710  41.250 0.0000000000
78943  -42.323  -6.799  41.082 0.0000000000
85016  -48.941  0.110  48.679 0.0000000000
85022  -49.172  -0.060  47.694 0.0000000000
85026  -52.063  0.576  46.164 0.0000000000
85845  -52.286  0.667  45.349 0.0000000000
85043  -52.641  0.817  44.109 0.0000000000
84155  -52.612  0.682  43.394 0.0000000000
84165  -52.277  0.686  42.553 0.0000000000
85068  -52.478  1.335  42.870 0.0000000000
85067  -52.326  1.283  42.347 0.0000000000
85839  -47.183  1.562  45.100 0.0000000000
86578  -45.405  1.952  44.781 0.0000000000
86567  -45.061  2.542  45.192 0.0000000000
74724  -44.311  -10.607  33.220 0.0000000000
77176  -42.177  -8.320  47.605 0.0000000000
78900  -42.094  -7.133  47.091 0.0000000000
78909  -41.890  -6.446  46.671 0.0000000000
81364  -41.838  -3.421  45.826 0.0000000000
81365  -42.551  -3.353  45.785 0.0000000000
83190  -42.578  -1.665  45.842 0.0000000000
83186  -42.998  -0.773  46.454 0.0000000000
84097  -43.367  -1.191  49.616 0.0000000000
84108  -43.236  -0.934  49.170 0.0000000000
84098  -43.822  -1.155  49.527 0.0000000000
84099  -44.455  -1.066  49.460 0.0000000000
84088  -46.340  -0.549  50.487 0.0000000000
77232  -53.844  -8.101  40.290 0.0000000000
76348  -53.252  -9.039  40.460 0.0000000000
73811  -51.734  -12.424  42.736 0.0000000000
74622  -51.993  -11.780  41.954 0.0000000000
73823  -48.928  -12.094  41.244 0.0000000000
72954  -47.861  -12.382  41.727 0.0000000000
72929  -46.157  -14.207  43.187 0.0000000000
72940  -46.372  -13.485  42.741 0.0000000000
73805  -45.329  -12.529  43.130 0.0000000000
73786  -45.081  -11.796  44.049 0.0000000000
73793  -44.884  -12.432  43.563 0.0000000000
70077  -42.952  -16.701  48.794 0.0000000000
70078  -43.753  -16.417  48.818 0.0000000000
71059  -46.026  -15.519  47.294 0.0000000000
71070  -46.226  -15.539  46.354 0.0000000000
71079  -43.855  -15.697  45.817 0.0000000000
73767  -42.196  -12.117  46.087 0.0000000000
78165  -50.889  -7.501  35.398 0.0000000000
77243  -46.834  -9.119  40.009 0.0000000000
77313  -47.472  -7.977  34.579 0.0000000000
78182  -44.306  -7.273  32.901 0.0000000000
78192  -44.277  -7.168  32.300 0.0000000000
77346  -44.485  -7.812  30.665 0.0000000000
78199  -44.463  -7.167  30.793 0.0000000000
79021  -44.305  -6.282  30.448 0.0000000000
78903  -43.966  -7.032  47.150 0.0000000000
78915  -44.173  -6.522  46.081 0.0000000000
80538  -44.411  -4.655  43.603 0.0000000000
80546  -43.612  -4.746  42.591 0.0000000000
81402  -44.102  -3.666  41.110 0.0000000000
83198  -49.408  -1.304  44.798 0.0000000000
83203  -48.154  -1.979  44.343 0.0000000000
83204  -48.616  -1.614  44.140 0.0000000000
83256  -47.249  -1.195  39.802 0.0000000000
81436  -45.054  -3.918  37.540 0.0000000000
80589  -45.502  -3.676  36.759 0.0000000000
80597  -45.375  -3.763  36.203 0.0000000000
81455  -45.922  -3.357  35.592 0.0000000000
81473  -46.366  -2.414  32.658 0.0000000000
81488  -45.046  -3.126  31.448 0.0000000000
82374  -44.523  -2.918  31.250 0.0000000000
82365  -44.196  -2.916  31.398 0.0000000000
82359  -43.859  -2.884  32.084 0.0000000000
83290  -46.597  -0.800  34.959 0.0000000000
83289  -45.828  -1.218  34.842 0.0000000000
82332  -45.480  -1.599  35.490 0.0000000000
85922  -45.328  1.563  38.627 0.0000000000
84206  -44.675  -0.150  39.277 0.0000000000
84198  -43.137  -0.279  39.971 0.0000000000
85916  -39.077  2.392  38.936 0.0000000000
75413  -45.223  -10.686  43.950 0.0000000000
85013  -50.764  0.287  49.418 0.0000000000
85814  -50.961  0.673  49.432 0.0000000000
85818  -51.275  0.772  48.983 0.0000000000
85823  -51.236  1.171  47.790 0.0000000000
85831  -51.220  1.223  46.660 0.0000000000
85842  -50.229  1.119  45.287 0.0000000000
85857  -50.622  1.151  44.582 0.0000000000
85828  -48.326  1.487  46.226 0.0000000000
85820  -48.596  1.756  47.165 0.0000000000
86560  -46.744  2.183  46.779 0.0000000000
87267  -46.283  2.589  46.838 0.0000000000
78053  -40.015  -7.170  47.066 0.0000000000
80512  -39.876  -4.449  46.259 0.0000000000
80511  -38.962  -4.419  46.554 0.0000000000
72931  -50.423  -13.418  43.370 0.0000000000
72944  -50.271  -13.252  42.614 0.0000000000
72943  -49.556  -13.347  42.223 0.0000000000
72049  -49.434  -13.720  42.760 0.0000000000
72038  -47.811  -14.370  43.495 0.0000000000
72036  -45.922  -14.656  43.531 0.0000000000
72035  -45.027  -14.621  43.648 0.0000000000
71021  -41.778  -16.180  51.301 0.0000000000
70064  -42.512  -16.678  49.743 0.0000000000
73758  -40.038  -12.625  47.179 0.0000000000
74586  -40.412  -12.237  47.207 0.0000000000
73757  -39.527  -12.565  47.567 0.0000000000
73751  -39.249  -12.286  48.035 0.0000000000
78161  -44.454  -7.966  33.940 0.0000000000
78172  -44.090  -7.362  33.696 0.0000000000
79003  -44.120  -6.490  33.230 0.0000000000
79810  -44.314  -5.692  33.242 0.0000000000
80518  -45.180  -4.634  46.183 0.0000000000
80524  -45.982  -4.189  45.123 0.0000000000
81374  -46.006  -3.910  44.499 0.0000000000
81385  -45.801  -3.740  43.929 0.0000000000
81394  -45.626  -3.371  43.002 0.0000000000
83230  -49.869  -0.757  42.552 0.0000000000
83229  -48.746  -1.184  42.529 0.0000000000
84176  -49.287  -0.636  41.965 0.0000000000
84209  -48.681  -0.542  39.620 0.0000000000
84199  -48.472  -0.629  40.163 0.0000000000
83265  -47.517  -1.291  39.024 0.0000000000
82315  -47.545  -1.518  38.565 0.0000000000
82323  -47.005  -2.404  37.410 0.0000000000
82362  -47.657  -1.292  34.016 0.0000000000
83308  -46.740  -1.274  33.016 0.0000000000
83307  -45.917  -1.247  32.943 0.0000000000
84255  -47.220  -0.757  33.547 0.0000000000
84247  -46.930  -0.594  34.092 0.0000000000
84240  -47.425  -0.606  34.949 0.0000000000
85909  -47.112  2.440  40.591 0.0000000000
86614  -46.981  2.693  40.080 0.0000000000
87354  -42.998  3.203  38.481 0.0000000000
87353  -42.696  3.188  38.518 0.0000000000
86639  -42.310  2.738  38.304 0.0000000000
87351  -41.122  2.985  38.770 0.0000000000
77214  -48.701  -8.916  41.302 0.0000000000
77213  -48.358  -8.931  41.378 0.0000000000
76360  -43.858  -9.362  39.526 0.0000000000
77242  -42.880  -8.375  39.469 0.0000000000
78122  -42.990  -7.504  38.931 0.0000000000
78107  -43.007  -6.974  38.918 0.0000000000
84145  -47.139  -0.964  45.616 0.0000000000
84147  -49.241  -1.007  45.523 0.0000000000
83199  -50.126  -1.033  44.695 0.0000000000
83206  -50.419  -0.938  44.071 0.0000000000
84128  -51.674  -0.270  47.002 0.0000000000
85027  -52.215  0.328  46.291 0.0000000000
84140  -51.903  -0.525  45.849 0.0000000000
83231  -50.605  -0.199  42.485 0.0000000000
85090  -50.497  0.745  39.339 0.0000000000
85100  -50.498  0.846  38.652 0.0000000000
85108  -50.325  0.935  37.985 0.0000000000
85101  -50.637  1.428  38.461 0.0000000000
85924  -50.600  2.030  38.926 0.0000000000
86617  -50.107  2.350  39.190 0.0000000000
86616  -49.483  2.531  39.772 0.0000000000
85054  -50.073  0.881  43.776 0.0000000000
85896  -47.017  2.150  41.152 0.0000000000
85895  -45.995  2.239  41.515 0.0000000000
85880  -44.937  2.300  42.302 0.0000000000
75380  -43.925  -9.644  47.757 0.0000000000
76259  -43.617  -9.401  47.174 0.0000000000
78050  -42.936  -7.682  47.475 0.0000000000
79710  -43.976  -6.650  47.265 0.0000000000
80516  -44.051  -5.234  46.576 0.0000000000
79717  -42.524  -5.787  46.524 0.0000000000
81360  -44.560  -4.455  46.316 0.0000000000
84143  -45.449  -0.802  46.007 0.0000000000
84113  -47.588  0.164  48.418 0.0000000000
85015  -48.302  0.282  48.972 0.0000000000
85011  -48.768  0.093  49.249 0.0000000000
84104  -49.619  -0.216  49.599 0.0000000000
84091  -49.369  -0.131  50.275 0.0000000000
84071  -48.270  0.008  50.821 0.0000000000
77231  -52.036  -8.399  40.085 0.0000000000
74651  -51.849  -10.744  40.914 0.0000000000
75454  -51.514  -9.972  40.573 0.0000000000
75453  -50.520  -9.965  40.461 0.0000000000
76327  -49.018  -9.572  41.253 0.0000000000
75415  -46.294  -10.740  43.105 0.0000000000
72942  -48.606  -13.407  42.010 0.0000000000
73807  -46.611  -12.144  42.374 0.0000000000
75414  -45.703  -10.833  43.629 0.0000000000
75407  -45.190  -10.920  44.323 0.0000000000
75401  -44.823  -10.888  44.853 0.0000000000
71952  -46.115  -14.595  52.558 0.0000000000
71961  -47.377  -14.561  51.792 0.0000000000
71022  -42.527  -16.116  51.160 0.0000000000
71024  -44.558  -15.866  50.622 0.0000000000
71012  -45.680  -15.505  50.991 0.0000000000
72002  -48.544  -14.610  47.073 0.0000000000
71083  -47.073  -15.091  45.505 0.0000000000
71082  -46.471  -15.390  45.489 0.0000000000
70110  -43.303  -16.011  46.211 0.0000000000
71087  -43.485  -15.109  45.016 0.0000000000
72025  -43.708  -14.450  44.363 0.0000000000
74590  -43.960  -10.752  46.794 0.0000000000
75387  -43.868  -10.231  47.797 0.0000000000
75379  -43.459  -9.760  48.266 0.0000000000
76249  -42.113  -9.454  48.049 0.0000000000
77163  -41.830  -9.082  47.828 0.0000000000
77174  -40.670  -8.458  47.666 0.0000000000
74575  -40.235  -11.855  47.678 0.0000000000
76247  -40.328  -9.434  48.135 0.0000000000
78046  -39.553  -7.512  47.377 0.0000000000
78898  -39.136  -6.756  47.171 0.0000000000
78897  -38.106  -6.347  47.104 0.0000000000
77171  -38.239  -8.204  47.761 0.0000000000
76391  -46.886  -9.276  37.639 0.0000000000
76404  -47.684  -8.736  36.985 0.0000000000
77286  -48.455  -8.113  36.516 0.0000000000
78187  -48.941  -7.525  33.197 0.0000000000
77324  -48.841  -7.701  33.222 0.0000000000
75526  -46.689  -9.413  33.001 0.0000000000
75532  -45.533  -9.524  32.249 0.0000000000
77332  -45.661  -8.571  32.171 0.0000000000
76448  -44.146  -8.706  30.823 0.0000000000
76455  -44.422  -8.113  30.604 0.0000000000
77330  -43.671  -8.585  30.945 0.0000000000
77329  -43.125  -8.236  31.249 0.0000000000
77177  -43.206  -9.159  46.559 0.0000000000
77183  -42.942  -8.760  46.198 0.0000000000
78056  -43.300  -8.128  46.336 0.0000000000
77187  -42.793  -8.401  45.693 0.0000000000
78063  -42.663  -7.883  44.770 0.0000000000
79721  -44.231  -5.855  45.344 0.0000000000
79725  -43.802  -5.834  44.810 0.0000000000
78925  -43.067  -6.555  44.024 0.0000000000
78924  -42.721  -6.627  43.579 0.0000000000
78933  -42.383  -6.874  42.762 0.0000000000
79758  -42.667  -5.979  40.925 0.0000000000
79751  -43.027  -5.284  41.708 0.0000000000
79767  -42.759  -5.888  40.052 0.0000000000
79775  -43.646  -5.481  38.204 0.0000000000
82253  -47.241  -2.442  44.694 0.0000000000
82259  -47.629  -2.594  44.279 0.0000000000
83228  -47.864  -1.828  42.366 0.0000000000
83227  -47.136  -2.068  42.426 0.0000000000
82279  -45.805  -2.871  42.555 0.0000000000
81404  -45.262  -2.999  42.207 0.0000000000
81403  -44.619  -3.402  41.697 0.0000000000
81411  -43.930  -3.864  40.293 0.0000000000
81419  -43.966  -4.212  39.643 0.0000000000
80573  -43.891  -4.641  39.002 0.0000000000
81448  -46.545  -2.773  36.319 0.0000000000
81463  -45.723  -3.471  34.291 0.0000000000
81462  -45.357  -3.728  33.933 0.0000000000
81471  -45.463  -3.777  33.506 0.0000000000
80614  -45.153  -4.333  32.977 0.0000000000
79826  -44.311  -5.635  30.242 0.0000000000
80633  -44.146  -5.287  30.178 0.0000000000
79825  -44.098  -5.584  30.166 0.0000000000
79014  -43.298  -6.431  30.679 0.0000000000
83288  -45.310  -1.473  34.394 0.0000000000
82351  -44.416  -2.223  33.404 0.0000000000
85116  -50.163  1.407  37.648 0.0000000000
85943  -49.464  1.209  37.246 0.0000000000
85114  -48.994  1.221  37.205 0.0000000000
85107  -48.639  1.364  37.659 0.0000000000
84224  -46.569  -0.460  37.485 0.0000000000
85104  -46.173  1.253  38.468 0.0000000000
85105  -46.908  1.088  38.252 0.0000000000
83272  -45.869  -1.037  37.373 0.0000000000
83271  -45.085  -1.513  37.823 0.0000000000
82312  -44.565  -1.784  38.111 0.0000000000
82310  -43.021  -2.759  37.976 0.0000000000
82297  -42.449  -2.048  40.229 0.0000000000
85094  -42.341  1.126  39.488 0.0000000000
85084  -38.961  1.281  40.199 0.0000000000
87266  -45.871  3.137  46.755 0.0000000000
87273  -44.713  2.875  45.022 0.0000000000
87285  -44.635  3.245  44.469 0.0000000000
87998  -44.487  4.359  43.395 0.0000000000
87334  -43.155  2.938  40.669 0.0000000000
87333  -42.511  3.042  40.340 0.0000000000
88008  -42.883  4.138  41.780 0.0000000000
87342  -40.872  3.124  39.443 0.0000000000
70111  -43.709  -15.882  46.360 0.0000000000
71092  -47.225  -14.909  45.029 0.0000000000
71098  -46.721  -14.911  44.102 0.0000000000
72945  -50.928  -13.139  42.884 0.0000000000
74579  -43.953  -10.439  47.333 0.0000000000
74647  -49.021  -10.418  41.088 0.0000000000
75440  -49.194  -9.748  41.066 0.0000000000
75456  -53.463  -9.772  40.942 0.0000000000
76343  -48.940  -8.965  41.258 0.0000000000
76358  -42.736  -8.434  39.867 0.0000000000
77162  -40.216  -8.823  47.925 0.0000000000
77241  -42.700  -7.949  39.639 0.0000000000
77257  -42.860  -7.729  39.220 0.0000000000
77314  -49.078  -7.804  33.384 0.0000000000
78040  -43.021  -8.451  47.395 0.0000000000
78059  -42.736  -8.227  45.398 0.0000000000
78174  -47.564  -7.773  34.195 0.0000000000
78198  -43.458  -7.172  30.473 0.0000000000
80521  -41.963  -4.014  45.930 0.0000000000
80522  -45.078  -5.036  46.047 0.0000000000
80634  -44.275  -5.125  30.363 0.0000000000
81480  -46.210  -2.348  32.099 0.0000000000
82366  -44.328  -2.586  31.777 0.0000000000
82376  -45.683  -2.351  31.384 0.0000000000
83314  -44.527  -2.541  31.393 0.0000000000
83322  -44.496  -2.690  31.214 0.0000000000
83325  -45.845  -1.761  31.400 0.0000000000
84092  -50.001  -0.242  49.985 0.0000000000
84114  -49.218  -0.065  49.247 0.0000000000
84166  -52.732  0.895  42.838 0.0000000000
84236  -49.962  0.529  37.033 0.0000000000
84254  -46.619  -0.814  33.386 0.0000000000
85010  -48.429  0.169  49.423 0.0000000000
85017  -49.313  0.010  48.127 0.0000000000
85020  -48.299  0.257  48.284 0.0000000000
85024  -51.982  0.167  47.057 0.0000000000
85032  -52.227  0.549  45.741 0.0000000000
85040  -49.535  0.795  44.332 0.0000000000
85041  -50.275  0.954  44.433 0.0000000000
85042  -50.743  1.246  44.225 0.0000000000
85053  -47.091  1.166  42.778 0.0000000000
85056  -50.977  1.381  43.953 0.0000000000
85057  -52.692  1.010  42.605 0.0000000000
85058  -52.694  1.132  43.107 0.0000000000
85065  -47.336  1.260  42.578 0.0000000000
85109  -50.370  1.412  37.880 0.0000000000
85113  -48.551  0.997  37.358 0.0000000000
85825  -51.833  0.371  47.524 0.0000000000
85860  -52.360  0.901  44.807 0.0000000000
85888  -52.422  1.355  43.247 0.0000000000
85944  -49.862  1.454  37.566 0.0000000000
85945  -50.223  1.687  37.759 0.0000000000
85948  -49.575  1.012  36.986 0.0000000000
85949  -49.759  1.105  37.212 0.0000000000
86603  -49.556  2.381  40.340 0.0000000000
86647  -50.144  2.245  38.100 0.0000000000
87264  -46.376  2.703  47.444 0.0000000000
88004  -43.390  4.272  42.215 0.0000000000
