#!ascii label  , from subject A00073611 vox2ras=TkReg
393
61892  -29.853  -25.865  0.824 0.0000000000
67919  -29.012  -19.617  0.437 0.0000000000
80969  -29.029  -4.340  0.133 0.0000000000
76732  -30.618  -9.729  1.791 0.0000000000
71576  -32.512  -15.908  -0.418 0.0000000000
67039  -33.584  -20.671  -1.156 0.0000000000
82683  -28.776  -2.641  -0.139 0.0000000000
73382  -32.570  -13.157  1.482 0.0000000000
72510  -29.091  -14.567  0.710 0.0000000000
64965  -29.291  -22.586  -0.432 0.0000000000
67051  -30.936  -20.450  -1.501 0.0000000000
63841  -31.609  -23.523  -0.541 0.0000000000
59828  -25.934  -28.025  2.979 0.0000000000
62874  -27.274  -24.768  0.411 0.0000000000
87663  -27.636  3.692  -2.934 0.0000000000
87638  -29.112  2.365  -1.271 0.0000000000
85463  -31.091  0.489  -0.041 0.0000000000
83628  -31.743  -1.578  0.860 0.0000000000
80935  -32.492  -4.730  1.148 0.0000000000
78530  -29.565  -7.644  1.635 0.0000000000
78534  -33.326  -7.505  0.982 0.0000000000
75844  -34.107  -9.886  0.190 0.0000000000
74250  -34.626  -12.646  -1.245 0.0000000000
71600  -34.973  -15.222  -1.980 0.0000000000
70611  -30.930  -17.317  -0.487 0.0000000000
70651  -32.091  -17.754  -2.507 0.0000000000
73392  -28.713  -13.421  0.556 0.0000000000
72509  -28.009  -14.394  0.416 0.0000000000
62889  -29.410  -24.250  -0.516 0.0000000000
63840  -30.637  -23.475  -0.656 0.0000000000
62877  -31.178  -24.497  0.266 0.0000000000
54850  -24.376  -32.581  3.545 0.0000000000
54851  -24.930  -32.503  3.164 0.0000000000
55891  -26.250  -31.747  3.097 0.0000000000
64946  -27.153  -22.662  1.073 0.0000000000
63816  -26.248  -23.724  1.629 0.0000000000
86266  -30.234  1.260  -0.027 0.0000000000
81799  -29.136  -3.698  -0.121 0.0000000000
82666  -30.173  -2.540  0.530 0.0000000000
81783  -30.566  -3.607  1.006 0.0000000000
81784  -31.541  -3.351  1.228 0.0000000000
80933  -31.027  -4.533  1.498 0.0000000000
77657  -30.109  -8.343  1.726 0.0000000000
78532  -31.569  -7.540  1.818 0.0000000000
77659  -32.204  -8.467  1.657 0.0000000000
76749  -34.006  -8.984  0.273 0.0000000000
75827  -32.364  -9.977  1.510 0.0000000000
73406  -32.918  -14.368  0.521 0.0000000000
74238  -33.625  -12.790  0.546 0.0000000000
72527  -33.768  -14.607  -1.097 0.0000000000
72539  -34.420  -14.490  -1.840 0.0000000000
71599  -33.589  -15.649  -1.719 0.0000000000
69680  -27.903  -17.613  0.822 0.0000000000
70609  -28.633  -16.702  0.853 0.0000000000
68789  -29.410  -18.808  0.123 0.0000000000
67053  -32.014  -20.103  -1.491 0.0000000000
67955  -31.236  -19.252  -3.256 0.0000000000
67931  -33.366  -19.491  -1.232 0.0000000000
68800  -34.201  -18.607  -1.073 0.0000000000
67932  -34.706  -19.407  -0.863 0.0000000000
57906  -27.126  -29.577  2.526 0.0000000000
60837  -26.097  -26.776  2.029 0.0000000000
58855  -27.638  -28.591  2.097 0.0000000000
59856  -28.191  -27.521  0.990 0.0000000000
75031  -29.926  -11.419  0.857 0.0000000000
75016  -31.932  -11.351  1.835 0.0000000000
73379  -30.368  -12.667  1.138 0.0000000000
73394  -31.034  -13.955  1.412 0.0000000000
72512  -31.386  -15.181  1.056 0.0000000000
67035  -29.142  -20.982  -0.253 0.0000000000
67928  -29.909  -19.797  -1.100 0.0000000000
66072  -30.342  -21.600  -1.048 0.0000000000
64968  -31.816  -22.232  -1.013 0.0000000000
64970  -33.173  -22.218  -0.490 0.0000000000
56930  -26.724  -30.610  2.905 0.0000000000
67023  -27.558  -20.661  0.865 0.0000000000
66059  -28.187  -21.675  0.513 0.0000000000
63827  -28.177  -23.521  -0.048 0.0000000000
61902  -28.836  -25.298  -0.094 0.0000000000
88337  -28.124  4.637  -3.165 0.0000000000
86960  -27.426  2.149  -2.457 0.0000000000
87649  -28.844  3.175  -1.670 0.0000000000
86962  -31.173  2.808  -0.711 0.0000000000
86268  -32.020  1.595  -0.796 0.0000000000
85477  -32.661  0.888  -0.911 0.0000000000
84570  -30.319  -0.672  0.469 0.0000000000
84571  -31.376  -0.509  0.367 0.0000000000
84591  -33.084  -0.752  -0.185 0.0000000000
83647  -33.448  -1.747  -0.701 0.0000000000
81786  -33.174  -3.665  0.203 0.0000000000
80165  -33.120  -5.194  0.089 0.0000000000
80162  -29.281  -5.529  0.793 0.0000000000
80143  -31.397  -5.527  1.788 0.0000000000
80144  -32.395  -5.564  1.491 0.0000000000
79386  -33.528  -6.481  -0.249 0.0000000000
78572  -33.761  -7.679  -1.121 0.0000000000
75875  -34.232  -10.616  -2.419 0.0000000000
75017  -33.070  -11.479  1.235 0.0000000000
75048  -34.328  -11.680  -0.472 0.0000000000
71572  -28.249  -15.524  0.678 0.0000000000
71574  -30.583  -16.158  0.694 0.0000000000
70612  -31.918  -16.643  -0.899 0.0000000000
68799  -30.553  -19.069  -1.697 0.0000000000
70625  -31.486  -17.602  -1.878 0.0000000000
70626  -32.375  -16.545  -1.518 0.0000000000
70639  -33.765  -16.543  -1.582 0.0000000000
70640  -35.279  -16.513  -1.254 0.0000000000
61900  -27.087  -25.661  0.435 0.0000000000
60860  -28.489  -26.532  0.399 0.0000000000
60851  -29.391  -26.856  0.999 0.0000000000
61918  -30.038  -25.055  -0.211 0.0000000000
62890  -30.321  -24.444  -0.340 0.0000000000
61904  -30.410  -25.119  0.269 0.0000000000
61905  -30.830  -25.068  0.747 0.0000000000
61893  -30.558  -25.576  1.176 0.0000000000
53773  -25.311  -33.798  3.181 0.0000000000
54864  -25.407  -33.276  2.735 0.0000000000
81782  -29.813  -3.397  0.375 0.0000000000
80954  -29.580  -4.338  0.598 0.0000000000
75843  -29.901  -10.258  1.179 0.0000000000
76748  -29.908  -9.443  1.354 0.0000000000
77681  -30.187  -9.001  1.653 0.0000000000
77658  -30.990  -8.669  1.841 0.0000000000
76733  -31.912  -9.251  1.679 0.0000000000
76734  -32.815  -9.272  1.464 0.0000000000
72526  -33.165  -15.034  -0.210 0.0000000000
71588  -33.035  -15.676  -1.183 0.0000000000
68788  -28.473  -18.654  0.590 0.0000000000
67038  -32.843  -20.897  -1.271 0.0000000000
67930  -32.729  -20.056  -1.366 0.0000000000
67040  -34.545  -20.390  -0.795 0.0000000000
66076  -34.218  -21.210  -0.647 0.0000000000
75030  -28.788  -11.522  0.363 0.0000000000
74236  -29.293  -12.421  0.645 0.0000000000
73393  -29.911  -13.387  1.103 0.0000000000
72511  -30.171  -14.893  1.233 0.0000000000
66070  -28.845  -21.686  -0.113 0.0000000000
66071  -29.562  -21.684  -0.558 0.0000000000
64967  -30.950  -22.573  -0.939 0.0000000000
64976  -32.165  -21.794  -1.051 0.0000000000
63842  -32.367  -22.893  -0.584 0.0000000000
64955  -32.916  -22.687  -0.228 0.0000000000
63829  -32.532  -23.578  0.291 0.0000000000
54849  -23.878  -32.680  3.915 0.0000000000
54832  -23.630  -32.491  4.598 0.0000000000
56931  -27.515  -30.669  2.497 0.0000000000
63826  -27.263  -23.634  0.365 0.0000000000
64953  -27.769  -22.630  0.453 0.0000000000
62875  -28.038  -24.519  0.099 0.0000000000
62888  -28.727  -24.316  -0.321 0.0000000000
88336  -27.329  4.250  -3.248 0.0000000000
88338  -28.815  5.011  -2.705 0.0000000000
88324  -28.315  3.748  -2.489 0.0000000000
86947  -28.955  1.804  -1.135 0.0000000000
86961  -28.344  2.196  -1.680 0.0000000000
87639  -29.783  2.710  -1.106 0.0000000000
87651  -31.054  3.601  -1.212 0.0000000000
87640  -30.497  3.050  -0.857 0.0000000000
86267  -31.265  1.414  -0.367 0.0000000000
85464  -31.966  0.634  -0.423 0.0000000000
83625  -28.961  -1.704  0.475 0.0000000000
83627  -30.762  -1.539  0.698 0.0000000000
84590  -32.242  -0.175  -0.007 0.0000000000
84573  -32.747  -1.327  0.221 0.0000000000
83629  -32.500  -1.803  0.568 0.0000000000
81785  -32.453  -3.716  1.041 0.0000000000
80957  -33.218  -4.567  -0.275 0.0000000000
80956  -32.889  -4.560  0.498 0.0000000000
78555  -29.160  -7.950  0.923 0.0000000000
78554  -28.493  -7.465  0.398 0.0000000000
79369  -29.068  -6.762  1.068 0.0000000000
80142  -30.221  -5.508  1.442 0.0000000000
79347  -29.936  -6.626  1.646 0.0000000000
78533  -32.677  -7.452  1.572 0.0000000000
79349  -32.101  -6.473  1.986 0.0000000000
79350  -33.022  -6.529  1.117 0.0000000000
79370  -33.338  -6.176  0.417 0.0000000000
79371  -33.449  -6.709  0.485 0.0000000000
78556  -33.725  -7.409  0.221 0.0000000000
75860  -34.208  -9.792  -0.591 0.0000000000
76765  -34.142  -9.538  -1.124 0.0000000000
75861  -34.125  -10.462  -1.013 0.0000000000
74223  -32.379  -12.302  1.727 0.0000000000
74224  -33.199  -12.575  1.320 0.0000000000
74249  -34.209  -12.799  -0.216 0.0000000000
75047  -34.065  -12.134  0.319 0.0000000000
75061  -34.571  -11.605  -1.918 0.0000000000
74261  -34.830  -12.694  -2.548 0.0000000000
71601  -36.215  -15.379  -1.965 0.0000000000
71571  -27.146  -15.310  0.261 0.0000000000
70610  -29.792  -16.990  0.415 0.0000000000
67929  -30.474  -19.781  -1.486 0.0000000000
68798  -30.245  -19.276  -1.270 0.0000000000
67942  -30.909  -19.592  -1.788 0.0000000000
68818  -32.235  -18.698  -2.758 0.0000000000
69697  -30.674  -18.150  -3.255 0.0000000000
70637  -31.632  -17.991  -2.836 0.0000000000
70638  -32.523  -16.996  -1.951 0.0000000000
69711  -32.638  -17.678  -1.769 0.0000000000
69698  -34.868  -17.958  -1.008 0.0000000000
69713  -34.994  -17.391  -1.047 0.0000000000
69699  -35.842  -17.589  -0.853 0.0000000000
59869  -27.900  -27.010  0.398 0.0000000000
60850  -28.812  -27.232  0.816 0.0000000000
59857  -29.091  -27.829  1.290 0.0000000000
74235  -28.216  -12.417  0.219 0.0000000000
73391  -27.821  -13.406  0.037 0.0000000000
63839  -29.781  -23.487  -0.614 0.0000000000
64966  -30.097  -22.583  -0.745 0.0000000000
62891  -30.972  -24.054  -0.416 0.0000000000
63828  -31.877  -24.013  0.072 0.0000000000
62878  -32.028  -24.222  0.550 0.0000000000
61894  -31.217  -25.138  1.274 0.0000000000
53771  -24.242  -33.251  3.908 0.0000000000
56911  -25.938  -30.572  3.367 0.0000000000
54852  -25.623  -32.484  2.920 0.0000000000
54865  -26.391  -32.964  2.378 0.0000000000
66050  -26.697  -21.774  1.366 0.0000000000
64945  -26.428  -22.659  1.459 0.0000000000
63817  -26.814  -23.390  1.126 0.0000000000
63825  -26.760  -24.223  0.891 0.0000000000
86972  -27.308  2.948  -2.896 0.0000000000
86948  -29.673  1.875  -0.849 0.0000000000
86265  -29.077  1.114  -0.548 0.0000000000
86253  -29.648  0.772  0.151 0.0000000000
85462  -30.419  0.550  0.219 0.0000000000
82665  -29.441  -2.304  0.361 0.0000000000
82684  -29.550  -2.890  0.046 0.0000000000
82667  -31.155  -2.517  0.896 0.0000000000
82668  -32.106  -2.551  1.073 0.0000000000
81764  -31.199  -3.842  1.427 0.0000000000
81765  -31.741  -4.061  1.437 0.0000000000
78531  -30.487  -7.564  1.816 0.0000000000
77660  -33.142  -8.359  1.315 0.0000000000
77661  -33.708  -8.292  0.645 0.0000000000
76735  -33.636  -9.153  0.955 0.0000000000
75828  -33.506  -10.159  1.135 0.0000000000
73396  -33.031  -13.480  0.875 0.0000000000
73407  -33.617  -13.831  -0.031 0.0000000000
73408  -34.335  -13.623  -0.881 0.0000000000
73420  -34.648  -13.532  -1.728 0.0000000000
72528  -34.342  -14.079  -1.377 0.0000000000
70608  -27.470  -16.472  0.594 0.0000000000
69681  -29.091  -17.826  0.563 0.0000000000
69682  -30.134  -18.138  -0.015 0.0000000000
67052  -31.470  -20.292  -1.520 0.0000000000
67944  -31.810  -19.031  -1.900 0.0000000000
68811  -32.209  -18.513  -1.956 0.0000000000
68812  -33.078  -18.498  -1.408 0.0000000000
68801  -35.269  -18.617  -0.839 0.0000000000
67933  -35.551  -19.299  -0.622 0.0000000000
67041  -35.308  -19.927  -0.580 0.0000000000
58854  -26.732  -28.548  2.540 0.0000000000
59842  -26.071  -27.624  2.461 0.0000000000
59843  -26.941  -27.843  2.123 0.0000000000
59855  -27.378  -27.596  1.458 0.0000000000
59868  -27.375  -27.154  0.619 0.0000000000
58872  -27.961  -28.049  1.587 0.0000000000
58873  -28.584  -28.640  1.731 0.0000000000
75842  -29.166  -10.544  0.487 0.0000000000
75825  -30.560  -10.796  1.465 0.0000000000
75826  -31.380  -10.480  1.927 0.0000000000
75014  -30.547  -11.416  1.266 0.0000000000
74222  -31.422  -12.176  1.554 0.0000000000
73380  -30.850  -12.885  1.345 0.0000000000
73381  -31.741  -13.119  1.627 0.0000000000
73395  -32.226  -14.145  1.257 0.0000000000
72513  -32.372  -15.204  0.474 0.0000000000
67025  -29.217  -20.308  -0.068 0.0000000000
67920  -29.520  -19.674  -0.347 0.0000000000
67036  -29.645  -20.656  -0.736 0.0000000000
66085  -30.854  -21.150  -1.301 0.0000000000
66073  -31.109  -21.799  -1.206 0.0000000000
66086  -31.501  -21.260  -1.289 0.0000000000
66087  -32.197  -21.197  -1.232 0.0000000000
66074  -32.811  -21.485  -1.058 0.0000000000
66075  -33.495  -21.693  -0.719 0.0000000000
66060  -33.777  -21.926  -0.176 0.0000000000
64956  -33.565  -22.304  0.016 0.0000000000
62865  -32.531  -24.153  1.169 0.0000000000
53726  -23.931  -32.783  4.983 0.0000000000
58836  -25.833  -28.557  3.278 0.0000000000
57887  -26.361  -29.371  3.089 0.0000000000
67918  -27.980  -19.600  0.646 0.0000000000
67024  -28.623  -20.650  0.380 0.0000000000
64954  -28.544  -22.598  0.004 0.0000000000
63838  -28.960  -23.462  -0.407 0.0000000000
61916  -29.134  -24.720  -0.384 0.0000000000
61903  -29.686  -25.459  0.032 0.0000000000
88345  -27.211  4.939  -3.451 0.0000000000
86959  -26.881  1.908  -2.695 0.0000000000
87648  -27.926  3.004  -2.340 0.0000000000
88325  -28.987  4.313  -2.074 0.0000000000
86949  -30.595  2.211  -0.581 0.0000000000
86963  -31.975  2.667  -1.071 0.0000000000
86281  -32.555  1.728  -1.437 0.0000000000
85480  -33.018  0.800  -1.656 0.0000000000
84569  -29.323  -0.680  0.404 0.0000000000
85446  -30.629  -0.004  0.222 0.0000000000
83626  -29.832  -1.569  0.513 0.0000000000
84589  -31.674  0.088  -0.095 0.0000000000
85465  -32.725  0.205  -0.423 0.0000000000
85481  -33.542  -0.027  -1.743 0.0000000000
84599  -33.594  -0.790  -1.130 0.0000000000
82685  -33.666  -2.737  -1.181 0.0000000000
82669  -32.808  -2.702  0.471 0.0000000000
82670  -33.389  -2.724  -0.266 0.0000000000
80161  -28.624  -5.572  0.016 0.0000000000
80953  -28.943  -4.839  0.318 0.0000000000
80163  -29.788  -4.958  1.056 0.0000000000
80934  -31.924  -4.764  1.588 0.0000000000
79348  -30.717  -6.479  1.839 0.0000000000
80164  -32.955  -5.502  0.721 0.0000000000
80178  -33.335  -5.813  0.095 0.0000000000
77682  -34.040  -8.369  -0.246 0.0000000000
76780  -33.655  -9.189  -2.070 0.0000000000
76781  -33.813  -9.701  -1.920 0.0000000000
75018  -33.970  -11.157  1.001 0.0000000000
75829  -34.116  -10.634  0.724 0.0000000000
75032  -33.820  -11.979  0.973 0.0000000000
75033  -34.196  -11.396  0.542 0.0000000000
75845  -34.341  -10.790  0.038 0.0000000000
73426  -34.906  -13.623  -2.545 0.0000000000
71573  -29.397  -15.803  0.777 0.0000000000
71575  -31.651  -16.127  0.117 0.0000000000
70613  -32.474  -16.211  -1.043 0.0000000000
68790  -29.991  -18.973  -0.725 0.0000000000
69683  -30.490  -18.407  -1.152 0.0000000000
68809  -30.380  -19.171  -2.512 0.0000000000
69696  -30.702  -18.577  -2.279 0.0000000000
70624  -30.943  -18.039  -1.471 0.0000000000
71598  -32.895  -16.232  -1.642 0.0000000000
69712  -34.060  -17.575  -1.239 0.0000000000
60859  -27.563  -26.441  0.270 0.0000000000
61901  -27.891  -25.545  0.252 0.0000000000
60861  -29.235  -25.994  0.426 0.0000000000
54862  -24.340  -33.103  3.581 0.0000000000
54863  -24.709  -33.238  3.167 0.0000000000
58837  -26.233  -28.390  2.924 0.0000000000
59867  -26.784  -27.091  1.024 0.0000000000
61917  -29.576  -24.905  -0.328 0.0000000000
62873  -26.714  -25.018  0.679 0.0000000000
62876  -30.637  -24.697  0.041 0.0000000000
64969  -32.629  -22.043  -0.818 0.0000000000
64975  -31.943  -21.638  -1.148 0.0000000000
66094  -32.382  -19.052  -3.722 0.0000000000
67037  -30.324  -20.584  -1.288 0.0000000000
67062  -31.618  -18.609  -3.466 0.0000000000
67063  -31.632  -19.130  -3.515 0.0000000000
67064  -32.098  -19.055  -3.607 0.0000000000
67071  -32.117  -18.674  -3.921 0.0000000000
67943  -31.146  -19.443  -2.291 0.0000000000
67945  -32.515  -18.947  -1.550 0.0000000000
67954  -31.141  -18.697  -3.398 0.0000000000
67956  -31.987  -19.225  -3.316 0.0000000000
67957  -32.112  -18.984  -3.648 0.0000000000
67963  -31.492  -18.084  -3.335 0.0000000000
67964  -32.054  -18.378  -3.433 0.0000000000
68791  -30.312  -18.897  -1.231 0.0000000000
68810  -30.502  -19.114  -3.210 0.0000000000
68819  -32.386  -18.854  -3.398 0.0000000000
68826  -31.937  -18.028  -3.211 0.0000000000
68827  -32.138  -18.190  -3.154 0.0000000000
68828  -32.191  -18.622  -3.506 0.0000000000
69710  -29.868  -18.712  -2.982 0.0000000000
69722  -32.140  -18.155  -2.594 0.0000000000
69729  -31.981  -18.006  -2.962 0.0000000000
71589  -33.529  -15.218  -1.428 0.0000000000
72538  -33.783  -14.963  -1.599 0.0000000000
74221  -30.623  -12.044  1.201 0.0000000000
74237  -30.061  -12.388  0.926 0.0000000000
75015  -31.048  -11.394  1.608 0.0000000000
76764  -34.231  -9.222  -0.436 0.0000000000
77712  -33.786  -9.125  -1.729 0.0000000000
79351  -33.399  -7.033  0.737 0.0000000000
79385  -33.432  -6.142  0.105 0.0000000000
80141  -29.618  -6.029  1.242 0.0000000000
80179  -33.275  -5.555  -0.660 0.0000000000
80955  -30.218  -4.564  1.163 0.0000000000
81766  -32.183  -4.306  1.358 0.0000000000
83630  -32.924  -1.848  -0.044 0.0000000000
84572  -32.362  -0.958  0.439 0.0000000000
85445  -29.935  0.163  0.353 0.0000000000
85478  -33.254  0.127  -0.940 0.0000000000
86254  -30.060  0.724  0.261 0.0000000000
86950  -31.450  2.161  -0.646 0.0000000000
108732  -32.278  -18.199  -3.291 0.0000000000
108733  -31.213  -18.034  -3.203 0.0000000000
108734  -31.094  -19.019  -3.433 0.0000000000
108735  -31.850  -18.027  -3.091 0.0000000000
108736  -30.854  -18.872  -3.378 0.0000000000
108737  -31.929  -18.038  -3.377 0.0000000000
108738  -31.631  -18.043  -3.152 0.0000000000
