#!ascii label  , from subject A00073611 vox2ras=TkReg
996
41014  13.881  -46.229  69.011 0.0000000000
37700  26.790  -49.787  73.734 0.0000000000
58324  36.626  -28.991  54.918 0.0000000000
51127  28.209  -39.328  61.089 0.0000000000
45001  31.638  -43.831  66.162 0.0000000000
66507  46.235  -22.779  46.529 0.0000000000
57272  35.369  -30.454  57.768 0.0000000000
56284  30.227  -32.038  57.361 0.0000000000
38872  10.482  -48.338  68.525 0.0000000000
41931  21.217  -46.557  72.041 0.0000000000
41052  23.912  -45.907  68.955 0.0000000000
42967  17.480  -44.911  66.696 0.0000000000
63567  41.111  -24.750  50.730 0.0000000000
41891  17.938  -45.713  75.271 0.0000000000
39874  12.289  -46.687  73.897 0.0000000000
61361  39.698  -26.721  54.955 0.0000000000
38774  8.293  -48.469  73.325 0.0000000000
36747  3.559  -52.136  72.597 0.0000000000
54284  30.199  -34.884  62.471 0.0000000000
50013  30.830  -41.306  63.475 0.0000000000
45047  28.713  -43.080  61.482 0.0000000000
43008  26.915  -44.668  65.648 0.0000000000
57228  35.266  -30.371  60.996 0.0000000000
56281  32.889  -31.054  57.836 0.0000000000
56251  31.975  -31.607  59.714 0.0000000000
58220  37.506  -30.072  61.167 0.0000000000
40003  13.144  -47.859  66.993 0.0000000000
38900  11.777  -49.025  66.704 0.0000000000
38850  11.757  -47.483  68.740 0.0000000000
41934  18.157  -45.754  71.418 0.0000000000
41959  18.761  -45.401  69.614 0.0000000000
41981  15.972  -45.688  67.974 0.0000000000
42047  14.528  -47.286  65.270 0.0000000000
60385  36.361  -28.889  52.377 0.0000000000
59299  38.203  -28.958  56.797 0.0000000000
60363  38.005  -28.217  54.864 0.0000000000
61377  38.285  -27.624  53.284 0.0000000000
39844  11.478  -46.628  76.788 0.0000000000
38786  10.501  -47.754  73.795 0.0000000000
38757  9.363  -47.411  75.786 0.0000000000
37655  5.488  -50.750  78.247 0.0000000000
37672  4.791  -49.721  76.031 0.0000000000
35721  3.016  -51.686  75.424 0.0000000000
35723  1.798  -53.468  75.188 0.0000000000
34640  0.936  -52.954  77.012 0.0000000000
48953  31.071  -41.485  66.620 0.0000000000
46947  32.011  -42.716  64.818 0.0000000000
46980  30.902  -43.121  62.274 0.0000000000
44025  30.760  -44.757  63.323 0.0000000000
42068  22.114  -44.719  66.325 0.0000000000
42040  25.190  -45.538  66.969 0.0000000000
43029  23.811  -44.447  64.927 0.0000000000
45029  24.554  -43.397  63.106 0.0000000000
53276  28.209  -36.423  62.737 0.0000000000
54317  27.251  -35.303  60.068 0.0000000000
52203  26.472  -38.075  59.334 0.0000000000
67370  49.146  -22.259  45.424 0.0000000000
66517  47.210  -23.392  44.439 0.0000000000
57293  35.938  -29.453  56.273 0.0000000000
56340  34.045  -30.688  55.967 0.0000000000
58250  37.996  -29.699  58.727 0.0000000000
38804  23.698  -48.581  72.411 0.0000000000
39932  25.324  -48.601  70.989 0.0000000000
41955  22.616  -46.126  70.566 0.0000000000
41997  20.912  -44.630  68.362 0.0000000000
42995  18.342  -44.671  65.288 0.0000000000
64616  41.507  -24.174  53.377 0.0000000000
64637  42.670  -23.855  50.999 0.0000000000
64655  43.327  -23.657  49.047 0.0000000000
65598  44.183  -23.582  46.645 0.0000000000
41924  16.001  -45.831  72.044 0.0000000000
40971  12.996  -46.465  72.065 0.0000000000
41903  14.402  -45.839  74.592 0.0000000000
41909  19.497  -46.032  73.261 0.0000000000
62422  39.753  -25.848  52.696 0.0000000000
38828  10.748  -47.356  71.112 0.0000000000
38830  9.290  -48.696  70.967 0.0000000000
38856  7.154  -49.872  70.140 0.0000000000
39846  6.670  -48.261  75.766 0.0000000000
39895  5.404  -49.586  73.482 0.0000000000
34603  -0.563  -53.389  79.078 0.0000000000
55265  32.369  -33.332  62.973 0.0000000000
51091  28.800  -38.165  64.182 0.0000000000
49990  29.890  -39.891  65.677 0.0000000000
51099  30.011  -40.010  62.736 0.0000000000
49034  29.976  -41.614  61.093 0.0000000000
46057  29.076  -42.557  60.713 0.0000000000
45083  27.261  -42.980  59.204 0.0000000000
39979  26.918  -47.804  69.656 0.0000000000
41063  27.815  -46.052  67.852 0.0000000000
43987  28.744  -45.334  65.507 0.0000000000
44010  27.748  -43.737  63.949 0.0000000000
45067  25.873  -42.965  61.085 0.0000000000
55294  29.373  -33.415  60.091 0.0000000000
54364  27.764  -34.727  56.099 0.0000000000
57218  34.349  -30.808  62.168 0.0000000000
57230  33.592  -30.815  60.194 0.0000000000
56230  33.468  -31.334  61.715 0.0000000000
58222  36.187  -30.380  61.883 0.0000000000
39983  13.389  -46.805  68.343 0.0000000000
39984  12.775  -47.447  67.833 0.0000000000
39960  12.810  -46.662  68.862 0.0000000000
41947  14.934  -45.579  69.604 0.0000000000
41961  16.107  -45.512  68.953 0.0000000000
41962  15.012  -45.988  68.538 0.0000000000
41036  14.210  -46.649  67.867 0.0000000000
59343  36.449  -28.866  53.279 0.0000000000
58311  36.858  -29.079  55.388 0.0000000000
59319  37.918  -28.523  55.397 0.0000000000
59328  37.204  -28.815  54.478 0.0000000000
60372  37.356  -28.577  53.809 0.0000000000
36690  4.097  -51.689  78.009 0.0000000000
36694  4.448  -51.029  76.861 0.0000000000
36705  3.510  -51.835  76.719 0.0000000000
35722  2.262  -52.860  75.012 0.0000000000
35712  2.695  -52.168  76.409 0.0000000000
34657  1.194  -53.346  76.261 0.0000000000
46935  31.961  -42.864  66.636 0.0000000000
45012  31.959  -43.401  65.967 0.0000000000
45018  32.357  -43.874  64.366 0.0000000000
43996  31.499  -44.296  65.017 0.0000000000
37729  27.973  -49.437  72.618 0.0000000000
43014  20.566  -44.599  65.211 0.0000000000
43012  23.172  -44.495  65.724 0.0000000000
43031  21.579  -44.474  64.581 0.0000000000
44034  22.080  -43.668  63.012 0.0000000000
52184  27.783  -37.693  62.299 0.0000000000
52185  27.342  -37.196  61.512 0.0000000000
66503  45.409  -22.689  47.821 0.0000000000
66496  46.915  -22.297  47.945 0.0000000000
66501  46.963  -22.474  47.037 0.0000000000
66505  47.717  -22.577  45.670 0.0000000000
66512  46.175  -23.108  45.558 0.0000000000
57285  35.864  -30.192  56.931 0.0000000000
57294  35.140  -30.303  56.274 0.0000000000
56326  34.888  -30.497  56.891 0.0000000000
56282  31.995  -31.344  57.697 0.0000000000
56329  32.671  -31.134  56.082 0.0000000000
56331  30.748  -31.911  55.408 0.0000000000
57237  36.403  -30.362  59.349 0.0000000000
58268  36.874  -30.099  58.537 0.0000000000
57270  36.861  -29.897  57.206 0.0000000000
38889  10.828  -48.877  67.598 0.0000000000
37758  9.154  -49.457  68.434 0.0000000000
39917  22.560  -48.099  72.431 0.0000000000
39935  23.041  -47.850  71.860 0.0000000000
40994  21.905  -46.543  71.604 0.0000000000
42947  18.119  -45.089  67.769 0.0000000000
41978  19.787  -44.799  69.017 0.0000000000
42965  19.105  -44.876  67.326 0.0000000000
42980  19.504  -44.829  66.788 0.0000000000
42982  17.356  -44.963  65.761 0.0000000000
42045  16.380  -45.955  65.074 0.0000000000
48046  29.300  -41.208  59.324 0.0000000000
64639  41.423  -24.499  51.688 0.0000000000
64626  41.933  -24.025  52.281 0.0000000000
64651  41.706  -24.399  51.061 0.0000000000
64661  42.331  -24.193  49.099 0.0000000000
64664  42.779  -24.361  47.471 0.0000000000
64659  43.307  -23.739  48.108 0.0000000000
42906  16.639  -45.808  73.575 0.0000000000
41912  15.684  -45.766  73.102 0.0000000000
42884  16.463  -45.464  75.148 0.0000000000
41900  19.128  -46.075  74.243 0.0000000000
41910  17.983  -45.905  73.357 0.0000000000
63525  40.612  -25.028  55.113 0.0000000000
62413  39.573  -26.106  54.060 0.0000000000
62433  38.138  -27.273  51.234 0.0000000000
40959  13.304  -46.248  73.346 0.0000000000
39903  12.184  -46.465  71.672 0.0000000000
39904  11.406  -46.838  72.099 0.0000000000
38787  9.688  -48.271  73.296 0.0000000000
38807  9.629  -48.543  72.075 0.0000000000
38808  8.819  -48.582  71.831 0.0000000000
38831  8.457  -48.885  70.892 0.0000000000
38810  7.188  -49.128  71.771 0.0000000000
38727  6.992  -48.584  77.274 0.0000000000
36722  4.249  -51.144  74.177 0.0000000000
37693  5.154  -50.121  74.399 0.0000000000
37705  4.841  -50.450  73.737 0.0000000000
37733  4.679  -50.970  71.376 0.0000000000
52167  29.040  -37.194  64.513 0.0000000000
48976  31.281  -41.751  64.456 0.0000000000
48954  30.714  -41.070  66.578 0.0000000000
50002  30.801  -40.563  63.783 0.0000000000
51089  30.205  -39.441  63.517 0.0000000000
51098  30.534  -40.268  62.924 0.0000000000
50037  30.110  -40.659  61.927 0.0000000000
49005  30.617  -41.374  62.227 0.0000000000
45045  30.252  -43.641  61.803 0.0000000000
46040  29.814  -42.948  61.455 0.0000000000
45064  28.962  -42.813  61.047 0.0000000000
45082  27.974  -42.708  60.146 0.0000000000
45065  27.853  -42.772  60.851 0.0000000000
39982  24.722  -46.777  70.165 0.0000000000
39955  26.180  -48.357  70.424 0.0000000000
41050  25.515  -46.327  69.038 0.0000000000
42039  25.969  -45.509  66.813 0.0000000000
41065  26.484  -46.018  67.626 0.0000000000
42016  27.089  -45.881  67.088 0.0000000000
42036  28.011  -45.675  66.636 0.0000000000
42991  27.953  -45.157  65.821 0.0000000000
43023  28.776  -44.596  64.916 0.0000000000
43025  27.595  -44.091  64.896 0.0000000000
45050  23.755  -43.106  61.560 0.0000000000
44055  25.374  -43.177  62.814 0.0000000000
54282  31.439  -34.167  62.680 0.0000000000
55277  31.727  -33.524  61.794 0.0000000000
55287  29.680  -33.747  61.081 0.0000000000
53306  26.564  -36.075  57.978 0.0000000000
54346  27.723  -33.997  57.763 0.0000000000
67385  49.599  -22.842  43.927 0.0000000000
57239  34.998  -30.420  59.713 0.0000000000
56279  34.720  -30.557  57.972 0.0000000000
57254  34.351  -30.568  58.957 0.0000000000
56261  32.929  -30.958  58.784 0.0000000000
56263  31.210  -31.819  58.515 0.0000000000
58200  37.395  -29.818  62.301 0.0000000000
58239  36.218  -30.432  60.818 0.0000000000
38899  12.438  -48.677  66.535 0.0000000000
38870  11.957  -47.918  68.088 0.0000000000
38871  11.300  -48.077  68.310 0.0000000000
41933  19.530  -46.255  71.762 0.0000000000
41943  20.235  -46.028  70.873 0.0000000000
41944  19.046  -45.832  70.622 0.0000000000
41960  17.428  -45.412  69.274 0.0000000000
42000  16.699  -45.259  67.287 0.0000000000
42023  15.524  -46.259  66.122 0.0000000000
42002  14.777  -46.472  66.920 0.0000000000
41054  13.929  -47.389  66.763 0.0000000000
63579  40.024  -25.713  49.032 0.0000000000
41881  17.751  -45.962  76.225 0.0000000000
59307  38.687  -28.396  56.470 0.0000000000
60354  39.217  -27.694  56.091 0.0000000000
61350  39.401  -27.319  55.346 0.0000000000
61362  38.923  -27.126  54.442 0.0000000000
61363  38.365  -27.500  54.016 0.0000000000
60384  37.214  -28.387  52.885 0.0000000000
39858  12.275  -46.578  75.133 0.0000000000
39875  11.528  -46.947  74.430 0.0000000000
39876  10.843  -47.093  74.808 0.0000000000
38771  10.125  -47.251  75.217 0.0000000000
38758  8.461  -47.900  75.253 0.0000000000
37663  5.532  -49.989  76.861 0.0000000000
37664  5.262  -50.655  77.339 0.0000000000
36703  3.989  -50.728  75.980 0.0000000000
36723  3.691  -51.572  74.659 0.0000000000
35730  2.892  -52.420  74.139 0.0000000000
47953  31.593  -42.331  65.844 0.0000000000
48988  31.582  -42.247  64.469 0.0000000000
49004  30.712  -41.974  62.784 0.0000000000
46958  31.962  -42.913  63.192 0.0000000000
45043  31.919  -44.163  62.019 0.0000000000
44050  29.849  -43.699  62.272 0.0000000000
42042  22.986  -44.720  67.332 0.0000000000
41082  24.446  -46.187  67.629 0.0000000000
42066  23.693  -44.585  66.649 0.0000000000
42065  24.736  -44.780  66.651 0.0000000000
43010  25.217  -44.429  65.774 0.0000000000
43027  25.689  -44.068  64.731 0.0000000000
44012  24.382  -44.075  64.299 0.0000000000
45031  22.890  -43.304  62.372 0.0000000000
54285  29.083  -35.379  62.541 0.0000000000
54302  28.649  -34.825  61.565 0.0000000000
54303  27.703  -35.414  61.259 0.0000000000
53297  26.388  -36.641  59.470 0.0000000000
67364  48.411  -22.241  46.051 0.0000000000
67379  48.330  -22.894  44.724 0.0000000000
58313  35.755  -29.083  55.433 0.0000000000
58326  35.240  -29.665  53.977 0.0000000000
57303  35.387  -29.641  55.411 0.0000000000
56328  33.523  -30.903  56.366 0.0000000000
56342  32.570  -31.278  55.094 0.0000000000
58219  38.136  -29.836  60.773 0.0000000000
59264  38.750  -29.537  59.289 0.0000000000
59274  38.602  -29.405  58.322 0.0000000000
58285  37.671  -29.330  57.185 0.0000000000
58302  36.986  -29.242  56.093 0.0000000000
38802  25.497  -49.297  73.150 0.0000000000
38824  26.015  -49.067  72.137 0.0000000000
39914  24.716  -48.621  71.504 0.0000000000
39958  23.765  -47.222  70.969 0.0000000000
41035  23.402  -45.888  69.637 0.0000000000
41957  21.188  -45.692  70.387 0.0000000000
41976  21.936  -45.655  69.655 0.0000000000
41996  21.990  -45.219  68.772 0.0000000000
42044  21.125  -44.803  66.635 0.0000000000
42993  20.601  -44.846  66.303 0.0000000000
43015  19.332  -44.484  64.521 0.0000000000
65577  43.660  -23.182  51.216 0.0000000000
64657  42.231  -24.151  49.643 0.0000000000
64649  42.856  -23.743  50.217 0.0000000000
65584  43.737  -23.373  50.357 0.0000000000
65592  43.982  -23.290  48.680 0.0000000000
65591  44.634  -22.858  48.228 0.0000000000
65597  45.037  -23.519  46.385 0.0000000000
65601  45.362  -23.777  45.453 0.0000000000
41936  14.890  -45.641  70.927 0.0000000000
40983  13.701  -46.382  71.036 0.0000000000
41925  14.662  -45.982  72.002 0.0000000000
40958  13.776  -46.130  72.993 0.0000000000
41904  13.718  -46.086  74.460 0.0000000000
41883  15.650  -45.647  76.749 0.0000000000
40938  13.269  -46.322  75.873 0.0000000000
40927  13.448  -46.523  77.221 0.0000000000
37701  26.132  -49.709  74.057 0.0000000000
38782  24.555  -49.368  73.906 0.0000000000
39886  22.763  -48.385  73.194 0.0000000000
40968  21.182  -47.757  73.063 0.0000000000
40957  20.614  -47.459  73.672 0.0000000000
42903  20.305  -46.440  72.872 0.0000000000
41922  18.625  -45.981  72.410 0.0000000000
41935  16.714  -45.581  71.174 0.0000000000
64606  41.189  -24.387  54.641 0.0000000000
64617  40.791  -24.674  53.827 0.0000000000
63552  40.534  -25.164  52.064 0.0000000000
62423  39.162  -26.547  53.130 0.0000000000
62432  39.125  -26.302  51.599 0.0000000000
63553  40.133  -25.452  51.339 0.0000000000
39920  12.339  -46.392  70.714 0.0000000000
39938  11.441  -46.710  70.329 0.0000000000
38852  10.263  -48.135  69.790 0.0000000000
38805  10.915  -47.498  72.652 0.0000000000
38829  10.115  -48.398  71.046 0.0000000000
38853  9.534  -48.653  69.919 0.0000000000
38875  8.276  -49.627  69.111 0.0000000000
38876  7.483  -50.177  69.240 0.0000000000
38741  8.666  -47.825  76.449 0.0000000000
39861  7.924  -48.281  74.952 0.0000000000
39879  6.259  -48.795  74.458 0.0000000000
39893  6.699  -48.857  73.516 0.0000000000
38811  6.129  -49.521  72.009 0.0000000000
34621  0.255  -53.257  78.242 0.0000000000
56214  33.440  -32.140  62.973 0.0000000000
54251  30.538  -35.544  63.983 0.0000000000
53264  29.011  -36.313  63.608 0.0000000000
52173  28.468  -37.348  63.472 0.0000000000
51101  28.660  -38.358  63.163 0.0000000000
50004  29.809  -39.246  65.024 0.0000000000
51100  29.376  -39.129  62.886 0.0000000000
51112  29.137  -39.662  62.070 0.0000000000
51126  29.252  -40.214  61.165 0.0000000000
49035  29.642  -41.294  60.688 0.0000000000
47036  29.121  -41.731  59.853 0.0000000000
46991  30.129  -42.528  61.807 0.0000000000
47005  29.883  -42.261  60.980 0.0000000000
47007  28.782  -42.202  59.900 0.0000000000
46059  27.881  -42.756  59.104 0.0000000000
45099  27.115  -43.299  58.113 0.0000000000
44978  30.981  -44.151  67.743 0.0000000000
38846  27.292  -48.907  71.450 0.0000000000
38867  27.719  -48.601  70.771 0.0000000000
39977  28.560  -48.143  69.321 0.0000000000
41049  26.303  -46.238  68.700 0.0000000000
41048  27.184  -46.205  68.804 0.0000000000
41046  28.914  -47.114  68.541 0.0000000000
42013  28.748  -45.828  68.332 0.0000000000
42964  29.302  -45.029  67.740 0.0000000000
44992  30.547  -44.699  66.128 0.0000000000
43998  30.080  -44.591  64.723 0.0000000000
44008  29.198  -44.046  64.156 0.0000000000
44028  28.243  -43.577  63.090 0.0000000000
43047  26.532  -43.726  64.178 0.0000000000
44053  26.803  -43.213  62.436 0.0000000000
44052  27.817  -43.238  61.957 0.0000000000
45066  26.953  -42.806  60.514 0.0000000000
56232  32.241  -32.795  61.705 0.0000000000
55285  31.397  -32.567  60.502 0.0000000000
55301  30.589  -32.254  58.682 0.0000000000
55295  28.454  -33.752  59.730 0.0000000000
55303  28.625  -33.461  58.871 0.0000000000
55309  29.406  -32.649  57.142 0.0000000000
65605  46.425  -24.076  44.384 0.0000000000
58204  34.603  -30.935  62.867 0.0000000000
58224  34.829  -30.800  62.578 0.0000000000
39959  13.270  -46.445  68.792 0.0000000000
41015  13.208  -46.265  69.072 0.0000000000
59329  36.510  -28.949  54.164 0.0000000000
59330  35.877  -29.209  53.692 0.0000000000
58323  36.986  -29.051  55.011 0.0000000000
59342  36.963  -28.739  53.738 0.0000000000
36695  4.040  -51.564  77.168 0.0000000000
36696  3.480  -52.091  77.363 0.0000000000
35699  2.606  -52.335  77.560 0.0000000000
45000  31.756  -43.409  66.856 0.0000000000
45013  31.924  -43.724  65.164 0.0000000000
43982  31.545  -44.001  65.768 0.0000000000
37687  27.792  -49.674  73.580 0.0000000000
37714  27.700  -49.593  72.961 0.0000000000
43032  20.486  -44.336  64.204 0.0000000000
44015  21.297  -44.105  63.585 0.0000000000
52195  27.837  -38.538  61.657 0.0000000000
66508  45.572  -23.029  46.945 0.0000000000
66497  46.095  -22.421  48.375 0.0000000000
66502  46.214  -22.590  47.452 0.0000000000
66506  46.947  -22.607  46.084 0.0000000000
57286  35.292  -30.390  57.036 0.0000000000
56283  31.125  -31.648  57.507 0.0000000000
56307  31.871  -31.321  56.749 0.0000000000
56308  30.906  -31.671  56.508 0.0000000000
56309  29.905  -32.283  56.261 0.0000000000
57251  36.386  -30.337  58.894 0.0000000000
57271  36.464  -30.229  57.762 0.0000000000
38902  10.476  -49.751  67.013 0.0000000000
38890  10.059  -49.375  67.655 0.0000000000
37776  9.278  -49.952  67.799 0.0000000000
38873  9.640  -48.896  68.688 0.0000000000
40981  21.919  -47.360  72.408 0.0000000000
40980  22.573  -47.653  72.159 0.0000000000
42948  17.586  -44.990  67.423 0.0000000000
41999  18.790  -45.022  67.676 0.0000000000
42981  18.453  -44.765  66.240 0.0000000000
42022  16.502  -45.503  66.338 0.0000000000
48060  29.146  -41.546  59.333 0.0000000000
42882  17.433  -45.723  74.529 0.0000000000
42895  16.785  -45.700  74.228 0.0000000000
42883  16.975  -45.558  74.897 0.0000000000
41901  18.127  -45.887  74.397 0.0000000000
42894  17.334  -45.880  73.917 0.0000000000
61349  39.950  -26.721  55.728 0.0000000000
62404  40.228  -25.874  55.362 0.0000000000
39889  12.222  -46.582  72.699 0.0000000000
38773  8.730  -48.251  74.009 0.0000000000
38788  8.953  -48.424  72.844 0.0000000000
38789  8.256  -48.533  72.524 0.0000000000
38809  7.997  -48.707  71.683 0.0000000000
39905  7.611  -48.733  72.343 0.0000000000
38712  6.788  -49.340  77.797 0.0000000000
36731  4.039  -51.168  73.148 0.0000000000
36746  3.986  -51.430  71.990 0.0000000000
48977  31.309  -41.202  64.200 0.0000000000
50001  30.834  -41.222  63.743 0.0000000000
50014  30.716  -40.544  63.299 0.0000000000
50026  30.675  -40.815  62.577 0.0000000000
50025  30.813  -41.500  63.161 0.0000000000
45046  29.529  -43.281  61.641 0.0000000000
45063  29.786  -43.188  61.449 0.0000000000
41033  24.978  -46.474  69.692 0.0000000000
41032  25.446  -46.764  69.669 0.0000000000
41051  24.581  -46.194  68.924 0.0000000000
42063  26.377  -45.136  66.222 0.0000000000
42038  26.623  -45.673  66.671 0.0000000000
42062  26.967  -45.312  65.999 0.0000000000
42037  27.491  -45.546  66.286 0.0000000000
43007  27.652  -44.853  65.631 0.0000000000
54283  31.088  -34.551  62.308 0.0000000000
55278  31.043  -34.116  61.694 0.0000000000
54300  30.588  -34.393  61.795 0.0000000000
56250  33.065  -30.931  59.873 0.0000000000
56262  32.104  -31.482  58.616 0.0000000000
58240  35.770  -30.456  61.427 0.0000000000
57227  35.861  -30.425  60.507 0.0000000000
57238  36.030  -30.403  59.806 0.0000000000
39961  12.305  -47.348  68.496 0.0000000000
39985  12.319  -47.697  67.944 0.0000000000
41945  17.722  -45.518  70.362 0.0000000000
41980  17.170  -45.109  68.195 0.0000000000
42001  15.796  -45.978  67.085 0.0000000000
41982  15.134  -46.184  67.701 0.0000000000
40002  13.499  -47.282  67.605 0.0000000000
41055  13.432  -47.870  66.566 0.0000000000
59308  37.993  -28.814  56.113 0.0000000000
59318  38.469  -28.307  55.808 0.0000000000
60362  38.504  -27.879  55.072 0.0000000000
60370  38.398  -27.680  54.430 0.0000000000
60371  37.899  -28.158  54.107 0.0000000000
39843  12.343  -46.510  76.396 0.0000000000
39859  11.453  -46.651  75.587 0.0000000000
38772  9.488  -47.777  74.558 0.0000000000
36704  3.660  -51.302  76.333 0.0000000000
36714  3.767  -51.257  75.459 0.0000000000
34688  1.932  -53.588  74.856 0.0000000000
34709  2.075  -53.758  74.411 0.0000000000
46936  31.933  -42.688  65.964 0.0000000000
46927  31.673  -42.496  66.491 0.0000000000
47968  31.754  -42.406  65.031 0.0000000000
48975  31.511  -42.112  64.875 0.0000000000
47984  31.697  -42.448  64.227 0.0000000000
47985  31.423  -42.547  63.447 0.0000000000
46957  31.929  -42.819  63.970 0.0000000000
45019  32.181  -44.776  64.043 0.0000000000
45025  32.765  -43.975  63.642 0.0000000000
45020  31.579  -44.979  63.299 0.0000000000
45027  31.243  -44.548  62.526 0.0000000000
42067  22.615  -44.601  66.439 0.0000000000
43030  22.738  -44.559  64.802 0.0000000000
43011  24.249  -44.383  65.814 0.0000000000
43028  24.732  -44.260  65.008 0.0000000000
44013  23.450  -44.254  64.137 0.0000000000
44033  23.138  -43.700  63.421 0.0000000000
54286  28.210  -35.673  62.029 0.0000000000
53277  27.622  -36.466  61.861 0.0000000000
53288  27.083  -36.493  60.912 0.0000000000
53298  26.141  -37.471  58.885 0.0000000000
66511  47.010  -22.847  45.182 0.0000000000
66510  47.792  -22.867  44.886 0.0000000000
66516  48.150  -23.260  44.329 0.0000000000
66525  47.691  -23.769  44.017 0.0000000000
57302  35.760  -29.140  55.782 0.0000000000
57295  34.503  -30.560  56.020 0.0000000000
57304  34.297  -30.402  55.355 0.0000000000
57305  33.246  -30.874  54.695 0.0000000000
56280  33.817  -30.810  57.943 0.0000000000
56304  34.454  -30.654  57.287 0.0000000000
56305  33.683  -30.916  57.132 0.0000000000
56330  31.735  -31.439  55.759 0.0000000000
56343  31.634  -31.678  54.749 0.0000000000
56354  32.313  -31.525  54.307 0.0000000000
58199  38.049  -29.613  61.896 0.0000000000
58251  37.419  -29.961  59.115 0.0000000000
58236  38.167  -29.938  59.687 0.0000000000
58266  37.795  -29.460  57.916 0.0000000000
57284  36.551  -29.720  56.787 0.0000000000
58295  37.122  -29.524  56.894 0.0000000000
57292  36.489  -29.343  56.397 0.0000000000
58303  36.428  -29.149  56.184 0.0000000000
38803  24.458  -48.787  72.834 0.0000000000
38825  25.094  -48.808  72.021 0.0000000000
38826  24.231  -48.695  71.990 0.0000000000
40992  23.370  -47.311  71.425 0.0000000000
39934  23.772  -47.973  71.353 0.0000000000
41011  23.306  -46.427  70.780 0.0000000000
41010  23.940  -46.848  70.613 0.0000000000
41975  22.691  -45.888  70.041 0.0000000000
41958  20.002  -45.262  70.099 0.0000000000
41998  19.670  -44.780  67.741 0.0000000000
41977  21.021  -45.049  69.444 0.0000000000
42019  21.965  -44.913  67.771 0.0000000000
42020  20.785  -44.751  67.178 0.0000000000
42994  19.482  -44.758  65.734 0.0000000000
42024  14.599  -46.905  66.003 0.0000000000
42046  15.171  -46.721  65.210 0.0000000000
65565  41.938  -23.745  53.875 0.0000000000
64625  42.507  -23.756  51.653 0.0000000000
65570  42.746  -23.436  52.366 0.0000000000
65578  43.048  -23.420  51.489 0.0000000000
65569  43.637  -23.071  52.136 0.0000000000
65585  43.198  -23.523  50.833 0.0000000000
63578  40.971  -25.181  49.473 0.0000000000
63577  41.638  -24.533  49.885 0.0000000000
64660  42.567  -24.188  48.548 0.0000000000
64656  42.762  -23.844  49.405 0.0000000000
64648  43.367  -23.623  49.737 0.0000000000
65589  43.996  -23.357  49.541 0.0000000000
64663  43.432  -23.937  47.053 0.0000000000
65595  43.995  -23.300  47.660 0.0000000000
65594  44.830  -23.200  47.292 0.0000000000
41937  14.427  -46.082  71.306 0.0000000000
41902  15.382  -45.599  74.131 0.0000000000
41913  14.314  -45.889  73.283 0.0000000000
41914  13.924  -46.069  73.902 0.0000000000
41882  16.687  -45.853  76.398 0.0000000000
41894  14.344  -45.904  75.812 0.0000000000
40937  13.996  -46.300  76.714 0.0000000000
37702  25.391  -49.668  74.258 0.0000000000
39901  22.304  -48.259  72.989 0.0000000000
41899  20.142  -46.671  74.150 0.0000000000
42904  20.090  -46.221  73.071 0.0000000000
41921  19.356  -46.151  72.500 0.0000000000
41911  16.787  -45.892  72.944 0.0000000000
41923  17.360  -45.762  72.221 0.0000000000
58327  34.446  -30.179  53.642 0.0000000000
63534  40.326  -25.260  54.389 0.0000000000
63542  40.281  -25.228  53.301 0.0000000000
61376  38.612  -26.995  53.638 0.0000000000
62414  39.010  -26.673  53.853 0.0000000000
61389  38.657  -26.946  52.811 0.0000000000
39919  12.805  -46.415  70.095 0.0000000000
40984  12.804  -46.483  71.354 0.0000000000
39921  11.514  -46.580  71.179 0.0000000000
38851  11.038  -47.364  69.394 0.0000000000
39891  11.080  -47.380  73.934 0.0000000000
38785  10.964  -47.462  73.385 0.0000000000
38806  10.435  -48.188  72.343 0.0000000000
38874  9.004  -49.177  69.041 0.0000000000
38854  8.781  -48.991  69.976 0.0000000000
38832  7.637  -49.296  70.935 0.0000000000
38855  7.993  -49.432  70.036 0.0000000000
38877  6.719  -50.534  69.484 0.0000000000
38726  8.089  -48.437  77.185 0.0000000000
38742  7.411  -47.877  76.163 0.0000000000
38759  7.769  -48.072  75.420 0.0000000000
39862  7.170  -48.325  75.186 0.0000000000
38790  5.411  -49.738  74.178 0.0000000000
38776  5.505  -49.500  74.694 0.0000000000
39894  5.710  -49.273  73.770 0.0000000000
39907  5.959  -49.169  73.016 0.0000000000
39906  6.905  -49.024  72.642 0.0000000000
35677  0.718  -52.621  78.716 0.0000000000
34601  0.263  -53.019  78.769 0.0000000000
34602  -0.020  -53.132  79.032 0.0000000000
34622  0.091  -53.572  78.011 0.0000000000
54265  31.750  -34.220  63.442 0.0000000000
54268  29.861  -35.493  63.449 0.0000000000
53256  30.004  -36.352  64.584 0.0000000000
48966  30.377  -40.744  65.368 0.0000000000
51111  29.659  -40.316  62.047 0.0000000000
50047  30.180  -41.244  61.431 0.0000000000
50048  29.836  -40.899  61.258 0.0000000000
49025  29.990  -41.356  61.225 0.0000000000
48045  29.358  -41.496  60.114 0.0000000000
48036  29.752  -41.778  60.782 0.0000000000
46979  31.190  -42.953  62.484 0.0000000000
48015  30.290  -42.391  62.093 0.0000000000
46056  29.704  -42.629  61.126 0.0000000000
46055  29.874  -42.707  61.287 0.0000000000
47006  29.315  -42.253  60.595 0.0000000000
47008  28.547  -42.339  59.078 0.0000000000
46058  28.419  -42.488  59.714 0.0000000000
45100  26.533  -43.501  57.679 0.0000000000
38848  25.682  -48.844  71.337 0.0000000000
38847  26.443  -48.953  71.420 0.0000000000
38869  26.149  -48.790  70.923 0.0000000000
39954  27.250  -48.391  70.141 0.0000000000
39953  28.101  -48.493  70.023 0.0000000000
39978  27.709  -48.149  69.391 0.0000000000
41081  24.963  -46.157  67.399 0.0000000000
41066  25.632  -46.300  67.934 0.0000000000
41064  27.384  -45.972  67.905 0.0000000000
41047  28.080  -46.657  68.571 0.0000000000
41994  28.619  -46.419  68.460 0.0000000000
42978  28.565  -45.510  66.530 0.0000000000
42977  28.913  -45.407  67.378 0.0000000000
43975  29.330  -45.311  66.254 0.0000000000
43974  29.961  -44.876  66.509 0.0000000000
43985  30.223  -44.866  65.552 0.0000000000
43986  29.207  -45.144  65.307 0.0000000000
44009  28.403  -43.836  64.052 0.0000000000
44027  29.199  -43.656  63.134 0.0000000000
44011  24.994  -43.924  64.474 0.0000000000
43048  25.957  -43.655  64.024 0.0000000000
45048  25.604  -43.034  61.950 0.0000000000
44054  25.858  -43.081  62.475 0.0000000000
44068  26.943  -42.799  61.558 0.0000000000
44067  27.475  -42.796  61.203 0.0000000000
46060  25.687  -42.969  60.309 0.0000000000
55264  32.956  -32.874  63.171 0.0000000000
56231  32.687  -32.305  62.054 0.0000000000
55276  32.299  -33.065  62.077 0.0000000000
55286  30.551  -33.587  61.057 0.0000000000
55293  30.725  -32.534  59.551 0.0000000000
54316  28.248  -34.321  60.509 0.0000000000
54315  29.049  -33.967  61.143 0.0000000000
55310  28.844  -33.208  57.754 0.0000000000
55325  28.734  -33.433  56.472 0.0000000000
67384  50.568  -22.556  43.928 0.0000000000
66521  51.038  -23.095  43.243 0.0000000000
65600  45.975  -23.737  44.947 0.0000000000
65606  45.594  -24.409  44.691 0.0000000000
57217  34.952  -30.545  61.739 0.0000000000
57229  34.021  -30.739  60.811 0.0000000000
56241  33.500  -31.037  61.193 0.0000000000
56242  33.134  -31.219  61.017 0.0000000000
58223  35.304  -30.557  62.110 0.0000000000
39936  12.693  -46.434  69.523 0.0000000000
41946  16.285  -45.550  70.054 0.0000000000
58301  37.535  -29.089  56.122 0.0000000000
59320  37.308  -28.893  55.288 0.0000000000
59327  37.662  -28.524  54.834 0.0000000000
39832  11.549  -46.903  77.822 0.0000000000
39845  10.789  -46.961  77.048 0.0000000000
35711  3.203  -51.677  76.278 0.0000000000
35713  1.785  -52.924  75.830 0.0000000000
35700  1.806  -52.649  76.879 0.0000000000
35687  1.534  -52.340  78.094 0.0000000000
45985  31.940  -42.992  67.030 0.0000000000
45986  32.071  -43.083  66.431 0.0000000000
45999  32.262  -43.119  65.342 0.0000000000
46009  32.193  -43.013  64.486 0.0000000000
46000  32.314  -43.357  64.623 0.0000000000
45014  31.935  -44.262  64.672 0.0000000000
44005  31.528  -44.691  64.579 0.0000000000
43013  21.846  -44.682  65.818 0.0000000000
44014  22.411  -44.183  63.939 0.0000000000
44035  20.844  -43.655  62.372 0.0000000000
52196  27.211  -38.075  60.747 0.0000000000
66498  45.288  -22.559  48.708 0.0000000000
66492  45.760  -22.363  49.278 0.0000000000
66500  47.670  -22.309  46.568 0.0000000000
66518  46.488  -23.357  44.824 0.0000000000
56306  32.786  -31.073  56.963 0.0000000000
58252  36.767  -30.272  59.516 0.0000000000
58237  37.552  -30.236  60.094 0.0000000000
58267  37.337  -29.826  58.262 0.0000000000
58286  37.166  -29.783  57.563 0.0000000000
58287  36.980  -30.053  57.972 0.0000000000
38901  11.110  -49.552  66.777 0.0000000000
37759  8.691  -50.006  68.354 0.0000000000
39900  22.991  -48.425  72.692 0.0000000000
39916  23.363  -48.436  71.999 0.0000000000
40993  22.734  -46.995  71.774 0.0000000000
41012  22.391  -46.382  70.992 0.0000000000
41979  18.548  -45.178  68.461 0.0000000000
42021  20.037  -44.829  67.117 0.0000000000
42996  17.396  -45.094  64.909 0.0000000000
49036  29.421  -40.919  60.090 0.0000000000
65571  42.183  -23.762  53.025 0.0000000000
64638  42.104  -24.165  51.354 0.0000000000
63588  41.864  -24.743  48.732 0.0000000000
63587  42.212  -24.557  48.425 0.0000000000
64666  43.616  -24.260  46.048 0.0000000000
42907  16.137  -45.650  73.908 0.0000000000
42896  16.233  -45.527  74.611 0.0000000000
41893  15.729  -45.546  75.407 0.0000000000
42905  17.168  -45.892  73.441 0.0000000000
61390  38.388  -27.419  52.250 0.0000000000
38833  6.738  -49.710  71.024 0.0000000000
38743  6.375  -48.548  76.331 0.0000000000
37694  4.708  -50.581  74.664 0.0000000000
37682  4.968  -49.973  75.096 0.0000000000
38791  5.261  -49.837  73.748 0.0000000000
38812  5.218  -49.741  72.945 0.0000000000
37719  4.612  -50.611  72.514 0.0000000000
53243  30.273  -36.812  65.310 0.0000000000
52159  29.866  -37.323  65.463 0.0000000000
51081  29.165  -38.109  65.169 0.0000000000
48964  31.063  -41.752  65.418 0.0000000000
48965  30.742  -41.436  65.363 0.0000000000
47955  30.522  -40.930  64.774 0.0000000000
50003  30.475  -39.884  64.464 0.0000000000
50015  30.686  -39.991  63.619 0.0000000000
51088  30.515  -39.971  63.186 0.0000000000
50027  30.120  -40.425  62.332 0.0000000000
50036  30.472  -41.122  61.744 0.0000000000
49024  30.251  -41.558  61.445 0.0000000000
46029  30.631  -43.460  62.060 0.0000000000
46039  29.965  -43.018  61.678 0.0000000000
45062  30.190  -43.432  61.770 0.0000000000
46041  29.540  -42.838  61.189 0.0000000000
45081  28.549  -42.637  60.558 0.0000000000
39956  25.282  -47.897  70.515 0.0000000000
39981  25.157  -47.103  70.089 0.0000000000
39980  25.941  -47.278  69.721 0.0000000000
40001  26.171  -46.612  69.267 0.0000000000
41080  25.716  -46.037  67.176 0.0000000000
41079  26.171  -45.899  66.993 0.0000000000
42015  27.638  -45.902  67.193 0.0000000000
42014  28.213  -45.823  67.662 0.0000000000
42990  28.360  -45.326  65.791 0.0000000000
43005  28.755  -45.036  65.222 0.0000000000
43006  28.320  -44.888  65.420 0.0000000000
43024  28.349  -44.338  64.926 0.0000000000
45049  25.000  -43.161  62.228 0.0000000000
45068  24.718  -43.162  60.453 0.0000000000
46043  25.495  -43.070  60.485 0.0000000000
55266  31.751  -33.788  62.718 0.0000000000
54332  27.032  -35.200  58.655 0.0000000000
54331  27.756  -34.209  59.306 0.0000000000
67378  48.933  -22.836  44.534 0.0000000000
57252  35.705  -30.465  58.716 0.0000000000
57273  35.003  -30.492  58.087 0.0000000000
57253  34.796  -30.509  58.629 0.0000000000
56259  34.552  -30.560  58.436 0.0000000000
56260  34.028  -30.652  58.814 0.0000000000
57240  34.158  -30.632  59.522 0.0000000000
56249  33.724  -30.705  59.476 0.0000000000
58221  36.877  -30.258  61.527 0.0000000000
58238  36.948  -30.383  60.514 0.0000000000
58253  36.516  -30.415  60.131 0.0000000000
38886  12.674  -48.047  67.137 0.0000000000
38887  12.230  -48.177  67.400 0.0000000000
38888  11.542  -48.552  67.468 0.0000000000
42920  20.322  -46.388  72.027 0.0000000000
41932  20.540  -46.284  71.629 0.0000000000
63568  40.058  -25.492  50.329 0.0000000000
60335  39.660  -28.157  57.691 0.0000000000
60346  39.299  -27.818  56.992 0.0000000000
60383  37.880  -28.108  53.267 0.0000000000
61378  38.002  -28.042  52.705 0.0000000000
61391  37.704  -27.992  51.793 0.0000000000
39860  10.690  -46.739  75.975 0.0000000000
37654  6.317  -50.145  77.845 0.0000000000
37673  4.639  -50.386  76.533 0.0000000000
37683  4.425  -50.364  75.506 0.0000000000
36713  4.284  -51.064  75.084 0.0000000000
36732  3.566  -51.827  73.654 0.0000000000
35744  2.799  -53.486  73.365 0.0000000000
35731  2.492  -53.334  74.110 0.0000000000
47941  31.438  -42.267  67.008 0.0000000000
48952  31.164  -41.874  66.404 0.0000000000
48963  31.320  -42.035  65.666 0.0000000000
48989  31.267  -41.993  63.813 0.0000000000
48002  31.245  -42.792  62.824 0.0000000000
46967  31.815  -43.083  62.491 0.0000000000
46010  32.385  -43.247  63.860 0.0000000000
46016  32.632  -43.382  62.933 0.0000000000
46028  31.561  -43.573  61.989 0.0000000000
45044  31.023  -43.919  61.897 0.0000000000
45028  30.545  -44.113  62.180 0.0000000000
41069  23.668  -45.802  68.477 0.0000000000
41068  24.029  -46.052  68.099 0.0000000000
42017  23.790  -45.797  67.818 0.0000000000
42041  24.091  -45.619  67.321 0.0000000000
42064  25.662  -44.872  66.498 0.0000000000
43009  26.104  -44.537  65.685 0.0000000000
44032  24.107  -43.763  63.593 0.0000000000
45030  23.910  -43.403  62.756 0.0000000000
54301  29.724  -34.416  61.674 0.0000000000
67371  48.395  -22.591  45.203 0.0000000000
66524  48.307  -23.744  43.765 0.0000000000
58325  35.825  -29.107  54.769 0.0000000000
57316  35.315  -29.584  54.709 0.0000000000
57317  34.780  -30.011  54.570 0.0000000000
56303  35.004  -30.471  57.411 0.0000000000
56327  34.360  -30.671  56.545 0.0000000000
56341  33.399  -30.842  55.596 0.0000000000
57306  32.737  -31.254  54.402 0.0000000000
59256  38.719  -29.441  60.352 0.0000000000
59288  39.223  -28.941  57.937 0.0000000000
59289  38.394  -29.167  57.508 0.0000000000
58294  37.579  -29.186  56.523 0.0000000000
58312  36.280  -28.962  55.658 0.0000000000
37716  26.293  -49.591  73.525 0.0000000000
38801  26.499  -49.398  72.829 0.0000000000
38849  25.182  -48.708  71.402 0.0000000000
39915  24.037  -48.536  71.638 0.0000000000
39933  24.587  -48.264  71.117 0.0000000000
39957  24.429  -47.349  70.618 0.0000000000
41034  24.222  -46.321  70.008 0.0000000000
41942  21.162  -46.144  71.248 0.0000000000
41013  21.735  -46.209  70.873 0.0000000000
41956  22.081  -46.020  70.383 0.0000000000
41995  22.765  -45.670  69.164 0.0000000000
41053  23.395  -45.754  68.850 0.0000000000
42018  23.249  -45.450  68.201 0.0000000000
42043  21.842  -44.761  66.729 0.0000000000
42979  20.219  -44.865  66.826 0.0000000000
42992  21.337  -44.773  66.362 0.0000000000
43033  19.801  -44.297  63.863 0.0000000000
42070  15.492  -46.779  64.222 0.0000000000
65568  44.206  -22.860  51.661 0.0000000000
63566  41.622  -24.468  50.358 0.0000000000
64650  42.032  -24.246  50.522 0.0000000000
65576  44.295  -22.825  50.920 0.0000000000
65583  44.626  -22.799  50.069 0.0000000000
65588  44.712  -22.780  49.208 0.0000000000
66513  45.659  -23.231  46.162 0.0000000000
40995  14.188  -46.205  70.165 0.0000000000
40982  14.270  -46.174  70.707 0.0000000000
40970  13.767  -46.179  72.428 0.0000000000
40948  13.039  -46.301  74.630 0.0000000000
41892  16.960  -45.435  75.638 0.0000000000
42885  14.079  -45.910  75.067 0.0000000000
42886  13.948  -45.970  75.258 0.0000000000
41895  13.659  -46.072  75.160 0.0000000000
39831  12.434  -46.677  77.604 0.0000000000
37688  27.296  -49.781  73.920 0.0000000000
37717  25.733  -49.587  73.815 0.0000000000
38781  25.301  -49.549  73.817 0.0000000000
38783  23.509  -48.599  73.384 0.0000000000
39918  21.882  -48.006  72.851 0.0000000000
41919  21.057  -47.145  72.590 0.0000000000
40956  21.004  -47.917  73.799 0.0000000000
40969  20.760  -47.265  73.090 0.0000000000
42912  20.752  -46.613  72.315 0.0000000000
42921  20.004  -46.355  72.186 0.0000000000
59331  35.312  -29.509  53.163 0.0000000000
65559  41.884  -23.707  54.900 0.0000000000
64627  41.037  -24.564  52.735 0.0000000000
62431  39.853  -25.651  51.939 0.0000000000
40996  13.296  -46.346  69.694 0.0000000000
39937  12.124  -46.813  69.495 0.0000000000
39890  11.435  -47.055  73.272 0.0000000000
37760  8.020  -50.751  68.565 0.0000000000
39877  8.244  -48.248  74.590 0.0000000000
39878  7.651  -48.466  74.130 0.0000000000
38728  6.288  -49.308  77.087 0.0000000000
39847  6.270  -48.490  75.792 0.0000000000
38761  5.370  -49.380  75.475 0.0000000000
38775  5.781  -48.963  75.096 0.0000000000
39863  6.332  -48.598  75.336 0.0000000000
39892  7.622  -48.687  73.093 0.0000000000
37718  5.264  -50.233  71.793 0.0000000000
38834  5.912  -50.196  71.070 0.0000000000
38857  6.311  -50.320  70.236 0.0000000000
35688  0.606  -52.834  78.144 0.0000000000
34642  -0.187  -53.785  77.794 0.0000000000
54266  31.256  -34.675  63.252 0.0000000000
54267  30.703  -35.035  63.214 0.0000000000
51113  28.467  -38.816  62.233 0.0000000000
49992  29.467  -38.478  65.558 0.0000000000
51080  29.335  -38.800  64.623 0.0000000000
51079  29.921  -39.201  64.265 0.0000000000
51090  29.359  -38.887  63.776 0.0000000000
51125  29.707  -40.541  61.627 0.0000000000
50049  29.435  -40.640  60.788 0.0000000000
49045  29.413  -41.144  59.910 0.0000000000
49015  30.436  -41.763  61.993 0.0000000000
48024  30.268  -41.977  61.597 0.0000000000
46992  30.009  -42.572  61.435 0.0000000000
47004  30.117  -42.215  61.331 0.0000000000
48035  30.126  -41.904  61.158 0.0000000000
47019  29.408  -41.890  60.439 0.0000000000
47020  28.962  -41.961  59.888 0.0000000000
47021  28.788  -42.111  59.012 0.0000000000
46073  28.224  -42.692  58.429 0.0000000000
46074  27.570  -43.149  58.088 0.0000000000
38800  27.237  -49.504  72.665 0.0000000000
38822  27.762  -49.290  72.161 0.0000000000
38845  28.250  -48.904  71.440 0.0000000000
38868  26.825  -48.697  70.816 0.0000000000
39976  29.334  -48.070  69.694 0.0000000000
41067  24.837  -46.356  68.090 0.0000000000
40000  26.744  -46.882  69.307 0.0000000000
39999  27.489  -47.315  69.094 0.0000000000
39998  28.079  -47.691  68.936 0.0000000000
41031  28.579  -47.545  68.821 0.0000000000
41030  29.201  -47.677  68.982 0.0000000000
41045  29.613  -47.069  68.806 0.0000000000
42976  29.063  -45.355  68.210 0.0000000000
42963  29.649  -45.111  68.541 0.0000000000
43965  29.858  -44.643  67.444 0.0000000000
44979  30.591  -44.385  67.215 0.0000000000
45976  31.195  -44.295  66.312 0.0000000000
43984  31.003  -44.615  65.383 0.0000000000
43997  30.877  -44.652  64.825 0.0000000000
44006  30.973  -44.764  64.065 0.0000000000
43999  29.294  -44.578  64.722 0.0000000000
44007  30.129  -44.193  64.000 0.0000000000
44026  30.207  -44.071  63.045 0.0000000000
44051  28.927  -43.482  62.197 0.0000000000
43026  26.675  -44.099  64.982 0.0000000000
43046  27.183  -43.775  64.317 0.0000000000
44030  26.306  -43.450  63.370 0.0000000000
44029  27.254  -43.587  63.321 0.0000000000
45084  25.975  -42.895  59.383 0.0000000000
56243  32.068  -31.935  61.108 0.0000000000
56252  31.497  -31.945  59.224 0.0000000000
56264  30.573  -32.024  58.135 0.0000000000
55302  29.784  -32.654  58.470 0.0000000000
37699  27.434  -49.713  73.413 0.0000000000
37704  5.224  -50.114  74.045 0.0000000000
37715  27.000  -49.667  73.221 0.0000000000
38760  5.848  -48.791  75.718 0.0000000000
38784  22.871  -48.386  73.556 0.0000000000
38799  27.651  -49.464  72.650 0.0000000000
38823  26.854  -49.313  72.061 0.0000000000
38827  23.793  -48.605  71.939 0.0000000000
39880  5.665  -49.310  74.284 0.0000000000
39908  5.541  -49.430  73.323 0.0000000000
39931  25.804  -48.708  70.888 0.0000000000
41908  20.402  -46.659  73.358 0.0000000000
41920  20.625  -46.794  72.784 0.0000000000
41993  29.211  -46.528  68.536 0.0000000000
42897  13.992  -45.954  74.749 0.0000000000
42898  13.841  -45.987  74.944 0.0000000000
42913  20.332  -46.454  72.453 0.0000000000
42914  19.870  -46.256  72.588 0.0000000000
42919  20.734  -46.428  71.987 0.0000000000
42966  18.443  -44.880  67.131 0.0000000000
42989  28.706  -45.209  65.308 0.0000000000
43964  30.352  -44.434  68.261 0.0000000000
43966  29.486  -45.111  67.056 0.0000000000
43976  28.824  -45.453  65.793 0.0000000000
43983  31.383  -44.273  65.566 0.0000000000
43995  31.593  -43.992  65.497 0.0000000000
44031  25.225  -43.491  63.590 0.0000000000
44069  26.405  -42.878  61.937 0.0000000000
44980  30.366  -44.603  66.743 0.0000000000
44990  31.191  -44.184  66.755 0.0000000000
44991  30.874  -44.457  66.449 0.0000000000
45002  31.421  -44.158  66.030 0.0000000000
45003  31.029  -44.510  65.908 0.0000000000
45004  30.714  -44.690  65.709 0.0000000000
45026  32.326  -44.376  62.848 0.0000000000
45977  31.105  -44.412  66.123 0.0000000000
45987  31.288  -44.272  66.115 0.0000000000
45988  31.220  -44.369  65.901 0.0000000000
46017  32.312  -43.584  62.182 0.0000000000
46042  25.702  -43.016  60.629 0.0000000000
46926  31.783  -42.772  67.113 0.0000000000
46968  31.777  -43.287  62.140 0.0000000000
46981  30.191  -42.947  61.979 0.0000000000
47037  28.968  -41.842  59.028 0.0000000000
47954  30.534  -41.152  65.085 0.0000000000
47969  30.862  -41.468  64.387 0.0000000000
47970  30.682  -41.099  64.387 0.0000000000
47971  30.700  -40.835  64.211 0.0000000000
47986  31.077  -41.486  64.119 0.0000000000
47987  30.889  -41.287  64.043 0.0000000000
47988  30.769  -41.019  64.067 0.0000000000
48014  30.673  -42.663  62.511 0.0000000000
48978  30.704  -40.662  64.372 0.0000000000
48979  30.633  -40.895  64.434 0.0000000000
48990  31.132  -41.382  64.181 0.0000000000
48991  30.849  -41.252  64.324 0.0000000000
48992  30.781  -40.663  64.089 0.0000000000
49014  30.492  -42.183  62.311 0.0000000000
50005  29.437  -38.744  65.272 0.0000000000
50060  29.522  -40.860  60.592 0.0000000000
55292  31.389  -32.159  59.753 0.0000000000
56215  32.884  -32.698  62.766 0.0000000000
56278  35.076  -30.477  57.683 0.0000000000
57241  33.636  -30.747  59.758 0.0000000000
59309  37.546  -28.931  55.802 0.0000000000
64607  40.705  -24.806  54.513 0.0000000000
