#!ascii label  , from subject A00073611 vox2ras=TkReg
963
44095  25.989  -44.932  56.805 0.0000000000
61437  39.747  -28.585  47.112 0.0000000000
53401  30.936  -36.162  53.060 0.0000000000
36823  6.678  -52.955  68.521 0.0000000000
44016  20.191  -44.058  63.294 0.0000000000
57332  32.291  -32.399  52.445 0.0000000000
38972  12.923  -50.194  64.550 0.0000000000
34823  11.323  -55.300  67.159 0.0000000000
40092  16.651  -49.534  62.114 0.0000000000
59412  44.309  -30.250  46.921 0.0000000000
47037  28.968  -41.842  59.028 0.0000000000
49089  30.329  -40.775  55.314 0.0000000000
44092  31.487  -45.708  58.430 0.0000000000
63609  42.375  -25.100  46.766 0.0000000000
62528  45.464  -27.227  43.928 0.0000000000
61406  36.781  -28.135  50.470 0.0000000000
57353  40.440  -33.116  49.593 0.0000000000
57357  35.801  -32.599  49.973 0.0000000000
54414  36.104  -36.624  52.624 0.0000000000
42112  25.197  -49.325  59.994 0.0000000000
32624  5.253  -57.334  71.408 0.0000000000
32598  1.509  -56.468  73.220 0.0000000000
33577  -0.222  -54.118  77.454 0.0000000000
45070  22.197  -43.150  59.957 0.0000000000
41152  20.645  -49.547  59.988 0.0000000000
52224  26.726  -37.460  56.191 0.0000000000
51150  33.165  -38.235  57.825 0.0000000000
65609  48.485  -24.265  43.234 0.0000000000
60447  41.728  -29.531  46.451 0.0000000000
59397  42.393  -31.688  48.054 0.0000000000
46090  27.436  -43.598  57.124 0.0000000000
45127  29.398  -44.342  56.116 0.0000000000
44113  28.794  -45.748  57.121 0.0000000000
62459  39.423  -26.459  48.640 0.0000000000
63588  41.864  -24.743  48.732 0.0000000000
62484  40.890  -27.457  46.386 0.0000000000
61449  42.461  -28.200  45.647 0.0000000000
29430  -0.529  -59.539  77.922 0.0000000000
59383  36.164  -30.325  49.616 0.0000000000
59359  34.858  -30.561  51.151 0.0000000000
55385  31.625  -34.174  52.160 0.0000000000
55398  33.337  -34.631  51.339 0.0000000000
53398  34.248  -37.279  52.960 0.0000000000
53331  34.442  -37.403  55.948 0.0000000000
35835  9.006  -53.739  67.699 0.0000000000
34794  10.656  -55.384  69.185 0.0000000000
33690  8.602  -55.753  69.247 0.0000000000
33672  7.740  -56.365  71.187 0.0000000000
33693  6.323  -55.239  69.115 0.0000000000
34753  2.661  -54.568  72.577 0.0000000000
32558  0.600  -55.977  75.733 0.0000000000
45033  21.047  -43.473  61.331 0.0000000000
44082  20.456  -46.094  59.516 0.0000000000
43066  19.294  -46.136  60.595 0.0000000000
37853  16.385  -52.573  63.462 0.0000000000
38968  18.881  -51.653  63.827 0.0000000000
47035  34.302  -42.213  57.069 0.0000000000
50102  32.137  -39.157  55.761 0.0000000000
58327  34.446  -30.179  53.642 0.0000000000
56343  31.634  -31.678  54.749 0.0000000000
55360  29.749  -34.352  54.031 0.0000000000
36870  15.215  -53.207  64.698 0.0000000000
34836  14.383  -54.875  66.598 0.0000000000
36873  11.928  -52.320  65.454 0.0000000000
37798  10.025  -51.081  66.878 0.0000000000
37759  8.691  -50.006  68.354 0.0000000000
43050  17.854  -46.325  62.259 0.0000000000
42081  15.774  -47.175  63.380 0.0000000000
40046  14.436  -49.443  63.657 0.0000000000
50061  29.115  -40.499  60.058 0.0000000000
50074  27.909  -40.230  58.612 0.0000000000
48075  29.454  -41.792  56.814 0.0000000000
46102  32.174  -43.307  55.979 0.0000000000
64674  45.113  -25.360  44.411 0.0000000000
63626  43.476  -26.498  44.990 0.0000000000
60470  44.516  -29.120  45.172 0.0000000000
61428  37.685  -28.414  48.543 0.0000000000
59399  39.782  -31.209  47.638 0.0000000000
59381  37.589  -31.020  48.518 0.0000000000
57355  38.333  -32.987  49.407 0.0000000000
56369  37.809  -34.232  51.626 0.0000000000
57344  33.736  -32.418  51.068 0.0000000000
55396  35.596  -34.700  51.204 0.0000000000
43099  25.272  -47.260  58.084 0.0000000000
42155  28.229  -48.036  59.254 0.0000000000
62447  38.311  -26.728  50.240 0.0000000000
36778  4.618  -52.558  70.131 0.0000000000
34788  4.014  -54.656  70.559 0.0000000000
31579  3.097  -56.932  71.822 0.0000000000
30496  3.489  -58.813  74.371 0.0000000000
30480  1.099  -58.601  75.004 0.0000000000
31498  0.078  -57.508  76.781 0.0000000000
32539  -0.546  -55.888  77.944 0.0000000000
33564  -1.379  -54.778  79.066 0.0000000000
45102  24.072  -43.711  58.023 0.0000000000
43101  23.225  -47.094  58.629 0.0000000000
41150  22.920  -49.694  60.091 0.0000000000
41154  18.788  -49.285  60.934 0.0000000000
53361  28.846  -36.657  54.401 0.0000000000
51166  28.040  -39.507  56.455 0.0000000000
53316  30.643  -37.923  55.768 0.0000000000
53333  32.407  -37.071  55.801 0.0000000000
43079  31.374  -46.755  60.546 0.0000000000
64688  50.106  -25.562  42.072 0.0000000000
63632  47.301  -26.201  43.208 0.0000000000
63642  48.554  -26.486  42.648 0.0000000000
60448  40.504  -29.579  47.038 0.0000000000
59415  41.376  -30.657  47.160 0.0000000000
45116  26.787  -44.451  56.778 0.0000000000
45129  27.757  -44.738  56.458 0.0000000000
43140  27.625  -46.058  57.391 0.0000000000
62486  39.334  -27.715  47.490 0.0000000000
62470  40.344  -26.608  47.252 0.0000000000
62485  40.012  -27.603  46.945 0.0000000000
61435  41.302  -28.490  46.188 0.0000000000
30424  -0.900  -58.398  77.912 0.0000000000
60386  35.924  -29.159  52.081 0.0000000000
59331  35.312  -29.509  53.163 0.0000000000
54417  31.594  -35.763  52.471 0.0000000000
53412  32.289  -36.015  52.109 0.0000000000
53400  31.976  -36.730  52.726 0.0000000000
53384  33.521  -37.477  53.914 0.0000000000
53385  32.374  -37.196  53.796 0.0000000000
35836  8.324  -53.598  67.874 0.0000000000
34811  8.638  -54.617  67.967 0.0000000000
34813  7.297  -54.187  68.220 0.0000000000
33692  7.092  -55.501  69.085 0.0000000000
35820  6.304  -53.486  68.662 0.0000000000
44035  20.844  -43.655  62.372 0.0000000000
44057  19.381  -45.119  61.159 0.0000000000
44037  18.905  -45.241  62.064 0.0000000000
36857  16.779  -54.004  65.413 0.0000000000
51128  27.558  -39.120  60.330 0.0000000000
48059  34.693  -41.032  57.247 0.0000000000
56344  30.825  -32.406  54.279 0.0000000000
56332  29.938  -32.869  55.125 0.0000000000
36887  13.527  -51.995  64.448 0.0000000000
35874  13.590  -53.668  65.105 0.0000000000
37842  12.625  -51.267  64.734 0.0000000000
37797  10.658  -50.289  66.621 0.0000000000
38890  10.059  -49.375  67.655 0.0000000000
37799  9.584  -52.058  67.377 0.0000000000
43017  17.138  -45.653  64.064 0.0000000000
41084  13.676  -48.304  65.145 0.0000000000
41101  14.015  -48.624  64.409 0.0000000000
40047  13.493  -49.363  64.442 0.0000000000
37854  14.925  -52.145  63.533 0.0000000000
49046  29.161  -40.886  59.131 0.0000000000
48062  29.324  -42.096  57.373 0.0000000000
44125  30.952  -44.920  56.754 0.0000000000
46104  30.827  -44.065  56.106 0.0000000000
45114  31.690  -44.690  56.874 0.0000000000
45112  32.964  -44.013  56.933 0.0000000000
44091  32.478  -45.141  57.858 0.0000000000
63600  41.641  -25.357  47.374 0.0000000000
64670  43.935  -25.058  45.357 0.0000000000
63618  43.091  -25.732  45.557 0.0000000000
60459  42.650  -29.120  45.942 0.0000000000
60471  43.717  -28.798  45.291 0.0000000000
60458  43.692  -29.377  45.807 0.0000000000
61419  37.070  -28.423  49.387 0.0000000000
59401  37.993  -30.305  48.307 0.0000000000
60422  36.611  -29.090  49.584 0.0000000000
58361  36.078  -31.769  49.492 0.0000000000
58360  36.738  -32.147  49.371 0.0000000000
57356  37.044  -32.781  49.711 0.0000000000
57342  37.948  -33.546  50.236 0.0000000000
56382  37.214  -33.915  50.797 0.0000000000
58328  33.774  -30.733  53.275 0.0000000000
58337  33.547  -31.210  52.433 0.0000000000
57345  32.941  -32.401  51.616 0.0000000000
54426  35.504  -35.913  52.131 0.0000000000
55397  34.504  -34.834  51.174 0.0000000000
54425  36.547  -35.763  52.262 0.0000000000
54424  37.193  -35.556  52.252 0.0000000000
42138  25.650  -48.908  59.239 0.0000000000
42137  26.765  -48.784  59.621 0.0000000000
61391  37.704  -27.992  51.793 0.0000000000
62448  37.484  -27.452  50.356 0.0000000000
62461  37.900  -27.252  49.323 0.0000000000
34838  12.751  -54.988  66.415 0.0000000000
34807  12.066  -55.398  68.418 0.0000000000
32608  7.146  -56.687  71.597 0.0000000000
33663  7.302  -56.586  72.430 0.0000000000
32609  6.487  -56.993  72.224 0.0000000000
32610  5.696  -57.496  72.781 0.0000000000
36746  3.986  -51.430  71.990 0.0000000000
35802  4.180  -53.610  70.127 0.0000000000
35759  3.352  -53.330  72.094 0.0000000000
34754  2.213  -55.110  72.968 0.0000000000
33664  2.755  -55.489  72.047 0.0000000000
32612  2.154  -56.611  72.379 0.0000000000
31552  3.295  -58.200  72.693 0.0000000000
30513  2.191  -58.349  73.281 0.0000000000
30497  2.416  -58.991  74.115 0.0000000000
31539  1.184  -57.618  73.748 0.0000000000
32547  0.246  -55.733  76.439 0.0000000000
32559  0.315  -56.689  76.252 0.0000000000
32548  -0.002  -56.121  77.036 0.0000000000
32549  -0.308  -56.731  77.467 0.0000000000
32538  -0.273  -55.804  77.554 0.0000000000
45068  24.718  -43.162  60.453 0.0000000000
45085  24.893  -43.242  59.077 0.0000000000
46063  23.565  -43.381  58.745 0.0000000000
44097  23.759  -45.101  57.703 0.0000000000
45104  22.513  -44.564  58.508 0.0000000000
42143  20.569  -48.076  59.739 0.0000000000
42142  21.609  -48.331  59.517 0.0000000000
41151  21.934  -50.030  60.195 0.0000000000
42093  16.990  -47.769  62.295 0.0000000000
42092  17.607  -47.733  61.760 0.0000000000
40091  17.465  -49.908  61.750 0.0000000000
38967  19.564  -51.137  64.005 0.0000000000
57363  40.258  -33.002  49.112 0.0000000000
58370  41.719  -32.482  49.575 0.0000000000
58357  41.197  -32.847  50.076 0.0000000000
54365  27.039  -35.699  56.160 0.0000000000
54387  28.363  -35.391  54.722 0.0000000000
53362  27.737  -36.316  55.009 0.0000000000
49073  28.720  -40.308  56.260 0.0000000000
50090  27.687  -39.504  57.286 0.0000000000
50103  29.638  -40.072  55.581 0.0000000000
51163  32.692  -38.494  56.979 0.0000000000
51165  31.337  -38.326  55.858 0.0000000000
52222  31.662  -37.851  56.256 0.0000000000
53335  30.520  -37.718  55.464 0.0000000000
53314  32.161  -37.297  56.662 0.0000000000
53313  33.100  -36.993  56.791 0.0000000000
42153  29.648  -47.422  59.817 0.0000000000
65617  49.669  -24.554  42.488 0.0000000000
63634  45.637  -26.271  44.019 0.0000000000
64681  46.332  -25.538  43.856 0.0000000000
62527  46.196  -27.125  43.656 0.0000000000
62525  47.896  -27.680  43.130 0.0000000000
61495  49.343  -28.230  42.647 0.0000000000
40016  12.823  -48.780  65.963 0.0000000000
38949  12.098  -50.039  65.348 0.0000000000
60446  43.071  -29.889  46.421 0.0000000000
59395  44.443  -30.515  47.417 0.0000000000
59396  43.626  -31.072  47.709 0.0000000000
47022  28.618  -42.396  58.398 0.0000000000
47052  28.822  -43.271  56.882 0.0000000000
46106  28.588  -43.804  56.438 0.0000000000
44127  29.128  -45.217  56.587 0.0000000000
44093  30.471  -45.916  58.041 0.0000000000
63578  40.971  -25.181  49.473 0.0000000000
63590  39.993  -26.171  48.079 0.0000000000
63589  40.846  -25.691  48.098 0.0000000000
63611  41.356  -26.843  46.095 0.0000000000
62498  41.976  -27.210  45.647 0.0000000000
61450  41.608  -27.945  45.892 0.0000000000
60460  41.933  -28.697  45.994 0.0000000000
29429  0.092  -59.618  77.373 0.0000000000
60397  36.592  -28.579  51.536 0.0000000000
60423  36.131  -29.666  49.905 0.0000000000
60409  35.860  -29.190  50.858 0.0000000000
59369  35.547  -30.402  50.233 0.0000000000
58362  35.006  -31.419  50.428 0.0000000000
56371  31.929  -33.020  52.329 0.0000000000
56387  32.364  -32.952  51.903 0.0000000000
55384  32.536  -34.762  51.635 0.0000000000
54427  34.180  -35.950  51.802 0.0000000000
54415  34.977  -36.747  52.415 0.0000000000
53382  35.810  -37.914  54.155 0.0000000000
53356  35.051  -37.829  55.090 0.0000000000
41131  25.174  -49.767  61.637 0.0000000000
35846  10.310  -54.016  67.033 0.0000000000
34808  11.071  -55.387  68.317 0.0000000000
34810  9.445  -54.834  67.900 0.0000000000
34786  9.405  -55.637  69.615 0.0000000000
34770  9.330  -55.660  70.680 0.0000000000
32636  6.921  -56.431  70.014 0.0000000000
32638  5.457  -56.610  70.418 0.0000000000
35743  3.213  -52.820  73.097 0.0000000000
34709  2.075  -53.758  74.411 0.0000000000
33638  1.537  -54.975  74.454 0.0000000000
32571  0.858  -56.338  74.836 0.0000000000
34690  1.223  -54.272  75.287 0.0000000000
34658  0.512  -53.886  76.573 0.0000000000
34641  0.337  -53.438  77.539 0.0000000000
45052  21.652  -43.302  60.826 0.0000000000
45089  21.203  -44.541  59.374 0.0000000000
44070  20.509  -44.941  59.766 0.0000000000
43084  19.897  -46.787  59.933 0.0000000000
42144  19.669  -47.678  60.098 0.0000000000
37864  16.490  -51.867  62.769 0.0000000000
38984  17.273  -51.512  62.531 0.0000000000
37852  17.639  -52.811  63.784 0.0000000000
57340  40.504  -33.278  50.424 0.0000000000
53307  26.161  -37.063  58.151 0.0000000000
48088  32.203  -41.305  55.177 0.0000000000
49088  31.462  -40.487  55.093 0.0000000000
49071  33.450  -40.109  56.005 0.0000000000
49070  33.906  -39.970  56.658 0.0000000000
66525  47.691  -23.769  44.017 0.0000000000
31482  -1.998  -57.432  78.179 0.0000000000
57318  33.848  -30.521  54.187 0.0000000000
57306  32.737  -31.254  54.402 0.0000000000
56355  31.737  -32.008  53.771 0.0000000000
56356  31.056  -32.955  52.949 0.0000000000
56357  30.577  -33.737  53.257 0.0000000000
53402  30.386  -35.642  53.366 0.0000000000
36858  16.033  -53.705  65.443 0.0000000000
35843  15.837  -54.146  66.848 0.0000000000
35873  14.567  -53.840  65.073 0.0000000000
35857  13.138  -54.412  65.658 0.0000000000
35858  12.065  -53.774  65.900 0.0000000000
37820  11.555  -50.318  65.805 0.0000000000
36860  11.323  -52.522  65.981 0.0000000000
35860  10.487  -53.330  66.778 0.0000000000
36843  10.039  -52.799  67.131 0.0000000000
36820  8.747  -52.863  67.857 0.0000000000
37778  7.799  -51.810  68.425 0.0000000000
44018  18.340  -45.257  62.729 0.0000000000
43034  17.747  -45.470  63.301 0.0000000000
43035  17.054  -46.301  63.039 0.0000000000
41118  15.868  -48.151  62.880 0.0000000000
42071  14.751  -47.366  64.510 0.0000000000
41119  15.149  -48.782  63.271 0.0000000000
40071  15.278  -49.828  63.011 0.0000000000
37865  15.676  -51.723  62.899 0.0000000000
37841  15.950  -52.895  64.268 0.0000000000
51139  28.621  -39.979  60.337 0.0000000000
51140  27.875  -39.728  59.793 0.0000000000
50073  28.604  -40.601  58.837 0.0000000000
49058  28.763  -41.078  57.693 0.0000000000
48090  30.166  -41.679  55.778 0.0000000000
47065  29.642  -43.233  56.035 0.0000000000
46121  31.031  -43.175  55.568 0.0000000000
47062  31.819  -42.304  55.286 0.0000000000
46101  32.927  -42.740  56.118 0.0000000000
46072  34.226  -43.422  57.804 0.0000000000
65602  44.423  -24.022  45.705 0.0000000000
64675  44.456  -25.240  44.850 0.0000000000
62516  44.675  -26.891  44.233 0.0000000000
62509  43.046  -26.975  45.211 0.0000000000
61473  44.128  -27.765  44.621 0.0000000000
60450  38.659  -29.030  47.672 0.0000000000
59417  39.516  -30.468  47.513 0.0000000000
60436  38.798  -29.870  47.714 0.0000000000
58387  38.376  -31.133  48.243 0.0000000000
58373  38.366  -32.085  48.738 0.0000000000
59382  36.730  -30.313  49.041 0.0000000000
57365  37.837  -32.371  49.049 0.0000000000
57354  39.594  -33.240  49.478 0.0000000000
57341  39.341  -33.698  50.610 0.0000000000
56380  39.140  -33.932  51.522 0.0000000000
58336  34.273  -30.438  52.553 0.0000000000
58348  34.248  -31.168  51.362 0.0000000000
57358  34.945  -32.604  50.347 0.0000000000
56385  34.115  -33.625  50.891 0.0000000000
56384  35.124  -33.961  50.874 0.0000000000
56383  36.084  -34.058  50.713 0.0000000000
55394  37.250  -34.551  51.598 0.0000000000
43121  25.570  -46.266  57.382 0.0000000000
43120  26.839  -46.291  57.542 0.0000000000
42156  27.147  -48.079  58.936 0.0000000000
42136  27.819  -48.498  60.047 0.0000000000
62446  39.126  -26.027  49.786 0.0000000000
62473  38.315  -27.695  48.319 0.0000000000
38877  6.719  -50.534  69.484 0.0000000000
37745  5.698  -50.764  70.408 0.0000000000
36800  5.435  -52.277  69.554 0.0000000000
35801  4.984  -53.432  69.486 0.0000000000
34787  4.761  -54.644  69.730 0.0000000000
32639  4.803  -56.710  70.704 0.0000000000
34772  3.257  -54.559  71.510 0.0000000000
33674  3.210  -55.764  71.466 0.0000000000
31577  4.269  -57.493  71.666 0.0000000000
31565  4.701  -57.779  72.441 0.0000000000
30495  3.965  -58.552  73.913 0.0000000000
29459  0.860  -59.004  75.698 0.0000000000
32572  0.552  -57.028  75.432 0.0000000000
30481  0.659  -58.396  75.604 0.0000000000
30462  0.386  -58.565  76.190 0.0000000000
30442  0.097  -58.726  76.966 0.0000000000
31499  -0.368  -57.902  77.436 0.0000000000
31480  -0.713  -57.092  77.974 0.0000000000
33579  -0.755  -55.092  77.900 0.0000000000
32530  -0.909  -55.394  78.157 0.0000000000
31481  -1.384  -57.305  78.232 0.0000000000
45100  26.533  -43.501  57.679 0.0000000000
45101  25.297  -43.559  57.739 0.0000000000
44096  24.775  -44.955  57.333 0.0000000000
43122  24.432  -46.274  57.629 0.0000000000
43100  24.206  -47.327  58.401 0.0000000000
43082  23.748  -47.714  58.868 0.0000000000
43102  22.110  -46.453  58.655 0.0000000000
42160  22.755  -47.570  58.983 0.0000000000
41149  23.859  -49.610  60.493 0.0000000000
43049  18.522  -46.152  61.660 0.0000000000
42117  18.999  -47.987  60.584 0.0000000000
40103  19.408  -50.332  60.832 0.0000000000
40069  19.098  -51.325  62.598 0.0000000000
40068  19.787  -51.215  62.897 0.0000000000
40067  20.790  -51.090  62.581 0.0000000000
59398  40.896  -31.549  47.651 0.0000000000
55347  28.717  -34.221  55.267 0.0000000000
54407  29.119  -35.333  54.286 0.0000000000
53387  30.048  -36.310  53.837 0.0000000000
51151  27.465  -39.687  58.819 0.0000000000
51153  26.677  -38.680  57.541 0.0000000000
51168  26.861  -38.427  56.406 0.0000000000
51180  30.415  -38.993  55.465 0.0000000000
51181  28.787  -38.988  55.714 0.0000000000
52238  27.955  -37.922  55.110 0.0000000000
52253  28.940  -37.594  54.847 0.0000000000
53360  30.280  -37.366  54.597 0.0000000000
53359  31.725  -37.174  54.745 0.0000000000
53332  33.451  -37.144  55.882 0.0000000000
43118  29.040  -46.866  58.130 0.0000000000
43117  29.973  -46.385  58.376 0.0000000000
43093  31.455  -45.995  59.388 0.0000000000
43064  32.547  -46.988  61.123 0.0000000000
44066  32.934  -45.933  59.614 0.0000000000
65622  51.083  -25.147  41.764 0.0000000000
65611  46.762  -24.727  43.865 0.0000000000
64679  47.977  -25.033  43.040 0.0000000000
62526  47.181  -27.133  43.212 0.0000000000
63643  47.843  -26.393  42.941 0.0000000000
64690  48.317  -25.689  42.772 0.0000000000
63641  49.365  -26.567  42.274 0.0000000000
63640  50.178  -26.647  41.888 0.0000000000
44115  27.099  -45.445  56.834 0.0000000000
61436  40.652  -28.570  46.597 0.0000000000
30425  -1.563  -58.498  78.107 0.0000000000
35837  7.621  -53.452  68.126 0.0000000000
35838  6.939  -53.510  68.354 0.0000000000
34799  6.666  -54.523  68.549 0.0000000000
44036  19.606  -44.215  62.156 0.0000000000
36841  17.302  -53.870  66.604 0.0000000000
37856  13.088  -51.057  64.441 0.0000000000
36888  13.056  -51.658  64.647 0.0000000000
38948  12.464  -50.302  64.885 0.0000000000
40048  13.108  -49.831  64.512 0.0000000000
38971  13.378  -50.416  64.217 0.0000000000
48061  29.052  -41.555  58.301 0.0000000000
47038  28.941  -42.195  58.030 0.0000000000
44111  30.759  -45.487  57.387 0.0000000000
44110  31.679  -45.078  57.271 0.0000000000
63599  42.225  -24.716  47.907 0.0000000000
60445  44.082  -29.953  46.489 0.0000000000
60457  44.791  -29.599  46.007 0.0000000000
28503  1.338  -60.277  76.824 0.0000000000
56396  37.021  -33.407  50.215 0.0000000000
56397  36.457  -33.394  50.247 0.0000000000
57319  32.811  -31.438  53.476 0.0000000000
57331  32.861  -31.862  52.237 0.0000000000
42111  26.278  -49.212  60.383 0.0000000000
41147  25.743  -49.467  61.067 0.0000000000
61405  37.297  -27.795  51.068 0.0000000000
62434  37.641  -27.612  51.133 0.0000000000
62449  37.039  -27.836  49.865 0.0000000000
34839  11.846  -54.892  66.416 0.0000000000
34822  12.473  -55.282  67.396 0.0000000000
32623  6.317  -56.940  71.007 0.0000000000
36763  3.732  -52.503  71.545 0.0000000000
32597  1.837  -56.167  72.823 0.0000000000
31569  1.616  -56.934  72.915 0.0000000000
30530  2.272  -57.864  72.727 0.0000000000
31554  1.482  -57.261  73.217 0.0000000000
30514  1.581  -57.944  73.381 0.0000000000
33593  -0.070  -54.789  76.966 0.0000000000
33594  -0.239  -55.404  77.339 0.0000000000
45069  23.335  -42.945  60.169 0.0000000000
45050  23.755  -43.106  61.560 0.0000000000
45086  23.877  -43.192  59.040 0.0000000000
45087  22.914  -43.426  58.873 0.0000000000
45088  21.908  -43.991  59.111 0.0000000000
41170  21.332  -49.138  59.561 0.0000000000
40100  21.953  -50.364  60.836 0.0000000000
40101  21.385  -50.468  60.695 0.0000000000
41138  16.364  -48.760  62.317 0.0000000000
41137  17.096  -48.700  62.023 0.0000000000
58371  40.765  -32.747  49.086 0.0000000000
53318  26.494  -36.584  56.975 0.0000000000
54347  26.950  -35.268  57.242 0.0000000000
54366  26.732  -36.154  56.432 0.0000000000
53336  27.282  -36.123  55.548 0.0000000000
53337  26.953  -36.554  55.870 0.0000000000
51164  32.017  -38.269  56.278 0.0000000000
52221  32.328  -37.781  56.873 0.0000000000
53305  32.635  -37.388  57.286 0.0000000000
65608  49.130  -24.165  42.937 0.0000000000
65618  48.774  -24.874  42.785 0.0000000000
40015  13.185  -48.263  66.327 0.0000000000
40004  12.882  -48.349  66.578 0.0000000000
38898  12.787  -48.212  66.843 0.0000000000
59414  42.638  -30.658  47.020 0.0000000000
46089  28.134  -43.292  57.245 0.0000000000
44128  28.261  -45.274  56.596 0.0000000000
45128  28.461  -44.600  56.302 0.0000000000
44112  29.810  -45.835  57.324 0.0000000000
63579  40.024  -25.713  49.032 0.0000000000
63601  41.083  -26.275  46.826 0.0000000000
60398  36.061  -29.062  51.699 0.0000000000
59358  35.407  -29.441  51.531 0.0000000000
59370  35.140  -30.795  50.601 0.0000000000
55400  32.095  -33.431  52.004 0.0000000000
53411  33.017  -36.543  52.063 0.0000000000
53410  33.778  -36.755  52.417 0.0000000000
54416  34.297  -36.715  52.386 0.0000000000
53397  35.423  -37.482  53.118 0.0000000000
53357  33.984  -37.514  54.973 0.0000000000
60396  37.172  -28.299  51.912 0.0000000000
35847  9.653  -53.796  67.414 0.0000000000
34825  9.979  -54.628  67.506 0.0000000000
34797  8.260  -55.246  68.526 0.0000000000
34796  9.047  -55.467  68.722 0.0000000000
33689  9.023  -55.721  69.380 0.0000000000
33680  8.930  -55.769  69.917 0.0000000000
33670  8.755  -55.827  70.484 0.0000000000
33681  8.371  -55.939  69.954 0.0000000000
33683  6.637  -55.993  69.576 0.0000000000
32637  6.326  -56.520  70.101 0.0000000000
33684  5.612  -55.696  69.595 0.0000000000
34688  1.932  -53.588  74.856 0.0000000000
34710  1.916  -54.539  74.036 0.0000000000
34689  1.611  -54.239  74.860 0.0000000000
33622  1.384  -54.715  74.793 0.0000000000
44034  22.080  -43.668  63.012 0.0000000000
45032  21.862  -43.391  61.888 0.0000000000
45031  22.890  -43.304  62.372 0.0000000000
45053  20.964  -43.652  60.588 0.0000000000
44071  19.806  -45.467  60.186 0.0000000000
43085  19.269  -47.043  60.370 0.0000000000
37863  17.217  -52.276  63.102 0.0000000000
52204  26.085  -38.079  58.316 0.0000000000
47048  33.440  -42.106  56.241 0.0000000000
48074  33.096  -41.134  55.755 0.0000000000
48073  33.882  -40.942  56.597 0.0000000000
48058  35.196  -40.910  57.762 0.0000000000
49057  34.382  -40.157  57.125 0.0000000000
57305  33.246  -30.874  54.695 0.0000000000
56345  30.207  -33.481  53.916 0.0000000000
55371  30.326  -34.460  53.426 0.0000000000
35855  15.436  -54.188  65.768 0.0000000000
36872  12.881  -52.292  64.886 0.0000000000
35875  12.610  -53.286  65.394 0.0000000000
35876  12.127  -53.082  65.627 0.0000000000
38921  11.916  -49.695  65.895 0.0000000000
38922  11.442  -49.835  66.193 0.0000000000
37821  11.145  -50.946  66.073 0.0000000000
37822  10.804  -51.774  66.399 0.0000000000
36861  10.608  -52.571  66.580 0.0000000000
37777  8.848  -51.550  67.866 0.0000000000
36821  8.115  -52.631  68.129 0.0000000000
37760  8.020  -50.751  68.565 0.0000000000
44000  18.716  -44.566  63.929 0.0000000000
43016  18.046  -44.746  64.242 0.0000000000
42069  16.320  -46.426  63.724 0.0000000000
42080  16.475  -47.239  62.804 0.0000000000
41100  14.485  -48.234  63.979 0.0000000000
38986  14.996  -50.758  63.132 0.0000000000
36886  14.291  -52.410  64.198 0.0000000000
50062  28.418  -40.244  59.565 0.0000000000
49072  29.100  -41.038  56.099 0.0000000000
46105  29.200  -43.505  56.279 0.0000000000
47051  29.340  -42.715  56.843 0.0000000000
46103  31.244  -43.769  56.038 0.0000000000
47063  30.925  -42.376  55.394 0.0000000000
46120  31.505  -42.813  55.479 0.0000000000
45097  33.307  -44.255  57.614 0.0000000000
63577  41.638  -24.533  49.885 0.0000000000
63617  43.686  -25.577  45.202 0.0000000000
63625  44.076  -25.916  44.759 0.0000000000
62517  43.843  -26.900  44.653 0.0000000000
62510  42.510  -27.088  45.411 0.0000000000
61463  42.666  -27.509  45.432 0.0000000000
61462  43.336  -27.997  45.194 0.0000000000
61461  44.029  -28.491  44.933 0.0000000000
61427  38.343  -28.595  47.976 0.0000000000
60437  38.346  -29.476  47.994 0.0000000000
57366  37.566  -32.518  49.245 0.0000000000
58374  37.115  -31.786  49.095 0.0000000000
56381  38.341  -33.892  51.147 0.0000000000
56368  38.577  -34.273  51.961 0.0000000000
58335  34.789  -29.841  53.139 0.0000000000
58349  33.404  -31.749  51.681 0.0000000000
58363  34.377  -32.054  50.641 0.0000000000
57359  34.374  -32.807  50.656 0.0000000000
56386  33.116  -33.308  51.318 0.0000000000
55395  36.532  -34.594  51.330 0.0000000000
43098  26.363  -47.115  58.296 0.0000000000
42157  26.083  -48.191  58.593 0.0000000000
42110  27.337  -48.943  60.776 0.0000000000
62474  37.716  -27.692  48.792 0.0000000000
61438  38.877  -28.406  47.591 0.0000000000
35844  15.027  -54.575  66.926 0.0000000000
34820  14.230  -54.844  67.325 0.0000000000
33661  8.176  -55.910  71.832 0.0000000000
38876  7.483  -50.177  69.240 0.0000000000
37733  4.679  -50.970  71.376 0.0000000000
37732  5.318  -50.691  70.969 0.0000000000
37746  5.128  -51.474  70.298 0.0000000000
37763  5.488  -51.678  69.792 0.0000000000
35821  5.715  -53.183  69.050 0.0000000000
33685  4.570  -55.856  70.294 0.0000000000
33673  3.797  -55.518  70.926 0.0000000000
35760  3.057  -53.661  72.672 0.0000000000
34752  3.044  -54.011  72.183 0.0000000000
32611  2.770  -56.370  71.951 0.0000000000
32626  3.318  -56.604  71.559 0.0000000000
32625  4.049  -56.642  71.097 0.0000000000
31578  3.546  -57.206  71.717 0.0000000000
31566  3.774  -57.895  72.211 0.0000000000
30512  3.131  -58.595  73.405 0.0000000000
31551  4.035  -58.271  73.257 0.0000000000
30511  3.663  -58.596  73.714 0.0000000000
29475  1.681  -59.127  74.593 0.0000000000
29474  2.158  -59.440  74.849 0.0000000000
29458  1.482  -59.504  75.403 0.0000000000
31513  0.390  -57.699  75.918 0.0000000000
33562  -0.568  -53.956  78.025 0.0000000000
34623  -0.405  -53.667  78.502 0.0000000000
33563  -0.861  -54.386  78.416 0.0000000000
32531  -1.272  -55.391  78.615 0.0000000000
32540  -1.086  -56.218  78.351 0.0000000000
32532  -1.664  -55.384  79.061 0.0000000000
43124  22.860  -46.130  58.353 0.0000000000
43123  23.539  -46.235  58.076 0.0000000000
43083  23.439  -47.663  58.874 0.0000000000
44081  21.149  -45.636  59.095 0.0000000000
44080  21.838  -45.108  58.762 0.0000000000
43103  21.187  -46.732  59.177 0.0000000000
41169  22.165  -49.266  59.522 0.0000000000
42141  22.596  -48.571  59.342 0.0000000000
42115  22.927  -49.273  59.509 0.0000000000
42114  23.399  -49.230  59.548 0.0000000000
41132  24.265  -49.741  61.470 0.0000000000
41133  23.463  -49.916  61.188 0.0000000000
44038  18.413  -45.739  62.181 0.0000000000
41136  17.949  -49.090  61.436 0.0000000000
42118  18.294  -48.231  61.154 0.0000000000
38969  18.088  -52.074  63.401 0.0000000000
38995  17.764  -50.842  62.100 0.0000000000
38983  18.467  -51.485  62.724 0.0000000000
40045  20.047  -50.996  63.704 0.0000000000
40089  20.026  -51.111  61.589 0.0000000000
55325  28.734  -33.433  56.472 0.0000000000
53388  29.153  -35.828  54.100 0.0000000000
51167  27.577  -39.065  56.734 0.0000000000
49087  32.572  -40.124  55.310 0.0000000000
51197  31.010  -39.319  55.278 0.0000000000
51196  31.184  -39.093  55.361 0.0000000000
52223  30.887  -38.137  55.839 0.0000000000
52236  30.030  -38.285  55.461 0.0000000000
52237  28.880  -38.266  55.257 0.0000000000
52252  29.731  -37.861  55.129 0.0000000000
53334  31.323  -37.279  55.607 0.0000000000
54345  33.677  -36.967  57.411 0.0000000000
43097  27.484  -47.254  58.462 0.0000000000
43119  27.970  -46.743  57.913 0.0000000000
43096  28.612  -47.424  58.684 0.0000000000
43080  30.322  -47.026  60.118 0.0000000000
43095  29.618  -47.012  59.315 0.0000000000
43094  30.578  -46.474  59.458 0.0000000000
43078  32.451  -46.265  59.959 0.0000000000
44065  33.454  -45.687  59.388 0.0000000000
65616  50.698  -24.445  42.211 0.0000000000
64697  50.718  -25.993  41.640 0.0000000000
65606  45.594  -24.409  44.691 0.0000000000
64680  47.184  -25.419  43.426 0.0000000000
65610  47.632  -24.406  43.581 0.0000000000
62537  48.723  -27.549  42.727 0.0000000000
62538  48.039  -27.058  42.927 0.0000000000
64689  49.109  -25.615  42.451 0.0000000000
46107  27.890  -44.022  56.599 0.0000000000
45130  27.266  -44.859  56.605 0.0000000000
44129  27.633  -45.234  56.661 0.0000000000
44114  27.943  -45.678  57.014 0.0000000000
62471  39.695  -26.952  47.753 0.0000000000
59344  35.776  -29.266  52.646 0.0000000000
59345  34.875  -29.785  52.261 0.0000000000
54430  31.517  -35.099  52.315 0.0000000000
54429  32.045  -35.261  51.968 0.0000000000
53399  33.126  -37.154  52.906 0.0000000000
34812  7.909  -54.383  68.060 0.0000000000
33691  7.906  -55.729  69.146 0.0000000000
34798  7.496  -55.009  68.485 0.0000000000
34800  5.701  -54.343  69.058 0.0000000000
34671  1.398  -53.715  75.509 0.0000000000
44056  20.113  -44.052  60.846 0.0000000000
44058  18.949  -45.844  61.264 0.0000000000
37840  16.945  -53.489  64.398 0.0000000000
37819  17.715  -53.863  65.414 0.0000000000
51141  27.064  -39.095  59.462 0.0000000000
47034  35.128  -41.768  57.691 0.0000000000
56331  30.748  -31.911  55.408 0.0000000000
36871  14.020  -52.947  64.661 0.0000000000
38901  11.110  -49.552  66.777 0.0000000000
38902  10.476  -49.751  67.013 0.0000000000
42045  16.380  -45.955  65.074 0.0000000000
41083  14.191  -47.868  64.833 0.0000000000
38970  14.076  -50.606  63.703 0.0000000000
37855  13.865  -51.455  64.059 0.0000000000
48076  29.605  -42.224  56.948 0.0000000000
45126  30.395  -44.344  56.190 0.0000000000
45143  29.999  -44.074  55.900 0.0000000000
45125  31.332  -44.398  56.479 0.0000000000
45124  31.742  -43.946  56.394 0.0000000000
46088  32.733  -43.819  56.577 0.0000000000
45113  32.308  -44.435  56.944 0.0000000000
44090  33.020  -44.772  57.930 0.0000000000
44077  33.408  -44.936  58.645 0.0000000000
64660  42.567  -24.188  48.548 0.0000000000
64666  43.616  -24.260  46.048 0.0000000000
64671  43.401  -24.951  45.818 0.0000000000
61448  43.150  -28.737  45.547 0.0000000000
60438  37.358  -29.467  48.721 0.0000000000
59402  37.411  -30.276  48.618 0.0000000000
58375  36.251  -30.914  49.368 0.0000000000
57343  37.320  -33.436  50.209 0.0000000000
54436  33.906  -35.242  51.346 0.0000000000
55382  35.191  -35.385  51.537 0.0000000000
55381  36.044  -35.202  51.786 0.0000000000
55380  36.904  -35.094  51.937 0.0000000000
42158  25.081  -48.126  58.555 0.0000000000
62433  38.138  -27.273  51.234 0.0000000000
62462  37.361  -27.750  49.326 0.0000000000
34837  13.735  -55.035  66.473 0.0000000000
34821  13.401  -55.033  67.402 0.0000000000
34806  13.169  -55.033  68.537 0.0000000000
33662  7.729  -56.249  72.124 0.0000000000
33651  7.115  -56.684  73.032 0.0000000000
32595  6.530  -57.025  73.378 0.0000000000
31550  5.032  -57.803  73.518 0.0000000000
36762  4.341  -51.940  70.996 0.0000000000
36779  4.019  -52.805  70.713 0.0000000000
35780  3.653  -53.574  71.034 0.0000000000
33665  2.247  -55.663  72.536 0.0000000000
31567  2.776  -57.480  72.180 0.0000000000
30529  2.728  -58.177  72.801 0.0000000000
30498  1.471  -58.436  74.002 0.0000000000
31525  0.856  -57.554  74.557 0.0000000000
33607  0.470  -54.940  76.091 0.0000000000
45103  23.225  -44.218  58.149 0.0000000000
44098  23.059  -45.289  58.210 0.0000000000
44099  22.465  -45.515  58.466 0.0000000000
43104  20.618  -47.053  59.505 0.0000000000
42162  21.155  -47.538  59.430 0.0000000000
41134  22.661  -50.165  60.960 0.0000000000
41135  22.212  -50.303  60.889 0.0000000000
43051  17.129  -47.030  62.346 0.0000000000
38946  19.327  -51.897  64.539 0.0000000000
58385  40.260  -32.158  48.186 0.0000000000
54364  27.764  -34.727  56.099 0.0000000000
54388  27.567  -35.627  55.454 0.0000000000
49059  28.486  -40.670  56.969 0.0000000000
50089  27.996  -40.092  57.112 0.0000000000
50104  28.820  -39.676  55.907 0.0000000000
51178  32.237  -38.797  56.194 0.0000000000
51179  31.602  -38.795  55.680 0.0000000000
53315  31.149  -37.644  56.043 0.0000000000
42135  28.795  -48.018  60.383 0.0000000000
42154  29.174  -47.690  59.618 0.0000000000
42134  29.815  -47.573  60.444 0.0000000000
42133  30.773  -47.279  60.816 0.0000000000
64682  45.780  -25.544  44.135 0.0000000000
63633  46.629  -26.285  43.536 0.0000000000
61496  48.811  -28.245  42.957 0.0000000000
62536  49.693  -27.488  42.210 0.0000000000
40028  12.873  -49.467  65.051 0.0000000000
38920  12.415  -49.446  65.611 0.0000000000
38899  12.438  -48.677  66.535 0.0000000000
41070  14.033  -47.598  65.692 0.0000000000
41071  13.556  -48.005  66.037 0.0000000000
40027  13.224  -48.662  65.509 0.0000000000
59413  43.706  -30.462  46.949 0.0000000000
47039  28.706  -42.799  57.629 0.0000000000
44126  30.062  -45.023  56.720 0.0000000000
63610  41.898  -26.088  46.146 0.0000000000
28492  0.718  -60.422  77.477 0.0000000000
60408  36.275  -28.835  50.450 0.0000000000
57333  31.953  -32.620  52.605 0.0000000000
56388  32.148  -33.145  52.089 0.0000000000
55399  32.460  -33.874  51.630 0.0000000000
55383  32.951  -34.985  51.537 0.0000000000
54428  32.958  -35.517  51.587 0.0000000000
54437  33.590  -35.382  51.431 0.0000000000
53383  34.638  -37.828  53.993 0.0000000000
53355  36.120  -37.935  55.252 0.0000000000
40083  25.516  -50.075  62.266 0.0000000000
61392  37.080  -28.108  51.390 0.0000000000
35845  10.684  -54.662  66.844 0.0000000000
34824  10.499  -55.041  67.417 0.0000000000
34809  10.253  -55.230  68.195 0.0000000000
34795  9.853  -55.465  68.913 0.0000000000
33671  8.309  -55.952  70.863 0.0000000000
33682  7.572  -56.245  69.984 0.0000000000
32622  7.045  -56.610  70.631 0.0000000000
35744  2.799  -53.486  73.365 0.0000000000
34731  2.365  -54.067  73.637 0.0000000000
34732  2.192  -54.749  73.337 0.0000000000
33652  1.771  -55.492  73.472 0.0000000000
33653  1.398  -56.102  73.705 0.0000000000
32584  1.103  -56.713  73.892 0.0000000000
33639  1.292  -55.774  74.259 0.0000000000
33623  0.987  -55.007  75.071 0.0000000000
34672  0.872  -54.151  75.759 0.0000000000
45051  22.592  -43.022  61.180 0.0000000000
45071  21.386  -43.690  59.929 0.0000000000
45072  20.771  -44.102  60.045 0.0000000000
42116  19.856  -48.526  60.123 0.0000000000
38997  16.338  -50.031  62.268 0.0000000000
38996  16.898  -50.445  62.142 0.0000000000
37839  18.065  -53.437  64.517 0.0000000000
38947  18.710  -52.635  64.372 0.0000000000
50100  33.501  -39.532  56.576 0.0000000000
50087  33.200  -39.134  56.962 0.0000000000
51162  33.346  -38.742  57.513 0.0000000000
66524  48.307  -23.744  43.765 0.0000000000
61471  45.944  -28.517  43.982 0.0000000000
61485  45.811  -27.807  43.794 0.0000000000
57317  34.780  -30.011  54.570 0.0000000000
56354  32.313  -31.525  54.307 0.0000000000
57320  31.955  -32.397  53.016 0.0000000000
55370  30.823  -34.080  52.842 0.0000000000
54418  30.887  -35.100  52.805 0.0000000000
36842  16.374  -54.068  66.238 0.0000000000
35856  14.357  -54.750  65.700 0.0000000000
37843  11.879  -50.949  65.241 0.0000000000
37844  11.590  -51.507  65.605 0.0000000000
36874  11.472  -51.827  65.751 0.0000000000
35859  10.979  -53.936  66.395 0.0000000000
36844  9.323  -52.800  67.568 0.0000000000
36822  7.193  -52.462  68.434 0.0000000000
44017  19.118  -44.482  63.271 0.0000000000
44001  18.360  -44.813  63.506 0.0000000000
41117  16.556  -48.119  62.453 0.0000000000
42070  15.492  -46.779  64.222 0.0000000000
41099  15.124  -47.668  63.618 0.0000000000
40070  15.877  -49.396  62.523 0.0000000000
38985  15.994  -50.751  62.442 0.0000000000
36869  16.200  -53.379  64.899 0.0000000000
51127  28.209  -39.328  61.089 0.0000000000
50088  28.291  -40.582  57.855 0.0000000000
48089  31.142  -41.505  55.168 0.0000000000
47050  29.702  -42.343  56.659 0.0000000000
46122  30.334  -43.700  55.835 0.0000000000
47064  29.982  -42.619  55.978 0.0000000000
47049  32.681  -42.186  55.646 0.0000000000
46087  33.395  -43.339  56.649 0.0000000000
65601  45.362  -23.777  45.453 0.0000000000
64669  44.776  -24.609  44.999 0.0000000000
63624  44.851  -26.109  44.299 0.0000000000
63619  42.440  -26.598  45.497 0.0000000000
62518  43.474  -26.940  44.942 0.0000000000
61474  43.562  -27.332  44.927 0.0000000000
61472  45.101  -27.994  44.184 0.0000000000
60449  39.245  -29.618  47.438 0.0000000000
59400  38.878  -30.482  47.822 0.0000000000
58386  39.165  -31.693  48.127 0.0000000000
58372  39.629  -32.713  48.802 0.0000000000
58358  39.419  -32.954  49.103 0.0000000000
58359  39.050  -32.809  49.071 0.0000000000
57330  39.758  -33.889  51.492 0.0000000000
59346  34.539  -30.512  51.742 0.0000000000
59360  34.591  -30.774  51.446 0.0000000000
58347  34.732  -31.064  50.996 0.0000000000
56399  34.809  -33.290  50.588 0.0000000000
56398  35.526  -33.354  50.396 0.0000000000
55379  37.811  -35.061  52.174 0.0000000000
62460  38.643  -26.816  49.051 0.0000000000
62472  39.063  -27.229  48.185 0.0000000000
62487  38.863  -27.727  47.831 0.0000000000
35833  14.748  -54.496  68.309 0.0000000000
37761  7.028  -51.445  68.717 0.0000000000
36798  6.862  -52.097  68.641 0.0000000000
37762  5.959  -51.311  69.586 0.0000000000
36799  6.351  -52.381  68.814 0.0000000000
34773  2.968  -55.096  71.877 0.0000000000
30479  2.762  -59.231  74.873 0.0000000000
29442  1.756  -59.906  76.247 0.0000000000
31526  0.649  -57.892  75.280 0.0000000000
29443  0.747  -59.663  76.424 0.0000000000
30443  -0.381  -58.877  77.493 0.0000000000
34642  -0.187  -53.785  77.794 0.0000000000
33578  -0.482  -54.682  77.667 0.0000000000
32541  -1.944  -56.204  78.788 0.0000000000
50049  29.435  -40.640  60.788 0.0000000000
46091  26.983  -43.802  57.072 0.0000000000
42139  24.453  -48.495  59.017 0.0000000000
42113  24.219  -49.267  59.687 0.0000000000
42161  21.883  -47.527  59.194 0.0000000000
42140  23.480  -48.233  59.142 0.0000000000
41148  24.744  -49.543  60.784 0.0000000000
43068  18.315  -47.166  61.353 0.0000000000
43067  18.850  -46.704  60.947 0.0000000000
41153  19.622  -49.370  60.424 0.0000000000
40090  18.701  -50.688  61.669 0.0000000000
38982  19.183  -51.354  63.272 0.0000000000
40102  20.340  -50.537  60.593 0.0000000000
40088  21.114  -50.882  61.573 0.0000000000
59416  40.210  -30.527  47.343 0.0000000000
58384  41.382  -32.206  48.593 0.0000000000
58346  41.378  -32.860  51.021 0.0000000000
55324  29.354  -32.811  56.463 0.0000000000
56333  29.245  -33.461  55.498 0.0000000000
55346  29.496  -33.857  54.708 0.0000000000
55361  29.177  -34.738  54.451 0.0000000000
54406  29.781  -35.257  53.852 0.0000000000
53386  31.202  -36.837  53.778 0.0000000000
50075  27.579  -39.784  57.975 0.0000000000
51152  27.203  -39.292  58.060 0.0000000000
51142  26.600  -38.758  58.582 0.0000000000
52211  26.240  -37.770  57.204 0.0000000000
50119  30.752  -39.823  55.229 0.0000000000
51182  27.798  -38.629  55.653 0.0000000000
51183  27.191  -38.031  55.612 0.0000000000
52239  27.330  -37.322  55.442 0.0000000000
52254  28.028  -37.128  54.977 0.0000000000
53358  32.901  -37.229  54.869 0.0000000000
43139  28.422  -46.255  57.511 0.0000000000
43138  29.314  -46.301  57.640 0.0000000000
44094  30.026  -46.134  57.859 0.0000000000
43116  30.821  -45.945  58.820 0.0000000000
42132  31.178  -47.099  60.956 0.0000000000
43092  32.058  -45.940  59.398 0.0000000000
44079  31.866  -45.820  59.102 0.0000000000
44078  32.521  -45.711  59.057 0.0000000000
64673  46.002  -24.952  44.214 0.0000000000
65604  47.119  -24.040  43.998 0.0000000000
64691  47.713  -25.746  43.045 0.0000000000
31553  1.877  -57.763  73.024 0.0000000000
31568  1.918  -57.271  72.645 0.0000000000
32613  1.772  -56.692  72.753 0.0000000000
33649  8.047  -55.893  72.468 0.0000000000
36859  11.863  -52.938  65.723 0.0000000000
37779  7.356  -51.911  68.527 0.0000000000
38886  12.674  -48.047  67.137 0.0000000000
41168  22.657  -49.285  59.503 0.0000000000
42159  23.235  -47.638  58.896 0.0000000000
43081  29.876  -47.287  59.920 0.0000000000
43115  31.244  -45.822  58.919 0.0000000000
43137  29.790  -46.209  57.785 0.0000000000
44109  32.174  -44.914  57.343 0.0000000000
44124  31.419  -44.794  56.829 0.0000000000
45098  32.832  -44.707  57.547 0.0000000000
45115  27.314  -44.252  56.707 0.0000000000
45142  30.256  -44.056  55.919 0.0000000000
46061  25.365  -43.062  59.940 0.0000000000
46062  23.785  -43.326  58.809 0.0000000000
46075  27.116  -43.472  57.590 0.0000000000
46076  23.750  -43.429  58.605 0.0000000000
46077  23.502  -43.595  58.454 0.0000000000
46123  29.687  -43.772  55.944 0.0000000000
50101  32.785  -39.333  56.152 0.0000000000
50117  32.340  -39.480  55.555 0.0000000000
50118  31.665  -39.488  55.294 0.0000000000
52210  32.836  -37.717  57.613 0.0000000000
52255  27.458  -36.760  55.320 0.0000000000
53298  26.141  -37.471  58.885 0.0000000000
53317  26.636  -35.921  57.269 0.0000000000
53363  27.354  -36.447  55.433 0.0000000000
54348  26.709  -35.878  56.815 0.0000000000
54419  30.361  -35.148  53.375 0.0000000000
56310  29.410  -32.946  55.957 0.0000000000
56370  32.186  -32.790  52.213 0.0000000000
57321  31.701  -32.727  52.699 0.0000000000
57346  32.564  -32.371  52.008 0.0000000000
57364  39.981  -33.113  49.220 0.0000000000
62499  41.403  -27.376  45.948 0.0000000000
