#!ascii label  , from subject A00073611 vox2ras=TkReg
622
57882  16.192  -32.846  6.949 0.1428571492
56907  15.629  -33.657  7.175 0.1428571492
58926  16.147  -31.448  6.536 0.1428571492
56905  17.686  -33.609  7.550 0.1428571492
57901  16.582  -32.082  6.820 0.2857142985
57902  15.738  -32.160  6.736 0.1428571492
57900  17.163  -31.932  6.937 0.1428571492
59962  16.501  -30.194  5.765 0.5714285970
59948  17.476  -30.885  6.394 0.1428571492
60968  18.670  -30.003  6.051 0.2857142985
59947  18.289  -30.668  6.518 0.2857142985
60967  19.639  -29.739  6.028 0.1428571492
61975  19.801  -28.936  3.517 0.2857142985
61001  19.345  -29.180  4.326 0.2857142985
64173  21.133  -27.306  2.840 0.2857142985
61996  21.251  -28.421  2.989 0.2857142985
65204  21.301  -26.016  3.112 0.2857142985
67013  22.046  -24.309  2.348 0.2857142985
67867  22.456  -22.625  1.141 0.8571428657
67030  21.944  -23.545  1.693 0.4285714328
65203  22.430  -26.099  2.615 0.2857142985
69678  23.252  -20.725  0.032 0.7142857313
68726  22.935  -21.612  0.619 0.7142857313
67868  21.427  -22.522  1.177 0.7142857313
70679  23.401  -19.794  -0.289 0.8571428657
70680  22.662  -19.961  -0.344 0.8571428657
68742  22.716  -21.057  0.099 0.7142857313
68743  22.244  -21.155  0.232 0.7142857313
71645  24.099  -18.203  -1.211 0.4285714328
71625  23.595  -18.823  -0.621 0.7142857313
73565  25.865  -16.710  -2.320 0.2857142985
73566  24.908  -16.528  -2.348 0.5714285970
72560  23.208  -18.035  -1.246 0.8571428657
71655  24.359  -17.664  -1.522 0.7142857313
74454  26.107  -15.275  -3.186 0.1428571492
73572  26.468  -16.107  -2.710 0.1428571492
73573  25.513  -16.000  -2.758 0.4285714328
72589  24.289  -17.046  -1.902 0.5714285970
72579  23.611  -17.463  -1.570 0.8571428657
76137  25.509  -13.426  -3.597 0.1428571492
75325  26.748  -14.895  -3.204 0.1428571492
74465  25.553  -14.805  -3.261 0.1428571492
74455  25.147  -15.307  -2.986 0.4285714328
73553  23.395  -16.527  -1.729 0.8571428657
76950  25.576  -11.934  -4.384 0.1428571492
76943  25.957  -12.644  -4.002 0.1428571492
76944  24.737  -12.507  -4.031 0.1428571492
75334  25.143  -14.193  -3.387 0.1428571492
76139  23.831  -13.707  -2.992 0.4285714328
74457  23.793  -15.250  -2.405 0.5714285970
74446  23.340  -15.529  -1.870 0.7142857313
74433  23.050  -15.820  -1.051 0.8571428657
77813  24.235  -11.449  -4.386 0.1428571492
76945  23.867  -12.754  -3.409 0.1428571492
75318  23.461  -14.604  -1.968 0.8571428657
75306  23.521  -14.834  -1.122 0.8571428657
77812  25.157  -11.213  -4.686 0.1428571492
77814  23.513  -11.313  -3.961 0.2857142985
77805  23.815  -12.027  -3.872 0.1428571492
77806  23.386  -11.762  -3.229 0.8571428657
76129  23.577  -13.725  -2.231 0.8571428657
75327  23.845  -14.472  -2.616 0.7142857313
76931  23.765  -12.830  -1.754 0.8571428657
79670  23.238  -9.579  -5.013 0.1428571492
78708  23.226  -10.623  -3.634 0.4285714328
78696  23.511  -10.710  -2.740 0.8571428657
77796  23.747  -11.801  -2.245 0.8571428657
76921  24.170  -12.918  -0.803 0.8571428657
79659  22.903  -9.802  -4.151 0.4285714328
78686  24.143  -10.806  -1.638 0.8571428657
77790  24.252  -11.807  -1.236 0.8571428657
77777  24.283  -11.458  -0.771 0.8571428657
79660  22.862  -9.068  -4.549 0.1428571492
80566  22.940  -8.431  -4.873 0.2857142985
79649  22.788  -9.156  -3.895 0.5714285970
80552  22.848  -8.768  -3.497 0.8571428657
79648  22.973  -9.654  -3.233 0.8571428657
79639  23.858  -9.639  -2.288 0.8571428657
78671  24.235  -10.978  -0.727 0.8571428657
81650  22.958  -7.804  -5.265 0.2857142985
81637  22.911  -8.152  -3.774 0.7142857313
80560  22.820  -8.599  -4.137 0.5714285970
81630  23.063  -8.315  -3.238 0.8571428657
80541  23.744  -8.580  -1.751 0.8571428657
80527  23.711  -8.152  -0.557 0.8571428657
79628  23.951  -9.690  -0.639 0.8571428657
81636  23.146  -7.871  -3.381 0.8571428657
81629  23.429  -7.812  -2.627 0.8571428657
81597  23.810  -7.015  -0.470 0.7142857313
82610  23.297  -7.015  -3.421 0.8571428657
82603  23.765  -6.491  -2.210 0.8571428657
81618  23.702  -7.435  -1.445 0.8571428657
82596  23.945  -6.513  -1.144 0.8571428657
82602  24.253  -5.824  -1.979 0.8571428657
84334  23.981  -5.150  -3.786 0.7142857313
83503  24.015  -5.430  -3.373 0.8571428657
84333  24.319  -4.566  -3.420 0.8571428657
84328  24.576  -4.387  -2.341 0.8571428657
85116  24.691  -3.344  -2.027 0.7142857313
83492  24.417  -5.186  -1.558 0.8571428657
85956  23.929  -2.704  -7.461 0.1428571492
84339  24.268  -4.173  -4.023 0.8571428657
85130  24.454  -3.589  -3.800 0.7142857313
85930  24.526  -2.674  -3.545 0.7142857313
85124  24.580  -3.495  -2.959 0.8571428657
87655  23.200  -0.285  -7.590 0.1428571492
85942  24.317  -2.231  -4.718 0.5714285970
86768  24.213  -1.623  -5.037 0.5714285970
87605  23.108  -0.723  -3.732 0.5714285970
87632  23.879  -0.780  -5.335 0.1428571492
88561  23.034  0.134  -8.229 0.1428571492
87606  22.261  -0.151  -4.080 0.5714285970
88563  20.763  0.521  -7.920 0.1428571492
88574  20.665  0.970  -8.582 0.1428571492
87634  21.959  -0.057  -5.702 0.1428571492
88575  20.307  1.191  -8.204 0.1428571492
87619  23.050  -0.327  -4.806 0.5714285970
88551  19.901  0.406  -7.251 0.1428571492
88541  19.778  0.349  -6.057 0.1428571492
89467  20.366  1.529  -7.475 0.1428571492
88542  19.491  0.765  -6.842 0.1428571492
56906  16.626  -33.603  7.383 0.1428571492
58925  16.991  -31.496  6.593 0.2857142985
58924  17.829  -31.625  6.983 0.1428571492
58923  18.892  -31.305  7.068 0.2857142985
61000  20.293  -29.030  4.155 0.2857142985
66112  21.755  -24.961  2.910 0.2857142985
70678  24.433  -19.697  0.312 0.2857142985
68727  21.908  -21.858  0.546 0.7142857313
71644  25.155  -17.931  -1.109 0.1428571492
72561  22.773  -18.079  -0.623 0.8571428657
73567  23.962  -16.111  -2.385 0.7142857313
76951  24.893  -11.813  -4.428 0.1428571492
76935  23.502  -12.794  -2.657 0.8571428657
76124  23.779  -13.848  -1.377 0.8571428657
77778  24.004  -11.832  -0.373 0.8571428657
82618  22.967  -7.510  -4.089 0.8571428657
83504  23.573  -5.811  -3.896 0.8571428657
84340  23.842  -4.712  -4.348 0.8571428657
85936  24.385  -2.861  -4.398 0.7142857313
86769  23.777  -1.560  -5.811 0.2857142985
87633  23.205  -0.334  -5.989 0.1428571492
88549  21.817  0.367  -7.007 0.1428571492
90347  22.189  2.163  -8.671 0.1428571492
55901  15.053  -34.519  7.325 0.1428571492
59960  17.823  -30.418  6.051 0.4285714328
59961  17.256  -30.377  5.847 0.2857142985
60983  18.939  -29.455  5.267 0.1428571492
61974  20.662  -28.709  3.548 0.2857142985
63068  21.076  -27.855  2.755 0.2857142985
63069  20.141  -27.769  3.162 0.2857142985
64174  20.652  -27.223  3.099 0.2857142985
76136  26.528  -13.365  -3.590 0.1428571492
77811  26.338  -11.241  -4.640 0.1428571492
78716  24.467  -10.507  -4.895 0.1428571492
78717  23.541  -10.493  -4.496 0.2857142985
78724  23.872  -9.947  -5.256 0.1428571492
75294  23.363  -15.038  -0.146 1.0000000000
79682  23.367  -8.657  -5.846 0.1428571492
80573  23.131  -8.259  -5.743 0.1428571492
82631  22.889  -7.195  -5.624 0.2857142985
80528  23.468  -8.160  -0.038 0.8571428657
82617  23.172  -6.674  -4.427 0.5714285970
83508  23.435  -5.733  -4.914 0.5714285970
84345  23.548  -4.785  -5.437 0.5714285970
85136  24.199  -3.752  -4.411 0.7142857313
85943  23.987  -2.732  -5.243 0.4285714328
85142  23.810  -3.839  -5.923 0.2857142985
85949  23.772  -2.701  -6.377 0.2857142985
86774  23.597  -1.303  -6.847 0.1428571492
87644  22.941  -0.229  -6.788 0.1428571492
87620  21.559  -0.059  -4.935 0.2857142985
88550  20.883  0.216  -6.770 0.1428571492
87635  20.725  0.060  -5.851 0.1428571492
87622  20.091  0.299  -5.457 0.1428571492
88573  21.568  0.746  -8.747 0.1428571492
89434  19.660  1.209  -6.452 0.1428571492
89417  20.009  1.432  -5.374 0.1428571492
89433  20.138  1.796  -6.079 0.1428571492
82623  23.149  -6.583  -5.379 0.4285714328
83513  23.392  -5.765  -5.948 0.4285714328
84350  23.707  -4.910  -6.531 0.4285714328
85137  23.783  -3.821  -4.984 0.5714285970
85937  24.097  -3.286  -4.762 0.5714285970
57881  17.276  -32.575  7.248 0.1428571492
58927  15.210  -31.463  6.862 0.2857142985
59949  16.686  -30.834  6.227 0.5714285970
58904  18.625  -32.110  7.276 0.1428571492
60969  18.175  -30.265  6.009 0.1428571492
61997  20.404  -28.367  3.200 0.2857142985
69680  21.901  -20.501  0.337 0.7142857313
71626  22.617  -19.025  -0.396 0.8571428657
72588  25.281  -17.282  -1.822 0.5714285970
73575  24.146  -15.581  -2.602 0.5714285970
76138  24.540  -13.485  -3.452 0.2857142985
75333  26.210  -14.344  -3.289 0.1428571492
75326  24.243  -14.567  -2.951 0.1428571492
80551  23.232  -8.791  -2.781 0.8571428657
79629  23.615  -8.862  -0.074 0.8571428657
83499  23.742  -6.044  -3.092 0.8571428657
86763  23.796  -0.927  -4.119 0.5714285970
88572  23.042  0.601  -8.976 0.1428571492
87645  22.067  0.154  -6.474 0.1428571492
89477  20.835  1.538  -8.633 0.1428571492
87646  21.350  0.118  -6.189 0.1428571492
88552  19.658  0.969  -7.372 0.1428571492
60981  21.189  -29.000  4.818 0.1428571492
60985  17.050  -30.035  5.174 0.4285714328
87621  20.582  0.190  -5.233 0.1428571492
64175  19.883  -27.025  3.459 0.5714285970
64177  18.147  -26.213  3.878 0.5714285970
65175  17.480  -26.180  4.116 0.2857142985
66095  19.492  -25.212  3.270 0.5714285970
65189  18.727  -25.741  3.601 0.5714285970
63050  17.522  -27.606  4.548 0.4285714328
65188  19.620  -26.132  3.508 0.5714285970
65176  16.749  -25.618  4.170 0.2857142985
65190  17.696  -25.383  3.650 0.4285714328
66113  20.506  -24.933  2.904 0.4285714328
66114  19.317  -24.273  2.755 0.5714285970
66115  18.294  -23.922  2.692 0.5714285970
67015  20.087  -23.817  2.137 0.5714285970
67032  19.822  -22.947  1.612 0.7142857313
67031  20.833  -23.158  1.761 0.4285714328
66096  18.507  -24.759  3.238 0.4285714328
65191  16.947  -24.844  3.708 0.2857142985
66081  16.421  -24.794  4.088 0.2857142985
68728  21.078  -21.442  1.110 0.7142857313
68729  20.016  -21.357  1.504 0.4285714328
69663  20.469  -20.463  1.417 0.7142857313
70661  19.872  -19.444  1.606 0.5714285970
70659  21.638  -19.707  0.675 0.7142857313
71605  20.424  -18.546  1.590 0.7142857313
72546  21.093  -17.748  1.655 0.7142857313
72547  20.010  -17.456  1.456 0.7142857313
72548  19.379  -17.461  1.142 0.4285714328
73529  19.947  -16.703  1.092 0.4285714328
69679  22.456  -20.581  -0.060 0.5714285970
69662  21.331  -20.481  0.943 0.5714285970
71627  22.373  -19.475  -0.147 0.5714285970
72545  21.945  -18.006  1.027 0.5714285970
73527  21.682  -16.997  1.368 0.7142857313
75286  22.041  -15.602  1.153 0.7142857313
73528  20.711  -16.643  1.441 0.7142857313
74415  20.754  -15.727  0.962 0.5714285970
75297  20.761  -14.648  0.786 0.5714285970
73526  22.307  -17.179  0.749 0.5714285970
73538  22.826  -17.188  0.027 0.7142857313
75295  22.840  -15.253  0.909 0.8571428657
73539  20.194  -16.193  0.826 0.4285714328
75296  21.816  -14.728  1.208 0.7142857313
76103  22.469  -14.039  1.194 0.7142857313
76105  20.460  -13.513  0.308 0.5714285970
76104  21.460  -13.547  1.097 0.7142857313
74413  22.139  -16.349  1.091 0.7142857313
76102  23.348  -13.965  0.655 0.8571428657
76093  22.235  -13.250  1.284 0.7142857313
76911  21.635  -12.647  1.148 0.5714285970
77766  20.423  -11.610  0.630 0.2857142985
78657  21.034  -10.570  0.929 0.7142857313
76114  23.999  -14.031  -0.339 0.7142857313
76899  23.308  -12.884  0.966 0.8571428657
77752  21.922  -12.315  1.282 0.8571428657
79614  23.651  -10.171  0.251 0.8571428657
77750  22.777  -12.145  1.129 0.8571428657
78656  22.295  -10.534  1.168 0.5714285970
79615  23.261  -9.391  0.609 0.8571428657
79616  21.829  -9.706  0.697 0.7142857313
76910  23.887  -12.926  0.227 0.8571428657
78654  23.816  -10.877  0.019 0.8571428657
82579  23.834  -6.128  -0.386 0.7142857313
83456  23.245  -5.510  -0.045 0.7142857313
83476  24.236  -5.579  -1.114 0.5714285970
83457  22.599  -5.447  0.157 0.7142857313
83477  23.906  -5.179  -0.557 0.7142857313
83493  24.350  -4.664  -1.030 0.7142857313
84321  24.547  -4.148  -1.447 0.8571428657
85098  23.583  -3.217  -0.698 0.7142857313
84310  22.408  -4.079  0.125 0.7142857313
85887  23.100  -2.688  -0.731 0.7142857313
85888  22.413  -2.271  -0.825 0.7142857313
85889  21.329  -2.381  -0.331 0.5714285970
85908  24.255  -2.617  -1.807 0.7142857313
85909  23.381  -2.284  -1.439 0.7142857313
86720  22.604  -1.489  -1.525 0.4285714328
86707  22.139  -1.598  -1.106 0.5714285970
86708  21.677  -1.583  -0.750 0.5714285970
85924  23.959  -2.165  -2.045 0.5714285970
85890  20.369  -2.499  -0.060 0.5714285970
86721  21.897  -0.994  -1.208 0.5714285970
86709  20.892  -1.424  -0.150 0.5714285970
86710  20.029  -2.032  0.129 0.4285714328
86698  19.286  -1.978  0.634 0.5714285970
86697  20.348  -1.382  0.672 0.5714285970
87584  22.046  -0.633  -1.909 0.5714285970
86686  19.962  -1.370  1.446 0.4285714328
86711  17.601  -2.249  0.166 0.4285714328
88475  20.249  0.166  1.764 0.4285714328
72544  22.485  -18.190  0.178 0.5714285970
88480  20.265  0.407  0.956 0.2857142985
87555  20.211  -0.627  2.102 0.4285714328
87556  19.451  -0.437  2.535 0.2857142985
64161  18.398  -27.178  3.965 0.5714285970
65205  20.646  -25.711  3.244 0.2857142985
65187  20.500  -26.371  3.295 0.4285714328
66097  17.440  -24.228  3.182 0.4285714328
67016  18.901  -23.298  1.989 0.4285714328
66098  16.566  -24.126  3.671 0.2857142985
66116  17.691  -23.664  2.763 0.2857142985
69661  23.583  -21.222  0.596 0.2857142985
70662  18.768  -19.427  1.505 0.2857142985
77765  21.630  -11.740  1.166 0.7142857313
81580  22.976  -6.833  0.703 0.7142857313
81579  23.568  -6.518  0.228 0.7142857313
85099  22.876  -3.158  -0.197 0.7142857313
85923  24.377  -2.412  -2.619 0.5714285970
86737  23.507  -1.588  -2.484 0.5714285970
86736  24.020  -1.857  -2.963 0.5714285970
86738  22.872  -1.204  -2.152 0.5714285970
86722  21.374  -0.857  -0.805 0.5714285970
87580  21.012  -0.224  -0.517 0.2857142985
67853  18.211  -22.656  2.124 0.4285714328
68744  21.685  -21.108  0.564 0.5714285970
73537  22.770  -17.039  -1.056 0.7142857313
74422  22.989  -16.130  -0.093 0.7142857313
77763  23.469  -11.851  0.624 0.7142857313
85117  24.216  -3.234  -1.276 0.8571428657
80516  22.861  -7.867  -0.222 0.7142857313
64176  18.822  -26.901  3.731 0.4285714328
64162  17.975  -26.926  4.190 0.5714285970
66094  20.164  -25.656  3.265 0.5714285970
67017  17.956  -23.205  2.464 0.4285714328
67870  19.534  -22.152  1.553 0.5714285970
67869  20.445  -22.281  1.376 0.5714285970
69664  19.420  -20.413  1.573 0.4285714328
69665  18.369  -20.421  1.589 0.4285714328
68730  19.000  -21.335  1.589 0.4285714328
70660  20.888  -19.580  1.296 0.7142857313
71604  21.393  -18.779  1.164 0.7142857313
71603  22.117  -18.980  0.300 0.5714285970
74414  21.460  -16.097  1.261 0.7142857313
75287  21.354  -15.345  1.146 0.7142857313
74423  22.618  -16.334  0.634 0.5714285970
75298  19.816  -14.395  -0.007 0.2857142985
76912  20.922  -12.595  0.730 0.5714285970
77764  22.737  -11.514  1.223 0.8571428657
83478  22.922  -4.896  -0.030 0.7142857313
84309  23.354  -4.093  -0.276 0.7142857313
87576  20.684  -0.431  0.403 0.5714285970
67018  17.129  -23.229  2.889 0.1428571492
67872  17.965  -22.113  1.989 0.4285714328
59950  15.771  -30.543  6.369 0.4285714328
63088  22.135  -27.944  1.999 0.1428571492
64192  21.721  -27.207  2.608 0.1428571492
66134  22.667  -24.169  2.212 0.1428571492
67029  23.061  -23.538  1.780 0.1428571492
64191  22.754  -27.315  2.102 0.1428571492
66133  23.642  -24.767  2.358 0.1428571492
66111  22.645  -24.954  2.590 0.1428571492
69660  24.223  -20.764  0.813 0.2857142985
81598  23.564  -7.364  0.157 0.5714285970
90303  20.407  2.526  -4.256 0.1428571492
80517  20.930  -8.259  0.470 0.4285714328
88532  20.395  0.867  -4.954 0.1428571492
81599  20.672  -6.509  -0.126 0.4285714328
82562  22.061  -5.957  0.366 0.5714285970
83479  21.848  -5.081  0.064 0.4285714328
89386  19.569  1.479  -2.489 0.2857142985
87592  20.662  -0.010  -2.434 0.2857142985
87585  21.036  -0.280  -1.629 0.2857142985
83461  18.132  -5.382  0.378 0.1428571492
83480  20.583  -5.103  0.040 0.5714285970
88492  20.407  0.633  -1.171 0.2857142985
87583  22.544  -0.908  -2.076 0.4285714328
83460  19.071  -5.149  -0.138 0.4285714328
85078  20.245  -3.739  0.220 0.5714285970
84291  18.380  -4.425  0.487 0.4285714328
85081  17.757  -3.357  0.251 0.2857142985
88486  20.551  0.632  -0.030 0.1428571492
85102  17.149  -2.743  -0.353 0.1428571492
85876  18.339  -2.723  0.436 0.4285714328
89356  19.880  0.930  1.096 0.1428571492
89364  19.985  1.611  -0.666 0.1428571492
85877  17.541  -2.519  -0.095 0.2857142985
88476  19.816  0.807  2.028 0.2857142985
88464  19.129  0.782  2.747 0.1428571492
89355  20.107  1.492  0.617 0.1428571492
89352  19.873  1.272  1.474 0.1428571492
89340  19.691  1.847  2.231 0.1428571492
89339  20.397  2.299  1.939 0.1428571492
59963  15.910  -29.795  5.934 0.4285714328
61958  15.974  -28.454  5.495 0.2857142985
63089  21.678  -27.878  2.377 0.1428571492
66110  23.197  -25.613  2.495 0.1428571492
67866  23.518  -22.607  1.385 0.1428571492
81581  21.084  -6.936  0.093 0.2857142985
86762  24.428  -1.752  -4.151 0.4285714328
88499  21.399  0.095  -3.206 0.2857142985
89375  19.878  1.448  -1.769 0.2857142985
88501  19.951  0.655  -2.478 0.2857142985
90270  19.559  2.598  -0.908 0.2857142985
61959  15.095  -28.439  6.149 0.2857142985
60982  19.991  -29.124  5.130 0.1428571492
63067  21.764  -28.249  2.375 0.1428571492
69677  23.810  -20.259  0.172 0.1428571492
85082  17.044  -3.437  -0.109 0.1428571492
81582  20.528  -7.671  0.078 0.4285714328
85874  20.113  -3.213  0.041 0.5714285970
89376  19.499  2.170  -2.280 0.2857142985
88502  19.449  1.293  -2.825 0.2857142985
88500  20.643  0.277  -3.069 0.2857142985
88517  19.460  1.317  -3.249 0.2857142985
89400  19.352  1.983  -3.891 0.1428571492
90305  18.698  2.951  -3.862 0.1428571492
90269  20.368  2.513  -0.100 0.2857142985
89365  19.660  2.135  -1.486 0.2857142985
89399  19.820  1.775  -4.548 0.1428571492
90316  19.823  2.053  -4.671 0.1428571492
88530  21.624  0.096  -4.351 0.4285714328
89387  19.227  2.007  -3.092 0.2857142985
88515  20.862  0.509  -3.890 0.2857142985
88516  20.006  1.051  -3.760 0.1428571492
87589  23.214  -1.074  -3.129 0.4285714328
87590  22.442  -0.543  -2.877 0.2857142985
88531  21.059  0.261  -4.529 0.2857142985
82580  21.085  -5.933  0.025 0.4285714328
84311  21.344  -4.154  0.309 0.5714285970
85101  20.822  -3.324  0.047 0.5714285970
87591  21.359  -0.198  -2.511 0.2857142985
87569  20.410  -0.562  1.264 0.4285714328
88463  19.929  0.155  2.377 0.2857142985
67028  24.206  -23.661  1.878 0.1428571492
82582  19.417  -6.394  -0.504 0.2857142985
83459  19.822  -4.919  0.126 0.4285714328
84290  19.341  -4.420  0.485 0.4285714328
84289  19.992  -4.297  0.284 0.5714285970
85079  19.721  -3.671  0.387 0.5714285970
60988  15.168  -29.105  6.338 0.2857142985
90304  19.391  2.727  -4.415 0.1428571492
74424  20.013  -15.435  0.389 0.4285714328
76913  20.086  -12.518  -0.023 0.2857142985
92012  19.041  4.347  -1.381 0.1428571492
90281  19.246  2.813  -1.792 0.1428571492
92815  18.838  4.900  -1.941 0.1428571492
91125  21.123  3.655  1.152 0.1428571492
92011  19.500  4.791  -1.183 0.1428571492
91146  19.203  3.414  -1.224 0.1428571492
91154  18.819  3.642  -2.086 0.1428571492
91133  21.175  3.630  0.303 0.1428571492
91994  20.959  4.543  0.697 0.1428571492
91145  19.770  3.359  -0.634 0.1428571492
92808  20.325  5.234  -0.085 0.1428571492
92818  18.917  5.839  -2.090 0.1428571492
92005  19.913  4.324  -0.706 0.1428571492
93581  19.861  6.519  0.695 0.1428571492
93593  19.859  5.908  -1.374 0.1428571492
92797  20.322  5.175  0.896 0.1428571492
94335  20.267  6.516  -1.009 0.1428571492
92819  18.744  5.457  -2.667 0.1428571492
67014  21.199  -24.092  2.294 0.2857142985
90292  18.811  2.976  -2.803 0.1428571492
92013  18.748  4.472  -2.245 0.1428571492
91163  18.604  3.602  -2.758 0.1428571492
92809  19.926  5.802  0.524 0.1428571492
92798  19.887  5.790  1.190 0.1428571492
61977  17.610  -28.619  4.478 0.4285714328
61976  18.823  -28.682  3.861 0.2857142985
61999  18.964  -28.015  3.568 0.2857142985
63071  18.886  -27.573  3.668 0.2857142985
61003  17.440  -29.648  4.621 0.2857142985
85875  19.592  -2.755  0.297 0.4285714328
61998  19.553  -28.292  3.360 0.1428571492
61002  18.348  -29.440  4.487 0.1428571492
63070  19.371  -27.622  3.466 0.2857142985
63049  18.420  -27.697  4.051 0.4285714328
83481  19.659  -5.557  -0.318 0.2857142985
61978  16.972  -29.193  4.707 0.2857142985
60986  16.458  -29.381  5.327 0.2857142985
61957  16.799  -28.543  4.906 0.2857142985
63035  17.123  -28.059  4.814 0.2857142985
67871  18.688  -22.240  1.777 0.2857142985
71606  19.203  -18.230  1.291 0.1428571492
72562  19.495  -17.002  1.017 0.2857142985
76922  19.266  -12.572  -0.447 0.1428571492
77767  19.316  -11.584  0.028 0.1428571492
78658  19.879  -10.552  0.527 0.1428571492
79617  20.435  -9.462  0.605 0.1428571492
79618  19.378  -9.568  0.302 0.1428571492
82583  18.606  -6.651  -0.112 0.1428571492
82581  20.269  -6.090  -0.340 0.1428571492
83483  18.017  -6.191  0.268 0.1428571492
86687  18.974  -1.687  1.452 0.1428571492
86700  17.241  -2.453  0.702 0.1428571492
86674  18.794  -1.208  2.261 0.1428571492
86673  19.598  -1.198  2.097 0.1428571492
60970  15.308  -29.687  6.400 0.2857142985
61004  16.921  -29.626  4.860 0.1428571492
80519  18.821  -8.917  -0.003 0.1428571492
83482  18.805  -5.875  -0.182 0.1428571492
68731  17.979  -21.378  1.752 0.2857142985
72563  18.874  -17.175  0.705 0.1428571492
75307  18.987  -14.141  -0.509 0.1428571492
76106  19.626  -13.415  -0.376 0.1428571492
76924  17.938  -12.487  -0.446 0.1428571492
77768  18.790  -11.067  -0.123 0.1428571492
78672  18.513  -10.557  -0.324 0.1428571492
80518  19.795  -8.303  0.131 0.1428571492
82584  17.821  -6.922  0.285 0.1428571492
86699  18.035  -2.537  0.745 0.1428571492
68712  17.459  -21.811  2.010 0.2857142985
73540  19.414  -16.302  0.498 0.1428571492
86713  16.679  -1.570  -0.014 0.1428571492
67854  17.474  -22.459  2.348 0.1428571492
81600  20.114  -7.122  -0.324 0.1428571492
69666  17.345  -20.446  1.608 0.1428571492
79619  18.708  -9.764  -0.142 0.1428571492
77781  17.530  -11.583  -0.567 0.1428571492
60972  14.463  -29.252  7.265 0.1428571492
63036  16.450  -27.607  5.069 0.1428571492
71624  24.803  -18.752  -0.423 0.1428571492
70677  25.664  -19.198  0.506 0.1428571492
82630  23.116  -6.683  -6.399 0.1428571492
63037  15.524  -27.632  5.578 0.1428571492
63051  16.993  -27.516  4.798 0.1428571492
64164  16.081  -26.094  4.604 0.1428571492
83520  23.618  -5.819  -6.939 0.1428571492
65177  15.953  -25.199  4.562 0.1428571492
81658  22.983  -7.582  -6.124 0.1428571492
59951  14.819  -30.366  7.037 0.1428571492
64163  16.829  -26.822  4.620 0.1428571492
67003  16.868  -23.719  3.282 0.1428571492
60987  15.626  -29.141  5.932 0.1428571492
60971  14.811  -29.194  6.877 0.1428571492
64149  16.375  -27.088  4.914 0.1428571492
60984  17.998  -30.116  5.336 0.1428571492
61956  17.168  -28.418  4.706 0.2857142985
65186  21.080  -26.841  3.008 0.2857142985
67033  19.220  -22.685  1.644 0.2857142985
70681  22.161  -19.878  0.059 0.5714285970
71602  22.397  -18.740  -0.002 0.5714285970
71654  24.753  -17.511  -1.612 0.5714285970
73574  24.659  -15.779  -2.632 0.5714285970
74456  24.350  -15.109  -2.769 0.5714285970
74464  25.964  -14.825  -3.288 0.1428571492
74466  24.776  -14.727  -3.145 0.1428571492
75285  22.463  -15.887  1.009 0.5714285970
75335  24.390  -14.177  -3.177 0.4285714328
75336  24.035  -14.247  -2.943 0.4285714328
76092  22.868  -13.397  1.182 0.7142857313
76094  21.850  -13.030  1.241 0.7142857313
76900  22.674  -12.775  1.320 0.8571428657
76901  22.101  -12.699  1.329 0.8571428657
77751  22.356  -12.201  1.342 0.8571428657
77779  18.908  -12.084  -0.362 0.1428571492
77780  18.422  -11.581  -0.360 0.1428571492
77789  24.405  -11.415  -0.984 0.8571428657
78655  23.225  -10.728  0.690 0.8571428657
78659  19.014  -10.523  0.140 0.1428571492
78670  24.355  -11.213  -0.861 0.8571428657
78685  24.357  -11.203  -1.109 0.8571428657
79671  23.201  -8.833  -5.316 0.1428571492
80529  19.486  -7.662  -0.259 0.2857142985
81643  22.882  -7.993  -4.466 0.7142857313
82560  23.462  -5.944  0.038 0.7142857313
82561  23.000  -5.887  0.516 0.7142857313
82578  24.097  -5.902  -0.917 0.7142857313
82595  24.170  -5.949  -1.493 0.8571428657
82611  23.062  -7.709  -3.686 0.8571428657
82624  22.963  -7.315  -4.869 0.2857142985
83455  23.602  -5.695  -0.256 0.7142857313
83458  20.234  -4.666  0.179 0.5714285970
83484  17.443  -6.456  0.287 0.1428571492
83498  24.234  -5.455  -2.587 0.8571428657
84292  17.461  -4.376  0.450 0.2857142985
84312  20.532  -4.223  0.253 0.5714285970
84322  24.133  -4.067  -0.748 0.8571428657
85080  18.847  -3.564  0.562 0.5714285970
85100  21.897  -3.111  0.114 0.7142857313
85891  19.968  -2.416  0.054 0.5714285970
85892  17.590  -2.246  -0.038 0.4285714328
85893  17.053  -1.945  -0.577 0.2857142985
85910  22.772  -2.059  -1.318 0.4285714328
86712  17.422  -1.920  0.097 0.4285714328
86719  23.147  -1.599  -1.859 0.5714285970
86752  24.317  -1.992  -3.329 0.4285714328
86753  23.806  -1.400  -3.408 0.4285714328
87618  24.073  -0.930  -4.686 0.5714285970
87636  20.106  0.026  -5.621 0.1428571492
87656  22.443  0.236  -7.098 0.1428571492
88481  19.996  0.700  1.478 0.2857142985
88514  21.630  0.133  -3.815 0.2857142985
88540  20.287  -0.013  -6.251 0.1428571492
88562  22.070  0.478  -7.775 0.1428571492
88564  20.049  0.806  -7.981 0.1428571492
88565  19.935  1.165  -7.835 0.1428571492
88576  20.151  1.287  -7.989 0.1428571492
89338  20.809  2.523  1.845 0.1428571492
89351  20.182  1.893  1.422 0.1428571492
89435  19.480  1.067  -6.947 0.1428571492
89451  19.973  1.555  -6.906 0.1428571492
89452  19.653  1.269  -7.040 0.1428571492
89468  19.867  1.339  -7.420 0.1428571492
89476  21.259  1.312  -9.144 0.1428571492
89478  20.479  1.418  -8.014 0.1428571492
89479  20.102  1.367  -7.768 0.1428571492
90258  20.580  2.126  0.514 0.2857142985
90293  18.540  3.480  -3.064 0.1428571492
90348  21.387  1.931  -8.782 0.1428571492
90358  21.228  1.720  -9.076 0.1428571492
91144  20.576  3.513  -0.269 0.1428571492
91155  18.597  4.033  -2.621 0.1428571492
91164  18.448  3.985  -3.191 0.1428571492
92004  20.769  4.379  -0.082 0.1428571492
92006  19.377  3.854  -0.898 0.1428571492
92787  19.923  5.251  1.379 0.1428571492
92796  20.621  4.978  0.437 0.1428571492
92807  20.743  4.819  0.222 0.1428571492
92813  19.947  5.193  -1.047 0.1428571492
92814  19.173  5.336  -1.622 0.1428571492
93589  20.229  5.829  -0.756 0.1428571492
93590  19.877  6.330  -0.156 0.1428571492
93594  19.268  6.151  -1.815 0.1428571492
