#!ascii label  , from subject A00073230 vox2ras=TkReg
858
47677  -15.417  -36.489  89.709 0.0000000000
56731  -41.034  -28.896  79.926 0.0000000000
64190  -43.601  -21.959  75.685 0.0000000000
65352  -46.784  -19.901  68.172 0.0000000000
53444  -37.626  -31.541  82.052 0.0000000000
66385  -45.977  -19.371  72.576 0.0000000000
71895  -46.954  -14.668  64.407 0.0000000000
73970  -52.899  -13.030  63.644 0.0000000000
54538  -44.163  -30.189  77.753 0.0000000000
58797  -45.837  -26.765  76.556 0.0000000000
58795  -43.167  -26.070  77.180 0.0000000000
51119  -18.651  -33.544  93.301 0.0000000000
48838  -22.822  -35.073  91.105 0.0000000000
46520  -27.398  -36.639  89.708 0.0000000000
44376  -31.056  -39.214  87.476 0.0000000000
44418  -34.635  -39.613  84.924 0.0000000000
47763  -37.947  -36.116  82.862 0.0000000000
51279  -40.429  -33.086  80.554 0.0000000000
61943  -47.737  -23.445  73.614 0.0000000000
74994  -54.265  -12.333  61.695 0.0000000000
55644  -42.171  -29.412  79.911 0.0000000000
57769  -43.780  -27.771  78.937 0.0000000000
57766  -42.167  -27.886  78.783 0.0000000000
52302  -18.587  -32.962  91.749 0.0000000000
49994  -20.264  -34.159  92.583 0.0000000000
46624  -34.966  -36.763  83.680 0.0000000000
45547  -36.604  -37.863  83.410 0.0000000000
48925  -36.190  -35.219  84.078 0.0000000000
55641  -39.121  -29.936  80.643 0.0000000000
53430  -39.704  -31.615  82.368 0.0000000000
54500  -41.271  -30.115  80.963 0.0000000000
52432  -42.288  -32.003  78.477 0.0000000000
63026  -45.286  -23.478  77.430 0.0000000000
60903  -46.049  -24.563  75.189 0.0000000000
64182  -45.900  -21.774  75.983 0.0000000000
66406  -47.190  -19.875  70.135 0.0000000000
66400  -49.340  -19.767  71.557 0.0000000000
65354  -48.885  -20.752  68.916 0.0000000000
64301  -47.681  -21.594  67.579 0.0000000000
71865  -49.560  -14.883  66.597 0.0000000000
69767  -46.538  -15.906  67.011 0.0000000000
52382  -35.894  -33.503  82.328 0.0000000000
64288  -45.089  -21.726  68.122 0.0000000000
72956  -50.361  -13.776  64.594 0.0000000000
71879  -52.087  -15.010  65.577 0.0000000000
71928  -54.633  -14.125  60.778 0.0000000000
52482  -45.355  -32.308  75.944 0.0000000000
56758  -45.571  -28.508  77.157 0.0000000000
59851  -45.010  -25.706  77.821 0.0000000000
47617  -17.175  -35.583  93.027 0.0000000000
45455  -22.775  -38.118  88.728 0.0000000000
47646  -25.281  -35.742  90.484 0.0000000000
45477  -25.073  -39.098  88.407 0.0000000000
44371  -27.110  -39.874  88.682 0.0000000000
43255  -29.274  -40.476  87.345 0.0000000000
41317  -31.545  -40.846  85.796 0.0000000000
44399  -32.896  -39.335  86.180 0.0000000000
42298  -34.845  -40.648  83.260 0.0000000000
51240  -37.633  -33.720  83.620 0.0000000000
50164  -38.968  -34.307  82.095 0.0000000000
50209  -39.388  -34.614  79.038 0.0000000000
50255  -41.656  -33.573  77.131 0.0000000000
51356  -43.414  -33.758  76.463 0.0000000000
65259  -48.352  -20.614  74.075 0.0000000000
69764  -44.412  -17.477  66.637 0.0000000000
65370  -45.775  -20.293  66.914 0.0000000000
48822  -15.508  -35.296  92.641 0.0000000000
56732  -41.665  -28.848  80.041 0.0000000000
56741  -42.402  -28.575  79.482 0.0000000000
56740  -41.776  -28.302  79.142 0.0000000000
47760  -34.569  -36.036  83.253 0.0000000000
46625  -35.417  -36.480  83.899 0.0000000000
48943  -34.946  -35.220  83.326 0.0000000000
55642  -39.501  -29.524  80.087 0.0000000000
55616  -40.167  -29.828  81.610 0.0000000000
55630  -41.162  -29.212  80.738 0.0000000000
54501  -41.822  -30.194  80.240 0.0000000000
64167  -45.406  -22.298  76.575 0.0000000000
64181  -45.182  -21.573  76.254 0.0000000000
66416  -46.880  -19.565  69.089 0.0000000000
66418  -48.684  -19.621  69.777 0.0000000000
66443  -47.914  -20.071  68.535 0.0000000000
64302  -48.637  -21.767  68.182 0.0000000000
65364  -47.317  -20.390  67.891 0.0000000000
69806  -50.284  -16.753  65.972 0.0000000000
69788  -48.789  -16.333  66.489 0.0000000000
68760  -49.283  -17.646  65.531 0.0000000000
71919  -50.818  -14.098  62.829 0.0000000000
72965  -51.060  -13.676  63.788 0.0000000000
72948  -51.687  -13.950  65.423 0.0000000000
72949  -52.537  -14.039  64.955 0.0000000000
71889  -53.060  -14.645  64.469 0.0000000000
72967  -53.588  -13.411  63.524 0.0000000000
72977  -54.575  -13.281  61.513 0.0000000000
53508  -44.885  -31.316  76.815 0.0000000000
53509  -45.375  -30.700  76.391 0.0000000000
55671  -44.625  -29.522  77.581 0.0000000000
58771  -43.193  -26.983  78.653 0.0000000000
58783  -44.433  -26.753  78.290 0.0000000000
59849  -43.882  -25.573  77.835 0.0000000000
60880  -44.201  -24.562  77.752 0.0000000000
59866  -43.404  -25.245  76.684 0.0000000000
47618  -18.150  -35.701  92.830 0.0000000000
48811  -18.806  -35.055  92.993 0.0000000000
48826  -21.377  -34.624  91.852 0.0000000000
48850  -27.054  -35.368  90.161 0.0000000000
47666  -25.904  -36.305  90.093 0.0000000000
46517  -25.191  -37.316  89.387 0.0000000000
46540  -26.435  -37.737  89.456 0.0000000000
44370  -25.851  -39.690  88.686 0.0000000000
45459  -27.021  -38.443  89.288 0.0000000000
43241  -30.207  -39.963  87.509 0.0000000000
41310  -30.835  -40.707  86.437 0.0000000000
42239  -30.942  -40.528  86.597 0.0000000000
46596  -34.170  -38.292  84.832 0.0000000000
45523  -33.266  -38.719  85.858 0.0000000000
43284  -33.662  -40.196  85.380 0.0000000000
42268  -33.243  -40.809  85.471 0.0000000000
42270  -34.146  -40.780  84.659 0.0000000000
40392  -34.050  -41.279  83.974 0.0000000000
42286  -34.881  -40.416  83.983 0.0000000000
46626  -37.094  -37.309  83.346 0.0000000000
44448  -36.559  -38.234  82.909 0.0000000000
45562  -37.081  -37.135  82.058 0.0000000000
46649  -37.432  -36.607  81.597 0.0000000000
52368  -36.552  -33.283  83.125 0.0000000000
53427  -37.232  -32.200  82.872 0.0000000000
52386  -40.125  -32.430  82.043 0.0000000000
51251  -39.568  -33.256  82.141 0.0000000000
50180  -39.775  -33.602  81.156 0.0000000000
50193  -39.180  -34.528  80.218 0.0000000000
50210  -40.006  -33.912  79.327 0.0000000000
50211  -40.493  -33.178  79.546 0.0000000000
53475  -43.192  -31.183  78.342 0.0000000000
51318  -42.757  -32.527  77.756 0.0000000000
52466  -43.897  -32.255  77.325 0.0000000000
51358  -45.039  -33.027  76.011 0.0000000000
52271  -17.982  -32.828  93.221 0.0000000000
52264  -17.447  -32.958  93.603 0.0000000000
49978  -17.062  -33.881  93.882 0.0000000000
55691  -45.809  -28.442  75.945 0.0000000000
57801  -45.869  -27.348  75.444 0.0000000000
61932  -46.369  -23.570  74.668 0.0000000000
66368  -45.623  -19.260  73.376 0.0000000000
66351  -46.498  -19.503  74.420 0.0000000000
67519  -47.382  -19.088  73.518 0.0000000000
64240  -50.251  -21.590  70.700 0.0000000000
64225  -49.913  -21.756  71.799 0.0000000000
69785  -46.124  -16.651  66.824 0.0000000000
69766  -45.736  -16.279  66.944 0.0000000000
69784  -45.533  -17.020  66.925 0.0000000000
68717  -44.900  -18.315  67.551 0.0000000000
66454  -45.636  -19.294  66.457 0.0000000000
64309  -45.794  -21.542  66.186 0.0000000000
73998  -52.732  -12.878  62.019 0.0000000000
73983  -53.402  -12.671  62.605 0.0000000000
75002  -53.815  -11.762  61.330 0.0000000000
76041  -53.852  -11.050  60.367 0.0000000000
54520  -43.181  -30.261  78.891 0.0000000000
55658  -44.199  -29.206  78.184 0.0000000000
56742  -43.298  -28.482  79.149 0.0000000000
57768  -43.144  -27.746  79.001 0.0000000000
57774  -42.744  -27.014  78.371 0.0000000000
52272  -18.875  -32.976  92.920 0.0000000000
49993  -19.755  -34.136  92.787 0.0000000000
51131  -21.856  -33.989  91.544 0.0000000000
45538  -35.458  -38.499  84.299 0.0000000000
44420  -35.849  -39.240  84.223 0.0000000000
46610  -35.765  -37.169  84.009 0.0000000000
46611  -36.724  -37.147  83.816 0.0000000000
47743  -37.153  -36.196  83.849 0.0000000000
53459  -38.027  -30.996  81.296 0.0000000000
54466  -38.647  -31.239  82.566 0.0000000000
54482  -39.217  -30.643  82.140 0.0000000000
53446  -40.381  -31.374  81.856 0.0000000000
52402  -41.207  -31.910  80.811 0.0000000000
51281  -41.284  -32.053  79.577 0.0000000000
53460  -41.485  -31.046  80.579 0.0000000000
54519  -42.387  -30.227  79.546 0.0000000000
52301  -17.604  -32.934  91.815 0.0000000000
60890  -45.761  -25.265  77.104 0.0000000000
59875  -46.005  -25.723  75.688 0.0000000000
61917  -45.922  -23.602  76.349 0.0000000000
61923  -46.179  -23.454  75.471 0.0000000000
63052  -47.262  -22.208  74.906 0.0000000000
66398  -46.897  -19.689  71.647 0.0000000000
67534  -48.277  -19.216  72.536 0.0000000000
67554  -48.691  -19.266  71.033 0.0000000000
66420  -49.516  -20.380  70.119 0.0000000000
72936  -48.572  -13.962  66.142 0.0000000000
70814  -46.316  -14.726  66.388 0.0000000000
70800  -48.104  -15.342  67.029 0.0000000000
69787  -47.871  -16.221  66.747 0.0000000000
55656  -39.690  -29.476  78.965 0.0000000000
54536  -39.020  -29.922  79.249 0.0000000000
65257  -43.590  -20.631  74.756 0.0000000000
65325  -44.649  -20.801  70.980 0.0000000000
64258  -46.002  -21.066  70.287 0.0000000000
65340  -46.065  -20.795  69.208 0.0000000000
65350  -45.961  -20.661  68.757 0.0000000000
71897  -48.756  -14.199  64.544 0.0000000000
72938  -50.101  -14.086  66.008 0.0000000000
70818  -51.007  -15.326  66.167 0.0000000000
68762  -51.161  -17.038  65.050 0.0000000000
72976  -54.371  -13.466  62.294 0.0000000000
70862  -54.349  -14.859  62.184 0.0000000000
53535  -45.606  -30.926  75.220 0.0000000000
54577  -45.725  -29.446  75.828 0.0000000000
57786  -45.825  -27.535  76.677 0.0000000000
56750  -44.658  -28.385  78.221 0.0000000000
57785  -45.588  -27.698  77.330 0.0000000000
59859  -45.534  -25.840  77.291 0.0000000000
60881  -44.760  -24.713  77.742 0.0000000000
61908  -44.447  -23.288  77.414 0.0000000000
56756  -40.801  -28.558  77.495 0.0000000000
57784  -42.072  -27.231  76.869 0.0000000000
58804  -42.878  -25.882  76.354 0.0000000000
47625  -16.292  -35.641  92.444 0.0000000000
47660  -17.231  -36.728  90.763 0.0000000000
44367  -22.861  -39.716  88.357 0.0000000000
51167  -22.187  -33.783  90.613 0.0000000000
50011  -23.072  -34.449  91.059 0.0000000000
48839  -23.794  -35.094  90.911 0.0000000000
46558  -23.792  -38.515  88.483 0.0000000000
43253  -27.454  -40.418  87.308 0.0000000000
43267  -28.297  -40.416  86.618 0.0000000000
45496  -31.620  -38.351  86.989 0.0000000000
45510  -32.668  -38.561  86.306 0.0000000000
43269  -31.864  -39.399  86.666 0.0000000000
42254  -32.543  -40.719  85.810 0.0000000000
41330  -32.017  -41.127  85.296 0.0000000000
43319  -35.684  -39.762  83.357 0.0000000000
51226  -36.111  -33.856  83.345 0.0000000000
50131  -37.330  -34.481  83.994 0.0000000000
50148  -37.930  -34.543  83.514 0.0000000000
52371  -38.671  -32.761  83.031 0.0000000000
50132  -38.608  -33.711  83.076 0.0000000000
48946  -38.266  -35.360  82.619 0.0000000000
48984  -38.477  -35.261  81.319 0.0000000000
49021  -38.304  -35.506  79.305 0.0000000000
49070  -42.060  -35.515  75.961 0.0000000000
51317  -42.055  -32.746  77.895 0.0000000000
51336  -42.647  -33.496  76.756 0.0000000000
50275  -43.282  -34.531  76.078 0.0000000000
50290  -44.095  -34.258  75.717 0.0000000000
48797  -16.379  -34.607  93.669 0.0000000000
65236  -45.890  -20.134  75.450 0.0000000000
65238  -47.307  -20.700  74.862 0.0000000000
63060  -48.290  -22.126  74.351 0.0000000000
66372  -48.820  -19.837  72.959 0.0000000000
64210  -49.177  -21.422  73.260 0.0000000000
60920  -49.050  -23.490  72.947 0.0000000000
64298  -44.883  -21.331  67.374 0.0000000000
65362  -45.569  -20.449  67.688 0.0000000000
70813  -45.382  -15.142  66.204 0.0000000000
69783  -44.246  -16.876  66.118 0.0000000000
67588  -43.947  -18.931  67.088 0.0000000000
66440  -44.914  -19.544  67.381 0.0000000000
65363  -46.375  -20.348  67.603 0.0000000000
64300  -46.885  -21.037  67.250 0.0000000000
47658  -14.883  -36.184  90.408 0.0000000000
56739  -40.833  -28.584  79.048 0.0000000000
47759  -33.956  -36.069  82.801 0.0000000000
48942  -34.405  -35.318  82.837 0.0000000000
55643  -40.236  -29.027  79.608 0.0000000000
55629  -40.346  -29.364  80.681 0.0000000000
64179  -44.026  -22.055  76.443 0.0000000000
64180  -44.610  -21.660  76.420 0.0000000000
65218  -44.229  -21.121  76.124 0.0000000000
66427  -46.777  -19.706  68.556 0.0000000000
66428  -47.428  -19.761  68.595 0.0000000000
66442  -47.703  -20.163  68.327 0.0000000000
68761  -50.227  -17.343  65.286 0.0000000000
68746  -49.741  -17.100  65.931 0.0000000000
73982  -52.481  -13.004  62.967 0.0000000000
72966  -52.039  -13.255  63.818 0.0000000000
72958  -52.566  -13.485  64.384 0.0000000000
72959  -53.244  -13.815  64.048 0.0000000000
73971  -53.456  -13.166  63.544 0.0000000000
53490  -44.477  -30.763  77.351 0.0000000000
54557  -44.753  -30.177  77.174 0.0000000000
58781  -43.367  -26.276  77.960 0.0000000000
58782  -43.780  -26.388  78.267 0.0000000000
59848  -43.708  -25.842  77.783 0.0000000000
59857  -43.711  -25.507  77.447 0.0000000000
49980  -18.371  -33.747  93.385 0.0000000000
49992  -18.848  -34.140  93.275 0.0000000000
50010  -22.345  -34.502  91.305 0.0000000000
48837  -21.765  -35.069  91.437 0.0000000000
47667  -26.720  -35.989  90.153 0.0000000000
46519  -26.604  -36.864  89.748 0.0000000000
46518  -25.793  -37.117  89.653 0.0000000000
46541  -27.276  -37.514  89.407 0.0000000000
45480  -30.580  -38.482  87.887 0.0000000000
44375  -30.389  -39.307  87.853 0.0000000000
43242  -30.774  -39.936  87.258 0.0000000000
42229  -30.551  -40.276  87.122 0.0000000000
45537  -34.747  -38.832  84.929 0.0000000000
44408  -34.127  -39.529  85.221 0.0000000000
43285  -34.151  -40.080  84.991 0.0000000000
42284  -34.285  -40.473  84.748 0.0000000000
42285  -34.553  -40.466  84.404 0.0000000000
43301  -35.194  -39.978  84.315 0.0000000000
46627  -37.617  -36.945  83.099 0.0000000000
45549  -37.464  -37.161  82.767 0.0000000000
46628  -37.663  -36.661  82.577 0.0000000000
46641  -37.507  -36.516  82.154 0.0000000000
53426  -36.882  -32.318  82.570 0.0000000000
51264  -40.271  -33.018  81.272 0.0000000000
51252  -40.071  -32.941  81.878 0.0000000000
50194  -39.990  -33.570  80.465 0.0000000000
50195  -40.418  -33.078  80.205 0.0000000000
54537  -43.666  -30.578  78.229 0.0000000000
53489  -43.978  -31.298  77.616 0.0000000000
53507  -44.332  -31.849  77.172 0.0000000000
51118  -18.060  -33.345  93.473 0.0000000000
49979  -17.875  -34.024  93.480 0.0000000000
57796  -45.862  -27.451  75.984 0.0000000000
56778  -45.831  -28.028  75.768 0.0000000000
58805  -45.882  -26.892  75.830 0.0000000000
61933  -47.272  -23.004  74.396 0.0000000000
61942  -46.724  -23.654  73.815 0.0000000000
61956  -47.753  -23.966  73.069 0.0000000000
60927  -48.180  -24.343  72.658 0.0000000000
66369  -46.183  -19.055  73.101 0.0000000000
67517  -46.133  -19.107  73.528 0.0000000000
67532  -47.126  -18.884  72.979 0.0000000000
71883  -46.331  -14.702  64.814 0.0000000000
68756  -46.114  -17.527  66.253 0.0000000000
68741  -45.745  -17.481  66.640 0.0000000000
67602  -45.470  -18.416  66.931 0.0000000000
55645  -42.843  -29.341  79.372 0.0000000000
55646  -43.635  -29.290  78.935 0.0000000000
57767  -42.533  -27.721  78.853 0.0000000000
57773  -42.031  -27.553  78.252 0.0000000000
52285  -19.204  -32.960  92.353 0.0000000000
52306  -21.667  -33.740  91.353 0.0000000000
46623  -34.014  -36.997  83.289 0.0000000000
46609  -34.730  -37.864  84.078 0.0000000000
47741  -35.750  -36.024  84.007 0.0000000000
47742  -36.448  -36.194  84.073 0.0000000000
48926  -36.928  -35.320  84.157 0.0000000000
54517  -38.610  -30.423  80.682 0.0000000000
54498  -38.727  -30.605  81.627 0.0000000000
54499  -39.241  -30.211  81.629 0.0000000000
54484  -40.574  -30.433  81.536 0.0000000000
53447  -41.021  -31.159  81.283 0.0000000000
52417  -41.362  -31.715  80.030 0.0000000000
52284  -18.254  -32.849  92.508 0.0000000000
60883  -45.730  -24.245  77.256 0.0000000000
60891  -45.912  -24.676  76.868 0.0000000000
61910  -45.765  -23.688  77.121 0.0000000000
63037  -45.802  -22.791  76.560 0.0000000000
63045  -46.319  -22.482  75.656 0.0000000000
63051  -46.573  -22.713  75.237 0.0000000000
63046  -46.821  -21.935  75.293 0.0000000000
66407  -47.787  -19.471  70.726 0.0000000000
66399  -47.739  -19.432  71.388 0.0000000000
66430  -49.015  -20.211  69.485 0.0000000000
66419  -49.190  -19.899  69.958 0.0000000000
66431  -49.341  -20.346  69.783 0.0000000000
64279  -50.207  -21.544  69.772 0.0000000000
64290  -49.558  -21.809  68.770 0.0000000000
71875  -48.623  -14.312  66.446 0.0000000000
71863  -47.921  -14.607  66.913 0.0000000000
71864  -48.775  -14.776  66.728 0.0000000000
68743  -47.224  -16.946  66.361 0.0000000000
65326  -45.566  -20.731  70.901 0.0000000000
63133  -45.222  -21.801  68.766 0.0000000000
64289  -45.539  -21.221  68.440 0.0000000000
71910  -50.322  -14.031  63.500 0.0000000000
71909  -49.405  -14.632  63.412 0.0000000000
71908  -48.383  -14.833  63.758 0.0000000000
72955  -49.388  -13.858  64.912 0.0000000000
72954  -48.882  -13.888  65.043 0.0000000000
72946  -49.784  -13.887  65.482 0.0000000000
71887  -52.139  -14.275  65.410 0.0000000000
72940  -51.192  -14.228  65.974 0.0000000000
71878  -51.627  -14.634  65.774 0.0000000000
69791  -51.270  -15.950  65.930 0.0000000000
69808  -51.805  -16.238  65.324 0.0000000000
68763  -51.733  -16.819  64.720 0.0000000000
69809  -52.526  -15.944  64.933 0.0000000000
70840  -53.407  -15.295  63.992 0.0000000000
74993  -53.988  -12.251  61.946 0.0000000000
73984  -53.999  -12.928  62.578 0.0000000000
71921  -54.599  -13.621  61.355 0.0000000000
71920  -54.554  -14.047  61.718 0.0000000000
51397  -45.254  -32.579  74.721 0.0000000000
52510  -45.470  -31.738  74.711 0.0000000000
52496  -45.493  -31.995  75.331 0.0000000000
55689  -45.528  -29.426  76.562 0.0000000000
54576  -45.632  -30.034  76.093 0.0000000000
55673  -45.630  -28.885  76.777 0.0000000000
56759  -45.763  -28.285  76.738 0.0000000000
56743  -44.044  -28.462  78.790 0.0000000000
57775  -44.362  -27.702  78.591 0.0000000000
57776  -45.026  -27.609  78.061 0.0000000000
58784  -45.279  -26.725  77.678 0.0000000000
60889  -44.092  -24.394  77.513 0.0000000000
61899  -44.218  -24.084  77.679 0.0000000000
47639  -16.750  -36.221  91.458 0.0000000000
47626  -17.516  -35.938  92.163 0.0000000000
47627  -18.635  -36.118  91.873 0.0000000000
50000  -20.349  -34.454  92.341 0.0000000000
45454  -22.019  -38.351  88.914 0.0000000000
45474  -22.501  -39.074  88.547 0.0000000000
51168  -23.150  -33.930  90.403 0.0000000000
51147  -22.815  -34.100  90.935 0.0000000000
47645  -24.339  -35.748  90.460 0.0000000000
47664  -23.806  -36.398  89.870 0.0000000000
46538  -24.749  -37.848  88.920 0.0000000000
45456  -24.766  -38.586  88.540 0.0000000000
44368  -23.894  -39.632  88.116 0.0000000000
44369  -24.879  -39.627  88.103 0.0000000000
43235  -24.589  -40.184  87.630 0.0000000000
43236  -25.561  -40.323  87.885 0.0000000000
43237  -26.664  -40.456  88.112 0.0000000000
43252  -26.348  -40.447  87.229 0.0000000000
43240  -29.578  -40.151  87.647 0.0000000000
44373  -29.013  -39.796  88.470 0.0000000000
43254  -28.588  -40.510  87.257 0.0000000000
42236  -28.958  -40.639  86.775 0.0000000000
42237  -29.532  -40.645  86.864 0.0000000000
41316  -30.845  -41.042  86.107 0.0000000000
41328  -30.762  -40.873  86.001 0.0000000000
41329  -31.284  -41.007  85.645 0.0000000000
41342  -30.877  -41.055  85.494 0.0000000000
46583  -32.987  -38.062  86.071 0.0000000000
44398  -32.242  -39.043  86.527 0.0000000000
43270  -32.181  -39.989  86.287 0.0000000000
41332  -33.384  -41.101  85.011 0.0000000000
41331  -32.721  -41.130  85.347 0.0000000000
40376  -32.528  -41.282  84.898 0.0000000000
41362  -34.695  -40.743  83.525 0.0000000000
41361  -34.321  -41.284  83.432 0.0000000000
41374  -34.456  -41.318  82.674 0.0000000000
45539  -36.283  -38.199  84.024 0.0000000000
44434  -36.291  -38.913  83.420 0.0000000000
51237  -35.032  -34.192  82.550 0.0000000000
51238  -35.673  -33.795  83.050 0.0000000000
52369  -37.208  -32.932  83.468 0.0000000000
52354  -36.866  -33.346  83.714 0.0000000000
53429  -38.934  -31.799  82.716 0.0000000000
53412  -38.373  -32.207  83.148 0.0000000000
50150  -38.835  -33.737  82.620 0.0000000000
50163  -38.514  -34.864  82.386 0.0000000000
48983  -38.493  -35.677  82.007 0.0000000000
48966  -38.756  -34.740  81.629 0.0000000000
49001  -38.820  -35.011  79.533 0.0000000000
50254  -40.711  -34.046  77.168 0.0000000000
52418  -41.717  -31.685  79.259 0.0000000000
51296  -41.477  -32.270  78.984 0.0000000000
51337  -43.282  -32.863  77.158 0.0000000000
51355  -43.007  -34.084  76.381 0.0000000000
50289  -43.663  -34.546  75.811 0.0000000000
50276  -43.779  -34.124  76.101 0.0000000000
51375  -44.709  -33.621  75.561 0.0000000000
51376  -45.204  -32.888  75.393 0.0000000000
48798  -16.965  -34.467  93.710 0.0000000000
49977  -16.272  -34.002  94.073 0.0000000000
47616  -16.557  -35.374  93.080 0.0000000000
59886  -45.853  -25.678  74.673 0.0000000000
66348  -44.087  -20.326  75.002 0.0000000000
66326  -44.579  -20.328  75.572 0.0000000000
66352  -47.324  -19.693  74.265 0.0000000000
66329  -46.753  -19.956  74.843 0.0000000000
65239  -47.948  -21.049  74.621 0.0000000000
64193  -47.682  -21.446  74.821 0.0000000000
64200  -48.714  -21.450  73.989 0.0000000000
67547  -49.087  -19.439  71.558 0.0000000000
67535  -48.797  -19.447  72.343 0.0000000000
66387  -49.336  -20.106  72.181 0.0000000000
64224  -49.576  -21.706  72.499 0.0000000000
63069  -49.527  -22.698  72.511 0.0000000000
61945  -49.115  -22.849  73.094 0.0000000000
60929  -49.564  -23.754  72.487 0.0000000000
65361  -44.746  -20.353  67.134 0.0000000000
70798  -46.135  -15.327  66.913 0.0000000000
69765  -45.035  -16.989  67.033 0.0000000000
70796  -44.716  -16.658  66.582 0.0000000000
69782  -43.975  -17.626  66.103 0.0000000000
69763  -44.002  -17.896  66.512 0.0000000000
68740  -43.848  -18.312  66.195 0.0000000000
68727  -43.994  -18.275  66.922 0.0000000000
66426  -45.226  -18.766  67.669 0.0000000000
66425  -44.992  -18.930  67.671 0.0000000000
66441  -45.486  -19.243  67.501 0.0000000000
65371  -46.246  -20.942  66.953 0.0000000000
56733  -41.961  -28.999  80.030 0.0000000000
47761  -35.174  -35.934  83.689 0.0000000000
48944  -35.528  -35.176  83.743 0.0000000000
55628  -39.594  -29.851  81.129 0.0000000000
55617  -40.721  -29.708  81.203 0.0000000000
55631  -41.628  -29.423  80.326 0.0000000000
63035  -44.706  -22.773  77.215 0.0000000000
63036  -45.354  -22.988  77.192 0.0000000000
64166  -44.970  -22.190  76.884 0.0000000000
66417  -47.885  -19.373  69.698 0.0000000000
66429  -48.325  -19.998  68.967 0.0000000000
65353  -48.447  -20.446  68.781 0.0000000000
65366  -48.895  -21.379  68.560 0.0000000000
65365  -48.193  -20.694  68.409 0.0000000000
70817  -50.126  -15.451  66.525 0.0000000000
70816  -49.327  -15.710  66.648 0.0000000000
69789  -49.721  -16.369  66.337 0.0000000000
68745  -49.025  -17.060  66.108 0.0000000000
71911  -50.842  -13.880  63.305 0.0000000000
72964  -50.489  -13.808  63.993 0.0000000000
72947  -50.727  -13.853  65.417 0.0000000000
72957  -51.437  -13.619  64.637 0.0000000000
71888  -52.478  -14.667  65.210 0.0000000000
70831  -52.834  -15.348  64.755 0.0000000000
72950  -52.817  -14.267  64.707 0.0000000000
71900  -53.512  -14.522  63.848 0.0000000000
72960  -53.650  -14.081  63.615 0.0000000000
75004  -54.619  -11.933  60.979 0.0000000000
73985  -54.468  -12.725  61.708 0.0000000000
74000  -54.760  -12.561  60.916 0.0000000000
73010  -54.743  -13.707  60.300 0.0000000000
53524  -45.256  -31.876  76.326 0.0000000000
53525  -45.544  -31.250  76.011 0.0000000000
54558  -45.244  -30.135  76.667 0.0000000000
55672  -45.222  -29.240  77.172 0.0000000000
58772  -43.708  -27.140  78.708 0.0000000000
58773  -44.063  -27.324  78.715 0.0000000000
59850  -44.309  -25.582  78.001 0.0000000000
59858  -44.034  -24.883  77.565 0.0000000000
60888  -43.907  -24.472  77.062 0.0000000000
48810  -17.728  -34.920  93.455 0.0000000000
47619  -18.841  -35.627  92.470 0.0000000000
46536  -22.536  -37.463  89.168 0.0000000000
47665  -24.924  -36.581  89.811 0.0000000000
46539  -25.649  -37.883  89.259 0.0000000000
45457  -25.488  -38.678  88.829 0.0000000000
44352  -26.010  -39.086  89.046 0.0000000000
45458  -26.203  -38.533  89.213 0.0000000000
44353  -26.625  -39.208  89.105 0.0000000000
44354  -27.571  -39.225  89.121 0.0000000000
42227  -29.821  -40.518  87.112 0.0000000000
42228  -30.258  -40.405  87.100 0.0000000000
42252  -31.246  -40.752  86.129 0.0000000000
46595  -33.284  -38.347  85.182 0.0000000000
45524  -33.932  -38.813  85.387 0.0000000000
44407  -33.497  -39.474  85.648 0.0000000000
43271  -33.066  -40.184  85.886 0.0000000000
41345  -33.696  -41.138  84.624 0.0000000000
41347  -34.613  -40.749  83.761 0.0000000000
42299  -35.108  -40.344  83.542 0.0000000000
44435  -36.571  -38.130  83.152 0.0000000000
45548  -36.984  -37.577  82.941 0.0000000000
45555  -36.723  -37.821  82.443 0.0000000000
47816  -38.012  -36.244  80.880 0.0000000000
52367  -36.231  -33.372  82.753 0.0000000000
52383  -36.610  -32.749  82.609 0.0000000000
52384  -36.907  -32.762  83.038 0.0000000000
53410  -37.406  -32.455  83.230 0.0000000000
52385  -39.328  -32.501  82.522 0.0000000000
51263  -39.566  -33.667  81.590 0.0000000000
50179  -39.192  -34.171  81.203 0.0000000000
50236  -40.839  -33.404  78.297 0.0000000000
52433  -42.767  -31.640  78.433 0.0000000000
52449  -43.095  -32.049  77.898 0.0000000000
51338  -44.068  -32.825  77.074 0.0000000000
51357  -44.252  -33.316  76.405 0.0000000000
52467  -44.443  -32.378  76.886 0.0000000000
52481  -44.936  -32.424  76.422 0.0000000000
52283  -17.086  -32.631  92.713 0.0000000000
52270  -17.084  -32.681  93.404 0.0000000000
52263  -16.643  -32.757  93.860 0.0000000000
48799  -17.412  -34.326  93.628 0.0000000000
60912  -45.994  -24.424  74.212 0.0000000000
66367  -44.684  -19.612  73.631 0.0000000000
66350  -45.629  -19.490  74.311 0.0000000000
67503  -45.925  -19.251  73.793 0.0000000000
67505  -46.853  -19.085  74.020 0.0000000000
66370  -47.795  -19.550  73.649 0.0000000000
65312  -50.129  -21.320  70.872 0.0000000000
66388  -49.648  -20.569  71.727 0.0000000000
68728  -44.665  -17.934  67.189 0.0000000000
68729  -45.227  -17.848  67.253 0.0000000000
67590  -45.271  -18.504  67.524 0.0000000000
74992  -53.733  -12.247  61.920 0.0000000000
76028  -53.880  -11.338  60.847 0.0000000000
76029  -54.192  -11.248  60.884 0.0000000000
76030  -54.551  -11.320  60.763 0.0000000000
54521  -43.785  -29.912  78.439 0.0000000000
58780  -42.642  -26.740  77.654 0.0000000000
51122  -18.604  -33.193  93.243 0.0000000000
51123  -19.267  -33.458  93.071 0.0000000000
51124  -20.122  -33.469  92.608 0.0000000000
51125  -20.729  -33.682  92.344 0.0000000000
51130  -21.276  -33.688  92.071 0.0000000000
50002  -21.764  -34.288  91.759 0.0000000000
44419  -35.176  -39.409  84.614 0.0000000000
46612  -37.295  -36.794  83.504 0.0000000000
47762  -37.627  -36.162  83.372 0.0000000000
53445  -38.308  -31.159  82.005 0.0000000000
54481  -38.698  -31.026  82.310 0.0000000000
54468  -39.340  -31.131  82.428 0.0000000000
55615  -39.612  -30.059  81.912 0.0000000000
54483  -39.933  -30.633  82.174 0.0000000000
52401  -40.685  -32.083  81.394 0.0000000000
51265  -40.997  -32.530  81.021 0.0000000000
51280  -40.778  -32.492  80.083 0.0000000000
53461  -41.922  -31.050  79.820 0.0000000000
53474  -42.434  -31.134  78.917 0.0000000000
59860  -45.805  -25.863  76.755 0.0000000000
59861  -45.874  -26.262  76.334 0.0000000000
59867  -45.951  -25.560  76.304 0.0000000000
60896  -46.011  -24.594  76.048 0.0000000000
61924  -46.699  -22.934  74.939 0.0000000000
63059  -47.785  -22.532  74.479 0.0000000000
67544  -47.247  -19.135  72.445 0.0000000000
67545  -47.843  -19.246  72.004 0.0000000000
67546  -48.546  -19.267  71.793 0.0000000000
67548  -49.327  -19.646  71.231 0.0000000000
67565  -48.626  -19.354  70.361 0.0000000000
67555  -49.128  -19.429  70.820 0.0000000000
67556  -49.423  -19.818  70.910 0.0000000000
65329  -50.179  -21.351  70.525 0.0000000000
71885  -47.977  -13.998  65.402 0.0000000000
71884  -46.997  -14.362  65.133 0.0000000000
71873  -46.985  -14.193  66.030 0.0000000000
71862  -47.041  -14.632  66.707 0.0000000000
70799  -47.145  -15.202  67.123 0.0000000000
70815  -48.623  -15.753  66.787 0.0000000000
69768  -47.307  -15.791  67.029 0.0000000000
69786  -46.906  -16.401  66.781 0.0000000000
68742  -46.435  -17.059  66.492 0.0000000000
55657  -40.224  -28.976  78.616 0.0000000000
53458  -37.299  -31.826  81.010 0.0000000000
53473  -38.105  -31.171  80.280 0.0000000000
54518  -38.970  -30.047  80.067 0.0000000000
64198  -43.036  -21.698  74.683 0.0000000000
65233  -43.530  -21.194  75.179 0.0000000000
65277  -43.305  -20.644  74.247 0.0000000000
66366  -43.617  -20.182  73.973 0.0000000000
66384  -45.024  -19.558  72.688 0.0000000000
66396  -44.600  -19.896  72.008 0.0000000000
66397  -45.575  -19.848  71.982 0.0000000000
65310  -45.901  -20.186  71.336 0.0000000000
65327  -46.421  -20.441  70.590 0.0000000000
64278  -46.197  -20.971  69.816 0.0000000000
65341  -46.361  -20.424  69.469 0.0000000000
65351  -46.219  -19.870  68.433 0.0000000000
71896  -47.749  -14.538  64.440 0.0000000000
71886  -48.590  -13.932  65.145 0.0000000000
72937  -49.206  -13.990  66.058 0.0000000000
71876  -49.453  -14.466  66.350 0.0000000000
72939  -50.867  -14.058  65.936 0.0000000000
71877  -50.457  -14.625  66.296 0.0000000000
71866  -49.975  -15.039  66.613 0.0000000000
69790  -50.599  -16.090  66.203 0.0000000000
69807  -50.906  -16.571  65.652 0.0000000000
68774  -50.680  -17.503  64.643 0.0000000000
69826  -52.974  -16.120  64.259 0.0000000000
73972  -53.734  -13.251  63.272 0.0000000000
72968  -54.055  -13.745  63.054 0.0000000000
71912  -54.273  -14.235  62.662 0.0000000000
54593  -45.649  -30.529  75.686 0.0000000000
54594  -45.712  -29.924  75.426 0.0000000000
56770  -45.822  -28.143  76.281 0.0000000000
55659  -44.798  -28.929  77.751 0.0000000000
56751  -45.222  -28.404  77.656 0.0000000000
58796  -45.722  -26.751  77.062 0.0000000000
60882  -45.505  -24.768  77.439 0.0000000000
61901  -45.193  -23.950  77.592 0.0000000000
61900  -44.497  -23.943  77.622 0.0000000000
63025  -44.915  -23.375  77.478 0.0000000000
64178  -43.754  -22.214  76.139 0.0000000000
56749  -41.273  -28.279  78.285 0.0000000000
56757  -41.419  -28.007  77.288 0.0000000000
58794  -42.645  -26.510  76.848 0.0000000000
63050  -43.215  -22.615  75.286 0.0000000000
47638  -15.364  -35.849  91.493 0.0000000000
47659  -16.173  -36.338  90.384 0.0000000000
46511  -17.072  -36.788  90.003 0.0000000000
48812  -19.313  -34.601  92.923 0.0000000000
48823  -19.206  -35.411  92.508 0.0000000000
51146  -22.181  -33.948  91.176 0.0000000000
51132  -22.461  -34.209  91.216 0.0000000000
47679  -23.333  -36.958  89.260 0.0000000000
47680  -24.196  -37.093  89.258 0.0000000000
46537  -23.573  -37.848  88.718 0.0000000000
45475  -23.175  -38.799  88.460 0.0000000000
44372  -28.139  -39.873  88.622 0.0000000000
43238  -27.788  -40.313  88.018 0.0000000000
42251  -30.200  -40.694  86.346 0.0000000000
42267  -30.223  -40.772  85.802 0.0000000000
46572  -31.118  -37.783  87.193 0.0000000000
45495  -31.144  -38.406  87.420 0.0000000000
45509  -32.069  -38.423  86.620 0.0000000000
44388  -31.908  -38.729  86.797 0.0000000000
44387  -31.612  -39.001  87.049 0.0000000000
43256  -31.419  -39.888  86.767 0.0000000000
43257  -31.854  -40.076  86.424 0.0000000000
41318  -32.147  -40.863  85.626 0.0000000000
43302  -35.645  -39.906  83.847 0.0000000000
44433  -35.874  -39.402  82.972 0.0000000000
43318  -35.348  -40.088  82.943 0.0000000000
50146  -34.889  -34.561  82.958 0.0000000000
50147  -35.339  -34.548  83.395 0.0000000000
50129  -35.970  -34.335  83.647 0.0000000000
51239  -36.254  -33.674  83.206 0.0000000000
50130  -36.627  -34.399  84.089 0.0000000000
48927  -37.514  -35.355  83.687 0.0000000000
48945  -38.063  -35.383  83.224 0.0000000000
53428  -38.252  -31.477  82.763 0.0000000000
53411  -37.757  -32.297  83.267 0.0000000000
52370  -38.120  -32.972  83.446 0.0000000000
51242  -38.930  -33.173  82.690 0.0000000000
51230  -38.661  -33.300  83.035 0.0000000000
51241  -38.281  -33.804  83.419 0.0000000000
50149  -38.524  -34.497  82.932 0.0000000000
47784  -37.855  -35.783  82.260 0.0000000000
47783  -38.506  -35.732  82.006 0.0000000000
47802  -37.886  -35.779  81.788 0.0000000000
50192  -38.628  -34.876  80.710 0.0000000000
49000  -38.399  -35.300  80.276 0.0000000000
51295  -41.124  -32.787  78.827 0.0000000000
50237  -41.481  -33.112  77.896 0.0000000000
49093  -43.826  -34.713  75.359 0.0000000000
47624  -15.511  -35.508  92.200 0.0000000000
59876  -45.935  -26.554  75.754 0.0000000000
65235  -44.390  -20.685  75.860 0.0000000000
66308  -45.031  -20.283  75.865 0.0000000000
65220  -45.627  -20.685  75.770 0.0000000000
66328  -46.115  -19.784  75.050 0.0000000000
65237  -46.378  -20.351  75.297 0.0000000000
65222  -46.904  -21.214  75.275 0.0000000000
64192  -47.134  -21.510  75.155 0.0000000000
63053  -47.920  -21.790  74.694 0.0000000000
61934  -48.136  -22.843  74.117 0.0000000000
67533  -47.668  -19.022  72.803 0.0000000000
66371  -48.336  -19.800  73.448 0.0000000000
65278  -48.678  -20.158  73.452 0.0000000000
65279  -49.028  -20.536  73.239 0.0000000000
65260  -48.890  -21.002  73.704 0.0000000000
63061  -48.926  -22.125  73.589 0.0000000000
61935  -48.667  -22.620  73.783 0.0000000000
61944  -48.593  -23.174  73.511 0.0000000000
64299  -45.275  -21.182  67.916 0.0000000000
71872  -46.218  -14.631  65.661 0.0000000000
70829  -45.532  -15.001  65.108 0.0000000000
70828  -44.770  -15.650  65.348 0.0000000000
70797  -45.179  -15.983  66.831 0.0000000000
70812  -44.620  -16.027  66.194 0.0000000000
69805  -44.156  -16.415  65.440 0.0000000000
67601  -43.764  -18.993  66.528 0.0000000000
66439  -44.114  -19.674  67.005 0.0000000000
67589  -44.514  -18.776  67.376 0.0000000000
64311  -47.075  -21.653  67.085 0.0000000000
64310  -46.532  -21.667  66.813 0.0000000000
63160  -47.129  -22.441  66.983 0.0000000000
40408  -33.877  -41.399  83.882 0.0000000000
41311  -30.884  -41.011  86.389 0.0000000000
41315  -30.739  -40.783  86.263 0.0000000000
41333  -34.008  -40.901  84.976 0.0000000000
42238  -30.407  -40.622  86.610 0.0000000000
42240  -31.420  -40.387  86.460 0.0000000000
42253  -31.688  -40.579  86.101 0.0000000000
43239  -28.736  -40.194  87.877 0.0000000000
43266  -27.035  -40.395  86.573 0.0000000000
43300  -34.785  -39.953  84.636 0.0000000000
44397  -31.910  -39.019  86.761 0.0000000000
45476  -24.252  -38.959  88.326 0.0000000000
45556  -37.274  -37.171  82.494 0.0000000000
46559  -24.220  -38.362  88.553 0.0000000000
47681  -24.770  -37.209  89.346 0.0000000000
47801  -38.382  -35.790  81.958 0.0000000000
48808  -15.929  -35.060  93.275 0.0000000000
48809  -16.804  -35.048  93.429 0.0000000000
48964  -38.698  -35.690  82.014 0.0000000000
48965  -38.553  -35.355  82.024 0.0000000000
48985  -38.735  -34.655  81.325 0.0000000000
50003  -22.272  -34.260  91.375 0.0000000000
50133  -38.735  -33.496  82.867 0.0000000000
50178  -38.756  -34.618  80.972 0.0000000000
51227  -36.512  -33.698  83.590 0.0000000000
51228  -37.017  -33.651  84.036 0.0000000000
51229  -38.449  -33.333  83.292 0.0000000000
51316  -41.378  -32.964  78.242 0.0000000000
52353  -36.805  -33.307  83.475 0.0000000000
52355  -38.407  -33.024  83.318 0.0000000000
52356  -38.559  -33.126  83.186 0.0000000000
52448  -42.577  -32.385  78.049 0.0000000000
54467  -38.878  -31.137  82.577 0.0000000000
55627  -39.021  -30.114  81.175 0.0000000000
55690  -45.751  -28.940  76.212 0.0000000000
56771  -45.845  -27.959  76.016 0.0000000000
57787  -45.847  -27.261  76.340 0.0000000000
57795  -45.840  -27.675  76.254 0.0000000000
57802  -45.845  -27.509  75.628 0.0000000000
57811  -45.869  -27.668  75.392 0.0000000000
58798  -45.880  -26.827  76.166 0.0000000000
58811  -45.878  -27.031  75.645 0.0000000000
59868  -45.960  -26.313  76.013 0.0000000000
60919  -48.435  -23.795  73.141 0.0000000000
60921  -49.304  -23.295  72.743 0.0000000000
61902  -45.600  -24.023  77.416 0.0000000000
61909  -45.482  -23.627  77.384 0.0000000000
61946  -49.413  -22.838  72.659 0.0000000000
61955  -47.103  -23.797  73.130 0.0000000000
61957  -49.460  -23.137  72.615 0.0000000000
61958  -49.662  -23.162  72.342 0.0000000000
63068  -49.379  -22.280  72.794 0.0000000000
63079  -49.561  -22.149  72.510 0.0000000000
64183  -46.600  -21.637  75.480 0.0000000000
64191  -43.835  -21.361  75.840 0.0000000000
64199  -48.215  -21.417  74.501 0.0000000000
64259  -46.334  -20.764  70.057 0.0000000000
64261  -50.403  -21.979  70.421 0.0000000000
65219  -44.793  -20.767  76.036 0.0000000000
65221  -46.482  -21.037  75.493 0.0000000000
65234  -44.023  -20.703  75.511 0.0000000000
65258  -47.754  -20.237  74.323 0.0000000000
65297  -49.718  -20.981  72.066 0.0000000000
65309  -45.080  -20.326  71.499 0.0000000000
65311  -49.914  -21.062  71.369 0.0000000000
65328  -49.906  -20.871  70.830 0.0000000000
65342  -49.929  -20.989  70.237 0.0000000000
65355  -49.625  -20.969  69.536 0.0000000000
66307  -44.834  -20.411  75.849 0.0000000000
66325  -44.238  -20.425  75.370 0.0000000000
66327  -45.350  -19.917  75.381 0.0000000000
66353  -47.910  -19.991  73.941 0.0000000000
66386  -46.670  -19.121  72.693 0.0000000000
66401  -49.570  -20.227  71.314 0.0000000000
66408  -49.315  -19.840  70.467 0.0000000000
66409  -49.603  -20.343  70.666 0.0000000000
67504  -46.288  -19.199  73.928 0.0000000000
67518  -46.658  -18.956  73.412 0.0000000000
67520  -48.032  -19.260  73.170 0.0000000000
67521  -48.497  -19.432  72.910 0.0000000000
67553  -48.218  -19.312  71.228 0.0000000000
67564  -48.280  -19.281  70.562 0.0000000000
67566  -49.037  -19.500  70.249 0.0000000000
67576  -44.859  -18.637  67.639 0.0000000000
67577  -45.079  -18.546  67.756 0.0000000000
68718  -45.139  -18.294  67.572 0.0000000000
70801  -49.002  -15.250  66.758 0.0000000000
70802  -49.613  -15.229  66.680 0.0000000000
70819  -51.732  -15.406  65.754 0.0000000000
70830  -52.306  -15.419  65.335 0.0000000000
71874  -47.887  -14.053  66.355 0.0000000000
71898  -49.727  -14.011  64.163 0.0000000000
71899  -50.218  -13.866  64.064 0.0000000000
71901  -53.860  -14.392  63.301 0.0000000000
71907  -47.813  -14.914  63.838 0.0000000000
71918  -50.168  -14.643  62.589 0.0000000000
71929  -54.612  -13.799  61.199 0.0000000000
72944  -48.306  -13.887  65.918 0.0000000000
72945  -48.837  -13.879  65.556 0.0000000000
72974  -51.175  -13.789  63.118 0.0000000000
73961  -52.913  -13.186  64.109 0.0000000000
73962  -53.125  -13.369  64.006 0.0000000000
75003  -54.278  -11.817  61.260 0.0000000000
