#!ascii label  , from subject A00073230 vox2ras=TkReg
1448
89135  -42.865  2.380  45.423 0.0000000000
86547  -50.320  -0.137  31.830 0.0000000000
95384  -50.183  9.201  46.485 0.0000000000
85500  -48.038  -1.328  38.497 0.0000000000
82310  -47.117  -4.140  47.870 0.0000000000
92864  -48.943  6.564  36.453 0.0000000000
96926  -43.126  11.753  35.798 0.0000000000
100750  -42.954  16.781  33.910 0.0000000000
92739  -42.933  6.345  51.263 0.0000000000
86412  -43.414  -0.691  41.487 0.0000000000
88307  -46.079  1.560  36.594 0.0000000000
90085  -45.619  3.581  41.723 0.0000000000
98385  -51.421  13.812  44.401 0.0000000000
96146  -47.516  10.356  42.120 0.0000000000
98436  -49.062  13.574  37.467 0.0000000000
99297  -46.361  15.156  31.736 0.0000000000
99974  -46.441  15.910  38.233 0.0000000000
89269  -48.331  2.636  29.123 0.0000000000
94584  -40.619  8.400  45.409 0.0000000000
91924  -46.677  5.179  44.844 0.0000000000
85455  -53.321  -1.583  41.173 0.0000000000
83360  -48.124  -3.860  42.780 0.0000000000
83305  -41.450  -3.287  45.791 0.0000000000
87312  -41.054  0.399  49.961 0.0000000000
90175  -49.298  4.140  31.689 0.0000000000
95501  -49.389  9.316  30.913 0.0000000000
91946  -50.773  5.404  41.751 0.0000000000
94658  -46.554  7.846  37.200 0.0000000000
93841  -43.310  6.992  31.257 0.0000000000
95518  -41.278  10.005  29.083 0.0000000000
97681  -41.454  12.740  32.230 0.0000000000
87346  -42.748  0.629  43.416 0.0000000000
89167  -43.766  2.225  41.530 0.0000000000
88244  -44.577  1.736  43.848 0.0000000000
99203  -51.183  14.960  43.451 0.0000000000
97611  -50.627  13.134  41.384 0.0000000000
99225  -50.254  14.806  40.132 0.0000000000
99986  -49.057  15.449  37.258 0.0000000000
87478  -49.414  0.636  30.307 0.0000000000
96116  -39.550  10.918  44.803 0.0000000000
96104  -42.618  9.784  44.990 0.0000000000
83310  -46.985  -4.161  45.921 0.0000000000
83322  -44.463  -3.895  44.253 0.0000000000
82306  -43.716  -4.570  47.343 0.0000000000
90024  -41.840  3.158  51.042 0.0000000000
90980  -37.575  4.855  48.745 0.0000000000
92778  -37.571  6.634  46.700 0.0000000000
93694  -35.878  7.352  48.020 0.0000000000
86495  -50.197  -0.181  36.544 0.0000000000
91073  -46.295  4.392  36.262 0.0000000000
89234  -47.364  2.978  33.681 0.0000000000
92014  -47.454  5.616  33.591 0.0000000000
92906  -49.026  6.798  31.058 0.0000000000
93812  -49.451  7.966  34.231 0.0000000000
93712  -48.978  7.415  45.691 0.0000000000
90058  -49.729  4.289  44.756 0.0000000000
93721  -50.588  7.041  45.068 0.0000000000
96901  -44.314  11.250  38.751 0.0000000000
94627  -45.292  8.639  40.092 0.0000000000
94668  -43.476  8.761  37.062 0.0000000000
93809  -45.405  7.760  34.492 0.0000000000
94708  -42.539  8.200  33.308 0.0000000000
93839  -41.824  7.685  31.136 0.0000000000
96207  -42.328  10.650  32.083 0.0000000000
100777  -44.491  16.480  32.121 0.0000000000
99309  -43.788  14.991  29.336 0.0000000000
100026  -42.569  15.338  32.141 0.0000000000
99257  -41.278  14.718  34.259 0.0000000000
100760  -40.550  16.833  32.985 0.0000000000
85467  -45.398  -1.225  40.322 0.0000000000
86477  -47.186  -0.274  37.336 0.0000000000
87376  -44.882  0.569  39.220 0.0000000000
90112  -45.093  3.255  39.057 0.0000000000
91049  -48.090  5.193  39.200 0.0000000000
96838  -51.166  11.757  45.493 0.0000000000
95411  -49.843  9.031  43.909 0.0000000000
96136  -50.476  11.203  43.034 0.0000000000
97621  -47.650  12.514  40.240 0.0000000000
98443  -46.230  13.232  37.052 0.0000000000
97676  -44.746  13.263  33.598 0.0000000000
99259  -48.119  14.251  34.462 0.0000000000
100018  -47.125  16.140  34.543 0.0000000000
100731  -44.829  16.103  36.283 0.0000000000
91128  -47.358  4.447  29.292 0.0000000000
91914  -42.157  5.339  45.607 0.0000000000
91002  -45.111  4.271  44.705 0.0000000000
94597  -43.868  7.497  44.932 0.0000000000
95397  -45.138  9.292  45.198 0.0000000000
96833  -46.524  11.030  45.435 0.0000000000
97594  -45.549  13.406  43.913 0.0000000000
97572  -48.797  12.281  45.747 0.0000000000
85470  -51.056  -1.887  40.085 0.0000000000
84420  -50.419  -2.799  41.692 0.0000000000
84434  -48.100  -2.473  40.489 0.0000000000
83371  -45.173  -2.832  41.906 0.0000000000
84379  -42.642  -2.321  43.264 0.0000000000
83257  -46.698  -3.143  50.409 0.0000000000
89114  -44.719  2.686  50.243 0.0000000000
86367  -43.582  -0.333  50.312 0.0000000000
83264  -44.122  -3.421  49.630 0.0000000000
84332  -40.813  -2.517  48.633 0.0000000000
90048  -41.181  3.424  45.931 0.0000000000
87465  -52.135  1.125  32.642 0.0000000000
88322  -48.582  0.856  34.952 0.0000000000
89237  -50.042  2.443  32.870 0.0000000000
88368  -51.575  1.624  31.275 0.0000000000
90197  -50.600  3.763  29.319 0.0000000000
92065  -49.277  5.827  28.683 0.0000000000
92943  -46.958  7.110  27.887 0.0000000000
89143  -47.170  2.881  43.881 0.0000000000
90088  -48.601  3.765  42.187 0.0000000000
91975  -50.656  6.098  38.990 0.0000000000
93727  -48.125  7.184  42.487 0.0000000000
93759  -49.229  6.907  39.692 0.0000000000
94662  -50.162  8.319  36.894 0.0000000000
94699  -48.185  8.983  34.469 0.0000000000
94742  -46.912  8.491  30.279 0.0000000000
92941  -44.609  6.814  27.869 0.0000000000
97708  -44.096  13.125  29.001 0.0000000000
97706  -41.310  12.341  29.032 0.0000000000
96205  -39.373  10.209  32.119 0.0000000000
96929  -39.623  10.937  34.054 0.0000000000
97656  -39.499  12.373  36.065 0.0000000000
87341  -43.244  0.973  44.580 0.0000000000
88243  -43.692  1.397  43.629 0.0000000000
88234  -44.145  2.109  44.936 0.0000000000
99218  -50.688  14.840  41.829 0.0000000000
99956  -49.289  15.872  40.530 0.0000000000
87469  -49.657  0.230  31.024 0.0000000000
83296  -46.992  -4.208  46.762 0.0000000000
82329  -46.006  -4.478  46.090 0.0000000000
82308  -45.554  -4.490  47.675 0.0000000000
91897  -37.073  5.460  48.999 0.0000000000
91900  -36.615  6.205  48.238 0.0000000000
85502  -50.118  -1.418  38.545 0.0000000000
85513  -48.732  -1.075  37.796 0.0000000000
91990  -46.933  5.326  36.574 0.0000000000
92007  -46.731  5.186  35.070 0.0000000000
92872  -48.185  6.390  35.457 0.0000000000
92881  -48.692  7.326  33.847 0.0000000000
92873  -49.137  7.311  35.160 0.0000000000
94592  -49.424  8.390  46.161 0.0000000000
92792  -50.262  6.531  45.617 0.0000000000
93714  -50.606  7.509  45.779 0.0000000000
97648  -43.687  11.785  37.294 0.0000000000
96168  -43.720  9.871  38.412 0.0000000000
96182  -42.833  9.827  36.652 0.0000000000
95465  -42.703  9.078  35.836 0.0000000000
96196  -42.348  10.231  34.414 0.0000000000
95481  -42.055  9.429  33.329 0.0000000000
96931  -42.647  11.257  34.177 0.0000000000
100763  -43.775  16.614  32.917 0.0000000000
100776  -43.457  16.368  31.948 0.0000000000
100775  -42.425  16.514  32.342 0.0000000000
100761  -41.223  16.427  32.875 0.0000000000
101465  -41.382  17.324  32.857 0.0000000000
85466  -44.429  -0.896  40.688 0.0000000000
86436  -45.255  -0.512  39.767 0.0000000000
87365  -43.918  0.250  40.472 0.0000000000
90084  -44.652  3.121  41.701 0.0000000000
89174  -44.142  2.526  40.043 0.0000000000
90105  -45.030  3.565  40.142 0.0000000000
91055  -45.834  4.301  38.695 0.0000000000
91037  -46.457  4.495  40.486 0.0000000000
97575  -51.191  12.706  45.239 0.0000000000
96129  -51.313  11.381  44.096 0.0000000000
96853  -51.407  12.161  43.676 0.0000000000
98415  -49.876  13.583  39.549 0.0000000000
97622  -48.822  12.890  40.305 0.0000000000
98423  -48.235  13.233  38.706 0.0000000000
97641  -46.772  13.040  38.600 0.0000000000
98435  -48.062  13.390  37.787 0.0000000000
98457  -47.331  13.720  35.756 0.0000000000
98446  -48.960  13.864  36.440 0.0000000000
99985  -48.176  15.602  37.367 0.0000000000
100007  -48.231  15.728  35.562 0.0000000000
99994  -46.342  15.787  36.258 0.0000000000
99993  -45.661  15.896  35.411 0.0000000000
100732  -45.594  15.851  36.885 0.0000000000
90194  -47.800  3.738  29.004 0.0000000000
93707  -41.182  7.386  45.547 0.0000000000
92788  -43.396  6.117  44.984 0.0000000000
94586  -42.942  7.992  45.123 0.0000000000
96120  -43.443  10.744  44.678 0.0000000000
95396  -44.142  9.203  45.156 0.0000000000
96106  -44.283  10.077  45.111 0.0000000000
95398  -46.200  9.317  45.352 0.0000000000
96122  -45.095  11.040  44.918 0.0000000000
99198  -44.295  15.020  43.583 0.0000000000
97585  -46.696  12.698  44.817 0.0000000000
98382  -47.801  13.648  44.894 0.0000000000
98371  -49.102  13.017  45.681 0.0000000000
99920  -48.118  15.344  44.678 0.0000000000
85488  -52.673  -1.256  39.387 0.0000000000
84438  -52.020  -2.092  40.938 0.0000000000
83347  -50.546  -3.161  43.623 0.0000000000
83361  -49.096  -3.532  42.870 0.0000000000
84419  -49.396  -2.870  41.355 0.0000000000
83374  -47.746  -3.486  41.898 0.0000000000
84416  -46.366  -2.593  41.260 0.0000000000
83358  -45.986  -3.547  42.636 0.0000000000
83307  -43.146  -3.962  44.915 0.0000000000
83340  -43.130  -3.026  43.583 0.0000000000
84363  -41.742  -2.360  44.619 0.0000000000
90955  -43.812  5.015  51.265 0.0000000000
88208  -43.267  1.581  50.424 0.0000000000
86366  -42.454  -0.663  50.037 0.0000000000
84312  -43.529  -2.068  50.062 0.0000000000
85374  -42.481  -1.531  49.839 0.0000000000
83262  -41.891  -3.012  48.950 0.0000000000
86375  -40.512  -0.661  49.272 0.0000000000
91909  -40.710  4.909  46.233 0.0000000000
90989  -39.843  4.412  46.885 0.0000000000
86526  -52.277  0.120  33.763 0.0000000000
87404  -46.460  0.580  37.087 0.0000000000
87419  -47.656  0.295  36.089 0.0000000000
88320  -46.835  1.598  35.368 0.0000000000
90163  -48.724  3.632  32.353 0.0000000000
89236  -48.972  2.655  33.015 0.0000000000
89249  -49.592  3.010  32.481 0.0000000000
89239  -51.522  2.313  32.379 0.0000000000
90165  -50.417  3.407  31.756 0.0000000000
90188  -51.215  3.197  30.076 0.0000000000
91117  -50.219  4.328  31.090 0.0000000000
93857  -49.464  7.712  30.433 0.0000000000
92933  -49.976  6.278  29.607 0.0000000000
94755  -49.288  8.351  29.280 0.0000000000
92944  -47.952  6.938  28.310 0.0000000000
94761  -48.306  8.337  28.616 0.0000000000
91923  -45.631  5.177  44.658 0.0000000000
89141  -45.936  2.803  44.447 0.0000000000
91004  -47.238  4.276  44.723 0.0000000000
91011  -50.642  4.714  43.743 0.0000000000
90074  -49.741  3.874  43.175 0.0000000000
91030  -50.662  4.834  41.276 0.0000000000
91040  -50.242  4.902  40.605 0.0000000000
91954  -50.739  5.517  40.634 0.0000000000
96134  -48.714  10.173  42.866 0.0000000000
95410  -49.068  8.613  43.618 0.0000000000
95415  -47.402  8.795  42.457 0.0000000000
94646  -45.456  8.097  38.412 0.0000000000
93757  -46.722  7.565  39.453 0.0000000000
93770  -47.339  7.638  38.437 0.0000000000
93781  -49.273  7.956  37.822 0.0000000000
94660  -48.629  8.250  37.053 0.0000000000
94688  -49.092  9.125  35.102 0.0000000000
94686  -47.076  8.336  35.617 0.0000000000
93830  -44.802  7.439  32.453 0.0000000000
93831  -45.760  7.866  32.869 0.0000000000
93855  -45.782  7.880  30.158 0.0000000000
93867  -45.410  7.596  28.974 0.0000000000
92918  -44.131  6.868  29.556 0.0000000000
92940  -43.542  6.194  27.659 0.0000000000
92917  -43.256  6.531  29.584 0.0000000000
95507  -41.494  9.766  30.027 0.0000000000
92915  -41.539  7.018  29.527 0.0000000000
98487  -46.019  14.332  32.339 0.0000000000
97689  -44.213  12.619  31.150 0.0000000000
98500  -45.294  13.820  30.436 0.0000000000
98491  -42.334  13.581  30.793 0.0000000000
98510  -42.818  13.492  28.490 0.0000000000
97694  -41.047  12.298  30.155 0.0000000000
96951  -39.871  10.977  30.761 0.0000000000
96945  -40.259  11.550  31.587 0.0000000000
96936  -39.696  10.867  32.965 0.0000000000
96937  -40.215  11.500  32.720 0.0000000000
99256  -40.514  15.294  35.001 0.0000000000
98454  -40.550  13.430  35.534 0.0000000000
99249  -40.078  14.738  35.826 0.0000000000
98452  -39.127  13.486  36.724 0.0000000000
87351  -42.643  0.355  42.523 0.0000000000
87359  -43.348  0.471  41.185 0.0000000000
88250  -42.924  1.038  42.695 0.0000000000
89155  -44.455  2.366  42.596 0.0000000000
89156  -45.661  2.666  42.940 0.0000000000
97602  -51.105  13.368  42.597 0.0000000000
98399  -51.005  14.287  42.631 0.0000000000
98406  -50.624  13.982  41.099 0.0000000000
98426  -50.157  14.360  39.059 0.0000000000
99244  -49.496  14.634  36.769 0.0000000000
99966  -49.560  15.172  39.308 0.0000000000
99965  -48.554  15.637  39.423 0.0000000000
87486  -49.164  1.257  29.732 0.0000000000
96102  -40.182  10.131  44.953 0.0000000000
95394  -42.135  9.196  45.011 0.0000000000
96103  -40.879  10.182  44.891 0.0000000000
83325  -47.813  -3.967  44.784 0.0000000000
83343  -46.316  -4.016  43.586 0.0000000000
83309  -46.090  -4.388  45.352 0.0000000000
82327  -43.967  -4.376  45.431 0.0000000000
82315  -42.557  -4.221  46.456 0.0000000000
90953  -42.441  4.722  51.375 0.0000000000
90023  -40.629  3.297  50.868 0.0000000000
90985  -38.463  4.428  47.906 0.0000000000
91906  -38.372  5.781  46.935 0.0000000000
92774  -37.288  6.094  47.232 0.0000000000
92777  -36.879  6.832  46.963 0.0000000000
90124  -45.895  3.416  36.396 0.0000000000
89211  -46.470  2.603  35.067 0.0000000000
90137  -46.500  3.494  34.744 0.0000000000
91092  -47.060  4.509  33.615 0.0000000000
91103  -48.236  4.605  32.008 0.0000000000
92028  -48.778  5.725  31.139 0.0000000000
92895  -48.305  6.413  32.420 0.0000000000
93832  -48.943  7.649  32.207 0.0000000000
94714  -49.650  9.090  32.961 0.0000000000
92789  -47.540  6.872  45.332 0.0000000000
91005  -48.358  4.381  44.876 0.0000000000
91917  -49.251  5.539  45.372 0.0000000000
91928  -50.557  5.506  45.023 0.0000000000
92804  -50.291  6.078  43.642 0.0000000000
96884  -45.691  10.999  40.551 0.0000000000
96144  -45.959  9.370  41.189 0.0000000000
96162  -44.662  10.012  39.829 0.0000000000
94645  -44.499  8.723  38.722 0.0000000000
94670  -44.919  8.084  36.645 0.0000000000
93798  -45.773  7.814  35.213 0.0000000000
94683  -44.156  8.051  35.545 0.0000000000
94696  -43.563  7.955  34.191 0.0000000000
93817  -43.251  7.622  32.937 0.0000000000
93840  -42.447  7.188  31.146 0.0000000000
94718  -41.903  8.240  32.190 0.0000000000
95498  -41.757  9.786  31.033 0.0000000000
96221  -41.999  10.417  30.341 0.0000000000
100790  -46.101  16.145  31.804 0.0000000000
100062  -45.136  15.386  30.284 0.0000000000
100047  -44.720  15.766  30.769 0.0000000000
99287  -43.378  14.965  30.792 0.0000000000
98485  -42.607  14.220  31.530 0.0000000000
98475  -41.703  13.458  33.222 0.0000000000
99268  -41.839  14.666  33.253 0.0000000000
100014  -40.844  15.914  33.628 0.0000000000
100002  -39.901  16.154  34.424 0.0000000000
85483  -47.309  -1.558  39.371 0.0000000000
85512  -47.758  -0.837  37.851 0.0000000000
85498  -46.478  -0.599  38.721 0.0000000000
86462  -45.717  0.132  38.522 0.0000000000
88294  -45.568  1.560  37.527 0.0000000000
88278  -44.224  1.300  39.807 0.0000000000
89187  -44.856  2.245  38.884 0.0000000000
89195  -45.428  2.557  37.403 0.0000000000
91064  -45.948  4.256  37.693 0.0000000000
91065  -46.524  4.814  37.202 0.0000000000
91981  -48.247  5.796  37.607 0.0000000000
96112  -50.475  10.594  46.273 0.0000000000
94602  -51.143  9.097  45.641 0.0000000000
96123  -51.004  10.048  44.648 0.0000000000
96127  -49.848  9.902  43.507 0.0000000000
96859  -49.080  11.007  42.477 0.0000000000
96876  -50.454  12.436  41.787 0.0000000000
96874  -48.743  11.636  41.693 0.0000000000
96886  -47.614  11.862  40.964 0.0000000000
97631  -45.794  12.126  39.623 0.0000000000
97640  -45.567  12.596  38.527 0.0000000000
97659  -44.543  12.837  36.288 0.0000000000
97675  -43.690  12.503  33.870 0.0000000000
98466  -45.463  13.436  34.850 0.0000000000
98477  -46.569  14.234  33.626 0.0000000000
99280  -47.469  14.793  33.120 0.0000000000
99261  -49.041  14.870  35.509 0.0000000000
100028  -48.225  15.406  34.233 0.0000000000
100780  -47.317  16.210  32.981 0.0000000000
100765  -45.940  16.437  33.133 0.0000000000
100751  -44.260  16.391  33.933 0.0000000000
100741  -43.776  16.477  35.082 0.0000000000
90995  -42.670  4.337  45.357 0.0000000000
90051  -44.083  3.316  45.028 0.0000000000
90996  -43.671  4.301  45.051 0.0000000000
92795  -44.196  6.075  44.749 0.0000000000
93718  -45.364  6.848  44.827 0.0000000000
95395  -43.193  9.088  45.125 0.0000000000
94598  -44.714  7.604  44.889 0.0000000000
93719  -46.210  6.837  44.951 0.0000000000
94590  -47.073  8.408  45.354 0.0000000000
94591  -48.210  8.399  45.711 0.0000000000
96110  -48.602  10.334  46.030 0.0000000000
97583  -44.751  12.377  44.112 0.0000000000
96848  -46.540  11.906  45.119 0.0000000000
96834  -47.604  11.265  45.626 0.0000000000
96111  -49.647  10.414  46.330 0.0000000000
97573  -49.794  12.413  45.983 0.0000000000
97574  -50.621  12.583  45.789 0.0000000000
98373  -50.689  13.491  45.557 0.0000000000
85503  -51.294  -1.252  38.452 0.0000000000
85485  -49.407  -1.760  39.245 0.0000000000
84403  -51.913  -2.450  42.608 0.0000000000
84421  -51.503  -2.400  41.725 0.0000000000
84437  -51.179  -2.227  40.850 0.0000000000
84435  -49.077  -2.517  40.543 0.0000000000
84446  -47.845  -1.953  39.892 0.0000000000
84433  -47.089  -2.154  40.411 0.0000000000
84431  -45.445  -1.823  40.847 0.0000000000
85439  -44.259  -1.886  41.721 0.0000000000
83342  -45.213  -3.744  43.418 0.0000000000
84380  -43.548  -2.703  42.895 0.0000000000
85437  -42.774  -1.294  42.570 0.0000000000
86404  -42.196  -0.707  43.614 0.0000000000
86369  -45.247  0.224  50.614 0.0000000000
90025  -42.979  3.496  50.986 0.0000000000
87315  -43.933  0.750  50.424 0.0000000000
85365  -45.211  -0.680  50.712 0.0000000000
83256  -45.777  -3.020  50.438 0.0000000000
83265  -45.345  -3.579  49.821 0.0000000000
82297  -45.755  -4.267  48.541 0.0000000000
82295  -43.933  -4.433  48.223 0.0000000000
83274  -42.295  -3.764  48.276 0.0000000000
83294  -41.166  -3.371  46.747 0.0000000000
90049  -42.214  3.355  45.467 0.0000000000
90994  -41.717  4.384  45.717 0.0000000000
91913  -41.078  5.396  45.936 0.0000000000
93706  -40.196  7.538  45.663 0.0000000000
94583  -39.613  8.478  45.499 0.0000000000
86516  -51.790  -0.440  34.093 0.0000000000
86525  -51.714  -0.053  33.302 0.0000000000
86536  -50.800  -0.226  32.317 0.0000000000
86478  -48.362  -0.618  37.165 0.0000000000
87420  -48.677  0.204  35.903 0.0000000000
88337  -47.626  1.867  34.331 0.0000000000
88350  -49.578  1.942  33.577 0.0000000000
88340  -51.234  1.752  34.160 0.0000000000
88352  -51.737  1.908  33.279 0.0000000000
88361  -51.874  1.651  32.313 0.0000000000
87463  -50.884  0.058  31.783 0.0000000000
87480  -51.129  1.078  30.211 0.0000000000
88385  -50.811  1.990  29.570 0.0000000000
89271  -50.229  2.670  29.263 0.0000000000
92039  -50.185  5.640  30.062 0.0000000000
91151  -50.328  4.941  29.107 0.0000000000
90203  -48.987  4.292  28.620 0.0000000000
91148  -48.328  5.172  28.655 0.0000000000
92063  -47.471  6.227  28.524 0.0000000000
92062  -46.254  6.568  28.172 0.0000000000
89140  -45.195  2.699  44.596 0.0000000000
88246  -45.975  2.379  44.171 0.0000000000
89157  -46.558  2.927  43.008 0.0000000000
90062  -48.947  3.499  43.876 0.0000000000
90072  -47.757  3.283  42.804 0.0000000000
90087  -47.570  3.717  41.969 0.0000000000
91038  -47.645  4.689  40.325 0.0000000000
91961  -48.960  5.487  38.956 0.0000000000
91983  -49.859  6.143  38.070 0.0000000000
94600  -50.514  8.064  44.582 0.0000000000
93724  -49.950  7.010  43.978 0.0000000000
92811  -49.989  5.971  42.458 0.0000000000
94619  -46.523  8.005  41.312 0.0000000000
93748  -48.129  6.800  40.662 0.0000000000
92832  -49.701  6.454  40.616 0.0000000000
93761  -50.616  6.806  39.259 0.0000000000
92849  -50.455  6.741  38.247 0.0000000000
92865  -49.996  7.461  36.255 0.0000000000
93802  -49.922  8.284  35.538 0.0000000000
94723  -48.816  9.751  32.586 0.0000000000
94710  -46.654  8.319  34.208 0.0000000000
94721  -47.370  8.787  32.822 0.0000000000
94743  -47.892  9.180  30.092 0.0000000000
94752  -47.294  8.502  29.158 0.0000000000
92942  -45.644  7.010  27.715 0.0000000000
92916  -42.182  6.655  29.841 0.0000000000
96939  -43.340  11.907  32.716 0.0000000000
96954  -43.647  12.126  30.228 0.0000000000
96231  -42.372  11.198  28.614 0.0000000000
98527  -43.949  14.325  28.737 0.0000000000
97721  -43.128  13.071  28.197 0.0000000000
96983  -41.644  11.271  28.076 0.0000000000
96228  -40.278  10.448  29.303 0.0000000000
95506  -39.550  9.482  30.312 0.0000000000
94730  -39.309  8.689  31.680 0.0000000000
97666  -40.452  12.278  34.834 0.0000000000
97665  -39.884  11.968  35.334 0.0000000000
100729  -42.739  17.449  35.645 0.0000000000
101448  -41.653  18.288  34.370 0.0000000000
101456  -40.202  17.945  32.874 0.0000000000
101455  -39.236  17.839  33.211 0.0000000000
100747  -38.258  17.267  34.116 0.0000000000
88233  -43.554  1.556  45.091 0.0000000000
89136  -43.762  2.508  45.138 0.0000000000
86546  -49.560  -0.157  31.541 0.0000000000
83288  -48.457  -3.460  47.839 0.0000000000
83297  -47.625  -3.833  47.045 0.0000000000
82320  -46.918  -4.231  47.258 0.0000000000
82319  -46.328  -4.366  46.878 0.0000000000
82309  -46.394  -4.272  47.800 0.0000000000
91893  -37.236  5.688  49.687 0.0000000000
85501  -49.077  -1.430  38.509 0.0000000000
85514  -49.757  -1.047  37.858 0.0000000000
91991  -47.914  5.975  36.778 0.0000000000
92000  -47.382  5.747  35.814 0.0000000000
94575  -50.081  8.764  46.459 0.0000000000
93700  -50.345  8.137  46.289 0.0000000000
93701  -50.747  8.197  46.183 0.0000000000
96917  -43.135  11.310  36.601 0.0000000000
96183  -43.044  10.593  36.999 0.0000000000
96916  -42.754  10.555  36.275 0.0000000000
96190  -42.519  9.972  35.559 0.0000000000
96925  -42.638  11.019  35.440 0.0000000000
97667  -42.880  11.763  35.051 0.0000000000
100762  -42.727  16.825  32.800 0.0000000000
101466  -41.978  17.051  32.656 0.0000000000
101458  -41.998  17.280  33.293 0.0000000000
85465  -44.004  -0.679  40.818 0.0000000000
86434  -44.111  -0.418  40.600 0.0000000000
86424  -43.663  -0.324  40.999 0.0000000000
90097  -45.085  3.630  41.030 0.0000000000
91025  -45.606  3.882  41.178 0.0000000000
91036  -45.628  4.067  40.653 0.0000000000
91026  -46.137  4.116  41.255 0.0000000000
97588  -51.498  12.885  44.500 0.0000000000
98424  -49.058  13.428  38.682 0.0000000000
98414  -49.267  13.308  39.658 0.0000000000
97642  -47.573  13.201  38.442 0.0000000000
98445  -48.169  13.646  36.650 0.0000000000
99984  -47.071  15.722  37.361 0.0000000000
99983  -46.068  15.807  37.400 0.0000000000
87484  -47.697  1.030  29.778 0.0000000000
88382  -48.007  1.811  29.572 0.0000000000
89264  -47.554  2.691  29.490 0.0000000000
93708  -42.195  7.206  45.369 0.0000000000
94585  -41.684  8.256  45.244 0.0000000000
96121  -44.374  10.871  44.786 0.0000000000
96107  -45.312  10.241  45.200 0.0000000000
96846  -44.531  11.606  44.459 0.0000000000
99201  -47.015  14.935  44.115 0.0000000000
99191  -47.878  14.548  44.661 0.0000000000
85472  -52.831  -1.572  40.482 0.0000000000
83375  -48.720  -3.320  42.042 0.0000000000
83359  -47.043  -3.887  42.683 0.0000000000
83306  -42.265  -3.728  45.403 0.0000000000
83320  -42.502  -3.173  44.386 0.0000000000
83319  -41.749  -3.064  45.067 0.0000000000
84355  -41.185  -2.413  45.453 0.0000000000
91870  -43.417  5.681  51.312 0.0000000000
88207  -42.146  1.436  50.313 0.0000000000
87313  -41.803  0.444  50.144 0.0000000000
86376  -41.735  -0.998  49.761 0.0000000000
85373  -41.448  -1.721  49.505 0.0000000000
86364  -40.802  -0.002  49.751 0.0000000000
90042  -39.579  3.450  47.237 0.0000000000
88341  -52.126  1.614  34.305 0.0000000000
87418  -46.885  0.818  36.211 0.0000000000
90164  -49.766  3.506  31.994 0.0000000000
90176  -50.033  3.963  31.441 0.0000000000
90177  -50.714  3.712  31.135 0.0000000000
94735  -49.457  8.597  30.794 0.0000000000
94744  -49.497  8.377  30.008 0.0000000000
95521  -49.410  8.751  29.744 0.0000000000
94762  -48.951  8.185  28.743 0.0000000000
95519  -48.871  9.280  29.549 0.0000000000
91003  -46.157  4.265  44.674 0.0000000000
91936  -50.701  5.335  43.030 0.0000000000
91016  -50.492  4.498  42.563 0.0000000000
92824  -50.663  5.797  40.796 0.0000000000
96133  -47.777  9.641  42.597 0.0000000000
95426  -47.099  9.575  42.142 0.0000000000
94647  -46.361  7.819  37.983 0.0000000000
94648  -47.071  7.755  37.684 0.0000000000
93780  -48.222  7.819  37.781 0.0000000000
94659  -47.561  7.951  37.152 0.0000000000
94673  -47.871  8.400  36.332 0.0000000000
94672  -46.866  8.065  36.453 0.0000000000
93829  -43.759  7.269  32.222 0.0000000000
93842  -44.518  7.196  30.895 0.0000000000
93854  -44.889  7.338  29.475 0.0000000000
92905  -43.609  6.805  30.354 0.0000000000
94740  -41.159  8.827  29.803 0.0000000000
95526  -41.085  10.450  28.686 0.0000000000
99288  -46.323  14.788  31.880 0.0000000000
98494  -45.715  14.371  31.211 0.0000000000
97695  -41.790  12.981  29.844 0.0000000000
97688  -41.596  12.882  31.073 0.0000000000
97687  -40.867  12.205  31.324 0.0000000000
97680  -40.804  12.101  32.443 0.0000000000
99992  -39.707  15.715  35.299 0.0000000000
88261  -42.825  0.802  42.221 0.0000000000
88242  -43.174  1.184  43.262 0.0000000000
88252  -44.194  1.806  43.276 0.0000000000
89146  -44.627  1.995  43.329 0.0000000000
89147  -45.180  2.211  43.461 0.0000000000
98393  -51.279  14.031  43.522 0.0000000000
99217  -50.502  14.913  41.204 0.0000000000
98407  -50.734  14.477  41.859 0.0000000000
98416  -50.392  14.190  39.870 0.0000000000
99232  -50.161  14.712  39.429 0.0000000000
99231  -49.950  14.664  38.606 0.0000000000
99967  -50.051  15.001  39.802 0.0000000000
99964  -47.758  15.948  39.556 0.0000000000
86556  -49.158  0.015  30.972 0.0000000000
96117  -40.376  10.853  44.679 0.0000000000
83324  -46.709  -4.243  44.637 0.0000000000
82318  -45.356  -4.576  46.709 0.0000000000
82328  -45.150  -4.468  45.636 0.0000000000
82317  -44.371  -4.632  46.502 0.0000000000
82316  -43.385  -4.493  46.450 0.0000000000
90977  -37.984  4.192  49.255 0.0000000000
90981  -38.112  4.259  48.520 0.0000000000
90038  -38.506  3.901  48.335 0.0000000000
90984  -37.817  4.850  48.110 0.0000000000
91902  -38.080  5.359  47.435 0.0000000000
92773  -36.547  6.584  47.704 0.0000000000
90130  -46.218  3.459  35.611 0.0000000000
91079  -46.432  4.342  35.328 0.0000000000
92013  -46.935  5.162  34.271 0.0000000000
91093  -47.556  4.663  32.762 0.0000000000
92020  -47.962  5.594  32.461 0.0000000000
92887  -48.131  6.481  33.233 0.0000000000
92888  -48.546  7.174  32.775 0.0000000000
93821  -49.192  7.854  33.206 0.0000000000
93833  -49.401  8.396  32.548 0.0000000000
93822  -49.631  8.562  33.585 0.0000000000
92790  -48.362  6.402  45.437 0.0000000000
92791  -49.574  6.447  45.639 0.0000000000
92793  -50.509  6.423  45.314 0.0000000000
91919  -50.365  6.017  45.330 0.0000000000
92800  -50.485  6.157  44.677 0.0000000000
91930  -50.596  5.417  44.138 0.0000000000
96894  -45.176  11.363  39.729 0.0000000000
96163  -45.081  10.666  40.111 0.0000000000
96893  -44.631  10.752  39.515 0.0000000000
95453  -43.466  9.414  37.837 0.0000000000
95445  -43.951  9.229  38.340 0.0000000000
94655  -43.861  8.844  37.731 0.0000000000
94656  -44.711  8.377  37.627 0.0000000000
94669  -44.030  8.413  36.816 0.0000000000
94682  -43.337  8.558  36.191 0.0000000000
95472  -42.432  9.179  34.600 0.0000000000
94695  -43.066  8.445  34.970 0.0000000000
94709  -43.299  7.782  33.480 0.0000000000
94719  -42.315  7.830  32.418 0.0000000000
94707  -42.087  8.342  32.788 0.0000000000
95488  -41.971  10.021  32.535 0.0000000000
96206  -41.914  10.054  31.795 0.0000000000
96213  -42.081  10.371  31.231 0.0000000000
96214  -42.500  10.864  30.957 0.0000000000
100778  -45.537  16.421  32.319 0.0000000000
100789  -45.123  16.169  31.526 0.0000000000
100788  -44.210  16.138  31.347 0.0000000000
100034  -42.986  15.744  31.712 0.0000000000
100035  -43.565  15.940  31.428 0.0000000000
99278  -42.936  14.882  31.602 0.0000000000
99277  -42.444  14.766  32.332 0.0000000000
100024  -41.083  16.264  33.050 0.0000000000
100013  -40.100  16.406  33.800 0.0000000000
100749  -40.219  16.532  33.502 0.0000000000
85468  -46.528  -1.623  39.994 0.0000000000
85482  -46.281  -0.915  39.304 0.0000000000
86448  -45.600  -0.233  39.065 0.0000000000
87377  -45.394  0.396  38.726 0.0000000000
87389  -45.621  0.652  38.130 0.0000000000
87388  -45.158  0.907  38.700 0.0000000000
88269  -43.650  1.304  40.667 0.0000000000
88277  -43.873  1.722  40.219 0.0000000000
90104  -44.544  2.925  39.738 0.0000000000
89181  -44.407  2.169  39.485 0.0000000000
89188  -45.184  2.420  38.186 0.0000000000
90118  -45.395  3.406  37.999 0.0000000000
91048  -46.736  4.777  39.472 0.0000000000
91056  -46.928  5.099  38.295 0.0000000000
91980  -47.361  5.448  37.430 0.0000000000
91057  -47.826  5.351  38.475 0.0000000000
96113  -51.010  10.783  45.734 0.0000000000
95408  -51.068  9.980  45.336 0.0000000000
96124  -51.323  10.897  44.873 0.0000000000
96852  -50.992  11.446  43.443 0.0000000000
96128  -50.765  10.605  43.809 0.0000000000
96135  -49.834  10.688  42.973 0.0000000000
97601  -50.851  12.692  42.267 0.0000000000
97609  -49.157  12.321  41.169 0.0000000000
96887  -48.403  12.261  40.882 0.0000000000
97620  -46.693  12.077  40.298 0.0000000000
98433  -46.167  13.071  37.878 0.0000000000
97650  -45.375  12.938  37.319 0.0000000000
97649  -44.437  12.371  37.514 0.0000000000
97660  -45.486  13.198  36.494 0.0000000000
98455  -45.194  13.274  35.729 0.0000000000
98468  -47.577  14.080  34.629 0.0000000000
98467  -46.471  13.827  34.822 0.0000000000
99269  -47.226  14.486  33.459 0.0000000000
99270  -47.770  14.455  33.885 0.0000000000
99987  -49.531  15.080  37.074 0.0000000000
99998  -49.459  15.002  36.451 0.0000000000
99997  -49.206  15.315  36.485 0.0000000000
100006  -47.331  15.898  35.359 0.0000000000
100019  -47.887  16.014  34.498 0.0000000000
100027  -47.773  15.795  33.629 0.0000000000
100767  -47.412  16.229  33.737 0.0000000000
100766  -46.794  16.428  33.334 0.0000000000
100754  -46.961  16.353  33.974 0.0000000000
100004  -45.833  16.077  34.611 0.0000000000
100742  -44.915  16.048  34.861 0.0000000000
90186  -47.264  3.815  29.701 0.0000000000
91915  -43.079  5.277  45.248 0.0000000000
93716  -43.729  6.818  44.937 0.0000000000
92796  -45.067  6.053  44.706 0.0000000000
93717  -44.487  6.832  44.826 0.0000000000
94588  -44.934  8.426  45.041 0.0000000000
94599  -45.669  7.609  44.965 0.0000000000
94589  -45.969  8.423  45.172 0.0000000000
93710  -46.792  7.415  45.162 0.0000000000
96108  -46.424  10.172  45.446 0.0000000000
95399  -47.313  9.325  45.601 0.0000000000
96109  -47.476  10.252  45.758 0.0000000000
95400  -48.454  9.358  45.967 0.0000000000
98390  -45.032  14.062  43.521 0.0000000000
97592  -44.017  13.078  43.565 0.0000000000
97593  -44.875  13.210  43.747 0.0000000000
96847  -45.552  11.625  44.812 0.0000000000
97584  -45.724  12.622  44.388 0.0000000000
97586  -47.694  12.761  45.196 0.0000000000
96849  -47.303  12.116  45.295 0.0000000000
97571  -48.060  11.916  45.505 0.0000000000
96835  -48.756  11.275  45.947 0.0000000000
96836  -49.704  11.447  46.193 0.0000000000
98384  -49.349  14.231  45.446 0.0000000000
98372  -49.781  13.416  45.708 0.0000000000
99182  -50.071  14.261  45.589 0.0000000000
86450  -53.465  -0.719  39.065 0.0000000000
85487  -51.610  -1.546  39.351 0.0000000000
85486  -50.469  -1.788  39.428 0.0000000000
84402  -50.970  -2.836  42.655 0.0000000000
84382  -51.362  -2.776  43.547 0.0000000000
84418  -48.415  -2.948  41.236 0.0000000000
84447  -48.745  -2.110  39.868 0.0000000000
83372  -45.707  -3.034  41.866 0.0000000000
84415  -45.200  -2.316  41.421 0.0000000000
84414  -44.576  -2.059  41.636 0.0000000000
83323  -45.518  -4.198  44.528 0.0000000000
83339  -42.623  -2.732  43.797 0.0000000000
84399  -43.188  -2.058  42.540 0.0000000000
84398  -42.629  -1.816  42.862 0.0000000000
85425  -42.284  -1.386  43.339 0.0000000000
83267  -47.122  -3.589  49.783 0.0000000000
90027  -45.160  3.653  50.351 0.0000000000
88210  -45.239  1.871  50.224 0.0000000000
87316  -44.873  0.927  50.345 0.0000000000
90014  -42.156  3.973  51.337 0.0000000000
90015  -42.668  4.079  51.311 0.0000000000
86368  -44.550  -0.026  50.515 0.0000000000
85364  -44.348  -1.124  50.430 0.0000000000
84314  -45.306  -1.906  50.822 0.0000000000
84326  -43.805  -2.732  49.921 0.0000000000
83254  -44.306  -2.928  50.071 0.0000000000
82287  -45.176  -4.052  49.239 0.0000000000
82296  -44.741  -4.368  48.596 0.0000000000
83276  -44.032  -4.115  48.855 0.0000000000
83261  -41.507  -2.859  48.855 0.0000000000
83273  -41.327  -2.999  48.567 0.0000000000
83285  -41.350  -3.417  47.740 0.0000000000
83293  -40.766  -3.015  47.473 0.0000000000
90047  -40.760  2.941  46.170 0.0000000000
89130  -41.105  1.961  46.012 0.0000000000
89133  -41.049  2.590  45.996 0.0000000000
89134  -41.766  2.329  45.713 0.0000000000
91908  -40.199  5.357  46.429 0.0000000000
92779  -38.413  6.402  46.466 0.0000000000
94582  -38.609  8.525  45.580 0.0000000000
95391  -38.976  9.434  45.374 0.0000000000
85547  -51.526  -0.910  34.728 0.0000000000
86517  -52.622  -0.031  34.366 0.0000000000
87455  -52.336  0.747  33.337 0.0000000000
87454  -51.777  0.364  32.829 0.0000000000
86537  -51.399  0.024  32.679 0.0000000000
85511  -47.264  -0.584  37.948 0.0000000000
87433  -48.239  0.598  35.408 0.0000000000
89222  -46.931  2.675  34.264 0.0000000000
88336  -46.909  2.146  34.733 0.0000000000
89223  -47.530  2.458  33.876 0.0000000000
88349  -48.495  2.060  33.718 0.0000000000
88339  -50.240  1.570  34.261 0.0000000000
88351  -50.677  2.032  33.477 0.0000000000
89238  -50.952  2.457  32.706 0.0000000000
89252  -51.524  2.346  31.638 0.0000000000
87464  -51.610  0.604  32.043 0.0000000000
87471  -51.304  0.913  30.801 0.0000000000
88386  -51.206  2.289  29.734 0.0000000000
89272  -50.921  2.701  29.496 0.0000000000
92037  -49.203  6.038  30.658 0.0000000000
91129  -49.856  5.242  30.788 0.0000000000
92919  -49.369  6.468  30.525 0.0000000000
92946  -49.438  6.439  28.972 0.0000000000
92051  -50.267  5.702  29.480 0.0000000000
91150  -49.842  5.072  28.682 0.0000000000
90204  -49.784  4.354  28.713 0.0000000000
91149  -49.142  5.102  28.531 0.0000000000
92050  -46.807  6.003  28.666 0.0000000000
90997  -44.417  3.955  44.887 0.0000000000
89137  -44.477  2.605  44.877 0.0000000000
90053  -44.834  3.342  44.790 0.0000000000
89142  -46.563  2.746  44.264 0.0000000000
88240  -45.998  2.545  44.310 0.0000000000
89148  -46.248  2.514  43.675 0.0000000000
89149  -47.141  2.973  43.357 0.0000000000
91006  -49.448  4.694  45.124 0.0000000000
90057  -49.079  3.947  44.618 0.0000000000
90089  -49.356  3.879  42.500 0.0000000000
90073  -48.788  3.424  43.012 0.0000000000
91028  -48.306  4.265  41.258 0.0000000000
91952  -50.073  5.285  39.946 0.0000000000
91050  -48.971  5.322  39.430 0.0000000000
91962  -49.665  5.456  39.276 0.0000000000
91973  -49.457  5.748  38.487 0.0000000000
91974  -50.232  5.962  38.603 0.0000000000
95407  -50.947  9.236  44.940 0.0000000000
94601  -50.841  8.159  45.186 0.0000000000
94606  -50.482  8.666  44.501 0.0000000000
94610  -48.318  7.998  43.087 0.0000000000
93723  -49.192  7.362  43.490 0.0000000000
93728  -48.649  7.145  43.007 0.0000000000
92803  -49.543  6.580  43.245 0.0000000000
92810  -48.904  6.580  42.485 0.0000000000
95433  -45.481  9.118  40.687 0.0000000000
95424  -45.967  8.675  41.091 0.0000000000
94618  -46.003  8.323  40.955 0.0000000000
93758  -47.833  7.252  39.525 0.0000000000
93747  -46.914  7.383  40.412 0.0000000000
92831  -48.977  6.503  40.961 0.0000000000
93749  -49.031  6.619  40.451 0.0000000000
92839  -50.041  6.607  39.990 0.0000000000
93760  -50.233  7.000  39.363 0.0000000000
93782  -50.165  7.750  37.702 0.0000000000
92857  -50.296  7.429  37.209 0.0000000000
92866  -50.348  7.787  36.687 0.0000000000
93789  -50.228  8.131  36.367 0.0000000000
94689  -49.791  9.039  34.823 0.0000000000
94700  -48.875  9.477  34.087 0.0000000000
94713  -48.800  9.623  33.189 0.0000000000
93810  -46.239  8.017  34.664 0.0000000000
93820  -45.963  7.924  33.869 0.0000000000
94741  -46.392  8.273  31.200 0.0000000000
94732  -46.486  8.311  32.263 0.0000000000
94733  -47.226  8.769  31.666 0.0000000000
94734  -47.839  9.319  31.129 0.0000000000
93876  -45.030  7.272  28.419 0.0000000000
93877  -45.617  7.451  28.253 0.0000000000
92952  -44.147  6.351  27.200 0.0000000000
92903  -42.346  6.913  30.491 0.0000000000
93853  -41.989  7.132  30.552 0.0000000000
93865  -41.001  7.641  29.308 0.0000000000
97682  -44.033  12.590  32.486 0.0000000000
97696  -44.223  12.794  29.935 0.0000000000
96962  -42.993  11.699  29.360 0.0000000000
96963  -43.585  12.412  29.110 0.0000000000
100070  -44.204  15.133  29.354 0.0000000000
99323  -44.420  14.793  29.067 0.0000000000
98512  -43.793  14.702  29.011 0.0000000000
97707  -42.104  12.935  28.790 0.0000000000
97719  -41.722  12.315  28.330 0.0000000000
96971  -41.944  11.871  28.061 0.0000000000
96970  -41.068  11.563  28.345 0.0000000000
96229  -40.774  10.723  28.688 0.0000000000
96969  -40.507  11.099  28.994 0.0000000000
96212  -39.436  10.271  31.023 0.0000000000
95497  -39.280  9.472  31.321 0.0000000000
96200  -39.319  10.187  33.293 0.0000000000
96195  -39.208  10.519  34.350 0.0000000000
98465  -41.542  13.698  34.000 0.0000000000
98474  -41.441  12.971  33.790 0.0000000000
98464  -41.202  13.297  34.619 0.0000000000
97657  -40.114  12.648  35.690 0.0000000000
96915  -38.969  11.716  36.000 0.0000000000
101457  -41.174  18.080  33.443 0.0000000000
102147  -40.905  18.676  33.578 0.0000000000
102145  -39.588  18.765  33.292 0.0000000000
101447  -38.665  17.562  33.605 0.0000000000
87344  -43.269  0.971  44.004 0.0000000000
88237  -43.850  1.433  44.333 0.0000000000
88238  -44.676  1.963  44.614 0.0000000000
99210  -50.822  15.215  42.368 0.0000000000
99209  -50.571  15.532  41.801 0.0000000000
99957  -50.020  15.313  40.390 0.0000000000
99947  -50.189  16.081  41.430 0.0000000000
99946  -49.608  16.270  41.211 0.0000000000
100692  -49.294  16.322  41.133 0.0000000000
96840  -38.891  11.700  44.678 0.0000000000
96841  -39.720  11.680  44.503 0.0000000000
83311  -48.197  -3.572  45.857 0.0000000000
82307  -44.621  -4.622  47.517 0.0000000000
91901  -37.125  5.605  48.106 0.0000000000
91896  -36.674  6.042  48.696 0.0000000000
85515  -50.663  -1.006  37.901 0.0000000000
86479  -49.442  -0.643  37.182 0.0000000000
91999  -46.669  5.048  35.821 0.0000000000
92008  -47.377  5.858  34.759 0.0000000000
92880  -48.137  6.536  34.349 0.0000000000
93713  -49.973  7.316  46.108 0.0000000000
96910  -44.044  11.750  37.980 0.0000000000
96900  -43.717  10.561  38.351 0.0000000000
96909  -43.500  11.096  37.714 0.0000000000
96176  -43.261  10.128  37.646 0.0000000000
95459  -43.010  9.047  36.779 0.0000000000
96201  -42.318  10.486  33.262 0.0000000000
96938  -42.756  11.252  32.955 0.0000000000
100033  -42.141  16.230  32.348 0.0000000000
100774  -41.520  16.685  32.661 0.0000000000
100773  -41.007  17.099  32.701 0.0000000000
85481  -45.651  -0.710  39.632 0.0000000000
86435  -44.616  -0.375  40.158 0.0000000000
86447  -44.921  -0.063  39.582 0.0000000000
87366  -44.409  0.403  39.878 0.0000000000
90083  -44.136  2.776  41.360 0.0000000000
89173  -43.867  2.245  40.567 0.0000000000
90096  -44.287  3.060  40.682 0.0000000000
91047  -45.695  4.218  39.748 0.0000000000
96850  -51.460  11.953  44.695 0.0000000000
96861  -50.743  11.941  42.604 0.0000000000
97623  -49.888  13.114  40.348 0.0000000000
97610  -49.900  12.561  41.042 0.0000000000
97633  -47.758  13.018  39.322 0.0000000000
97632  -46.678  12.644  39.477 0.0000000000
98434  -46.998  13.249  37.771 0.0000000000
98456  -46.184  13.501  35.954 0.0000000000
98444  -47.174  13.445  36.830 0.0000000000
98458  -48.286  13.863  35.653 0.0000000000
99996  -48.605  15.574  36.453 0.0000000000
99995  -47.668  15.706  36.372 0.0000000000
100005  -46.482  15.934  35.059 0.0000000000
92786  -41.659  6.353  45.642 0.0000000000
92787  -42.599  6.221  45.361 0.0000000000
93709  -43.048  6.960  45.155 0.0000000000
94596  -43.399  7.330  45.045 0.0000000000
96119  -42.421  10.605  44.682 0.0000000000
96105  -43.344  9.946  45.064 0.0000000000
96832  -45.764  10.831  45.205 0.0000000000
98380  -46.149  13.246  44.288 0.0000000000
98381  -46.878  13.537  44.486 0.0000000000
97587  -48.418  13.107  45.388 0.0000000000
98383  -48.712  13.817  45.297 0.0000000000
85489  -53.413  -1.059  39.742 0.0000000000
85471  -51.915  -1.830  40.151 0.0000000000
83362  -50.055  -3.271  42.769 0.0000000000
83376  -49.550  -3.215  42.123 0.0000000000
84417  -47.412  -2.851  41.184 0.0000000000
83373  -46.704  -3.310  41.873 0.0000000000
83308  -43.876  -4.006  44.713 0.0000000000
83321  -43.544  -3.571  44.173 0.0000000000
84364  -42.245  -2.343  43.971 0.0000000000
85417  -42.220  -1.898  43.665 0.0000000000
89111  -41.379  2.310  50.499 0.0000000000
89112  -42.558  2.410  50.646 0.0000000000
87314  -42.869  0.539  50.282 0.0000000000
85363  -43.279  -1.493  50.083 0.0000000000
85375  -43.006  -1.796  49.938 0.0000000000
84325  -43.247  -2.356  49.854 0.0000000000
83263  -42.817  -3.240  49.257 0.0000000000
84324  -42.169  -2.446  49.493 0.0000000000
85372  -40.759  -1.939  49.087 0.0000000000
89128  -39.889  2.523  46.981 0.0000000000
89129  -40.541  2.313  46.398 0.0000000000
90044  -40.762  3.928  46.232 0.0000000000
90990  -40.499  4.418  46.419 0.0000000000
87447  -52.613  0.421  33.931 0.0000000000
88353  -52.555  1.403  33.801 0.0000000000
88362  -52.186  1.394  33.069 0.0000000000
86476  -46.531  0.113  37.589 0.0000000000
86492  -47.467  -0.027  36.628 0.0000000000
87405  -47.108  0.266  36.667 0.0000000000
87432  -47.454  0.821  35.570 0.0000000000
90150  -47.650  3.604  33.065 0.0000000000
89235  -48.011  2.695  33.412 0.0000000000
90151  -48.344  3.134  32.960 0.0000000000
89250  -50.342  2.961  32.291 0.0000000000
89251  -51.018  2.897  31.891 0.0000000000
89259  -51.246  2.969  31.226 0.0000000000
89260  -51.422  2.529  30.720 0.0000000000
90178  -51.168  3.284  30.688 0.0000000000
90187  -50.812  3.930  30.259 0.0000000000
92907  -49.347  7.116  30.669 0.0000000000
92920  -49.704  6.594  30.073 0.0000000000
93869  -49.516  7.577  29.681 0.0000000000
92945  -48.789  6.724  28.620 0.0000000000
93880  -48.466  7.602  28.495 0.0000000000
93879  -47.646  7.753  28.222 0.0000000000
90054  -45.650  3.424  44.638 0.0000000000
90055  -46.569  3.442  44.502 0.0000000000
90056  -47.772  3.437  44.361 0.0000000000
90064  -50.371  4.367  43.969 0.0000000000
90063  -49.939  4.068  44.195 0.0000000000
90075  -50.299  4.268  43.547 0.0000000000
91015  -49.851  4.132  42.469 0.0000000000
91029  -49.656  4.308  41.604 0.0000000000
91953  -50.582  5.413  40.181 0.0000000000
91964  -50.842  5.866  39.735 0.0000000000
96126  -49.154  9.406  43.460 0.0000000000
95416  -48.342  9.139  43.126 0.0000000000
94637  -45.327  8.224  39.311 0.0000000000
93746  -46.237  7.725  40.080 0.0000000000
93769  -46.230  7.795  38.794 0.0000000000
93771  -48.672  7.559  38.654 0.0000000000
93772  -49.811  7.512  38.699 0.0000000000
94661  -49.612  8.409  37.003 0.0000000000
94675  -49.811  8.548  36.077 0.0000000000
94674  -48.914  8.593  36.164 0.0000000000
94687  -48.082  8.734  35.434 0.0000000000
93819  -45.062  7.631  33.595 0.0000000000
93843  -45.648  7.763  31.644 0.0000000000
93856  -46.322  8.152  29.834 0.0000000000
93866  -44.958  7.356  28.821 0.0000000000
92931  -44.555  7.087  28.692 0.0000000000
92930  -43.805  6.655  28.577 0.0000000000
94731  -41.579  8.738  30.874 0.0000000000
93852  -41.502  7.622  30.122 0.0000000000
98486  -45.481  13.836  32.883 0.0000000000
97683  -44.727  13.267  32.076 0.0000000000
98493  -45.368  13.788  31.602 0.0000000000
97690  -44.825  13.224  30.784 0.0000000000
97697  -44.696  13.457  29.696 0.0000000000
98499  -43.200  14.440  30.052 0.0000000000
98511  -43.424  14.344  28.982 0.0000000000
98498  -42.705  13.717  29.556 0.0000000000
96961  -40.666  11.687  29.387 0.0000000000
96952  -40.423  11.624  30.475 0.0000000000
96944  -39.730  10.913  31.846 0.0000000000
96930  -40.165  11.472  33.836 0.0000000000
99250  -40.852  14.320  35.176 0.0000000000
98453  -39.896  13.523  36.245 0.0000000000
99248  -39.257  14.651  36.519 0.0000000000
86411  -42.865  -0.490  42.045 0.0000000000
86423  -43.163  -0.136  41.472 0.0000000000
87358  -42.846  0.403  41.819 0.0000000000
88262  -43.161  1.310  41.864 0.0000000000
88251  -43.569  1.613  42.818 0.0000000000
89154  -43.703  1.902  42.216 0.0000000000
89168  -44.223  2.648  41.818 0.0000000000
90069  -45.275  3.050  42.345 0.0000000000
97595  -51.433  13.134  43.605 0.0000000000
97612  -50.800  13.819  41.928 0.0000000000
97624  -50.345  13.569  40.430 0.0000000000
98425  -49.981  13.930  38.408 0.0000000000
98437  -49.538  14.085  37.127 0.0000000000
99238  -49.667  14.575  37.654 0.0000000000
99977  -49.490  15.088  38.006 0.0000000000
99976  -48.784  15.442  38.299 0.0000000000
99975  -47.622  15.761  38.568 0.0000000000
100711  -46.735  16.205  39.077 0.0000000000
88383  -48.846  1.832  29.494 0.0000000000
95393  -41.001  9.349  45.123 0.0000000000
95405  -41.476  9.890  44.924 0.0000000000
95406  -42.001  10.031  44.863 0.0000000000
96118  -41.335  10.678  44.676 0.0000000000
83345  -48.521  -3.844  43.783 0.0000000000
83344  -47.440  -4.149  43.690 0.0000000000
82338  -44.672  -4.268  44.915 0.0000000000
82326  -42.935  -4.226  45.739 0.0000000000
83295  -41.911  -3.863  46.221 0.0000000000
91869  -42.686  5.595  51.377 0.0000000000
91868  -41.903  5.537  51.383 0.0000000000
90952  -41.539  4.702  51.404 0.0000000000
90013  -41.305  3.893  51.282 0.0000000000
90951  -40.384  4.523  51.303 0.0000000000
90986  -39.129  4.350  47.453 0.0000000000
91903  -38.696  4.884  47.453 0.0000000000
92775  -37.953  6.056  46.958 0.0000000000
89200  -45.691  2.565  36.700 0.0000000000
89201  -46.157  2.513  35.943 0.0000000000
91085  -46.663  4.387  34.468 0.0000000000
90149  -46.907  3.579  33.907 0.0000000000
90162  -47.930  4.052  32.422 0.0000000000
91104  -48.763  4.273  31.871 0.0000000000
91116  -49.627  4.811  31.123 0.0000000000
92027  -48.375  5.250  31.728 0.0000000000
92896  -48.583  6.786  31.801 0.0000000000
93844  -48.950  7.316  31.591 0.0000000000
93845  -49.287  7.864  31.391 0.0000000000
94724  -49.504  8.993  31.819 0.0000000000
92798  -47.163  6.207  45.151 0.0000000000
91925  -47.779  5.164  45.136 0.0000000000
92799  -47.924  5.803  45.347 0.0000000000
91926  -48.674  5.028  45.210 0.0000000000
91918  -50.117  5.636  45.422 0.0000000000
91007  -50.262  4.676  44.894 0.0000000000
91008  -50.644  4.915  44.479 0.0000000000
92812  -50.415  5.698  42.896 0.0000000000
96156  -46.189  10.657  41.106 0.0000000000
96145  -46.480  9.986  41.554 0.0000000000
96155  -45.546  10.047  40.683 0.0000000000
96154  -45.067  9.453  40.233 0.0000000000
95439  -44.697  9.194  39.665 0.0000000000
96169  -44.177  10.346  38.998 0.0000000000
95446  -44.218  9.552  39.029 0.0000000000
94636  -45.067  8.655  39.741 0.0000000000
94657  -45.618  7.973  37.412 0.0000000000
94671  -45.896  7.861  36.571 0.0000000000
94684  -45.299  7.876  35.838 0.0000000000
93797  -44.989  7.796  35.119 0.0000000000
93808  -44.490  7.733  34.408 0.0000000000
93818  -44.001  7.562  33.358 0.0000000000
93828  -42.806  7.485  32.189 0.0000000000
93827  -42.200  7.619  31.846 0.0000000000
95480  -41.964  8.669  32.785 0.0000000000
95487  -41.784  9.278  32.083 0.0000000000
96230  -41.913  10.514  29.255 0.0000000000
100049  -46.323  15.539  31.697 0.0000000000
99296  -45.875  15.042  30.920 0.0000000000
100048  -45.602  15.737  31.097 0.0000000000
99295  -43.864  15.253  29.825 0.0000000000
100787  -43.770  16.026  31.340 0.0000000000
100046  -43.868  15.617  30.652 0.0000000000
99294  -43.680  15.095  30.017 0.0000000000
98492  -42.942  14.292  30.679 0.0000000000
98484  -42.148  13.670  32.123 0.0000000000
99258  -41.647  14.133  33.741 0.0000000000
100025  -41.787  15.784  32.725 0.0000000000
99267  -41.409  15.220  33.681 0.0000000000
100003  -40.669  15.564  34.373 0.0000000000
85499  -47.059  -0.824  38.493 0.0000000000
86464  -46.983  -0.450  38.026 0.0000000000
86463  -46.347  -0.176  38.237 0.0000000000
87390  -46.158  0.374  37.699 0.0000000000
87403  -45.910  0.821  37.493 0.0000000000
88270  -44.033  0.810  40.187 0.0000000000
89180  -43.969  2.016  39.941 0.0000000000
88283  -44.783  1.446  39.076 0.0000000000
88284  -45.179  1.525  38.408 0.0000000000
88306  -45.603  2.030  37.016 0.0000000000
90123  -45.598  3.411  37.147 0.0000000000
91072  -45.986  4.088  36.926 0.0000000000
91992  -48.710  6.190  37.191 0.0000000000
95402  -50.627  9.889  46.299 0.0000000000
94594  -51.029  9.085  46.170 0.0000000000
95403  -50.928  9.837  45.975 0.0000000000
95412  -50.512  9.582  44.234 0.0000000000
96147  -48.320  10.903  42.187 0.0000000000
96862  -51.218  12.633  42.924 0.0000000000
96875  -49.871  11.991  41.728 0.0000000000
96860  -49.835  11.385  42.388 0.0000000000
96873  -47.605  11.161  41.588 0.0000000000
96885  -46.633  11.330  40.931 0.0000000000
97619  -45.937  11.643  40.297 0.0000000000
96902  -45.044  11.916  39.048 0.0000000000
97639  -44.643  12.004  38.393 0.0000000000
97658  -43.667  12.147  36.499 0.0000000000
97668  -43.563  12.369  35.291 0.0000000000
97669  -44.502  12.981  34.949 0.0000000000
98476  -45.708  13.785  33.985 0.0000000000
99279  -46.850  14.579  32.749 0.0000000000
99289  -47.023  15.186  32.337 0.0000000000
98447  -49.268  14.318  36.326 0.0000000000
98459  -48.958  14.251  35.663 0.0000000000
98470  -48.740  14.459  34.989 0.0000000000
100008  -48.917  15.411  35.810 0.0000000000
100020  -48.572  15.447  35.015 0.0000000000
99282  -48.318  15.034  34.147 0.0000000000
99281  -47.951  15.107  33.596 0.0000000000
100037  -47.498  15.584  32.924 0.0000000000
100036  -46.951  15.925  32.253 0.0000000000
100779  -46.506  16.365  32.579 0.0000000000
100016  -46.023  16.248  34.156 0.0000000000
100752  -45.452  16.275  33.911 0.0000000000
100764  -44.906  16.483  33.024 0.0000000000
90050  -43.202  3.343  45.164 0.0000000000
91001  -44.349  4.606  44.800 0.0000000000
91921  -43.880  5.276  44.861 0.0000000000
91922  -44.700  5.247  44.662 0.0000000000
92797  -46.029  6.059  44.806 0.0000000000
94587  -43.964  8.323  44.968 0.0000000000
93711  -47.840  7.484  45.458 0.0000000000
95401  -49.528  9.443  46.323 0.0000000000
96837  -50.585  11.621  46.101 0.0000000000
98374  -51.259  13.624  45.120 0.0000000000
99183  -50.800  14.386  45.496 0.0000000000
85504  -52.203  -1.142  38.694 0.0000000000
84436  -50.186  -2.407  40.507 0.0000000000
84448  -49.584  -2.177  39.880 0.0000000000
85484  -48.411  -1.674  39.237 0.0000000000
84445  -47.339  -1.858  39.905 0.0000000000
85469  -47.073  -1.804  39.919 0.0000000000
84432  -45.990  -2.004  40.670 0.0000000000
85454  -45.166  -1.735  40.961 0.0000000000
85453  -44.578  -1.571  41.224 0.0000000000
85452  -43.893  -0.997  41.117 0.0000000000
83357  -44.937  -3.136  42.442 0.0000000000
83341  -44.149  -3.265  43.251 0.0000000000
83356  -44.356  -2.933  42.652 0.0000000000
84400  -44.264  -2.420  42.186 0.0000000000
85438  -43.618  -1.459  41.831 0.0000000000
86405  -42.407  -0.414  43.008 0.0000000000
86402  -42.344  -0.071  43.804 0.0000000000
87343  -42.739  0.522  44.226 0.0000000000
87340  -42.582  0.611  44.948 0.0000000000
82299  -47.226  -4.006  48.393 0.0000000000
87317  -45.604  1.063  50.725 0.0000000000
86357  -45.753  -0.147  51.192 0.0000000000
85352  -45.791  -1.149  51.082 0.0000000000
90954  -43.158  4.912  51.353 0.0000000000
90968  -43.614  4.270  51.085 0.0000000000
89113  -43.681  2.576  50.473 0.0000000000
88209  -44.322  1.736  50.300 0.0000000000
84304  -45.738  -1.573  51.038 0.0000000000
84315  -46.315  -2.421  50.920 0.0000000000
84313  -44.069  -2.344  50.177 0.0000000000
83255  -44.788  -2.937  50.275 0.0000000000
83266  -46.302  -3.647  49.778 0.0000000000
82289  -46.422  -3.918  49.240 0.0000000000
82288  -45.948  -4.001  49.244 0.0000000000
83275  -43.383  -3.943  48.759 0.0000000000
82294  -43.217  -4.276  48.006 0.0000000000
82305  -42.822  -4.336  47.294 0.0000000000
83286  -41.948  -3.962  47.133 0.0000000000
84345  -40.936  -2.790  46.155 0.0000000000
85382  -40.135  -1.473  48.462 0.0000000000
85381  -39.840  -1.088  48.316 0.0000000000
84338  -40.418  -2.396  47.851 0.0000000000
85392  -40.086  -1.544  47.404 0.0000000000
84344  -40.537  -2.462  46.860 0.0000000000
84354  -40.723  -2.165  46.105 0.0000000000
88232  -42.411  1.400  45.518 0.0000000000
90991  -40.993  4.417  46.071 0.0000000000
91907  -39.033  5.342  46.923 0.0000000000
92780  -39.433  6.138  46.269 0.0000000000
95392  -39.960  9.334  45.245 0.0000000000
96101  -39.312  10.225  45.127 0.0000000000
96100  -38.278  10.510  45.203 0.0000000000
96115  -38.833  10.986  44.957 0.0000000000
85546  -50.890  -0.948  34.297 0.0000000000
86515  -51.164  -0.530  33.677 0.0000000000
85556  -50.513  -0.757  33.729 0.0000000000
86524  -50.849  -0.440  33.080 0.0000000000
86523  -50.326  -0.525  32.757 0.0000000000
86494  -49.088  -0.254  36.490 0.0000000000
86493  -48.036  -0.244  36.515 0.0000000000
87421  -49.793  0.345  35.905 0.0000000000
88321  -47.895  1.071  34.933 0.0000000000
88348  -47.892  2.230  33.806 0.0000000000
87470  -50.456  0.351  31.198 0.0000000000
87479  -50.596  0.826  30.364 0.0000000000
88377  -51.350  1.734  30.201 0.0000000000
88376  -50.747  1.278  29.867 0.0000000000
88375  -50.184  1.076  30.041 0.0000000000
88384  -49.852  1.643  29.655 0.0000000000
89270  -49.269  2.597  29.149 0.0000000000
91130  -50.286  4.797  30.608 0.0000000000
91142  -50.554  4.825  29.790 0.0000000000
92921  -50.085  6.064  29.815 0.0000000000
90205  -50.174  4.523  28.913 0.0000000000
90196  -49.629  3.500  28.890 0.0000000000
90195  -48.704  3.469  28.781 0.0000000000
90202  -48.257  4.325  28.704 0.0000000000
92064  -48.486  6.005  28.578 0.0000000000
91141  -47.483  5.107  28.944 0.0000000000
91140  -46.748  5.611  28.949 0.0000000000
88245  -45.423  2.085  44.071 0.0000000000
88239  -45.535  2.389  44.353 0.0000000000
90070  -46.109  3.228  42.444 0.0000000000
90061  -47.956  3.180  43.578 0.0000000000
89158  -47.110  3.126  42.965 0.0000000000
90071  -46.956  3.332  42.539 0.0000000000
90086  -46.586  3.725  41.888 0.0000000000
91027  -47.111  4.301  41.276 0.0000000000
91039  -49.122  4.903  40.193 0.0000000000
91972  -48.526  5.566  38.354 0.0000000000
91982  -49.172  6.064  37.768 0.0000000000
92855  -49.232  6.353  37.207 0.0000000000
94593  -51.062  8.406  46.015 0.0000000000
93720  -50.446  7.483  44.580 0.0000000000
94605  -49.798  8.024  44.132 0.0000000000
93725  -50.374  6.721  44.450 0.0000000000
91945  -50.438  5.664  41.980 0.0000000000
95425  -46.559  8.970  41.715 0.0000000000
95414  -46.886  8.346  41.913 0.0000000000
94609  -47.298  7.846  42.118 0.0000000000
94629  -46.271  7.808  40.580 0.0000000000
93737  -47.201  7.273  41.171 0.0000000000
93738  -47.693  7.004  41.737 0.0000000000
92821  -48.542  6.588  41.592 0.0000000000
92822  -49.409  6.265  41.567 0.0000000000
92823  -50.262  5.915  41.335 0.0000000000
92834  -50.904  6.127  40.091 0.0000000000
92841  -50.691  6.472  39.252 0.0000000000
93773  -50.555  7.162  38.773 0.0000000000
92848  -50.205  6.342  38.073 0.0000000000
92856  -49.918  6.578  37.371 0.0000000000
92874  -49.813  7.784  35.488 0.0000000000
93813  -49.779  8.579  34.538 0.0000000000
95483  -49.354  9.529  32.442 0.0000000000
95491  -49.289  9.606  31.606 0.0000000000
94698  -47.191  8.529  34.802 0.0000000000
94711  -47.388  8.678  33.858 0.0000000000
94720  -46.590  8.331  33.326 0.0000000000
94712  -48.213  9.151  33.462 0.0000000000
94722  -48.257  9.395  32.294 0.0000000000
95489  -48.414  9.651  31.561 0.0000000000
95508  -48.632  9.489  30.114 0.0000000000
94753  -48.228  8.954  29.213 0.0000000000
94760  -47.629  8.347  28.556 0.0000000000
93878  -46.680  7.988  28.057 0.0000000000
93868  -46.291  8.021  29.170 0.0000000000
92904  -42.836  6.766  30.460 0.0000000000
92928  -41.793  6.448  28.986 0.0000000000
97674  -43.051  12.037  34.412 0.0000000000
96932  -43.033  11.838  33.625 0.0000000000
96947  -43.543  11.999  31.490 0.0000000000
96946  -42.888  11.385  31.799 0.0000000000
96953  -43.054  11.471  30.579 0.0000000000
96222  -42.502  10.997  29.785 0.0000000000
99311  -45.264  14.852  29.889 0.0000000000
98529  -45.020  14.331  29.243 0.0000000000
97709  -44.471  13.748  28.962 0.0000000000
98526  -43.321  13.721  28.318 0.0000000000
96973  -43.519  12.831  28.485 0.0000000000
96972  -42.713  12.059  28.357 0.0000000000
96984  -42.116  11.379  28.097 0.0000000000
96240  -41.811  10.786  28.304 0.0000000000
95516  -39.974  9.582  29.510 0.0000000000
96960  -40.174  11.036  29.770 0.0000000000
96220  -39.776  10.319  30.045 0.0000000000
94739  -39.526  8.639  30.625 0.0000000000
95479  -39.052  9.428  33.345 0.0000000000
97673  -41.319  12.608  33.098 0.0000000000
97672  -40.873  12.207  33.663 0.0000000000
96924  -39.917  11.526  34.678 0.0000000000
97655  -38.804  12.457  36.661 0.0000000000
100730  -43.377  17.001  36.273 0.0000000000
100740  -42.712  17.084  35.105 0.0000000000
101449  -42.059  17.565  34.228 0.0000000000
101440  -42.178  18.065  35.145 0.0000000000
101464  -40.824  17.484  32.847 0.0000000000
102146  -40.494  18.903  33.412 0.0000000000
100759  -39.792  17.342  33.054 0.0000000000
100748  -39.429  16.877  33.576 0.0000000000
100739  -38.866  16.653  34.345 0.0000000000
82298  -46.640  -4.074  48.661 0.0000000000
82325  -42.406  -4.059  45.941 0.0000000000
82337  -44.246  -4.162  44.818 0.0000000000
83272  -40.981  -2.849  48.467 0.0000000000
83284  -40.873  -2.941  48.151 0.0000000000
84322  -40.929  -2.365  48.950 0.0000000000
84323  -41.298  -2.549  49.036 0.0000000000
84333  -41.134  -2.706  48.760 0.0000000000
84381  -44.078  -2.843  42.745 0.0000000000
84401  -44.884  -2.706  41.972 0.0000000000
85362  -42.747  -1.225  49.974 0.0000000000
85391  -39.744  -1.131  48.014 0.0000000000
86365  -41.357  -0.279  49.909 0.0000000000
86377  -42.229  -1.064  49.873 0.0000000000
86382  -39.786  -0.602  48.402 0.0000000000
86383  -40.084  -0.936  48.757 0.0000000000
86449  -46.179  -0.492  38.825 0.0000000000
86535  -49.720  -0.516  32.413 0.0000000000
87347  -43.189  1.069  43.616 0.0000000000
88295  -45.977  1.113  37.163 0.0000000000
89265  -51.346  2.545  29.984 0.0000000000
89273  -51.212  2.611  29.691 0.0000000000
90095  -43.934  2.631  41.027 0.0000000000
90111  -44.718  2.656  39.275 0.0000000000
90198  -51.155  2.963  29.656 0.0000000000
90967  -42.982  4.254  51.285 0.0000000000
90998  -49.788  5.178  45.358 0.0000000000
90999  -50.075  5.015  45.287 0.0000000000
91010  -50.420  4.523  44.290 0.0000000000
91041  -50.686  5.130  40.658 0.0000000000
91114  -48.446  4.870  31.722 0.0000000000
91115  -48.763  4.776  31.524 0.0000000000
91916  -48.414  5.559  45.329 0.0000000000
91927  -50.338  5.169  45.217 0.0000000000
91935  -50.540  5.589  42.418 0.0000000000
91963  -50.448  5.662  39.430 0.0000000000
91971  -47.777  5.451  38.032 0.0000000000
92021  -48.351  5.969  31.868 0.0000000000
92029  -49.459  5.496  30.789 0.0000000000
92038  -49.755  5.753  30.491 0.0000000000
92066  -49.934  5.719  28.921 0.0000000000
92072  -44.199  6.081  27.045 0.0000000000
92073  -44.361  6.247  27.288 0.0000000000
92738  -42.246  6.200  51.319 0.0000000000
92802  -49.027  6.852  43.122 0.0000000000
92809  -48.282  6.791  42.104 0.0000000000
92833  -50.459  6.253  40.401 0.0000000000
92840  -50.552  6.522  39.684 0.0000000000
92863  -48.081  6.232  36.148 0.0000000000
92932  -49.628  6.764  29.417 0.0000000000
92947  -49.921  6.206  29.236 0.0000000000
93756  -45.935  7.883  39.509 0.0000000000
93768  -45.707  7.978  39.006 0.0000000000
93779  -47.561  7.744  37.739 0.0000000000
93790  -50.386  8.027  36.930 0.0000000000
93799  -46.467  8.112  35.239 0.0000000000
93800  -46.837  8.338  35.154 0.0000000000
93801  -49.727  8.018  34.999 0.0000000000
93811  -46.664  8.278  34.911 0.0000000000
93881  -49.186  7.492  28.955 0.0000000000
94576  -50.656  8.783  46.376 0.0000000000
94577  -50.783  9.185  46.347 0.0000000000
94604  -49.067  7.996  43.637 0.0000000000
94608  -46.873  8.078  41.798 0.0000000000
94620  -47.141  7.533  41.607 0.0000000000
94628  -45.686  8.328  40.354 0.0000000000
94644  -44.125  8.969  38.245 0.0000000000
94654  -43.554  8.888  37.383 0.0000000000
94676  -50.243  8.339  36.594 0.0000000000
94685  -46.233  7.947  35.830 0.0000000000
94697  -46.670  8.301  34.659 0.0000000000
94754  -48.918  8.893  28.950 0.0000000000
94763  -49.157  8.052  28.950 0.0000000000
95385  -50.504  9.466  46.415 0.0000000000
95386  -50.817  9.480  46.278 0.0000000000
95432  -45.158  8.886  40.165 0.0000000000
95452  -43.372  9.059  37.356 0.0000000000
95466  -49.406  9.383  34.353 0.0000000000
95482  -49.143  9.695  32.875 0.0000000000
95490  -48.903  9.915  31.910 0.0000000000
95499  -48.468  9.697  30.934 0.0000000000
95500  -49.041  9.763  30.917 0.0000000000
95509  -49.145  9.409  30.187 0.0000000000
95510  -49.436  8.995  30.190 0.0000000000
95520  -49.255  9.048  29.593 0.0000000000
95527  -41.383  10.574  28.523 0.0000000000
96095  -50.027  9.709  46.490 0.0000000000
96096  -50.266  10.050  46.419 0.0000000000
96175  -43.160  9.489  37.262 0.0000000000
96239  -41.278  10.873  28.282 0.0000000000
96241  -42.187  11.160  28.162 0.0000000000
96872  -46.854  10.731  41.501 0.0000000000
96985  -42.317  11.424  28.202 0.0000000000
97634  -48.629  13.233  39.344 0.0000000000
97720  -42.474  12.736  28.209 0.0000000000
97722  -43.815  13.568  28.536 0.0000000000
97723  -44.232  13.981  28.728 0.0000000000
98460  -49.174  14.452  35.961 0.0000000000
98469  -48.433  14.082  34.931 0.0000000000
98478  -47.313  14.343  33.910 0.0000000000
98479  -48.461  14.342  34.711 0.0000000000
98480  -48.528  14.554  34.673 0.0000000000
98501  -45.502  14.395  30.177 0.0000000000
98513  -45.112  14.017  29.457 0.0000000000
98514  -45.212  14.432  29.543 0.0000000000
98525  -42.918  13.312  28.117 0.0000000000
98528  -44.621  14.274  28.987 0.0000000000
99190  -47.238  14.181  44.415 0.0000000000
99251  -49.148  14.582  35.764 0.0000000000
99252  -49.294  14.734  36.067 0.0000000000
99260  -48.288  14.257  34.580 0.0000000000
99262  -49.245  14.905  35.844 0.0000000000
99271  -48.281  14.593  34.325 0.0000000000
99272  -48.586  14.911  34.665 0.0000000000
99290  -47.531  15.179  32.975 0.0000000000
99308  -43.580  14.822  29.445 0.0000000000
99310  -44.765  15.120  29.523 0.0000000000
99322  -44.171  15.024  28.845 0.0000000000
99324  -44.933  14.650  29.281 0.0000000000
99973  -45.787  16.032  38.022 0.0000000000
100009  -49.275  15.075  36.004 0.0000000000
100015  -41.501  15.436  33.362 0.0000000000
100017  -46.473  16.211  34.344 0.0000000000
100045  -43.582  15.335  30.809 0.0000000000
100060  -43.990  15.275  29.623 0.0000000000
100061  -44.427  15.427  29.947 0.0000000000
100069  -43.972  15.120  29.296 0.0000000000
100712  -47.344  16.060  39.228 0.0000000000
100753  -46.295  16.363  33.797 0.0000000000
100755  -47.392  16.223  34.156 0.0000000000
