#!ascii label  , from subject A00073230 vox2ras=TkReg
1786
51430  -44.430  -32.691  73.352 0.0000000000
42297  -31.185  -41.370  83.287 0.0000000000
60013  -49.297  -25.673  62.940 0.0000000000
55897  -37.595  -29.949  63.501 0.0000000000
55825  -48.765  -29.768  68.785 0.0000000000
47842  -36.932  -36.361  77.189 0.0000000000
46753  -27.669  -37.362  69.680 0.0000000000
47983  -35.611  -36.922  64.918 0.0000000000
42233  -23.046  -40.937  86.566 0.0000000000
67617  -50.193  -17.952  64.613 0.0000000000
40593  -22.897  -43.448  66.691 0.0000000000
53615  -40.064  -30.963  69.080 0.0000000000
55852  -43.477  -29.953  66.674 0.0000000000
56840  -44.685  -28.279  70.997 0.0000000000
47850  -42.452  -36.262  75.553 0.0000000000
44609  -37.556  -38.884  71.573 0.0000000000
49124  -39.044  -35.570  69.370 0.0000000000
51491  -35.544  -33.789  64.656 0.0000000000
68855  -53.012  -17.409  60.202 0.0000000000
43282  -27.522  -40.299  85.831 0.0000000000
40498  -23.775  -43.745  76.502 0.0000000000
42373  -25.601  -41.142  77.409 0.0000000000
55893  -51.521  -29.168  64.355 0.0000000000
43360  -34.579  -40.568  80.647 0.0000000000
44523  -30.583  -39.580  76.731 0.0000000000
44560  -34.739  -39.974  74.554 0.0000000000
47942  -31.751  -36.222  67.743 0.0000000000
45473  -19.365  -38.249  88.758 0.0000000000
60950  -50.626  -24.032  69.895 0.0000000000
59961  -47.130  -24.876  67.132 0.0000000000
67612  -45.821  -18.210  65.922 0.0000000000
63212  -44.242  -22.794  62.006 0.0000000000
65482  -46.630  -20.947  57.677 0.0000000000
43401  -20.361  -40.009  77.322 0.0000000000
43503  -24.215  -40.592  69.285 0.0000000000
53575  -42.066  -32.013  71.604 0.0000000000
54668  -42.698  -30.113  70.781 0.0000000000
54641  -44.704  -30.373  72.963 0.0000000000
50303  -43.836  -34.737  74.518 0.0000000000
47881  -41.086  -36.193  72.591 0.0000000000
50335  -41.208  -34.217  71.583 0.0000000000
51473  -39.490  -33.458  69.470 0.0000000000
60067  -49.748  -25.323  61.267 0.0000000000
61093  -48.189  -24.039  61.476 0.0000000000
42281  -29.712  -40.639  85.256 0.0000000000
42317  -26.175  -41.104  81.866 0.0000000000
43342  -28.714  -40.035  81.528 0.0000000000
55915  -39.422  -28.620  62.466 0.0000000000
54736  -45.339  -30.330  67.243 0.0000000000
55902  -44.685  -29.585  64.154 0.0000000000
54762  -47.688  -30.387  65.401 0.0000000000
55906  -48.982  -30.141  63.389 0.0000000000
55841  -50.889  -29.859  66.963 0.0000000000
46660  -35.224  -38.279  79.046 0.0000000000
42376  -34.606  -41.254  77.413 0.0000000000
43428  -36.736  -40.471  76.385 0.0000000000
46771  -36.481  -37.908  68.103 0.0000000000
46743  -35.573  -37.324  69.697 0.0000000000
49141  -33.720  -35.915  66.593 0.0000000000
54759  -36.842  -31.249  64.764 0.0000000000
62025  -49.782  -23.704  68.171 0.0000000000
64324  -45.366  -21.447  64.111 0.0000000000
65408  -47.356  -20.499  62.854 0.0000000000
64400  -45.163  -21.871  59.770 0.0000000000
65452  -48.405  -19.824  61.236 0.0000000000
67729  -51.031  -18.579  57.401 0.0000000000
44385  -21.138  -39.645  87.435 0.0000000000
44431  -19.990  -39.841  83.485 0.0000000000
43325  -22.341  -40.843  82.310 0.0000000000
39567  -22.969  -43.922  71.696 0.0000000000
41499  -21.321  -42.571  71.716 0.0000000000
40591  -20.747  -43.151  67.118 0.0000000000
45617  -29.211  -38.540  73.408 0.0000000000
45602  -26.497  -38.536  74.298 0.0000000000
45665  -25.638  -38.247  70.533 0.0000000000
54734  -38.913  -30.349  66.364 0.0000000000
55866  -40.375  -29.242  65.131 0.0000000000
55818  -41.685  -29.610  68.169 0.0000000000
55820  -43.638  -29.704  68.394 0.0000000000
55798  -46.146  -28.770  69.041 0.0000000000
49068  -40.173  -35.775  75.884 0.0000000000
44545  -38.910  -39.207  75.604 0.0000000000
45606  -40.456  -38.013  74.496 0.0000000000
46761  -38.762  -37.169  69.940 0.0000000000
47963  -37.530  -36.892  66.456 0.0000000000
49207  -35.605  -35.960  63.839 0.0000000000
50359  -37.261  -34.764  67.060 0.0000000000
53633  -37.915  -31.926  67.020 0.0000000000
67665  -51.360  -17.722  62.769 0.0000000000
70841  -53.718  -14.920  63.498 0.0000000000
43264  -25.044  -41.037  86.231 0.0000000000
41382  -23.765  -42.546  81.396 0.0000000000
40434  -25.161  -43.472  81.479 0.0000000000
40489  -25.178  -43.708  77.200 0.0000000000
40528  -24.759  -42.850  72.704 0.0000000000
56916  -42.003  -28.973  63.769 0.0000000000
55935  -49.994  -29.066  61.540 0.0000000000
57932  -50.747  -27.334  63.403 0.0000000000
41385  -32.948  -42.618  81.534 0.0000000000
43373  -31.054  -40.463  79.626 0.0000000000
42357  -32.587  -41.331  78.885 0.0000000000
44541  -32.379  -39.602  76.078 0.0000000000
45637  -31.435  -38.560  72.787 0.0000000000
44598  -36.455  -39.236  72.741 0.0000000000
46724  -33.701  -37.420  71.633 0.0000000000
47908  -29.915  -37.136  69.194 0.0000000000
54610  -45.676  -30.113  74.768 0.0000000000
40377  -32.927  -41.297  84.781 0.0000000000
45560  -36.167  -38.399  81.533 0.0000000000
47815  -37.319  -36.520  80.249 0.0000000000
57820  -45.675  -27.828  74.354 0.0000000000
59899  -45.727  -25.944  72.119 0.0000000000
58861  -48.474  -26.960  70.915 0.0000000000
60930  -49.942  -23.753  72.113 0.0000000000
57853  -50.493  -27.423  69.706 0.0000000000
58900  -50.987  -26.754  67.743 0.0000000000
58911  -49.952  -26.838  66.719 0.0000000000
57925  -47.911  -26.943  64.633 0.0000000000
63158  -45.740  -22.551  66.015 0.0000000000
61021  -44.845  -24.385  65.001 0.0000000000
60027  -45.690  -25.757  62.732 0.0000000000
61109  -44.996  -24.944  60.388 0.0000000000
66563  -49.470  -19.383  58.529 0.0000000000
44414  -17.696  -38.530  84.482 0.0000000000
40517  -18.453  -43.546  73.074 0.0000000000
43441  -22.355  -41.233  75.986 0.0000000000
41491  -19.520  -42.827  71.915 0.0000000000
44509  -27.735  -39.458  77.461 0.0000000000
44551  -24.887  -40.142  74.192 0.0000000000
41511  -24.580  -42.533  69.532 0.0000000000
41572  -24.545  -42.120  64.803 0.0000000000
52546  -42.687  -32.541  72.206 0.0000000000
53576  -42.795  -31.528  71.945 0.0000000000
53566  -44.243  -31.309  72.793 0.0000000000
51414  -44.321  -33.586  73.841 0.0000000000
49106  -42.696  -34.986  73.176 0.0000000000
51428  -42.961  -33.386  72.641 0.0000000000
51439  -41.562  -33.341  71.635 0.0000000000
60050  -49.945  -26.102  62.334 0.0000000000
60049  -49.817  -25.728  62.038 0.0000000000
61095  -49.839  -24.503  61.585 0.0000000000
60030  -48.910  -24.996  62.477 0.0000000000
42296  -30.385  -40.993  83.701 0.0000000000
43316  -29.403  -40.293  83.501 0.0000000000
43331  -30.328  -40.517  82.124 0.0000000000
55913  -37.736  -29.345  62.465 0.0000000000
55898  -38.492  -29.435  63.308 0.0000000000
54706  -47.246  -29.984  68.186 0.0000000000
54752  -46.232  -30.393  66.509 0.0000000000
54739  -47.969  -30.354  66.835 0.0000000000
54740  -49.065  -30.350  66.668 0.0000000000
54709  -49.924  -29.866  68.177 0.0000000000
46665  -35.890  -37.482  77.699 0.0000000000
45580  -36.035  -39.050  77.508 0.0000000000
45585  -37.367  -39.002  76.735 0.0000000000
46781  -36.139  -37.365  66.383 0.0000000000
47929  -35.387  -36.877  67.687 0.0000000000
47961  -34.915  -36.605  65.959 0.0000000000
49183  -33.251  -35.591  64.866 0.0000000000
54768  -37.267  -30.478  64.027 0.0000000000
54774  -36.161  -30.790  63.150 0.0000000000
55912  -36.816  -29.938  62.827 0.0000000000
67629  -47.961  -18.944  64.577 0.0000000000
66479  -49.135  -19.073  63.616 0.0000000000
65431  -48.211  -20.061  61.966 0.0000000000
66496  -49.443  -18.993  62.936 0.0000000000
43247  -22.045  -40.343  87.112 0.0000000000
43293  -21.943  -40.495  84.620 0.0000000000
42278  -22.804  -41.248  84.544 0.0000000000
40559  -22.883  -43.330  68.966 0.0000000000
40558  -22.147  -42.936  69.295 0.0000000000
40592  -21.834  -43.211  66.895 0.0000000000
40640  -21.000  -43.533  65.078 0.0000000000
40641  -21.839  -43.603  64.519 0.0000000000
45650  -29.076  -38.049  71.764 0.0000000000
45633  -27.433  -38.117  72.462 0.0000000000
46733  -26.525  -37.828  70.105 0.0000000000
54700  -39.636  -30.839  68.326 0.0000000000
54718  -40.114  -30.027  67.641 0.0000000000
54701  -40.575  -30.161  68.523 0.0000000000
55779  -43.576  -29.399  70.409 0.0000000000
55795  -42.706  -29.688  69.221 0.0000000000
55797  -44.694  -28.863  69.412 0.0000000000
55822  -45.654  -29.382  68.454 0.0000000000
56863  -45.624  -28.184  69.819 0.0000000000
47849  -41.583  -36.458  75.753 0.0000000000
46686  -40.589  -37.760  75.495 0.0000000000
46688  -42.031  -37.101  75.142 0.0000000000
47901  -40.054  -35.670  71.009 0.0000000000
47892  -39.872  -36.588  71.396 0.0000000000
47915  -39.239  -36.291  69.914 0.0000000000
46784  -37.893  -37.268  68.110 0.0000000000
49143  -38.086  -35.695  67.817 0.0000000000
49161  -37.342  -35.808  66.428 0.0000000000
50355  -38.416  -34.611  68.580 0.0000000000
53597  -39.896  -32.220  69.633 0.0000000000
52601  -38.672  -32.473  68.403 0.0000000000
53624  -38.772  -31.769  67.996 0.0000000000
53634  -38.630  -31.143  67.022 0.0000000000
43280  -25.891  -40.897  85.614 0.0000000000
42294  -24.951  -41.736  83.996 0.0000000000
43312  -25.541  -41.256  83.954 0.0000000000
43368  -26.015  -40.966  79.779 0.0000000000
41411  -25.492  -43.137  79.254 0.0000000000
41442  -25.432  -42.903  76.723 0.0000000000
40514  -24.787  -43.387  74.200 0.0000000000
42403  -25.312  -41.985  75.069 0.0000000000
55867  -41.369  -29.223  65.360 0.0000000000
55883  -41.187  -29.046  64.440 0.0000000000
55884  -42.162  -29.226  64.640 0.0000000000
55916  -45.252  -29.527  63.519 0.0000000000
56926  -43.942  -29.177  63.561 0.0000000000
56939  -45.087  -29.245  62.753 0.0000000000
55892  -50.864  -29.763  64.192 0.0000000000
55920  -49.217  -29.979  62.436 0.0000000000
55908  -51.007  -29.230  63.273 0.0000000000
56928  -51.002  -28.238  63.183 0.0000000000
56929  -51.294  -28.372  63.848 0.0000000000
41387  -34.235  -42.121  81.036 0.0000000000
40450  -33.215  -42.047  80.413 0.0000000000
41415  -34.013  -41.978  79.575 0.0000000000
42404  -35.135  -41.155  75.598 0.0000000000
43426  -33.742  -40.871  76.358 0.0000000000
44559  -34.041  -39.673  75.072 0.0000000000
44576  -31.978  -39.029  74.103 0.0000000000
45619  -32.497  -38.781  73.647 0.0000000000
44583  -39.059  -39.038  74.136 0.0000000000
43480  -37.676  -40.258  74.765 0.0000000000
44599  -37.418  -39.392  72.619 0.0000000000
47911  -33.230  -36.651  69.347 0.0000000000
47891  -33.847  -37.001  70.875 0.0000000000
47897  -33.072  -37.048  70.386 0.0000000000
46758  -31.947  -37.280  70.316 0.0000000000
50371  -35.783  -34.500  64.860 0.0000000000
45568  -36.582  -37.559  81.130 0.0000000000
50235  -40.006  -34.161  78.194 0.0000000000
56788  -45.841  -28.390  74.999 0.0000000000
60911  -45.840  -25.164  73.738 0.0000000000
60926  -47.233  -24.308  72.605 0.0000000000
59914  -47.320  -25.582  71.526 0.0000000000
59902  -48.755  -24.852  72.215 0.0000000000
61980  -50.557  -23.555  70.800 0.0000000000
58849  -50.279  -25.887  70.789 0.0000000000
59927  -50.657  -25.482  69.743 0.0000000000
57874  -50.982  -27.415  68.922 0.0000000000
59943  -50.746  -25.645  69.086 0.0000000000
60992  -48.432  -24.351  67.540 0.0000000000
58898  -49.453  -26.120  67.245 0.0000000000
58897  -48.476  -25.936  67.133 0.0000000000
57912  -49.150  -27.175  65.307 0.0000000000
58921  -47.662  -26.843  65.842 0.0000000000
65380  -45.646  -20.380  65.812 0.0000000000
63188  -45.004  -22.222  63.482 0.0000000000
63175  -44.773  -23.060  64.640 0.0000000000
62083  -44.078  -23.513  63.273 0.0000000000
60011  -45.290  -25.863  63.672 0.0000000000
61075  -44.230  -24.996  62.337 0.0000000000
60064  -45.216  -25.097  61.229 0.0000000000
61108  -44.102  -24.384  60.664 0.0000000000
64401  -45.923  -21.353  59.229 0.0000000000
63254  -44.501  -22.597  58.547 0.0000000000
63267  -45.006  -22.252  57.220 0.0000000000
68845  -52.039  -17.441  61.522 0.0000000000
67691  -50.691  -18.328  60.516 0.0000000000
67706  -51.518  -18.057  60.054 0.0000000000
44481  -20.434  -39.766  79.831 0.0000000000
44480  -19.488  -39.472  79.727 0.0000000000
43383  -19.822  -39.710  78.244 0.0000000000
42385  -18.976  -41.475  76.152 0.0000000000
42386  -19.439  -41.289  75.544 0.0000000000
41425  -23.854  -43.112  78.481 0.0000000000
42338  -23.508  -42.082  79.656 0.0000000000
41452  -23.196  -42.716  76.325 0.0000000000
41498  -20.375  -42.586  71.308 0.0000000000
37713  -18.975  -46.390  66.070 0.0000000000
44500  -30.874  -40.129  78.696 0.0000000000
44498  -29.177  -39.577  78.368 0.0000000000
44522  -29.515  -39.430  76.593 0.0000000000
45631  -25.438  -38.610  72.653 0.0000000000
45601  -25.412  -39.090  74.294 0.0000000000
44592  -24.550  -40.381  72.116 0.0000000000
42444  -24.725  -41.740  71.500 0.0000000000
42449  -24.425  -41.639  69.410 0.0000000000
40617  -24.407  -42.805  65.191 0.0000000000
53582  -40.742  -32.018  70.590 0.0000000000
54666  -40.991  -30.997  70.289 0.0000000000
54654  -42.221  -31.015  71.358 0.0000000000
54656  -43.487  -30.210  71.807 0.0000000000
55752  -44.149  -29.421  72.053 0.0000000000
47858  -43.164  -35.872  75.223 0.0000000000
46703  -42.229  -36.657  73.989 0.0000000000
47871  -42.634  -35.920  73.645 0.0000000000
49117  -41.439  -34.872  72.112 0.0000000000
50347  -40.260  -34.355  70.481 0.0000000000
50352  -39.261  -34.473  69.518 0.0000000000
50348  -40.676  -33.834  70.950 0.0000000000
52559  -40.654  -32.802  70.779 0.0000000000
61112  -47.888  -23.939  60.476 0.0000000000
43298  -27.856  -40.175  84.835 0.0000000000
43327  -26.370  -40.564  82.941 0.0000000000
43328  -27.405  -40.172  82.848 0.0000000000
43341  -27.687  -40.225  81.826 0.0000000000
43369  -26.740  -40.411  79.745 0.0000000000
55853  -44.549  -30.295  66.996 0.0000000000
55870  -44.309  -30.111  65.951 0.0000000000
55871  -45.332  -30.355  66.270 0.0000000000
55872  -46.226  -30.340  65.661 0.0000000000
55904  -46.751  -30.143  63.811 0.0000000000
55905  -47.852  -30.258  63.579 0.0000000000
54763  -48.457  -30.395  65.122 0.0000000000
55874  -49.885  -30.331  65.081 0.0000000000
55876  -51.308  -29.589  65.191 0.0000000000
45571  -34.701  -39.668  79.577 0.0000000000
43376  -34.941  -41.129  79.112 0.0000000000
44514  -35.622  -40.117  77.835 0.0000000000
42378  -36.174  -40.863  76.516 0.0000000000
42419  -35.992  -40.837  75.069 0.0000000000
43504  -37.007  -38.585  69.563 0.0000000000
46727  -36.398  -38.074  70.557 0.0000000000
46760  -36.364  -37.839  69.090 0.0000000000
47928  -34.520  -36.461  68.007 0.0000000000
47943  -32.786  -36.106  67.603 0.0000000000
49138  -31.140  -36.103  66.918 0.0000000000
49158  -32.639  -35.560  65.987 0.0000000000
53642  -35.877  -32.226  64.552 0.0000000000
53656  -35.139  -31.895  63.089 0.0000000000
64292  -50.359  -22.055  69.592 0.0000000000
60975  -50.440  -24.380  68.667 0.0000000000
63134  -49.751  -22.370  68.608 0.0000000000
62024  -48.919  -23.469  67.788 0.0000000000
62023  -47.775  -23.311  67.405 0.0000000000
68757  -46.594  -17.523  65.998 0.0000000000
66466  -45.727  -19.392  65.416 0.0000000000
67628  -46.967  -18.880  64.794 0.0000000000
65407  -46.623  -20.713  63.310 0.0000000000
64353  -45.378  -21.873  62.071 0.0000000000
63225  -43.996  -22.914  60.889 0.0000000000
64372  -45.993  -21.533  61.047 0.0000000000
65465  -46.741  -20.962  59.798 0.0000000000
65475  -47.425  -20.542  59.195 0.0000000000
68856  -53.801  -17.099  59.771 0.0000000000
67720  -51.719  -18.179  59.078 0.0000000000
67731  -52.785  -17.677  57.658 0.0000000000
44395  -20.031  -39.073  86.803 0.0000000000
44405  -19.972  -39.471  85.628 0.0000000000
43276  -20.693  -39.742  85.278 0.0000000000
44445  -21.264  -40.236  82.286 0.0000000000
43366  -21.399  -40.173  80.051 0.0000000000
39552  -23.100  -43.838  73.534 0.0000000000
40518  -22.868  -43.385  73.944 0.0000000000
40534  -22.472  -43.448  71.947 0.0000000000
41514  -20.738  -42.641  68.846 0.0000000000
40590  -19.845  -43.491  67.350 0.0000000000
38693  -19.445  -45.255  65.554 0.0000000000
39666  -19.801  -44.797  65.082 0.0000000000
44555  -29.794  -39.252  74.989 0.0000000000
44538  -29.173  -39.183  75.649 0.0000000000
45616  -28.127  -38.277  73.377 0.0000000000
45632  -26.287  -38.188  72.559 0.0000000000
44614  -24.991  -38.818  70.543 0.0000000000
54761  -37.997  -30.233  64.702 0.0000000000
55865  -39.435  -29.478  64.922 0.0000000000
55848  -39.628  -29.607  65.815 0.0000000000
55836  -40.745  -29.451  66.988 0.0000000000
55838  -42.649  -29.645  67.387 0.0000000000
55794  -41.998  -29.705  68.888 0.0000000000
55819  -42.733  -29.661  68.266 0.0000000000
55839  -43.590  -29.899  67.577 0.0000000000
54719  -44.832  -30.018  67.840 0.0000000000
54705  -46.294  -29.833  68.025 0.0000000000
55799  -47.312  -29.072  69.197 0.0000000000
49066  -38.360  -35.609  76.387 0.0000000000
46676  -38.547  -38.206  76.360 0.0000000000
46677  -39.227  -37.863  76.163 0.0000000000
45605  -39.663  -38.604  74.656 0.0000000000
45643  -38.906  -38.294  72.863 0.0000000000
46714  -40.560  -36.981  72.936 0.0000000000
45660  -39.403  -37.609  72.005 0.0000000000
44617  -37.957  -38.253  70.230 0.0000000000
45686  -37.762  -37.921  69.016 0.0000000000
46800  -37.232  -37.556  66.639 0.0000000000
46816  -36.569  -37.078  65.356 0.0000000000
48002  -35.768  -36.647  64.415 0.0000000000
47984  -36.630  -36.655  65.258 0.0000000000
49160  -36.700  -35.346  65.838 0.0000000000
51489  -36.101  -33.789  65.601 0.0000000000
51477  -38.453  -33.552  68.585 0.0000000000
52599  -37.615  -33.080  67.585 0.0000000000
52610  -36.482  -32.704  65.827 0.0000000000
53638  -37.036  -31.942  66.061 0.0000000000
54748  -37.460  -31.170  65.555 0.0000000000
67633  -51.165  -17.628  63.726 0.0000000000
69825  -52.282  -16.455  64.590 0.0000000000
68793  -52.942  -16.670  63.551 0.0000000000
69864  -53.821  -16.013  62.358 0.0000000000
69873  -53.924  -16.190  61.286 0.0000000000
69888  -54.521  -16.163  59.426 0.0000000000
42247  -24.083  -41.236  86.371 0.0000000000
41340  -23.631  -42.095  84.465 0.0000000000
41341  -24.088  -42.390  84.639 0.0000000000
40420  -24.633  -43.582  82.296 0.0000000000
39509  -24.790  -44.013  78.972 0.0000000000
42316  -25.621  -41.907  82.241 0.0000000000
40465  -25.152  -43.968  79.121 0.0000000000
39531  -24.437  -43.931  76.765 0.0000000000
39548  -24.010  -44.199  73.837 0.0000000000
39560  -23.989  -43.754  72.089 0.0000000000
39583  -24.119  -43.700  70.409 0.0000000000
55882  -40.131  -29.064  64.101 0.0000000000
55900  -40.337  -28.738  63.267 0.0000000000
56918  -43.453  -29.359  64.144 0.0000000000
57935  -50.584  -27.323  62.644 0.0000000000
60015  -50.191  -26.328  62.991 0.0000000000
41371  -32.619  -42.254  82.463 0.0000000000
42319  -31.596  -41.163  81.662 0.0000000000
42329  -32.004  -41.165  80.747 0.0000000000
42356  -32.040  -41.180  79.245 0.0000000000
43407  -31.920  -40.208  77.761 0.0000000000
42375  -33.756  -41.378  77.756 0.0000000000
43408  -32.644  -40.600  77.468 0.0000000000
44540  -31.172  -39.474  75.892 0.0000000000
44575  -30.989  -39.187  74.123 0.0000000000
45636  -30.519  -38.550  72.839 0.0000000000
46719  -29.519  -37.986  71.150 0.0000000000
43449  -38.036  -40.255  75.919 0.0000000000
43465  -36.997  -40.514  75.157 0.0000000000
43477  -35.826  -40.014  74.253 0.0000000000
45657  -35.771  -38.030  71.555 0.0000000000
45640  -34.665  -38.167  72.582 0.0000000000
45621  -34.382  -38.720  73.377 0.0000000000
45654  -32.632  -38.060  72.033 0.0000000000
46738  -30.771  -37.613  70.690 0.0000000000
48033  -34.833  -36.171  63.006 0.0000000000
51397  -45.254  -32.579  74.721 0.0000000000
52524  -45.414  -31.605  74.182 0.0000000000
45453  -21.015  -38.185  89.350 0.0000000000
43234  -23.641  -40.237  87.704 0.0000000000
43235  -24.589  -40.184  87.630 0.0000000000
43252  -26.348  -40.447  87.229 0.0000000000
42250  -29.412  -40.585  86.401 0.0000000000
41342  -30.877  -41.055  85.494 0.0000000000
41343  -31.403  -41.289  84.883 0.0000000000
41344  -32.149  -41.382  84.469 0.0000000000
40406  -33.084  -41.711  83.704 0.0000000000
41373  -34.139  -41.832  82.242 0.0000000000
43332  -34.708  -40.673  82.034 0.0000000000
44446  -35.719  -39.421  82.439 0.0000000000
44458  -35.019  -39.568  81.407 0.0000000000
45567  -35.914  -38.049  80.717 0.0000000000
46656  -36.515  -37.178  80.073 0.0000000000
47836  -37.251  -36.098  78.274 0.0000000000
49039  -38.046  -35.498  78.303 0.0000000000
50252  -39.087  -34.871  77.131 0.0000000000
50272  -40.484  -34.739  76.203 0.0000000000
51396  -44.858  -33.404  74.790 0.0000000000
54623  -45.530  -30.197  73.862 0.0000000000
55736  -45.415  -29.204  73.777 0.0000000000
56831  -44.841  -27.892  72.067 0.0000000000
58820  -45.781  -26.753  74.736 0.0000000000
58835  -45.355  -26.706  72.807 0.0000000000
57839  -45.197  -27.319  71.463 0.0000000000
58859  -46.488  -26.866  70.667 0.0000000000
56843  -47.547  -28.039  70.061 0.0000000000
56866  -48.815  -28.684  69.596 0.0000000000
59916  -49.337  -25.425  71.751 0.0000000000
57852  -49.757  -27.545  70.340 0.0000000000
56867  -49.650  -28.604  69.427 0.0000000000
56882  -50.732  -28.626  68.579 0.0000000000
56892  -51.391  -28.462  67.547 0.0000000000
57903  -51.450  -28.224  66.251 0.0000000000
59965  -50.558  -25.743  68.002 0.0000000000
58912  -50.706  -27.210  66.843 0.0000000000
57915  -51.384  -28.203  65.355 0.0000000000
57913  -50.109  -27.296  65.268 0.0000000000
57927  -49.704  -26.965  64.586 0.0000000000
58943  -48.825  -26.108  63.474 0.0000000000
63160  -47.129  -22.441  66.983 0.0000000000
62042  -46.611  -23.288  66.757 0.0000000000
64317  -45.361  -21.456  65.119 0.0000000000
62057  -45.231  -23.570  65.548 0.0000000000
59972  -45.915  -25.232  66.302 0.0000000000
58930  -45.837  -26.330  65.184 0.0000000000
58941  -46.698  -26.517  63.775 0.0000000000
58952  -47.485  -25.679  62.737 0.0000000000
60047  -46.818  -24.854  61.554 0.0000000000
60066  -46.584  -24.619  60.808 0.0000000000
61131  -46.429  -24.503  59.371 0.0000000000
62145  -43.849  -23.556  59.774 0.0000000000
61146  -45.075  -24.226  58.289 0.0000000000
62176  -47.113  -24.094  57.941 0.0000000000
67663  -49.901  -18.700  62.141 0.0000000000
66550  -48.728  -19.652  59.997 0.0000000000
65484  -48.103  -20.185  58.622 0.0000000000
67718  -50.205  -18.967  57.981 0.0000000000
66590  -48.721  -19.807  57.061 0.0000000000
65493  -47.322  -20.612  57.148 0.0000000000
44430  -18.947  -39.238  83.611 0.0000000000
42314  -22.960  -41.250  81.824 0.0000000000
43367  -22.209  -40.637  79.399 0.0000000000
43402  -21.576  -40.321  77.332 0.0000000000
41474  -22.029  -42.312  73.876 0.0000000000
42415  -21.028  -41.455  74.059 0.0000000000
42414  -20.034  -41.666  73.976 0.0000000000
41480  -18.979  -42.939  72.643 0.0000000000
43357  -30.193  -40.167  80.405 0.0000000000
44483  -28.547  -39.699  79.074 0.0000000000
44508  -26.667  -39.907  77.442 0.0000000000
45594  -27.018  -38.725  74.972 0.0000000000
44535  -25.730  -39.550  75.441 0.0000000000
43442  -25.183  -41.074  75.561 0.0000000000
42430  -24.970  -41.907  73.180 0.0000000000
41506  -24.608  -42.519  70.615 0.0000000000
40561  -24.340  -43.222  68.587 0.0000000000
45673  -24.751  -38.435  69.575 0.0000000000
43510  -23.824  -40.478  68.224 0.0000000000
42460  -23.942  -41.314  67.336 0.0000000000
41524  -24.391  -42.240  67.441 0.0000000000
40616  -23.886  -43.270  65.430 0.0000000000
40615  -22.960  -43.430  65.562 0.0000000000
52537  -44.117  -32.388  72.920 0.0000000000
53565  -43.460  -31.932  72.493 0.0000000000
52538  -44.740  -32.036  73.383 0.0000000000
51429  -43.955  -33.310  73.262 0.0000000000
52536  -43.464  -32.740  72.684 0.0000000000
60032  -49.963  -26.126  62.588 0.0000000000
60031  -49.582  -25.391  62.316 0.0000000000
42283  -31.056  -41.348  84.147 0.0000000000
43317  -30.077  -40.592  82.896 0.0000000000
42306  -30.680  -41.020  82.757 0.0000000000
54707  -48.229  -30.077  68.258 0.0000000000
54723  -47.625  -30.226  67.608 0.0000000000
54724  -48.676  -30.244  67.546 0.0000000000
54708  -49.225  -30.013  68.205 0.0000000000
47841  -36.292  -37.026  77.009 0.0000000000
46669  -36.107  -37.783  76.956 0.0000000000
47846  -37.058  -37.141  76.288 0.0000000000
47962  -35.564  -37.030  65.693 0.0000000000
55879  -37.690  -30.238  64.225 0.0000000000
55896  -36.901  -30.408  63.540 0.0000000000
67616  -49.547  -18.179  64.893 0.0000000000
67630  -48.912  -18.793  64.382 0.0000000000
66495  -48.603  -19.582  62.810 0.0000000000
66480  -49.597  -18.740  63.468 0.0000000000
43262  -22.602  -40.717  86.649 0.0000000000
42244  -22.550  -41.017  85.799 0.0000000000
42262  -22.966  -41.350  85.314 0.0000000000
40574  -22.834  -43.434  67.838 0.0000000000
40614  -21.886  -43.362  65.756 0.0000000000
46718  -28.738  -37.921  71.030 0.0000000000
45667  -27.545  -37.812  70.680 0.0000000000
46734  -27.269  -37.711  70.181 0.0000000000
55780  -44.257  -28.838  70.691 0.0000000000
56862  -44.845  -28.390  70.229 0.0000000000
49070  -42.060  -35.515  75.961 0.0000000000
46680  -41.734  -37.012  75.550 0.0000000000
49125  -39.503  -35.434  70.025 0.0000000000
47900  -39.705  -36.134  70.772 0.0000000000
47914  -38.734  -36.456  69.155 0.0000000000
49130  -38.594  -35.669  68.687 0.0000000000
50351  -38.783  -35.077  69.073 0.0000000000
53614  -39.586  -31.827  69.061 0.0000000000
43281  -26.620  -40.573  85.916 0.0000000000
43296  -25.686  -40.837  84.720 0.0000000000
43297  -26.600  -40.309  85.009 0.0000000000
43386  -25.891  -41.001  79.304 0.0000000000
42354  -25.686  -41.797  78.566 0.0000000000
42372  -25.575  -41.765  77.287 0.0000000000
41454  -25.358  -42.896  75.638 0.0000000000
42388  -25.410  -41.937  76.140 0.0000000000
55851  -42.521  -29.584  66.467 0.0000000000
55868  -42.350  -29.416  65.540 0.0000000000
55917  -46.044  -29.704  63.121 0.0000000000
55909  -51.367  -28.716  63.807 0.0000000000
56919  -51.442  -28.486  64.479 0.0000000000
42330  -34.446  -41.434  80.421 0.0000000000
41399  -34.127  -42.120  80.218 0.0000000000
43462  -34.672  -40.374  74.932 0.0000000000
43445  -34.500  -40.744  75.574 0.0000000000
44577  -33.145  -39.036  74.304 0.0000000000
44578  -34.194  -39.241  74.170 0.0000000000
44600  -38.278  -38.883  72.455 0.0000000000
47926  -32.436  -36.449  68.557 0.0000000000
47910  -32.076  -36.990  69.594 0.0000000000
47925  -31.375  -36.713  68.557 0.0000000000
51500  -35.187  -34.247  63.761 0.0000000000
59901  -47.739  -24.888  72.071 0.0000000000
63102  -50.557  -23.115  70.054 0.0000000000
63100  -50.412  -22.700  70.992 0.0000000000
61981  -50.601  -23.609  70.164 0.0000000000
60949  -50.647  -24.445  70.143 0.0000000000
60965  -50.647  -24.897  69.472 0.0000000000
59962  -47.927  -25.298  67.222 0.0000000000
58896  -47.989  -25.841  67.069 0.0000000000
58909  -47.630  -26.189  66.713 0.0000000000
59974  -47.342  -25.465  67.017 0.0000000000
68741  -45.745  -17.481  66.640 0.0000000000
66454  -45.636  -19.294  66.457 0.0000000000
63201  -44.394  -22.802  62.941 0.0000000000
61056  -43.881  -24.325  62.868 0.0000000000
62098  -43.628  -23.968  62.068 0.0000000000
61090  -43.904  -24.535  61.686 0.0000000000
62112  -43.774  -23.384  61.629 0.0000000000
64411  -45.907  -21.310  58.173 0.0000000000
64418  -45.325  -21.753  57.624 0.0000000000
64419  -45.948  -21.364  57.184 0.0000000000
65492  -46.631  -21.062  56.695 0.0000000000
68846  -52.827  -17.177  61.148 0.0000000000
68854  -52.180  -17.622  60.589 0.0000000000
44394  -19.034  -38.775  87.285 0.0000000000
44495  -20.054  -39.556  79.049 0.0000000000
43418  -19.691  -40.605  76.190 0.0000000000
41441  -23.738  -43.244  77.664 0.0000000000
42371  -23.563  -42.599  77.965 0.0000000000
41465  -23.456  -43.374  76.130 0.0000000000
37695  -18.862  -46.119  66.659 0.0000000000
44512  -31.021  -39.904  77.740 0.0000000000
44511  -29.893  -39.577  77.556 0.0000000000
44606  -24.545  -39.962  71.223 0.0000000000
44593  -24.831  -39.331  72.182 0.0000000000
43496  -24.584  -40.953  71.325 0.0000000000
43498  -24.406  -40.743  70.339 0.0000000000
53583  -41.487  -31.531  70.993 0.0000000000
53577  -43.463  -30.953  72.226 0.0000000000
54655  -42.969  -30.620  71.583 0.0000000000
54640  -43.976  -30.102  72.397 0.0000000000
49092  -43.645  -35.164  74.924 0.0000000000
47863  -43.198  -35.935  74.474 0.0000000000
49097  -43.487  -35.149  74.189 0.0000000000
50321  -42.234  -34.185  72.399 0.0000000000
49105  -41.948  -35.010  72.628 0.0000000000
50320  -41.688  -34.547  72.191 0.0000000000
50334  -40.659  -34.738  71.243 0.0000000000
52545  -41.985  -32.783  71.734 0.0000000000
52560  -41.301  -32.552  71.268 0.0000000000
61094  -49.217  -23.853  61.628 0.0000000000
61113  -48.648  -23.587  61.031 0.0000000000
43299  -28.975  -40.379  84.602 0.0000000000
43315  -28.194  -40.049  83.735 0.0000000000
43329  -28.476  -40.072  82.627 0.0000000000
43355  -27.839  -40.124  80.724 0.0000000000
56932  -38.246  -28.683  61.840 0.0000000000
55854  -45.206  -30.425  66.840 0.0000000000
54751  -45.625  -30.417  66.817 0.0000000000
54753  -47.191  -30.397  66.097 0.0000000000
55873  -46.999  -30.391  65.281 0.0000000000
55888  -46.404  -30.206  64.742 0.0000000000
55889  -47.533  -30.343  64.587 0.0000000000
54741  -50.122  -30.283  66.407 0.0000000000
54755  -49.344  -30.383  65.674 0.0000000000
54756  -50.234  -30.302  65.617 0.0000000000
55875  -50.616  -30.137  65.021 0.0000000000
55855  -50.914  -30.041  65.916 0.0000000000
45572  -34.808  -38.986  79.445 0.0000000000
45575  -34.846  -39.661  79.072 0.0000000000
45576  -35.163  -39.204  78.448 0.0000000000
44515  -36.413  -39.944  77.071 0.0000000000
42392  -35.967  -41.124  76.156 0.0000000000
42406  -36.488  -40.803  75.660 0.0000000000
45684  -36.850  -38.308  68.769 0.0000000000
45675  -36.722  -38.307  69.603 0.0000000000
47945  -34.791  -36.477  66.970 0.0000000000
47944  -33.844  -36.075  67.252 0.0000000000
49140  -33.121  -35.836  66.741 0.0000000000
53643  -36.303  -31.951  64.924 0.0000000000
53647  -35.655  -32.164  64.138 0.0000000000
53648  -35.954  -31.506  63.776 0.0000000000
64291  -50.152  -21.944  69.278 0.0000000000
63135  -50.110  -22.774  68.770 0.0000000000
64301  -47.681  -21.594  67.579 0.0000000000
64302  -48.637  -21.767  68.182 0.0000000000
63147  -48.370  -22.526  67.785 0.0000000000
63146  -47.741  -22.458  67.413 0.0000000000
68744  -48.127  -16.977  66.234 0.0000000000
69787  -47.871  -16.221  66.747 0.0000000000
68758  -47.449  -17.559  65.795 0.0000000000
67613  -46.743  -18.140  65.414 0.0000000000
66493  -47.256  -20.280  63.388 0.0000000000
66477  -47.202  -19.828  64.050 0.0000000000
64335  -45.697  -21.511  63.008 0.0000000000
64336  -46.334  -21.203  62.676 0.0000000000
64354  -46.093  -21.459  61.949 0.0000000000
65429  -46.867  -21.019  62.357 0.0000000000
65451  -47.784  -20.324  61.191 0.0000000000
65466  -47.513  -20.477  60.242 0.0000000000
65467  -48.213  -20.012  60.502 0.0000000000
68864  -53.839  -17.318  58.845 0.0000000000
68872  -53.093  -17.604  58.268 0.0000000000
44396  -20.876  -39.721  86.410 0.0000000000
43310  -21.817  -40.481  83.658 0.0000000000
43323  -21.189  -40.243  83.336 0.0000000000
43324  -21.636  -40.435  82.777 0.0000000000
43352  -21.584  -40.310  81.084 0.0000000000
39558  -22.884  -43.963  72.601 0.0000000000
40541  -22.586  -43.470  71.046 0.0000000000
40573  -21.737  -42.939  68.151 0.0000000000
41515  -21.483  -42.715  68.753 0.0000000000
41522  -21.211  -42.751  68.402 0.0000000000
40572  -20.541  -42.978  68.049 0.0000000000
40612  -19.974  -43.549  66.516 0.0000000000
39644  -19.767  -44.206  65.662 0.0000000000
39645  -20.418  -43.803  65.228 0.0000000000
39668  -21.326  -44.059  63.983 0.0000000000
39667  -20.533  -44.411  64.476 0.0000000000
44574  -29.971  -38.972  74.096 0.0000000000
44573  -29.265  -38.738  74.060 0.0000000000
45648  -26.633  -38.116  71.561 0.0000000000
45647  -25.606  -38.532  71.760 0.0000000000
45664  -24.942  -38.709  70.257 0.0000000000
54750  -38.909  -29.925  65.510 0.0000000000
55817  -40.930  -29.629  67.745 0.0000000000
55837  -41.698  -29.450  67.189 0.0000000000
54667  -41.835  -30.575  70.591 0.0000000000
54685  -41.636  -30.117  69.695 0.0000000000
54686  -42.328  -29.953  70.080 0.0000000000
55796  -43.687  -29.453  69.269 0.0000000000
55840  -44.371  -30.028  67.789 0.0000000000
55821  -44.658  -29.665  68.351 0.0000000000
55823  -46.782  -29.507  68.595 0.0000000000
49067  -39.283  -35.760  75.980 0.0000000000
47856  -39.129  -36.946  76.071 0.0000000000
47847  -39.628  -36.832  76.049 0.0000000000
45596  -40.391  -38.157  75.124 0.0000000000
45624  -39.604  -38.193  73.746 0.0000000000
47870  -41.784  -36.433  73.445 0.0000000000
46702  -41.639  -37.098  73.984 0.0000000000
47869  -41.165  -36.862  73.403 0.0000000000
46746  -39.539  -36.931  71.196 0.0000000000
46729  -39.973  -37.160  72.039 0.0000000000
46745  -39.037  -37.381  70.933 0.0000000000
45659  -38.818  -37.944  71.800 0.0000000000
45669  -38.439  -37.849  70.626 0.0000000000
44623  -38.067  -37.901  69.674 0.0000000000
45676  -38.146  -37.772  69.713 0.0000000000
47948  -37.882  -36.801  67.339 0.0000000000
46783  -37.394  -37.758  67.641 0.0000000000
47947  -37.576  -37.338  66.968 0.0000000000
46799  -36.670  -37.455  66.121 0.0000000000
46817  -37.132  -37.267  65.928 0.0000000000
47985  -37.051  -36.584  65.685 0.0000000000
50363  -36.809  -34.695  66.463 0.0000000000
50362  -36.436  -34.485  65.919 0.0000000000
50356  -38.710  -34.013  69.019 0.0000000000
51478  -38.938  -33.495  69.068 0.0000000000
52600  -38.187  -32.641  67.963 0.0000000000
52607  -37.706  -32.578  67.376 0.0000000000
52605  -36.733  -32.881  66.361 0.0000000000
53632  -37.401  -32.215  66.631 0.0000000000
53637  -36.585  -32.157  65.627 0.0000000000
54733  -38.256  -31.038  66.425 0.0000000000
54749  -38.150  -30.569  65.539 0.0000000000
70840  -53.407  -15.295  63.992 0.0000000000
69845  -53.537  -16.008  63.369 0.0000000000
68816  -53.236  -16.643  62.712 0.0000000000
69846  -53.855  -15.550  62.912 0.0000000000
69874  -54.214  -15.518  61.754 0.0000000000
69881  -54.328  -15.724  60.720 0.0000000000
70875  -54.602  -15.074  60.146 0.0000000000
42248  -24.543  -41.240  86.203 0.0000000000
42264  -23.998  -41.784  85.546 0.0000000000
42279  -24.427  -41.910  84.845 0.0000000000
40404  -25.062  -42.847  82.975 0.0000000000
40403  -24.589  -42.947  83.270 0.0000000000
40433  -24.689  -43.620  81.154 0.0000000000
40448  -24.708  -43.831  80.110 0.0000000000
39498  -24.916  -44.060  79.789 0.0000000000
42305  -25.782  -41.209  82.683 0.0000000000
40479  -25.217  -43.827  78.263 0.0000000000
39521  -24.863  -44.098  78.477 0.0000000000
39532  -24.687  -43.980  76.560 0.0000000000
39536  -24.257  -44.250  75.760 0.0000000000
40506  -24.421  -44.139  75.199 0.0000000000
40520  -24.776  -43.154  73.403 0.0000000000
40519  -24.365  -43.720  73.613 0.0000000000
40527  -24.402  -43.468  72.769 0.0000000000
39569  -24.116  -43.731  71.207 0.0000000000
40535  -24.463  -43.150  71.913 0.0000000000
55881  -39.069  -29.447  64.078 0.0000000000
56915  -41.069  -28.735  63.572 0.0000000000
55886  -44.079  -29.755  64.999 0.0000000000
55885  -43.141  -29.511  64.746 0.0000000000
55901  -43.853  -29.470  64.320 0.0000000000
56938  -43.900  -28.727  62.394 0.0000000000
55921  -50.150  -29.531  62.335 0.0000000000
55936  -50.350  -28.555  61.778 0.0000000000
56941  -50.576  -28.070  62.198 0.0000000000
58953  -50.381  -26.651  62.923 0.0000000000
58945  -50.302  -26.602  63.428 0.0000000000
41384  -32.316  -41.923  81.450 0.0000000000
41427  -33.023  -41.652  79.155 0.0000000000
42342  -32.384  -41.414  79.565 0.0000000000
43389  -31.936  -40.696  78.706 0.0000000000
43390  -32.459  -40.737  78.186 0.0000000000
42360  -34.975  -41.168  77.988 0.0000000000
42344  -34.817  -41.353  78.741 0.0000000000
43443  -33.124  -39.794  76.245 0.0000000000
43425  -33.018  -40.139  76.772 0.0000000000
44525  -32.340  -39.905  76.747 0.0000000000
44557  -31.636  -39.245  75.008 0.0000000000
44596  -31.876  -38.831  73.339 0.0000000000
44595  -31.214  -38.898  73.440 0.0000000000
45651  -29.976  -38.155  71.975 0.0000000000
45652  -30.869  -38.187  72.099 0.0000000000
45587  -38.799  -38.723  76.147 0.0000000000
45586  -38.195  -38.925  76.421 0.0000000000
44544  -38.472  -39.910  75.511 0.0000000000
44581  -36.953  -39.779  73.634 0.0000000000
43479  -37.083  -40.172  74.486 0.0000000000
43478  -36.339  -40.139  74.351 0.0000000000
44580  -36.126  -39.682  73.711 0.0000000000
46726  -35.961  -37.772  70.673 0.0000000000
45658  -36.474  -38.289  71.154 0.0000000000
47890  -33.422  -37.177  70.997 0.0000000000
46712  -34.515  -37.683  71.900 0.0000000000
46711  -34.113  -37.771  72.242 0.0000000000
45639  -33.532  -38.066  72.592 0.0000000000
45655  -33.165  -37.813  71.936 0.0000000000
46757  -31.271  -37.338  70.094 0.0000000000
46739  -31.605  -37.518  70.812 0.0000000000
46756  -30.380  -37.492  69.901 0.0000000000
46737  -29.928  -37.785  70.522 0.0000000000
47907  -28.999  -36.973  69.224 0.0000000000
48019  -35.205  -36.378  63.577 0.0000000000
49230  -35.175  -35.916  63.122 0.0000000000
44349  -20.688  -38.428  89.002 0.0000000000
44369  -24.879  -39.627  88.103 0.0000000000
43268  -28.888  -40.524  86.470 0.0000000000
40389  -32.685  -41.493  84.190 0.0000000000
40405  -32.774  -41.756  83.640 0.0000000000
40390  -32.910  -41.549  84.040 0.0000000000
42308  -34.534  -41.202  82.232 0.0000000000
42309  -34.787  -40.778  82.705 0.0000000000
45554  -36.465  -38.376  82.089 0.0000000000
44447  -36.296  -38.766  82.624 0.0000000000
44460  -36.100  -38.921  82.068 0.0000000000
44459  -35.511  -39.249  81.724 0.0000000000
45559  -35.552  -38.673  81.147 0.0000000000
46657  -37.075  -36.794  80.952 0.0000000000
47828  -36.615  -36.647  78.776 0.0000000000
47829  -37.110  -36.436  79.388 0.0000000000
49021  -38.304  -35.506  79.305 0.0000000000
49022  -38.782  -35.112  78.734 0.0000000000
49054  -38.924  -35.048  77.682 0.0000000000
50234  -39.294  -34.812  78.028 0.0000000000
50254  -40.711  -34.046  77.168 0.0000000000
50273  -41.455  -34.549  76.221 0.0000000000
53543  -45.582  -30.929  74.584 0.0000000000
53555  -45.581  -30.975  74.013 0.0000000000
54624  -45.634  -30.078  74.342 0.0000000000
56802  -45.653  -28.510  74.395 0.0000000000
56801  -45.387  -28.540  73.715 0.0000000000
56817  -44.975  -28.587  72.941 0.0000000000
57819  -45.393  -27.737  73.613 0.0000000000
59894  -46.061  -25.090  72.918 0.0000000000
59893  -45.676  -25.739  73.176 0.0000000000
58843  -45.472  -26.644  71.755 0.0000000000
58858  -45.679  -26.846  70.969 0.0000000000
58844  -46.082  -26.346  71.140 0.0000000000
58846  -47.969  -26.189  71.078 0.0000000000
58860  -47.498  -26.905  70.713 0.0000000000
57850  -47.998  -27.558  70.439 0.0000000000
56844  -48.429  -28.142  70.096 0.0000000000
57851  -48.919  -27.634  70.580 0.0000000000
63080  -49.718  -22.460  72.243 0.0000000000
59903  -49.559  -24.609  72.194 0.0000000000
59904  -49.973  -24.263  72.065 0.0000000000
58864  -50.583  -26.300  70.025 0.0000000000
58863  -50.137  -26.738  70.566 0.0000000000
56846  -49.985  -28.076  69.798 0.0000000000
56868  -50.411  -28.355  69.136 0.0000000000
55803  -50.468  -28.844  68.643 0.0000000000
57873  -50.719  -27.844  69.128 0.0000000000
57882  -51.289  -27.589  68.055 0.0000000000
56883  -51.137  -28.392  68.299 0.0000000000
56899  -51.568  -28.696  66.659 0.0000000000
57891  -51.394  -27.911  67.169 0.0000000000
62026  -50.159  -23.877  68.420 0.0000000000
60995  -50.597  -25.380  68.445 0.0000000000
60994  -50.264  -24.607  68.337 0.0000000000
58899  -50.322  -26.376  67.409 0.0000000000
57902  -51.078  -27.795  66.098 0.0000000000
57901  -50.410  -27.461  66.071 0.0000000000
57914  -50.876  -27.714  65.270 0.0000000000
57911  -48.219  -27.074  65.276 0.0000000000
57926  -48.783  -26.924  64.625 0.0000000000
58934  -49.271  -26.556  64.032 0.0000000000
58933  -48.339  -26.633  64.020 0.0000000000
64309  -45.794  -21.542  66.186 0.0000000000
64310  -46.532  -21.667  66.813 0.0000000000
63159  -46.231  -22.485  66.482 0.0000000000
65390  -45.630  -20.424  64.694 0.0000000000
62056  -44.852  -23.675  64.984 0.0000000000
63167  -44.928  -23.156  64.998 0.0000000000
61022  -45.265  -24.406  65.624 0.0000000000
61007  -45.793  -24.365  66.255 0.0000000000
58919  -45.950  -25.980  65.993 0.0000000000
59985  -45.393  -25.511  65.496 0.0000000000
58950  -46.008  -26.176  63.462 0.0000000000
58951  -46.705  -26.026  63.033 0.0000000000
58942  -47.710  -26.262  63.376 0.0000000000
60029  -47.847  -24.935  62.234 0.0000000000
60028  -46.720  -25.475  62.301 0.0000000000
60065  -45.859  -24.840  61.011 0.0000000000
61110  -46.023  -24.662  60.183 0.0000000000
61111  -46.945  -24.431  60.222 0.0000000000
63226  -44.792  -22.187  60.543 0.0000000000
63238  -43.796  -23.164  60.287 0.0000000000
63239  -44.240  -22.651  59.748 0.0000000000
62174  -44.672  -23.335  57.588 0.0000000000
62165  -44.687  -23.834  58.105 0.0000000000
62175  -44.856  -23.706  57.629 0.0000000000
61147  -45.997  -24.461  58.491 0.0000000000
67646  -51.398  -17.615  63.337 0.0000000000
67664  -50.691  -18.133  62.478 0.0000000000
67690  -50.045  -18.841  60.029 0.0000000000
67678  -49.932  -18.698  61.042 0.0000000000
66551  -49.409  -19.314  59.534 0.0000000000
66562  -48.755  -19.721  59.059 0.0000000000
67719  -51.012  -18.569  58.483 0.0000000000
66591  -49.397  -19.397  56.508 0.0000000000
65507  -47.983  -20.226  56.596 0.0000000000
44416  -19.851  -39.583  84.482 0.0000000000
44443  -19.529  -39.610  82.580 0.0000000000
44494  -19.250  -39.488  78.846 0.0000000000
44467  -18.802  -39.305  80.512 0.0000000000
44507  -18.159  -40.095  77.855 0.0000000000
40510  -18.395  -43.338  74.199 0.0000000000
41451  -18.758  -42.429  75.910 0.0000000000
40516  -18.086  -43.914  73.587 0.0000000000
39545  -18.126  -44.232  73.048 0.0000000000
41354  -23.610  -42.275  83.518 0.0000000000
42292  -23.436  -41.912  82.916 0.0000000000
42303  -23.524  -41.840  82.138 0.0000000000
42370  -23.139  -41.686  77.815 0.0000000000
42352  -23.004  -41.405  78.962 0.0000000000
43403  -22.495  -40.916  77.142 0.0000000000
43385  -22.322  -40.731  78.213 0.0000000000
43420  -21.973  -40.650  76.444 0.0000000000
40525  -22.087  -42.862  72.586 0.0000000000
41484  -22.312  -42.775  73.576 0.0000000000
41493  -21.626  -42.626  72.642 0.0000000000
41497  -19.622  -42.908  70.941 0.0000000000
41482  -20.779  -42.275  73.053 0.0000000000
42427  -20.339  -42.034  73.413 0.0000000000
43459  -20.441  -41.086  74.575 0.0000000000
41481  -19.792  -42.347  73.093 0.0000000000
41473  -19.507  -42.270  73.982 0.0000000000
41490  -18.967  -43.083  72.102 0.0000000000
38709  -19.764  -45.428  64.859 0.0000000000
37728  -19.826  -46.357  64.804 0.0000000000
43345  -31.459  -40.736  80.815 0.0000000000
43344  -30.780  -40.550  81.250 0.0000000000
43372  -30.585  -40.233  79.917 0.0000000000
44497  -28.180  -39.585  78.310 0.0000000000
44496  -27.163  -39.887  78.415 0.0000000000
45603  -27.683  -38.529  74.325 0.0000000000
44537  -27.988  -38.848  75.410 0.0000000000
45600  -24.849  -39.600  73.756 0.0000000000
45592  -25.657  -39.274  74.903 0.0000000000
44552  -25.368  -39.651  74.797 0.0000000000
44518  -25.437  -40.274  75.854 0.0000000000
44534  -25.222  -40.284  75.075 0.0000000000
43461  -24.964  -41.123  74.565 0.0000000000
43476  -24.823  -41.170  73.381 0.0000000000
42447  -24.535  -41.719  70.464 0.0000000000
44626  -23.538  -39.420  67.462 0.0000000000
44620  -24.161  -39.509  68.981 0.0000000000
43509  -23.595  -40.034  67.669 0.0000000000
41538  -24.305  -41.965  66.632 0.0000000000
40643  -24.096  -43.264  64.380 0.0000000000
40594  -23.817  -43.412  66.523 0.0000000000
40642  -23.146  -43.504  64.492 0.0000000000
50314  -43.933  -34.281  73.941 0.0000000000
49107  -43.312  -34.799  73.631 0.0000000000
50322  -43.203  -34.169  73.164 0.0000000000
50336  -41.801  -33.772  71.921 0.0000000000
51440  -42.214  -33.343  72.077 0.0000000000
57950  -49.865  -26.840  61.286 0.0000000000
58961  -49.924  -26.302  61.638 0.0000000000
61078  -49.313  -24.556  62.056 0.0000000000
61077  -48.621  -24.350  62.072 0.0000000000
42295  -29.836  -40.674  84.407 0.0000000000
43330  -29.485  -40.193  82.342 0.0000000000
43343  -29.763  -40.203  81.326 0.0000000000
55914  -38.736  -28.906  62.545 0.0000000000
54722  -46.676  -30.133  67.605 0.0000000000
54737  -46.095  -30.311  67.154 0.0000000000
54738  -46.959  -30.279  66.994 0.0000000000
54754  -48.287  -30.343  65.967 0.0000000000
54725  -49.869  -30.120  67.497 0.0000000000
46664  -35.533  -38.218  78.114 0.0000000000
46668  -35.866  -38.191  77.429 0.0000000000
45584  -36.655  -38.807  77.017 0.0000000000
44526  -37.133  -39.792  76.583 0.0000000000
46770  -36.067  -37.405  67.380 0.0000000000
47946  -35.539  -36.948  66.651 0.0000000000
47960  -34.218  -36.155  66.338 0.0000000000
49159  -33.586  -35.777  65.985 0.0000000000
47981  -34.207  -36.194  65.318 0.0000000000
54767  -36.699  -31.013  64.131 0.0000000000
68759  -48.377  -17.645  65.671 0.0000000000
67615  -48.653  -18.319  65.108 0.0000000000
66478  -48.283  -19.407  63.811 0.0000000000
66494  -47.821  -20.045  63.302 0.0000000000
65430  -47.524  -20.555  62.030 0.0000000000
65409  -47.930  -20.191  62.612 0.0000000000
66514  -48.749  -19.529  61.835 0.0000000000
44386  -21.822  -40.082  87.640 0.0000000000
43260  -21.506  -40.215  86.045 0.0000000000
43278  -22.108  -40.667  85.570 0.0000000000
42277  -22.531  -40.944  85.144 0.0000000000
43311  -22.398  -40.897  83.181 0.0000000000
39581  -23.129  -43.771  70.973 0.0000000000
40549  -22.862  -43.520  70.113 0.0000000000
40613  -20.739  -43.406  65.979 0.0000000000
40660  -21.730  -43.962  63.818 0.0000000000
45635  -29.596  -38.352  72.617 0.0000000000
45634  -28.588  -38.177  72.489 0.0000000000
45649  -27.891  -37.922  71.392 0.0000000000
45666  -26.935  -37.973  70.719 0.0000000000
54717  -39.266  -30.621  67.367 0.0000000000
55778  -42.979  -29.668  69.954 0.0000000000
47848  -40.671  -36.648  75.824 0.0000000000
46679  -41.020  -37.202  75.600 0.0000000000
46687  -41.216  -37.599  75.259 0.0000000000
45607  -40.993  -37.901  74.694 0.0000000000
47893  -40.321  -36.116  71.597 0.0000000000
46730  -40.479  -36.618  72.290 0.0000000000
46762  -39.292  -36.811  70.521 0.0000000000
46773  -38.212  -37.318  68.923 0.0000000000
47930  -38.283  -36.562  68.303 0.0000000000
47964  -37.710  -36.418  66.770 0.0000000000
49162  -37.858  -36.035  67.039 0.0000000000
49142  -37.657  -35.420  67.206 0.0000000000
50360  -37.745  -34.692  67.715 0.0000000000
52579  -39.708  -32.727  69.526 0.0000000000
52593  -38.675  -32.945  68.611 0.0000000000
52594  -39.117  -32.661  68.900 0.0000000000
53623  -38.302  -32.099  67.651 0.0000000000
43279  -25.164  -41.153  85.252 0.0000000000
42280  -24.789  -41.559  84.767 0.0000000000
43295  -25.195  -41.289  84.529 0.0000000000
41369  -25.310  -42.528  82.678 0.0000000000
42328  -26.066  -41.015  80.681 0.0000000000
42339  -25.699  -41.729  79.951 0.0000000000
41426  -25.570  -42.980  77.886 0.0000000000
40499  -25.094  -43.649  76.181 0.0000000000
41466  -25.180  -42.827  74.646 0.0000000000
41476  -25.038  -42.795  73.898 0.0000000000
56927  -44.736  -29.371  63.496 0.0000000000
55891  -49.809  -30.159  64.282 0.0000000000
55907  -50.094  -29.870  63.269 0.0000000000
55922  -50.636  -28.820  62.330 0.0000000000
57933  -51.181  -27.940  63.954 0.0000000000
41386  -33.665  -42.438  81.464 0.0000000000
40435  -33.329  -42.607  80.819 0.0000000000
40436  -33.873  -42.538  80.821 0.0000000000
41414  -33.535  -41.855  79.890 0.0000000000
41428  -33.431  -41.801  79.253 0.0000000000
42391  -35.016  -41.158  76.259 0.0000000000
42390  -34.132  -41.214  76.831 0.0000000000
43427  -34.341  -41.115  76.213 0.0000000000
44543  -33.980  -39.995  75.702 0.0000000000
44542  -33.351  -39.665  75.755 0.0000000000
44558  -32.766  -39.272  75.065 0.0000000000
45638  -32.410  -38.463  72.864 0.0000000000
44562  -38.912  -39.406  74.892 0.0000000000
44561  -38.263  -40.058  74.902 0.0000000000
44582  -38.115  -39.702  73.889 0.0000000000
47899  -34.837  -36.812  69.542 0.0000000000
46742  -34.914  -36.953  70.110 0.0000000000
47898  -34.149  -36.800  70.073 0.0000000000
46741  -33.083  -37.315  71.072 0.0000000000
46740  -32.419  -37.379  70.833 0.0000000000
47896  -32.376  -37.166  70.281 0.0000000000
47909  -30.900  -37.148  69.273 0.0000000000
50385  -35.700  -35.074  64.386 0.0000000000
40391  -33.673  -41.315  84.218 0.0000000000
41346  -34.221  -41.012  84.206 0.0000000000
45561  -36.695  -37.741  81.827 0.0000000000
45569  -36.933  -37.124  81.558 0.0000000000
55705  -45.773  -29.027  75.668 0.0000000000
55721  -45.792  -29.069  75.068 0.0000000000
55722  -45.808  -28.531  75.262 0.0000000000
57810  -45.872  -27.655  74.969 0.0000000000
60918  -46.318  -24.479  73.163 0.0000000000
59900  -46.460  -25.108  72.254 0.0000000000
59913  -46.378  -25.847  71.541 0.0000000000
59915  -48.382  -25.518  71.641 0.0000000000
64239  -50.246  -21.872  71.044 0.0000000000
63088  -50.141  -22.544  71.543 0.0000000000
61968  -50.405  -23.717  71.383 0.0000000000
60939  -50.254  -24.089  71.719 0.0000000000
60940  -50.557  -24.365  71.074 0.0000000000
59918  -50.540  -25.263  70.574 0.0000000000
58880  -50.815  -26.383  69.282 0.0000000000
58887  -50.995  -26.599  68.604 0.0000000000
60993  -49.428  -24.455  67.832 0.0000000000
59964  -49.901  -25.428  67.732 0.0000000000
59963  -48.949  -25.280  67.515 0.0000000000
58910  -48.925  -26.609  66.693 0.0000000000
57900  -49.517  -27.195  66.070 0.0000000000
57899  -48.495  -26.984  66.054 0.0000000000
63176  -45.033  -22.308  64.428 0.0000000000
63187  -44.547  -22.899  63.832 0.0000000000
62069  -44.355  -23.664  64.128 0.0000000000
61037  -44.522  -24.432  64.429 0.0000000000
59998  -44.671  -25.233  64.020 0.0000000000
60010  -44.718  -25.395  63.033 0.0000000000
60026  -44.951  -25.383  62.129 0.0000000000
60046  -45.740  -25.233  61.800 0.0000000000
60045  -45.082  -25.268  61.614 0.0000000000
61091  -44.585  -25.000  61.415 0.0000000000
64409  -44.699  -22.189  59.271 0.0000000000
64410  -45.122  -21.808  58.635 0.0000000000
63255  -44.862  -22.211  57.877 0.0000000000
63274  -44.874  -23.138  56.982 0.0000000000
68832  -51.960  -17.375  62.407 0.0000000000
67680  -51.314  -17.765  61.946 0.0000000000
67692  -51.379  -17.896  61.015 0.0000000000
67705  -50.838  -18.472  59.517 0.0000000000
67743  -50.883  -18.552  56.335 0.0000000000
67728  -50.153  -18.952  56.950 0.0000000000
44415  -18.422  -38.768  84.914 0.0000000000
44456  -20.146  -39.796  81.673 0.0000000000
44468  -19.786  -39.625  80.681 0.0000000000
43382  -19.127  -39.647  78.226 0.0000000000
43417  -18.764  -40.790  76.727 0.0000000000
43400  -19.012  -40.000  77.464 0.0000000000
42399  -19.202  -41.858  75.470 0.0000000000
41462  -19.087  -42.448  74.738 0.0000000000
41394  -23.866  -42.754  80.294 0.0000000000
42326  -23.488  -41.914  80.625 0.0000000000
42353  -23.486  -42.324  78.710 0.0000000000
41440  -23.351  -42.579  77.203 0.0000000000
42402  -22.729  -42.071  75.737 0.0000000000
41509  -20.537  -42.610  69.701 0.0000000000
41503  -19.568  -43.041  70.290 0.0000000000
40532  -19.088  -43.242  71.204 0.0000000000
37652  -18.801  -45.976  68.214 0.0000000000
37673  -18.795  -46.165  67.518 0.0000000000
36683  -18.840  -46.830  66.441 0.0000000000
36696  -19.441  -47.044  65.352 0.0000000000
44486  -30.918  -40.274  79.179 0.0000000000
44485  -30.408  -40.065  79.373 0.0000000000
44499  -30.160  -39.762  78.513 0.0000000000
44510  -28.827  -39.448  77.460 0.0000000000
45614  -25.833  -38.399  73.479 0.0000000000
45613  -25.001  -39.101  73.274 0.0000000000
44572  -24.587  -40.168  73.074 0.0000000000
43475  -24.708  -40.918  72.785 0.0000000000
43489  -24.741  -41.089  72.175 0.0000000000
41516  -24.499  -42.431  68.460 0.0000000000
40664  -25.395  -42.776  62.886 0.0000000000
40644  -24.499  -42.752  64.308 0.0000000000
53598  -40.262  -31.611  69.770 0.0000000000
54684  -40.724  -30.577  69.445 0.0000000000
54669  -43.281  -29.933  71.230 0.0000000000
55766  -43.821  -29.497  71.490 0.0000000000
55767  -44.327  -28.944  71.647 0.0000000000
47851  -43.000  -35.680  75.562 0.0000000000
47857  -42.721  -36.559  74.935 0.0000000000
47862  -42.637  -36.472  74.342 0.0000000000
47882  -41.869  -35.732  72.978 0.0000000000
47883  -42.299  -35.420  73.104 0.0000000000
49104  -41.458  -35.409  72.406 0.0000000000
49116  -40.947  -35.255  71.773 0.0000000000
49120  -39.940  -35.274  70.566 0.0000000000
50346  -39.756  -34.880  70.124 0.0000000000
50353  -39.851  -33.957  69.755 0.0000000000
51474  -40.049  -33.446  69.921 0.0000000000
51458  -40.901  -33.354  71.185 0.0000000000
51457  -40.453  -33.417  70.549 0.0000000000
52580  -40.210  -32.631  70.117 0.0000000000
43314  -27.056  -40.216  83.896 0.0000000000
43340  -26.890  -40.513  82.121 0.0000000000
43354  -26.867  -40.521  81.159 0.0000000000
42340  -26.060  -40.979  80.050 0.0000000000
43387  -26.118  -40.563  78.401 0.0000000000
55869  -43.294  -29.789  65.715 0.0000000000
55887  -45.250  -30.006  65.129 0.0000000000
55903  -45.736  -29.818  64.082 0.0000000000
55918  -47.076  -30.140  62.876 0.0000000000
55890  -48.649  -30.291  64.293 0.0000000000
54764  -49.242  -30.362  64.876 0.0000000000
44487  -34.578  -40.061  80.010 0.0000000000
43375  -34.750  -40.849  79.734 0.0000000000
44501  -34.801  -40.212  79.342 0.0000000000
43392  -35.152  -40.811  78.443 0.0000000000
43409  -35.490  -40.787  77.670 0.0000000000
43410  -36.031  -40.595  77.080 0.0000000000
42377  -35.483  -41.001  76.988 0.0000000000
43446  -35.220  -41.065  75.287 0.0000000000
43463  -35.478  -40.595  74.764 0.0000000000
44616  -37.517  -38.557  70.544 0.0000000000
44615  -36.918  -38.572  71.132 0.0000000000
45668  -36.683  -38.309  70.398 0.0000000000
46744  -36.342  -37.900  70.010 0.0000000000
46759  -35.854  -37.402  68.429 0.0000000000
47913  -35.130  -36.837  68.734 0.0000000000
47912  -34.233  -36.589  69.019 0.0000000000
47927  -33.501  -36.340  68.321 0.0000000000
49139  -32.152  -35.860  66.878 0.0000000000
49157  -31.564  -35.560  66.114 0.0000000000
49181  -30.890  -35.079  65.329 0.0000000000
52614  -35.671  -32.647  64.586 0.0000000000
52621  -35.091  -32.974  63.831 0.0000000000
52631  -34.879  -32.662  63.290 0.0000000000
53655  -34.690  -32.246  62.720 0.0000000000
53657  -35.723  -31.333  63.244 0.0000000000
53666  -34.858  -31.406  62.354 0.0000000000
64280  -50.444  -22.052  69.886 0.0000000000
63137  -50.515  -23.339  69.579 0.0000000000
60977  -50.544  -24.109  69.204 0.0000000000
62006  -50.450  -23.659  69.036 0.0000000000
63149  -50.042  -23.356  68.450 0.0000000000
64303  -49.151  -21.882  68.463 0.0000000000
63148  -49.421  -22.607  68.321 0.0000000000
60991  -47.541  -24.326  67.309 0.0000000000
68756  -46.114  -17.527  66.253 0.0000000000
67627  -46.186  -18.749  65.132 0.0000000000
66476  -46.226  -19.522  64.608 0.0000000000
65391  -46.280  -20.262  64.096 0.0000000000
65406  -45.894  -20.870  63.853 0.0000000000
63202  -44.925  -22.265  62.515 0.0000000000
63213  -44.771  -22.292  61.557 0.0000000000
64371  -45.403  -21.826  61.297 0.0000000000
64388  -45.477  -21.764  60.588 0.0000000000
65450  -46.861  -21.033  61.115 0.0000000000
64389  -46.048  -21.451  60.260 0.0000000000
65474  -46.663  -20.931  58.709 0.0000000000
68862  -52.358  -17.834  59.669 0.0000000000
68871  -52.493  -17.895  58.842 0.0000000000
67730  -52.051  -18.006  57.933 0.0000000000
43291  -20.343  -39.635  85.015 0.0000000000
44417  -20.460  -40.035  84.034 0.0000000000
43277  -21.378  -40.091  85.337 0.0000000000
44432  -20.686  -40.086  83.515 0.0000000000
44444  -20.693  -40.014  82.681 0.0000000000
44469  -20.767  -39.874  80.847 0.0000000000
43384  -21.093  -39.929  78.666 0.0000000000
39540  -23.489  -43.885  74.775 0.0000000000
40504  -23.369  -43.519  75.288 0.0000000000
40526  -22.389  -43.216  72.899 0.0000000000
40540  -21.998  -42.935  71.297 0.0000000000
40548  -22.085  -42.955  70.314 0.0000000000
41510  -21.395  -42.633  69.569 0.0000000000
41505  -21.160  -42.540  70.608 0.0000000000
39624  -19.443  -44.186  66.783 0.0000000000
39680  -20.819  -45.272  63.867 0.0000000000
44539  -30.147  -39.415  75.769 0.0000000000
44554  -29.060  -38.894  74.698 0.0000000000
44553  -28.367  -38.704  74.630 0.0000000000
45615  -26.985  -38.238  73.438 0.0000000000
44607  -24.978  -39.009  71.080 0.0000000000
44613  -24.669  -39.490  70.163 0.0000000000
55880  -38.218  -29.817  64.123 0.0000000000
55864  -38.616  -29.891  64.819 0.0000000000
55835  -39.815  -29.808  66.743 0.0000000000
55849  -40.561  -29.346  66.073 0.0000000000
55850  -41.555  -29.317  66.287 0.0000000000
54702  -41.280  -29.961  68.974 0.0000000000
54735  -44.877  -30.182  67.520 0.0000000000
54720  -45.219  -30.093  67.668 0.0000000000
54704  -45.434  -29.863  67.963 0.0000000000
54721  -45.834  -30.099  67.589 0.0000000000
55824  -47.788  -29.734  68.794 0.0000000000
49065  -37.555  -36.254  76.453 0.0000000000
49080  -37.674  -36.792  76.083 0.0000000000
47855  -38.712  -37.062  76.049 0.0000000000
45588  -39.345  -38.480  75.794 0.0000000000
46678  -40.114  -37.595  75.810 0.0000000000
45595  -39.523  -38.669  75.286 0.0000000000
45623  -38.759  -38.833  73.454 0.0000000000
46693  -42.147  -36.965  74.549 0.0000000000
46692  -41.400  -37.581  74.648 0.0000000000
46701  -40.750  -37.544  73.914 0.0000000000
46713  -40.059  -37.573  73.205 0.0000000000
46700  -40.141  -37.785  73.777 0.0000000000
45644  -39.433  -37.788  72.630 0.0000000000
44610  -38.110  -38.473  71.176 0.0000000000
43500  -37.671  -38.395  70.189 0.0000000000
44630  -37.432  -38.245  69.135 0.0000000000
45695  -36.969  -38.263  67.942 0.0000000000
46772  -37.669  -37.719  68.427 0.0000000000
45696  -37.202  -38.151  68.002 0.0000000000
46782  -36.718  -37.767  67.140 0.0000000000
46798  -36.120  -37.234  65.526 0.0000000000
48001  -35.060  -36.667  64.122 0.0000000000
46815  -36.069  -37.063  64.946 0.0000000000
48003  -36.298  -36.689  64.894 0.0000000000
49208  -36.069  -36.047  64.530 0.0000000000
49185  -36.934  -35.979  65.765 0.0000000000
49184  -36.523  -36.017  65.222 0.0000000000
50386  -36.135  -35.550  64.813 0.0000000000
50372  -36.153  -34.891  65.218 0.0000000000
51488  -35.823  -34.143  65.143 0.0000000000
51492  -35.805  -33.680  65.179 0.0000000000
51482  -37.930  -33.723  68.015 0.0000000000
51481  -37.364  -33.833  67.427 0.0000000000
51484  -36.574  -33.602  66.343 0.0000000000
52615  -35.890  -33.047  65.197 0.0000000000
53644  -37.000  -31.385  65.224 0.0000000000
53639  -37.757  -31.306  66.130 0.0000000000
54760  -37.389  -30.777  64.769 0.0000000000
67632  -50.602  -17.935  63.994 0.0000000000
68775  -51.275  -17.285  64.287 0.0000000000
68791  -51.675  -17.322  63.729 0.0000000000
68792  -52.305  -17.047  63.639 0.0000000000
68815  -52.559  -17.098  62.953 0.0000000000
68833  -52.695  -17.080  62.090 0.0000000000
68834  -53.381  -16.659  61.739 0.0000000000
70854  -54.028  -14.967  62.934 0.0000000000
69865  -54.090  -15.384  62.459 0.0000000000
68847  -53.552  -16.849  60.746 0.0000000000
69880  -54.122  -16.484  60.292 0.0000000000
69887  -54.237  -16.711  59.702 0.0000000000
68857  -54.238  -16.898  59.267 0.0000000000
68865  -54.356  -16.795  58.479 0.0000000000
42246  -23.479  -41.328  86.199 0.0000000000
42263  -23.418  -41.575  85.579 0.0000000000
41327  -23.720  -41.946  85.084 0.0000000000
40402  -24.016  -43.093  82.943 0.0000000000
41355  -24.521  -42.270  84.041 0.0000000000
40419  -24.098  -43.299  81.888 0.0000000000
40432  -24.293  -43.289  80.805 0.0000000000
40463  -24.315  -43.505  78.990 0.0000000000
39525  -24.376  -43.841  77.776 0.0000000000
43313  -26.187  -40.743  83.981 0.0000000000
41383  -25.479  -42.757  81.824 0.0000000000
42327  -25.604  -41.901  81.220 0.0000000000
41395  -25.485  -42.913  80.677 0.0000000000
40449  -25.133  -43.838  80.172 0.0000000000
39510  -24.934  -44.121  79.366 0.0000000000
39526  -24.597  -43.936  77.666 0.0000000000
39535  -23.939  -44.085  76.125 0.0000000000
39541  -23.645  -44.091  75.070 0.0000000000
39547  -23.673  -44.036  74.130 0.0000000000
39559  -23.478  -44.107  72.318 0.0000000000
40513  -24.382  -43.961  74.471 0.0000000000
39554  -23.962  -43.962  72.961 0.0000000000
39568  -23.563  -43.998  71.455 0.0000000000
39582  -23.592  -43.910  70.613 0.0000000000
40550  -23.620  -43.726  69.732 0.0000000000
40560  -23.691  -43.627  68.737 0.0000000000
46752  -26.799  -37.419  69.502 0.0000000000
55899  -39.474  -28.964  63.206 0.0000000000
56922  -40.084  -28.534  62.634 0.0000000000
56917  -42.917  -29.218  63.983 0.0000000000
56925  -42.874  -28.880  63.107 0.0000000000
56924  -41.845  -28.635  62.883 0.0000000000
56958  -50.224  -28.114  61.594 0.0000000000
57951  -50.210  -27.294  61.710 0.0000000000
58962  -50.173  -26.459  62.314 0.0000000000
60014  -49.906  -26.051  62.949 0.0000000000
41370  -31.873  -41.723  82.677 0.0000000000
42307  -31.277  -41.279  82.498 0.0000000000
43359  -31.482  -40.896  80.121 0.0000000000
41396  -32.458  -41.584  80.455 0.0000000000
42341  -31.996  -41.301  79.901 0.0000000000
43374  -31.624  -40.849  79.429 0.0000000000
43388  -31.321  -40.424  79.019 0.0000000000
44513  -31.551  -39.973  77.459 0.0000000000
42343  -34.503  -41.553  79.495 0.0000000000
42359  -34.165  -41.630  78.675 0.0000000000
42358  -33.314  -41.564  78.603 0.0000000000
42389  -33.269  -41.072  77.104 0.0000000000
42374  -32.989  -41.143  77.990 0.0000000000
43424  -32.299  -40.181  77.106 0.0000000000
44524  -31.654  -39.883  76.917 0.0000000000
44556  -30.623  -39.279  74.942 0.0000000000
45618  -30.000  -38.708  73.271 0.0000000000
44594  -30.561  -38.893  73.537 0.0000000000
46736  -29.060  -37.709  70.473 0.0000000000
46675  -37.785  -38.106  76.418 0.0000000000
44527  -37.868  -39.656  76.423 0.0000000000
43429  -37.558  -40.183  76.221 0.0000000000
43466  -37.808  -40.352  75.354 0.0000000000
43448  -37.157  -40.483  75.745 0.0000000000
43464  -36.385  -40.553  74.884 0.0000000000
44579  -35.228  -39.585  73.904 0.0000000000
44608  -36.911  -38.817  71.857 0.0000000000
45642  -36.314  -38.535  71.995 0.0000000000
46725  -34.884  -37.332  70.983 0.0000000000
45656  -35.107  -37.953  71.904 0.0000000000
45641  -35.642  -38.537  72.484 0.0000000000
45622  -35.156  -38.848  73.137 0.0000000000
45620  -33.352  -38.656  73.546 0.0000000000
45653  -31.780  -38.216  72.073 0.0000000000
46722  -32.083  -37.820  71.422 0.0000000000
46721  -31.232  -37.835  71.429 0.0000000000
46720  -30.357  -37.921  71.310 0.0000000000
46754  -28.565  -37.335  69.819 0.0000000000
51499  -34.801  -33.629  63.234 0.0000000000
51415  -44.794  -32.909  73.929 0.0000000000
52523  -45.126  -32.088  73.876 0.0000000000
51416  -45.245  -32.218  74.272 0.0000000000
52510  -45.470  -31.738  74.711 0.0000000000
53536  -45.651  -30.376  75.084 0.0000000000
44364  -20.171  -38.390  88.795 0.0000000000
44365  -20.869  -39.019  88.382 0.0000000000
44350  -21.410  -38.859  88.717 0.0000000000
44366  -21.868  -39.784  88.176 0.0000000000
43232  -22.253  -40.270  87.610 0.0000000000
43233  -22.801  -40.282  87.758 0.0000000000
43248  -22.808  -40.528  87.077 0.0000000000
43249  -23.450  -40.579  87.176 0.0000000000
43250  -24.289  -40.715  86.939 0.0000000000
43251  -25.311  -40.485  87.017 0.0000000000
43236  -25.561  -40.323  87.885 0.0000000000
43265  -26.050  -40.719  86.452 0.0000000000
43266  -27.035  -40.395  86.573 0.0000000000
43267  -28.297  -40.416  86.618 0.0000000000
43283  -28.811  -40.396  85.784 0.0000000000
42282  -30.542  -41.022  84.857 0.0000000000
41357  -31.714  -41.511  83.851 0.0000000000
41358  -32.407  -41.804  83.512 0.0000000000
41359  -32.973  -42.072  83.172 0.0000000000
41372  -33.349  -42.347  82.359 0.0000000000
40407  -33.582  -41.535  83.799 0.0000000000
41360  -33.614  -41.931  83.178 0.0000000000
42320  -34.505  -41.186  81.444 0.0000000000
43346  -34.750  -40.179  81.492 0.0000000000
43333  -35.091  -39.994  82.195 0.0000000000
44472  -34.770  -39.638  80.759 0.0000000000
45566  -35.115  -38.714  80.387 0.0000000000
46655  -35.633  -37.983  79.808 0.0000000000
46661  -35.919  -37.321  78.866 0.0000000000
47835  -36.388  -36.719  77.970 0.0000000000
47830  -37.848  -36.018  79.862 0.0000000000
47837  -37.790  -35.998  79.022 0.0000000000
49038  -37.626  -35.708  78.014 0.0000000000
49052  -37.683  -35.717  77.421 0.0000000000
49053  -38.480  -35.235  77.414 0.0000000000
50270  -38.990  -35.187  76.470 0.0000000000
50271  -39.618  -34.984  76.320 0.0000000000
50253  -39.827  -34.453  77.147 0.0000000000
49069  -41.137  -35.644  75.863 0.0000000000
50274  -42.462  -34.420  76.238 0.0000000000
49071  -42.820  -35.292  75.804 0.0000000000
49083  -43.409  -35.090  75.559 0.0000000000
49093  -43.826  -34.713  75.359 0.0000000000
50304  -44.270  -34.323  74.898 0.0000000000
50315  -44.472  -33.734  74.277 0.0000000000
53554  -45.245  -31.492  73.704 0.0000000000
53567  -44.990  -31.144  73.259 0.0000000000
55737  -45.632  -29.531  74.391 0.0000000000
55754  -45.098  -29.727  73.249 0.0000000000
55753  -44.575  -29.307  72.515 0.0000000000
56816  -44.717  -28.799  72.523 0.0000000000
56830  -44.622  -28.481  72.035 0.0000000000
58810  -45.897  -26.712  75.370 0.0000000000
57809  -45.637  -27.228  74.273 0.0000000000
59885  -45.716  -25.731  73.943 0.0000000000
58819  -45.649  -26.339  74.102 0.0000000000
58829  -45.503  -26.779  73.618 0.0000000000
57829  -45.072  -27.454  72.477 0.0000000000
57838  -44.926  -27.811  71.266 0.0000000000
57847  -45.109  -27.863  70.761 0.0000000000
57848  -45.722  -27.522  70.453 0.0000000000
57872  -46.415  -27.742  70.039 0.0000000000
58845  -46.964  -26.261  71.050 0.0000000000
57849  -46.967  -27.572  70.209 0.0000000000
56842  -47.118  -27.961  70.021 0.0000000000
56865  -47.882  -28.632  69.717 0.0000000000
55800  -48.314  -29.269  69.243 0.0000000000
60928  -49.003  -24.173  72.686 0.0000000000
58847  -48.931  -26.219  71.300 0.0000000000
59917  -50.177  -25.045  71.528 0.0000000000
58848  -49.751  -26.039  71.137 0.0000000000
58862  -49.391  -26.934  70.926 0.0000000000
56845  -49.281  -28.120  69.987 0.0000000000
55801  -49.220  -29.200  69.076 0.0000000000
55826  -49.669  -29.598  68.569 0.0000000000
55827  -50.663  -29.351  68.149 0.0000000000
55828  -51.210  -28.875  67.830 0.0000000000
55842  -51.363  -29.175  67.274 0.0000000000
55856  -51.462  -29.424  66.258 0.0000000000
56908  -51.672  -28.848  65.489 0.0000000000
60976  -50.577  -24.672  68.910 0.0000000000
59951  -50.750  -25.847  68.529 0.0000000000
58913  -51.172  -27.630  66.824 0.0000000000
57929  -51.218  -27.928  64.652 0.0000000000
57928  -50.577  -27.328  64.291 0.0000000000
58935  -49.999  -26.664  63.979 0.0000000000
58944  -49.685  -26.228  63.471 0.0000000000
62043  -47.149  -23.207  67.028 0.0000000000
62022  -47.055  -23.792  67.117 0.0000000000
61008  -46.448  -24.344  66.770 0.0000000000
63168  -45.219  -22.743  65.356 0.0000000000
62041  -45.759  -23.465  66.141 0.0000000000
59973  -46.757  -25.380  66.824 0.0000000000
58908  -46.445  -25.921  66.408 0.0000000000
58920  -46.724  -26.582  65.791 0.0000000000
58931  -46.693  -26.767  64.707 0.0000000000
59999  -45.243  -25.777  64.599 0.0000000000
58940  -45.869  -26.367  64.221 0.0000000000
58932  -47.434  -26.754  64.161 0.0000000000
60012  -48.382  -25.571  62.888 0.0000000000
61076  -48.064  -24.372  61.930 0.0000000000
61092  -47.338  -24.374  61.048 0.0000000000
62130  -43.719  -23.464  61.073 0.0000000000
61128  -43.875  -24.055  60.062 0.0000000000
61129  -44.418  -24.214  59.460 0.0000000000
62146  -44.130  -23.408  58.950 0.0000000000
61145  -44.517  -23.855  58.552 0.0000000000
61130  -45.448  -24.618  59.325 0.0000000000
61148  -46.835  -24.300  58.611 0.0000000000
67644  -50.125  -18.437  63.207 0.0000000000
66533  -49.300  -19.119  61.508 0.0000000000
66542  -49.264  -19.229  60.569 0.0000000000
66541  -48.681  -19.622  60.700 0.0000000000
65476  -48.132  -20.112  59.608 0.0000000000
65483  -47.379  -20.586  58.164 0.0000000000
67704  -50.167  -18.948  59.010 0.0000000000
66576  -49.458  -19.398  57.517 0.0000000000
66575  -48.763  -19.789  58.068 0.0000000000
65494  -48.063  -20.225  57.613 0.0000000000
44404  -18.882  -38.909  86.262 0.0000000000
44442  -18.370  -39.161  82.511 0.0000000000
44455  -19.114  -39.418  81.549 0.0000000000
40496  -18.047  -43.440  75.957 0.0000000000
41439  -18.694  -42.003  76.458 0.0000000000
40497  -18.457  -42.965  75.876 0.0000000000
41339  -23.248  -41.630  84.787 0.0000000000
42291  -22.993  -41.522  83.600 0.0000000000
42325  -22.882  -41.293  80.962 0.0000000000
43353  -22.212  -40.747  80.488 0.0000000000
43419  -20.989  -40.284  76.299 0.0000000000
41464  -23.158  -43.022  75.401 0.0000000000
42417  -22.505  -42.255  75.013 0.0000000000
42416  -21.943  -41.832  74.376 0.0000000000
41483  -21.599  -42.357  73.362 0.0000000000
42429  -21.494  -41.956  73.817 0.0000000000
42401  -22.149  -41.473  75.183 0.0000000000
43440  -21.617  -40.773  75.606 0.0000000000
43439  -20.633  -40.664  75.356 0.0000000000
43438  -19.869  -40.962  75.105 0.0000000000
41463  -19.533  -41.992  74.388 0.0000000000
41472  -18.977  -42.761  73.619 0.0000000000
39557  -18.519  -44.159  71.661 0.0000000000
39551  -18.314  -44.350  72.327 0.0000000000
37714  -19.321  -46.186  65.472 0.0000000000
42318  -30.978  -40.870  82.079 0.0000000000
43356  -29.081  -39.885  80.328 0.0000000000
44470  -29.871  -39.989  79.851 0.0000000000
43371  -28.775  -39.784  79.618 0.0000000000
43370  -28.082  -39.877  79.774 0.0000000000
44482  -27.701  -39.790  79.079 0.0000000000
43405  -25.781  -40.560  77.299 0.0000000000
44521  -28.428  -39.240  76.517 0.0000000000
44520  -27.246  -39.323  76.526 0.0000000000
45593  -26.137  -38.933  74.995 0.0000000000
44536  -26.691  -39.133  75.676 0.0000000000
44519  -25.966  -39.830  76.531 0.0000000000
43423  -25.703  -40.384  76.811 0.0000000000
43422  -25.478  -40.844  76.595 0.0000000000
42418  -25.055  -42.029  74.001 0.0000000000
41495  -24.937  -42.257  72.687 0.0000000000
42438  -24.855  -41.546  72.188 0.0000000000
41501  -24.929  -42.157  72.207 0.0000000000
40536  -24.778  -42.553  72.216 0.0000000000
40551  -24.321  -43.325  69.761 0.0000000000
40575  -23.762  -43.589  67.627 0.0000000000
46751  -25.914  -37.649  69.628 0.0000000000
45674  -25.349  -37.980  69.827 0.0000000000
42459  -23.680  -40.781  66.914 0.0000000000
42452  -24.217  -41.510  68.369 0.0000000000
40595  -24.414  -42.817  66.357 0.0000000000
40576  -24.388  -43.093  67.489 0.0000000000
40661  -22.415  -43.908  63.680 0.0000000000
36695  -19.007  -46.965  65.893 0.0000000000
37696  -19.113  -45.817  66.011 0.0000000000
38670  -18.948  -45.549  67.123 0.0000000000
39497  -24.819  -44.055  79.536 0.0000000000
39519  -24.438  -43.886  78.056 0.0000000000
39520  -24.597  -43.929  78.256 0.0000000000
39527  -24.822  -44.052  77.517 0.0000000000
39530  -24.231  -43.811  77.015 0.0000000000
39537  -24.616  -43.989  75.795 0.0000000000
39542  -24.072  -44.361  74.732 0.0000000000
39546  -23.402  -43.823  74.381 0.0000000000
39553  -23.505  -44.048  73.228 0.0000000000
39681  -21.578  -44.663  63.567 0.0000000000
40378  -33.318  -41.260  84.607 0.0000000000
40387  -23.958  -42.762  83.857 0.0000000000
40388  -24.264  -42.642  83.953 0.0000000000
40421  -25.168  -43.197  82.490 0.0000000000
40437  -34.072  -42.406  80.616 0.0000000000
40447  -24.270  -43.441  79.838 0.0000000000
40451  -33.639  -42.274  80.346 0.0000000000
40452  -33.911  -42.454  80.436 0.0000000000
40464  -24.618  -43.857  79.376 0.0000000000
40466  -33.227  -41.779  80.152 0.0000000000
40467  -33.392  -41.953  80.244 0.0000000000
40477  -24.259  -43.713  78.150 0.0000000000
40478  -24.571  -43.843  78.745 0.0000000000
40488  -23.996  -43.674  77.325 0.0000000000
40503  -18.494  -43.091  75.293 0.0000000000
40505  -23.521  -43.739  75.576 0.0000000000
40507  -24.851  -43.622  75.168 0.0000000000
40511  -23.331  -43.604  74.888 0.0000000000
40512  -23.515  -43.856  75.196 0.0000000000
40523  -18.669  -43.554  72.137 0.0000000000
40524  -18.938  -43.232  71.744 0.0000000000
40533  -22.042  -42.900  72.176 0.0000000000
40538  -18.835  -43.735  70.729 0.0000000000
40542  -24.484  -43.205  70.897 0.0000000000
41325  -23.227  -41.536  85.051 0.0000000000
41326  -23.399  -41.712  85.060 0.0000000000
41353  -23.273  -41.795  84.212 0.0000000000
41356  -24.974  -42.377  83.348 0.0000000000
41368  -23.735  -42.556  82.489 0.0000000000
41397  -32.838  -42.160  80.738 0.0000000000
41398  -33.829  -42.110  79.994 0.0000000000
41410  -23.865  -42.927  79.343 0.0000000000
41412  -32.447  -41.467  79.950 0.0000000000
41413  -32.935  -41.618  79.881 0.0000000000
41429  -33.773  -41.895  79.344 0.0000000000
41450  -18.418  -42.865  76.171 0.0000000000
41453  -23.553  -43.306  76.860 0.0000000000
41475  -22.625  -42.751  74.419 0.0000000000
41485  -24.971  -42.487  73.303 0.0000000000
41492  -20.556  -42.446  72.278 0.0000000000
41494  -22.034  -42.713  73.097 0.0000000000
41500  -24.706  -42.449  71.615 0.0000000000
41523  -21.499  -42.791  68.410 0.0000000000
41552  -24.396  -42.086  65.758 0.0000000000
42234  -23.441  -40.902  86.707 0.0000000000
42245  -22.870  -41.185  86.122 0.0000000000
42249  -28.845  -40.661  86.649 0.0000000000
42261  -22.574  -41.014  85.500 0.0000000000
42265  -24.595  -41.476  85.636 0.0000000000
42266  -29.604  -40.565  85.877 0.0000000000
42293  -24.647  -41.876  84.403 0.0000000000
42302  -22.957  -41.378  82.678 0.0000000000
42304  -25.391  -41.722  83.162 0.0000000000
42315  -23.398  -41.737  81.393 0.0000000000
42337  -23.009  -41.229  80.018 0.0000000000
42355  -25.706  -41.162  77.814 0.0000000000
42387  -22.852  -41.739  76.659 0.0000000000
42393  -36.454  -40.845  76.104 0.0000000000
42400  -19.559  -41.621  74.827 0.0000000000
42405  -35.751  -41.056  75.467 0.0000000000
42407  -36.831  -40.575  75.478 0.0000000000
42420  -36.371  -40.774  75.245 0.0000000000
42421  -36.618  -40.656  75.339 0.0000000000
42428  -20.864  -41.898  73.559 0.0000000000
42439  -24.906  -41.727  72.596 0.0000000000
42445  -24.955  -41.901  72.004 0.0000000000
43246  -21.575  -40.125  86.698 0.0000000000
43261  -22.185  -40.645  86.319 0.0000000000
43263  -24.475  -41.058  86.447 0.0000000000
43292  -20.850  -39.910  84.664 0.0000000000
43294  -22.418  -40.927  83.945 0.0000000000
43309  -21.147  -40.207  83.977 0.0000000000
43326  -25.750  -41.010  83.332 0.0000000000
43338  -21.676  -40.469  81.935 0.0000000000
43339  -22.262  -40.831  81.431 0.0000000000
43347  -35.070  -39.733  81.742 0.0000000000
43358  -30.942  -40.497  80.336 0.0000000000
43391  -34.987  -40.677  79.065 0.0000000000
43404  -25.559  -41.077  77.158 0.0000000000
43406  -31.439  -40.233  78.393 0.0000000000
43421  -22.454  -41.086  76.536 0.0000000000
43430  -38.078  -40.026  76.230 0.0000000000
43444  -33.649  -40.181  76.111 0.0000000000
43447  -36.738  -40.656  75.966 0.0000000000
43458  -19.922  -41.277  74.583 0.0000000000
43460  -21.347  -41.059  74.752 0.0000000000
43490  -24.794  -41.309  72.626 0.0000000000
43499  -37.565  -38.487  70.085 0.0000000000
43505  -37.355  -38.458  69.827 0.0000000000
43506  -38.030  -38.142  69.977 0.0000000000
43511  -36.987  -38.602  69.174 0.0000000000
43512  -37.204  -38.485  69.361 0.0000000000
43513  -37.804  -38.179  69.690 0.0000000000
43519  -23.503  -40.125  66.981 0.0000000000
43520  -23.674  -40.574  67.441 0.0000000000
44383  -19.057  -38.657  87.846 0.0000000000
44406  -20.906  -39.815  85.747 0.0000000000
44457  -21.055  -40.045  81.755 0.0000000000
44471  -30.259  -40.106  79.877 0.0000000000
44473  -35.169  -39.145  81.122 0.0000000000
44484  -29.435  -39.773  79.305 0.0000000000
44502  -35.044  -40.154  78.669 0.0000000000
44528  -38.493  -39.567  76.091 0.0000000000
44529  -38.826  -39.007  75.884 0.0000000000
44571  -24.618  -40.681  72.564 0.0000000000
44597  -35.733  -39.228  73.188 0.0000000000
44621  -37.057  -38.562  70.059 0.0000000000
44622  -37.321  -38.520  70.132 0.0000000000
44627  -23.714  -39.499  68.124 0.0000000000
44628  -36.939  -38.593  69.322 0.0000000000
44629  -36.971  -38.515  68.878 0.0000000000
45562  -37.081  -37.135  82.058 0.0000000000
45565  -34.657  -39.374  80.053 0.0000000000
45581  -36.738  -39.349  76.980 0.0000000000
45589  -39.988  -38.108  75.498 0.0000000000
45597  -40.975  -37.988  74.918 0.0000000000
45604  -28.651  -38.576  74.086 0.0000000000
45625  -40.226  -37.875  74.042 0.0000000000
45685  -37.278  -38.182  68.462 0.0000000000
46654  -35.167  -38.462  79.679 0.0000000000
46662  -36.527  -36.865  79.299 0.0000000000
46673  -36.254  -38.412  77.078 0.0000000000
46674  -36.764  -38.151  76.600 0.0000000000
46683  -38.314  -37.827  76.345 0.0000000000
46684  -38.698  -37.616  76.263 0.0000000000
46685  -39.114  -37.296  76.153 0.0000000000
46691  -40.931  -37.795  74.479 0.0000000000
46723  -32.830  -37.616  71.503 0.0000000000
46728  -39.358  -37.429  71.584 0.0000000000
46735  -28.100  -37.635  70.485 0.0000000000
46832  -36.105  -36.897  64.775 0.0000000000
46833  -36.291  -36.994  64.954 0.0000000000
47845  -36.513  -37.508  76.649 0.0000000000
47854  -38.066  -37.336  76.099 0.0000000000
47872  -43.164  -35.630  74.004 0.0000000000
49040  -38.719  -35.149  78.055 0.0000000000
49081  -38.176  -36.544  75.954 0.0000000000
49082  -38.903  -36.458  75.941 0.0000000000
49084  -43.734  -34.663  75.601 0.0000000000
49096  -43.095  -35.323  73.722 0.0000000000
49121  -40.355  -35.223  71.099 0.0000000000
50251  -38.714  -35.174  76.848 0.0000000000
51485  -36.894  -33.949  66.937 0.0000000000
52606  -37.164  -32.813  66.849 0.0000000000
52611  -36.846  -32.549  66.290 0.0000000000
53544  -45.617  -30.583  74.913 0.0000000000
53568  -45.362  -30.896  73.622 0.0000000000
54609  -45.614  -30.469  74.312 0.0000000000
54642  -45.192  -30.501  73.372 0.0000000000
54703  -45.031  -29.936  67.942 0.0000000000
54773  -35.623  -31.210  62.958 0.0000000000
55706  -45.796  -28.533  75.545 0.0000000000
55802  -50.031  -29.025  68.834 0.0000000000
56789  -45.859  -28.072  75.389 0.0000000000
56841  -45.186  -28.020  70.424 0.0000000000
56864  -46.806  -28.212  69.766 0.0000000000
56869  -50.842  -28.140  68.796 0.0000000000
57854  -50.779  -26.879  69.470 0.0000000000
57871  -46.135  -27.856  69.928 0.0000000000
57910  -47.392  -26.944  65.165 0.0000000000
57924  -47.337  -26.893  64.664 0.0000000000
58907  -46.064  -25.730  66.270 0.0000000000
59886  -45.853  -25.678  74.673 0.0000000000
59912  -45.853  -26.146  71.573 0.0000000000
59966  -50.744  -25.941  68.222 0.0000000000
59984  -44.884  -24.999  64.906 0.0000000000
60048  -47.656  -24.496  61.667 0.0000000000
60917  -45.957  -25.107  73.234 0.0000000000
60966  -50.590  -24.243  69.525 0.0000000000
60990  -47.007  -24.334  67.140 0.0000000000
61057  -44.080  -24.502  63.310 0.0000000000
61074  -43.850  -24.430  62.511 0.0000000000
61967  -50.070  -23.305  71.816 0.0000000000
61979  -50.352  -23.170  71.329 0.0000000000
61993  -50.565  -23.617  69.751 0.0000000000
62005  -50.328  -23.903  68.664 0.0000000000
62007  -50.518  -23.669  69.411 0.0000000000
62082  -43.799  -24.020  62.775 0.0000000000
62099  -43.919  -23.382  62.461 0.0000000000
62111  -43.616  -23.950  61.251 0.0000000000
62129  -43.707  -23.619  60.553 0.0000000000
62164  -44.511  -23.388  58.086 0.0000000000
62183  -44.800  -23.336  57.274 0.0000000000
63101  -50.500  -22.825  70.446 0.0000000000
63119  -50.528  -22.624  69.995 0.0000000000
63120  -50.527  -23.109  69.757 0.0000000000
63136  -50.433  -22.804  69.465 0.0000000000
63224  -43.763  -23.225  60.580 0.0000000000
63240  -44.696  -22.211  59.936 0.0000000000
63266  -44.684  -22.859  57.467 0.0000000000
64260  -50.407  -22.318  70.721 0.0000000000
64399  -44.675  -22.208  59.680 0.0000000000
65343  -50.297  -21.533  70.157 0.0000000000
66515  -49.186  -19.179  62.256 0.0000000000
66532  -48.858  -19.444  61.174 0.0000000000
67631  -49.748  -18.487  64.052 0.0000000000
67645  -50.907  -17.957  63.267 0.0000000000
67679  -50.623  -18.226  61.518 0.0000000000
68776  -51.993  -16.940  64.192 0.0000000000
68777  -52.545  -16.673  64.071 0.0000000000
68814  -51.881  -17.366  63.150 0.0000000000
68863  -53.140  -17.599  59.270 0.0000000000
70853  -53.725  -15.362  63.355 0.0000000000
