#!ascii label  , from subject A00073230 vox2ras=TkReg
1731
56699  -35.950  -28.087  82.825 0.0000000000
73980  -44.581  -12.518  62.778 0.0000000000
72848  -36.960  -12.953  74.235 0.0000000000
123305  -4.110  -34.109  79.872 0.0000000000
54401  -21.260  -30.032  86.052 0.0000000000
61877  -4.131  -23.615  79.450 0.0000000000
58714  -3.073  -25.662  82.698 0.0000000000
72911  -42.132  -12.580  69.836 0.0000000000
64194  -3.385  -21.866  73.891 0.0000000000
51191  -2.543  -33.420  87.564 0.0000000000
58826  -33.938  -25.503  75.256 0.0000000000
55594  -30.592  -28.829  81.681 0.0000000000
54409  -28.902  -28.590  85.601 0.0000000000
73996  -48.466  -13.014  61.716 0.0000000000
70714  -41.226  -13.839  72.225 0.0000000000
53398  -16.330  -30.287  83.279 0.0000000000
68594  -3.443  -17.265  79.471 0.0000000000
56761  -2.511  -28.960  77.872 0.0000000000
55694  -6.196  -28.901  75.274 0.0000000000
50256  -6.328  -33.943  76.392 0.0000000000
58641  -7.842  -27.585  89.504 0.0000000000
56675  -4.902  -28.571  86.895 0.0000000000
69661  -34.814  -16.073  77.194 0.0000000000
56648  -26.762  -27.976  88.900 0.0000000000
53405  -23.585  -28.826  83.100 0.0000000000
61843  -2.346  -24.287  81.379 0.0000000000
55632  -0.333  -29.739  79.926 0.0000000000
74978  -42.111  -10.757  65.864 0.0000000000
55488  -10.924  -29.959  89.140 0.0000000000
53351  -13.188  -30.457  86.526 0.0000000000
63039  -5.329  -22.497  76.704 0.0000000000
57821  -3.617  -27.242  72.407 0.0000000000
57743  -6.403  -27.679  81.563 0.0000000000
55558  -2.965  -31.007  84.020 0.0000000000
50117  -2.639  -34.563  84.274 0.0000000000
57757  -36.927  -26.068  80.905 0.0000000000
55626  -34.142  -27.875  80.435 0.0000000000
57771  -35.175  -26.276  79.764 0.0000000000
55596  -33.769  -29.039  82.268 0.0000000000
54495  -31.888  -29.001  80.036 0.0000000000
55555  -32.670  -28.832  84.895 0.0000000000
73994  -46.141  -12.953  62.411 0.0000000000
72984  -41.637  -13.411  61.806 0.0000000000
71934  -44.231  -15.052  60.335 0.0000000000
71964  -46.027  -15.794  58.906 0.0000000000
72850  -39.403  -12.733  73.415 0.0000000000
70724  -33.622  -15.321  72.692 0.0000000000
72890  -35.708  -13.741  70.809 0.0000000000
70739  -38.091  -14.059  70.381 0.0000000000
52452  -3.374  -31.942  78.705 0.0000000000
53512  -4.161  -31.205  77.215 0.0000000000
51301  -5.350  -33.791  78.411 0.0000000000
47838  -7.425  -36.391  77.314 0.0000000000
46658  -6.763  -37.235  80.057 0.0000000000
54339  -7.341  -30.132  90.213 0.0000000000
55462  -5.457  -29.387  91.695 0.0000000000
68620  -35.442  -17.653  77.420 0.0000000000
61921  -35.828  -22.846  76.737 0.0000000000
60914  -34.122  -24.135  74.580 0.0000000000
65255  -35.158  -21.051  75.746 0.0000000000
67516  -34.487  -19.335  74.454 0.0000000000
58651  -29.137  -25.943  89.701 0.0000000000
53425  -26.638  -28.971  82.805 0.0000000000
53393  -26.518  -28.422  83.975 0.0000000000
76070  -47.179  -10.896  57.052 0.0000000000
78414  -48.449  -8.304  56.003 0.0000000000
60813  -2.399  -24.730  82.320 0.0000000000
58755  -0.284  -26.904  80.229 0.0000000000
57728  -0.929  -27.607  82.133 0.0000000000
74966  -42.234  -10.982  67.839 0.0000000000
68716  -39.645  -14.824  69.063 0.0000000000
70793  -39.343  -13.911  67.395 0.0000000000
72935  -39.255  -12.684  66.081 0.0000000000
58660  -11.813  -26.933  88.708 0.0000000000
57647  -12.901  -27.991  89.164 0.0000000000
64105  -6.164  -21.185  81.273 0.0000000000
65181  -6.290  -20.499  79.059 0.0000000000
63017  -5.713  -22.873  77.995 0.0000000000
53546  -5.165  -30.986  73.371 0.0000000000
57814  -4.989  -27.502  73.343 0.0000000000
123321  -3.861  -30.374  71.726 0.0000000000
56717  -7.628  -28.528  81.254 0.0000000000
55506  -2.831  -30.410  87.736 0.0000000000
55551  -3.049  -30.036  85.308 0.0000000000
54392  -2.232  -31.666  85.809 0.0000000000
53394  -2.446  -31.971  83.922 0.0000000000
50102  -2.365  -34.050  85.724 0.0000000000
58802  -35.440  -25.150  77.760 0.0000000000
56652  -30.788  -27.340  88.264 0.0000000000
55536  -32.137  -28.330  86.625 0.0000000000
55564  -30.057  -29.135  84.073 0.0000000000
76049  -48.680  -10.708  60.463 0.0000000000
73038  -47.949  -13.574  57.497 0.0000000000
71809  -42.236  -13.485  71.530 0.0000000000
68692  -38.701  -14.653  69.511 0.0000000000
53401  -19.435  -30.384  82.847 0.0000000000
53369  -18.396  -30.374  84.614 0.0000000000
66297  -3.452  -19.417  76.891 0.0000000000
58776  -2.938  -26.149  78.461 0.0000000000
58789  -4.693  -26.227  77.241 0.0000000000
56763  -3.806  -28.847  77.157 0.0000000000
53526  -5.411  -31.286  75.270 0.0000000000
50291  -5.295  -34.153  74.182 0.0000000000
58704  -8.277  -26.971  86.001 0.0000000000
56685  -6.951  -27.693  84.798 0.0000000000
57685  -5.842  -28.167  88.678 0.0000000000
56613  -3.221  -28.944  89.725 0.0000000000
71763  -35.077  -14.329  75.771 0.0000000000
68651  -33.644  -17.175  74.164 0.0000000000
55516  -23.928  -29.068  87.731 0.0000000000
55520  -27.863  -27.678  87.386 0.0000000000
54405  -25.105  -29.135  85.782 0.0000000000
53373  -22.544  -29.352  84.477 0.0000000000
64103  -4.640  -21.759  82.001 0.0000000000
64064  -3.516  -21.792  83.452 0.0000000000
61860  -2.825  -23.736  80.219 0.0000000000
59841  -1.103  -26.173  79.037 0.0000000000
56745  -1.190  -28.823  79.019 0.0000000000
52419  -2.237  -32.013  79.661 0.0000000000
73968  -42.910  -11.970  63.757 0.0000000000
73966  -40.876  -12.248  63.717 0.0000000000
58679  -10.204  -26.721  88.176 0.0000000000
56611  -9.358  -28.574  90.322 0.0000000000
53335  -8.306  -30.613  88.411 0.0000000000
54397  -16.831  -30.473  85.964 0.0000000000
54366  -15.441  -30.048  87.993 0.0000000000
55492  -14.745  -29.319  88.840 0.0000000000
54363  -11.818  -30.362  87.928 0.0000000000
53347  -9.937  -30.380  86.784 0.0000000000
67398  -4.678  -18.000  80.962 0.0000000000
65187  -4.437  -20.115  78.075 0.0000000000
63047  -3.690  -22.590  75.346 0.0000000000
59871  -4.869  -25.308  75.847 0.0000000000
59879  -3.593  -25.161  74.728 0.0000000000
61936  -3.340  -24.191  73.472 0.0000000000
58737  -4.621  -27.002  82.658 0.0000000000
55562  -5.463  -29.064  83.994 0.0000000000
55601  -4.255  -29.343  82.076 0.0000000000
57730  -2.601  -27.715  82.155 0.0000000000
55584  -1.293  -30.042  82.146 0.0000000000
52387  -2.124  -32.290  81.540 0.0000000000
48967  -3.219  -34.794  81.924 0.0000000000
47693  -2.272  -36.525  87.539 0.0000000000
47712  -2.493  -36.816  85.981 0.0000000000
46631  -5.129  -37.418  82.185 0.0000000000
57747  -36.734  -26.800  81.989 0.0000000000
57726  -36.866  -27.217  83.497 0.0000000000
55614  -35.286  -27.884  81.456 0.0000000000
56730  -35.819  -26.822  81.074 0.0000000000
55597  -34.549  -28.615  82.211 0.0000000000
55612  -33.799  -28.590  81.178 0.0000000000
56694  -35.856  -28.267  83.964 0.0000000000
55568  -34.714  -28.663  84.298 0.0000000000
73981  -45.362  -12.548  62.648 0.0000000000
73992  -43.677  -13.008  62.610 0.0000000000
73002  -43.451  -14.272  60.850 0.0000000000
72986  -44.207  -13.918  61.974 0.0000000000
72987  -45.458  -14.024  62.030 0.0000000000
73883  -38.578  -12.672  74.003 0.0000000000
73874  -39.892  -12.409  75.421 0.0000000000
72842  -38.805  -12.585  76.115 0.0000000000
72876  -34.823  -14.118  72.311 0.0000000000
72862  -36.803  -12.969  73.029 0.0000000000
72879  -37.791  -13.230  71.890 0.0000000000
51298  -3.791  -33.030  79.187 0.0000000000
51319  -3.899  -32.345  78.631 0.0000000000
49023  -4.456  -34.001  79.168 0.0000000000
49025  -6.168  -35.274  78.824 0.0000000000
47818  -5.276  -36.003  80.006 0.0000000000
53333  -6.979  -31.060  88.854 0.0000000000
54342  -6.731  -30.791  89.886 0.0000000000
64176  -36.460  -21.527  77.366 0.0000000000
64197  -35.095  -21.845  76.040 0.0000000000
66324  -35.992  -20.348  76.760 0.0000000000
66323  -35.574  -19.500  76.281 0.0000000000
77192  -48.487  -9.618  58.718 0.0000000000
77209  -47.325  -9.937  56.258 0.0000000000
79393  -49.488  -7.573  57.060 0.0000000000
59767  -2.568  -25.609  82.490 0.0000000000
58734  -0.942  -26.592  82.297 0.0000000000
58735  -1.586  -26.553  82.345 0.0000000000
74943  -42.722  -11.426  68.943 0.0000000000
75989  -43.915  -10.137  68.673 0.0000000000
70780  -41.367  -13.738  69.866 0.0000000000
69762  -39.674  -14.516  68.478 0.0000000000
72921  -41.131  -12.842  68.878 0.0000000000
72920  -40.626  -12.703  68.062 0.0000000000
58662  -13.726  -27.043  88.447 0.0000000000
57673  -14.333  -27.391  88.882 0.0000000000
54372  -21.733  -29.204  87.418 0.0000000000
54384  -20.484  -29.841  86.836 0.0000000000
66330  -3.999  -20.004  75.251 0.0000000000
62983  -5.393  -22.227  80.492 0.0000000000
63000  -5.613  -22.640  79.297 0.0000000000
61878  -4.843  -23.388  79.119 0.0000000000
51399  -4.308  -32.284  73.062 0.0000000000
123317  -4.133  -30.333  72.094 0.0000000000
50316  -4.166  -32.124  71.921 0.0000000000
57754  -9.196  -27.741  80.711 0.0000000000
56708  -8.789  -27.930  81.887 0.0000000000
54347  -2.518  -31.412  87.742 0.0000000000
54376  -2.379  -30.990  86.646 0.0000000000
53344  -2.263  -31.872  86.815 0.0000000000
52335  -2.180  -32.189  86.006 0.0000000000
51206  -2.550  -33.287  86.973 0.0000000000
58768  -36.310  -25.710  79.894 0.0000000000
57783  -35.480  -25.670  78.731 0.0000000000
59856  -36.267  -24.535  78.655 0.0000000000
60894  -36.424  -23.331  77.803 0.0000000000
54452  -31.481  -29.096  83.345 0.0000000000
54439  -31.285  -29.029  84.272 0.0000000000
54462  -29.812  -29.135  82.854 0.0000000000
54461  -28.798  -29.115  82.834 0.0000000000
73997  -48.930  -12.552  61.208 0.0000000000
73020  -47.338  -14.884  60.282 0.0000000000
71966  -47.593  -14.728  58.392 0.0000000000
73022  -48.250  -13.785  59.286 0.0000000000
74011  -48.184  -12.272  59.681 0.0000000000
70729  -41.585  -14.063  71.641 0.0000000000
72870  -43.107  -12.695  72.544 0.0000000000
72855  -42.050  -12.711  73.403 0.0000000000
70725  -39.775  -14.283  71.352 0.0000000000
69725  -38.596  -14.411  70.021 0.0000000000
69714  -40.236  -14.686  71.073 0.0000000000
69715  -40.891  -14.636  71.117 0.0000000000
69646  -3.651  -16.383  78.845 0.0000000000
68612  -3.629  -17.520  77.741 0.0000000000
67437  -3.422  -18.547  78.341 0.0000000000
57779  -2.735  -27.822  77.915 0.0000000000
57780  -3.389  -27.411  77.674 0.0000000000
56762  -3.097  -28.969  77.505 0.0000000000
51339  -5.261  -32.770  76.982 0.0000000000
53513  -4.953  -31.228  76.353 0.0000000000
52484  -5.547  -32.699  75.851 0.0000000000
51359  -5.478  -32.825  75.288 0.0000000000
51378  -5.519  -33.417  75.060 0.0000000000
49073  -6.527  -35.356  75.575 0.0000000000
58677  -8.069  -27.196  88.074 0.0000000000
58693  -7.076  -27.598  87.470 0.0000000000
58655  -6.788  -27.722  89.117 0.0000000000
54336  -4.526  -30.547  91.014 0.0000000000
56606  -4.223  -28.675  91.432 0.0000000000
54335  -3.614  -30.588  90.972 0.0000000000
54341  -2.567  -30.488  89.603 0.0000000000
70688  -34.606  -15.368  76.484 0.0000000000
68644  -34.599  -17.616  75.748 0.0000000000
67514  -34.212  -18.131  74.595 0.0000000000
69677  -34.255  -16.387  75.437 0.0000000000
70706  -33.944  -15.734  74.580 0.0000000000
56632  -26.173  -27.740  89.758 0.0000000000
56646  -24.697  -28.262  89.251 0.0000000000
55502  -25.234  -28.185  88.366 0.0000000000
55534  -30.290  -28.551  87.082 0.0000000000
56659  -29.784  -27.736  87.990 0.0000000000
55542  -28.319  -28.256  85.987 0.0000000000
53391  -24.875  -28.835  83.972 0.0000000000
54424  -25.582  -28.674  85.063 0.0000000000
53375  -24.404  -29.087  84.573 0.0000000000
54422  -23.866  -29.511  85.228 0.0000000000
53389  -23.033  -28.917  83.769 0.0000000000
53403  -21.580  -29.471  82.678 0.0000000000
62934  -2.982  -23.574  82.494 0.0000000000
62957  -2.968  -23.432  81.602 0.0000000000
62958  -3.411  -22.838  81.628 0.0000000000
61859  -2.451  -24.195  80.723 0.0000000000
60856  -1.940  -25.275  79.778 0.0000000000
60839  -1.714  -25.138  80.318 0.0000000000
57758  0.225  -28.264  79.875 0.0000000000
57759  -0.212  -27.765  79.455 0.0000000000
55647  -0.676  -29.499  79.416 0.0000000000
53476  -1.997  -30.948  79.437 0.0000000000
53462  -1.637  -31.252  79.948 0.0000000000
74986  -42.319  -11.674  64.265 0.0000000000
76015  -42.909  -10.336  64.363 0.0000000000
76011  -42.570  -10.294  65.255 0.0000000000
74976  -41.106  -11.561  65.506 0.0000000000
73953  -39.502  -12.383  64.664 0.0000000000
73959  -40.976  -11.879  64.588 0.0000000000
73967  -41.948  -12.021  63.920 0.0000000000
59698  -11.518  -26.418  86.790 0.0000000000
56618  -11.415  -28.580  89.673 0.0000000000
57669  -10.450  -27.401  89.500 0.0000000000
55472  -10.208  -29.035  90.216 0.0000000000
55478  -9.334  -29.668  89.874 0.0000000000
54345  -9.803  -30.012  89.330 0.0000000000
53383  -16.907  -30.530  84.056 0.0000000000
54416  -17.785  -30.374  85.350 0.0000000000
53367  -16.547  -30.434  84.978 0.0000000000
53364  -13.881  -30.873  85.339 0.0000000000
54396  -15.636  -30.463  86.282 0.0000000000
54379  -15.004  -30.221  87.012 0.0000000000
54357  -15.123  -29.552  88.443 0.0000000000
54365  -14.183  -30.068  87.689 0.0000000000
54355  -13.393  -29.914  88.364 0.0000000000
53350  -12.515  -30.442  86.768 0.0000000000
53353  -10.474  -30.678  86.410 0.0000000000
68569  -5.059  -17.778  81.585 0.0000000000
64155  -5.793  -21.270  77.464 0.0000000000
66277  -5.742  -20.052  78.696 0.0000000000
65198  -4.978  -20.603  77.601 0.0000000000
64153  -4.243  -20.859  76.884 0.0000000000
63038  -4.530  -22.482  76.230 0.0000000000
58799  -5.083  -26.595  76.985 0.0000000000
59862  -5.089  -25.204  76.757 0.0000000000
58806  -5.558  -26.456  75.536 0.0000000000
57823  -4.208  -27.739  72.661 0.0000000000
58813  -3.857  -26.215  74.453 0.0000000000
58822  -3.377  -26.300  73.508 0.0000000000
60905  -3.431  -24.551  74.289 0.0000000000
59895  -3.361  -26.035  72.659 0.0000000000
60931  -3.417  -25.447  72.261 0.0000000000
57733  -5.016  -27.449  82.256 0.0000000000
56683  -5.624  -28.363  85.713 0.0000000000
56691  -6.132  -28.549  84.278 0.0000000000
56690  -5.105  -28.865  84.877 0.0000000000
55559  -3.021  -30.315  84.221 0.0000000000
55574  -4.162  -29.742  83.648 0.0000000000
54444  -3.128  -30.048  82.976 0.0000000000
56703  -3.065  -28.707  82.073 0.0000000000
55586  -2.724  -29.797  82.343 0.0000000000
55585  -1.931  -29.776  82.265 0.0000000000
55570  -1.781  -30.990  82.569 0.0000000000
51222  -2.283  -32.828  84.267 0.0000000000
52372  -2.319  -32.183  82.602 0.0000000000
50134  -2.451  -33.733  83.207 0.0000000000
50165  -2.396  -33.397  81.703 0.0000000000
50152  -2.637  -34.280  82.378 0.0000000000
45481  -2.217  -38.473  87.230 0.0000000000
47701  -2.254  -36.701  86.988 0.0000000000
58770  -37.429  -25.443  80.526 0.0000000000
54516  -33.248  -28.469  79.250 0.0000000000
55655  -33.523  -27.761  78.904 0.0000000000
56728  -34.494  -27.399  80.361 0.0000000000
57764  -35.944  -26.248  80.453 0.0000000000
54465  -32.502  -29.139  82.054 0.0000000000
54479  -32.716  -28.951  81.044 0.0000000000
54497  -33.313  -28.725  80.052 0.0000000000
55566  -32.964  -29.078  83.720 0.0000000000
73995  -47.411  -12.987  62.191 0.0000000000
73019  -43.321  -14.976  60.085 0.0000000000
70879  -43.556  -15.991  59.008 0.0000000000
70894  -45.627  -16.032  58.593 0.0000000000
71935  -45.308  -15.182  60.410 0.0000000000
71936  -46.344  -15.184  60.358 0.0000000000
72866  -40.511  -13.273  72.737 0.0000000000
72854  -41.474  -12.817  73.481 0.0000000000
73886  -40.433  -12.361  74.526 0.0000000000
73865  -40.454  -11.745  76.723 0.0000000000
69710  -32.644  -16.718  71.896 0.0000000000
71803  -33.252  -14.997  71.492 0.0000000000
71818  -33.335  -14.712  70.508 0.0000000000
71835  -34.861  -14.337  69.455 0.0000000000
71836  -35.717  -14.496  69.189 0.0000000000
72901  -36.731  -13.586  70.801 0.0000000000
71792  -38.568  -13.695  71.511 0.0000000000
54561  -2.803  -30.345  78.020 0.0000000000
54562  -3.481  -30.472  77.559 0.0000000000
53494  -3.524  -31.343  77.881 0.0000000000
52454  -4.511  -32.383  77.835 0.0000000000
51341  -6.294  -33.864  77.425 0.0000000000
49056  -7.312  -35.496  76.782 0.0000000000
49041  -6.663  -35.054  78.321 0.0000000000
47832  -7.239  -36.417  78.409 0.0000000000
57627  -7.623  -28.082  90.458 0.0000000000
57626  -6.677  -28.009  90.809 0.0000000000
55468  -6.222  -29.459  91.193 0.0000000000
68619  -35.065  -16.977  77.224 0.0000000000
59883  -34.768  -24.603  75.504 0.0000000000
59889  -34.116  -24.713  74.967 0.0000000000
61929  -34.958  -23.331  75.060 0.0000000000
63065  -34.659  -22.375  74.802 0.0000000000
64221  -34.168  -21.389  74.279 0.0000000000
66364  -34.675  -19.995  74.566 0.0000000000
67493  -35.091  -18.700  75.711 0.0000000000
56634  -28.155  -27.290  89.367 0.0000000000
54436  -28.246  -28.949  84.281 0.0000000000
54426  -27.737  -28.553  84.805 0.0000000000
53409  -26.780  -28.767  83.475 0.0000000000
52365  -25.452  -28.925  82.925 0.0000000000
76079  -46.574  -10.889  55.828 0.0000000000
77218  -47.120  -9.744  55.126 0.0000000000
77229  -47.555  -8.930  54.502 0.0000000000
78432  -47.891  -8.383  53.521 0.0000000000
61827  -2.389  -24.006  81.808 0.0000000000
60830  -1.613  -25.079  81.118 0.0000000000
59803  -1.126  -25.714  81.634 0.0000000000
58746  -0.378  -26.621  81.320 0.0000000000
56711  -0.010  -28.822  81.102 0.0000000000
74973  -41.977  -10.787  66.958 0.0000000000
75995  -43.438  -9.683  67.771 0.0000000000
68739  -38.431  -15.388  66.818 0.0000000000
70826  -38.367  -14.734  66.033 0.0000000000
71882  -38.359  -13.433  65.269 0.0000000000
71871  -39.204  -13.267  66.678 0.0000000000
73946  -40.669  -12.055  67.121 0.0000000000
58698  -11.776  -26.573  87.370 0.0000000000
58682  -13.154  -26.845  87.898 0.0000000000
57671  -12.350  -27.444  88.983 0.0000000000
55480  -11.946  -29.074  89.188 0.0000000000
53395  -13.325  -30.929  83.967 0.0000000000
52340  -11.893  -30.564  85.655 0.0000000000
66250  -6.449  -19.435  81.748 0.0000000000
66259  -6.436  -19.475  80.734 0.0000000000
65174  -6.551  -20.394  80.101 0.0000000000
63001  -6.270  -21.917  78.904 0.0000000000
63027  -5.558  -22.859  77.183 0.0000000000
54613  -5.734  -30.351  73.638 0.0000000000
56779  -6.064  -27.901  73.918 0.0000000000
55739  -5.189  -29.375  72.586 0.0000000000
123327  -4.338  -29.421  72.092 0.0000000000
56819  -4.132  -28.562  71.789 0.0000000000
59820  -8.717  -25.594  80.607 0.0000000000
57752  -7.482  -27.379  80.877 0.0000000000
56716  -6.893  -28.308  81.276 0.0000000000
56665  -3.487  -29.537  87.524 0.0000000000
55540  -3.597  -29.318  86.130 0.0000000000
55525  -2.633  -30.367  86.950 0.0000000000
55538  -2.580  -30.465  86.091 0.0000000000
54414  -2.525  -31.404  85.117 0.0000000000
54433  -2.617  -31.601  84.202 0.0000000000
53361  -2.225  -31.941  85.622 0.0000000000
51218  -2.354  -32.973  85.126 0.0000000000
50103  -2.515  -34.462  85.180 0.0000000000
56784  -33.485  -26.631  76.060 0.0000000000
56755  -34.061  -26.882  78.308 0.0000000000
57793  -34.678  -25.950  77.415 0.0000000000
58807  -34.762  -25.242  76.104 0.0000000000
59873  -35.527  -24.038  76.768 0.0000000000
61913  -36.239  -22.745  77.199 0.0000000000
55545  -30.837  -28.575  86.422 0.0000000000
55546  -31.788  -28.620  85.944 0.0000000000
54430  -31.161  -28.892  85.219 0.0000000000
54437  -29.406  -29.112  84.445 0.0000000000
54449  -28.622  -29.134  83.689 0.0000000000
71985  -47.106  -15.126  56.482 0.0000000000
75032  -47.054  -12.510  57.434 0.0000000000
76056  -47.972  -11.199  58.831 0.0000000000
71839  -42.424  -12.920  70.759 0.0000000000
73919  -44.143  -11.491  70.654 0.0000000000
73903  -44.081  -11.893  71.928 0.0000000000
70777  -35.832  -14.938  68.330 0.0000000000
68705  -39.521  -14.866  69.294 0.0000000000
69729  -41.172  -14.481  70.575 0.0000000000
53371  -20.543  -30.204  84.434 0.0000000000
54418  -19.838  -30.167  85.291 0.0000000000
53385  -18.939  -30.396  83.778 0.0000000000
53400  -18.291  -30.413  83.057 0.0000000000
67464  -3.677  -18.587  76.633 0.0000000000
65223  -3.734  -20.602  75.399 0.0000000000
60873  -3.381  -24.812  78.762 0.0000000000
60874  -4.243  -24.324  78.186 0.0000000000
59852  -3.561  -25.596  78.101 0.0000000000
57781  -4.122  -27.049  77.394 0.0000000000
55679  -4.991  -29.114  76.328 0.0000000000
54563  -4.277  -30.381  76.758 0.0000000000
55692  -5.000  -29.576  76.077 0.0000000000
54579  -5.644  -29.913  75.295 0.0000000000
53537  -5.413  -31.094  74.253 0.0000000000
57715  -8.030  -27.383  84.293 0.0000000000
57704  -7.600  -27.297  85.838 0.0000000000
57702  -6.499  -27.894  86.738 0.0000000000
57700  -5.226  -28.219  87.643 0.0000000000
57639  -5.232  -27.913  90.432 0.0000000000
57683  -4.353  -28.510  89.484 0.0000000000
56654  -3.614  -29.454  88.389 0.0000000000
55473  -2.830  -30.127  89.025 0.0000000000
53331  -2.675  -31.357  88.267 0.0000000000
52307  -2.536  -32.647  88.228 0.0000000000
72839  -36.088  -13.493  75.057 0.0000000000
72828  -37.379  -12.815  76.279 0.0000000000
72816  -37.233  -12.887  77.237 0.0000000000
59896  -32.956  -25.215  74.237 0.0000000000
69711  -32.830  -17.535  72.174 0.0000000000
71777  -34.496  -14.554  73.858 0.0000000000
55515  -22.915  -29.073  88.074 0.0000000000
54386  -22.507  -29.417  86.754 0.0000000000
57678  -29.537  -26.935  88.869 0.0000000000
56650  -28.963  -27.306  88.641 0.0000000000
55504  -27.212  -27.677  88.056 0.0000000000
54407  -27.077  -28.229  85.654 0.0000000000
54390  -26.076  -28.051  86.238 0.0000000000
55518  -25.716  -27.897  87.433 0.0000000000
54388  -24.571  -29.266  86.526 0.0000000000
54403  -23.251  -29.558  86.039 0.0000000000
54420  -21.963  -29.774  85.224 0.0000000000
53387  -21.203  -30.057  83.552 0.0000000000
78433  -48.654  -7.674  52.954 0.0000000000
79435  -49.409  -7.294  51.456 0.0000000000
79438  -49.782  -7.175  50.453 0.0000000000
64104  -5.538  -21.471  81.669 0.0000000000
62960  -4.894  -22.165  81.214 0.0000000000
64082  -3.881  -21.597  82.903 0.0000000000
62959  -4.001  -22.401  81.545 0.0000000000
61861  -3.424  -23.362  80.172 0.0000000000
60857  -2.690  -24.681  79.448 0.0000000000
58775  -2.236  -26.539  78.628 0.0000000000
58785  -1.961  -27.715  78.430 0.0000000000
59832  -1.091  -25.965  79.760 0.0000000000
57770  -1.001  -27.815  79.014 0.0000000000
56752  -1.960  -28.980  78.620 0.0000000000
54540  -2.085  -30.101  79.144 0.0000000000
52434  -2.378  -31.386  79.210 0.0000000000
51283  -3.019  -33.103  79.979 0.0000000000
73979  -43.621  -12.151  63.084 0.0000000000
72953  -38.380  -13.014  64.140 0.0000000000
73964  -39.085  -12.741  63.485 0.0000000000
73988  -39.730  -12.903  62.329 0.0000000000
73990  -41.207  -13.015  62.496 0.0000000000
73978  -42.740  -12.546  63.252 0.0000000000
58696  -9.731  -26.625  87.281 0.0000000000
58678  -9.089  -26.792  88.186 0.0000000000
58680  -11.265  -26.768  88.071 0.0000000000
58658  -9.571  -27.057  89.218 0.0000000000
57628  -8.395  -28.060  90.278 0.0000000000
54350  -8.213  -30.606  88.998 0.0000000000
54399  -19.106  -30.091  86.127 0.0000000000
54382  -18.384  -30.180  86.951 0.0000000000
54368  -17.644  -30.042  87.728 0.0000000000
53360  -15.954  -30.555  85.590 0.0000000000
54380  -16.138  -30.338  87.024 0.0000000000
55509  -16.886  -29.645  88.280 0.0000000000
55493  -15.862  -29.417  88.668 0.0000000000
55483  -15.185  -28.894  89.132 0.0000000000
57649  -14.974  -27.888  89.114 0.0000000000
56620  -13.484  -28.477  89.542 0.0000000000
55490  -12.686  -29.576  88.917 0.0000000000
54353  -11.354  -30.175  88.602 0.0000000000
53349  -11.622  -30.610  86.842 0.0000000000
53342  -11.298  -30.598  87.464 0.0000000000
54361  -9.997  -30.293  88.060 0.0000000000
54360  -9.363  -30.287  87.979 0.0000000000
68580  -3.500  -17.155  80.488 0.0000000000
67425  -5.501  -18.841  80.037 0.0000000000
67424  -4.900  -18.838  79.810 0.0000000000
67438  -3.538  -18.789  78.962 0.0000000000
66286  -3.785  -19.902  77.818 0.0000000000
65208  -3.674  -20.457  76.370 0.0000000000
64195  -3.544  -21.705  74.656 0.0000000000
60875  -4.874  -23.898  77.816 0.0000000000
60885  -4.865  -24.345  77.268 0.0000000000
61920  -4.508  -24.058  76.254 0.0000000000
58815  -5.477  -26.772  74.695 0.0000000000
59880  -4.283  -25.739  75.074 0.0000000000
61919  -4.217  -23.373  75.863 0.0000000000
61918  -3.747  -23.443  75.261 0.0000000000
61927  -3.494  -23.572  74.669 0.0000000000
63054  -3.301  -22.764  73.977 0.0000000000
63070  -3.335  -23.746  72.675 0.0000000000
56697  -7.120  -28.491  83.152 0.0000000000
55577  -6.557  -28.947  82.748 0.0000000000
55603  -5.661  -29.036  81.986 0.0000000000
55561  -4.467  -29.306  84.506 0.0000000000
55589  -5.379  -29.429  82.581 0.0000000000
56714  -5.018  -28.622  81.818 0.0000000000
57732  -4.373  -27.773  82.189 0.0000000000
57731  -3.536  -27.683  82.294 0.0000000000
57720  -2.384  -26.940  82.336 0.0000000000
57729  -1.716  -27.305  82.142 0.0000000000
56701  -1.166  -28.672  81.851 0.0000000000
55619  -0.475  -29.881  81.062 0.0000000000
53413  -2.391  -31.679  82.866 0.0000000000
53431  -1.623  -31.325  81.858 0.0000000000
53448  -1.461  -31.323  80.803 0.0000000000
52403  -2.081  -32.200  80.529 0.0000000000
51267  -2.511  -33.109  80.725 0.0000000000
50168  -3.737  -34.799  81.019 0.0000000000
50029  -2.435  -34.459  88.125 0.0000000000
47685  -2.333  -36.413  87.926 0.0000000000
50062  -2.472  -34.400  87.351 0.0000000000
48868  -2.366  -35.476  87.169 0.0000000000
48877  -2.430  -35.410  86.405 0.0000000000
47727  -2.818  -36.194  85.183 0.0000000000
46597  -2.970  -37.559  84.926 0.0000000000
48912  -3.098  -35.725  84.209 0.0000000000
47764  -3.434  -35.644  82.608 0.0000000000
46642  -4.410  -36.548  82.050 0.0000000000
47817  -4.596  -35.706  80.353 0.0000000000
46651  -5.551  -37.043  81.082 0.0000000000
45563  -7.091  -38.536  80.544 0.0000000000
56710  -36.262  -27.319  82.467 0.0000000000
57737  -36.682  -26.929  82.779 0.0000000000
56700  -36.481  -27.670  83.280 0.0000000000
55598  -35.243  -28.147  82.153 0.0000000000
56709  -35.676  -27.584  82.017 0.0000000000
55583  -35.185  -28.499  83.257 0.0000000000
73993  -44.962  -13.250  62.603 0.0000000000
74991  -45.044  -12.116  62.528 0.0000000000
72849  -37.890  -12.657  74.569 0.0000000000
73872  -38.592  -12.608  74.747 0.0000000000
72841  -38.162  -12.690  75.609 0.0000000000
72847  -35.944  -13.315  73.938 0.0000000000
72861  -35.776  -13.431  72.900 0.0000000000
49002  -4.715  -35.025  79.743 0.0000000000
53332  -6.260  -31.320  89.141 0.0000000000
65216  -36.500  -20.910  77.415 0.0000000000
73927  -42.507  -11.812  69.310 0.0000000000
74944  -43.203  -11.289  69.186 0.0000000000
74945  -43.829  -11.368  69.896 0.0000000000
71852  -41.637  -13.258  69.826 0.0000000000
71851  -41.112  -13.435  69.398 0.0000000000
72922  -41.568  -12.925  69.450 0.0000000000
73938  -41.798  -12.289  69.098 0.0000000000
58663  -14.704  -26.991  88.363 0.0000000000
54385  -21.500  -29.621  86.767 0.0000000000
65240  -3.455  -21.346  73.944 0.0000000000
65241  -3.807  -20.577  74.292 0.0000000000
62999  -4.761  -23.197  79.575 0.0000000000
51417  -4.196  -31.802  72.843 0.0000000000
57735  -8.906  -27.562  82.358 0.0000000000
52319  -2.520  -32.557  87.879 0.0000000000
53336  -2.410  -31.917  87.489 0.0000000000
52325  -2.475  -32.516  87.245 0.0000000000
59846  -36.916  -24.773  79.694 0.0000000000
58779  -36.429  -25.216  79.436 0.0000000000
60878  -36.965  -23.960  79.129 0.0000000000
54463  -30.767  -29.065  82.537 0.0000000000
72990  -48.348  -13.845  61.112 0.0000000000
73021  -47.802  -14.532  59.741 0.0000000000
73007  -48.341  -13.897  60.260 0.0000000000
74003  -48.778  -13.264  60.825 0.0000000000
70715  -41.446  -13.840  72.115 0.0000000000
71782  -41.922  -13.321  72.562 0.0000000000
71795  -40.855  -14.004  72.084 0.0000000000
70742  -39.883  -14.583  71.109 0.0000000000
70727  -40.957  -14.240  71.859 0.0000000000
70743  -41.125  -14.455  71.508 0.0000000000
69637  -3.386  -16.353  79.731 0.0000000000
68603  -3.469  -17.467  78.637 0.0000000000
67422  -3.448  -18.182  79.177 0.0000000000
57788  -2.713  -28.453  77.751 0.0000000000
51340  -5.904  -33.425  76.769 0.0000000000
52470  -5.465  -32.707  76.327 0.0000000000
51360  -5.649  -33.164  75.582 0.0000000000
50277  -6.252  -34.208  75.827 0.0000000000
58656  -7.546  -27.522  88.901 0.0000000000
58640  -7.042  -27.539  89.607 0.0000000000
71755  -35.102  -14.135  76.966 0.0000000000
70678  -34.875  -15.166  77.543 0.0000000000
57806  -33.720  -26.218  75.461 0.0000000000
68643  -34.328  -17.206  75.348 0.0000000000
70687  -34.448  -15.650  76.114 0.0000000000
56633  -27.181  -27.474  89.532 0.0000000000
56647  -25.734  -28.170  89.106 0.0000000000
55543  -29.270  -28.243  86.167 0.0000000000
55533  -29.503  -28.226  86.896 0.0000000000
53406  -24.459  -28.866  83.298 0.0000000000
53390  -23.986  -28.923  83.898 0.0000000000
53404  -22.575  -28.883  82.734 0.0000000000
62956  -2.774  -23.701  81.968 0.0000000000
62935  -3.399  -23.003  82.180 0.0000000000
61844  -2.614  -23.911  81.165 0.0000000000
61858  -2.011  -24.691  80.858 0.0000000000
56723  0.234  -29.017  80.244 0.0000000000
56734  -0.274  -28.868  79.383 0.0000000000
55633  -0.791  -30.032  79.519 0.0000000000
54503  -0.925  -30.485  80.123 0.0000000000
74983  -42.197  -11.206  64.827 0.0000000000
74984  -42.487  -10.713  64.872 0.0000000000
74979  -42.394  -10.498  65.494 0.0000000000
74977  -41.636  -11.265  65.575 0.0000000000
74981  -41.115  -11.700  65.071 0.0000000000
74982  -41.680  -11.633  64.813 0.0000000000
74985  -41.972  -11.786  64.376 0.0000000000
56617  -10.366  -28.546  90.186 0.0000000000
55479  -10.599  -29.388  89.654 0.0000000000
54346  -10.448  -29.941  89.282 0.0000000000
53382  -15.924  -30.449  84.191 0.0000000000
53357  -13.614  -30.630  86.065 0.0000000000
54394  -14.170  -30.530  86.266 0.0000000000
54378  -13.875  -30.341  86.789 0.0000000000
54364  -12.916  -30.254  87.532 0.0000000000
54377  -13.138  -30.423  86.917 0.0000000000
67386  -5.773  -18.044  81.876 0.0000000000
64171  -5.744  -22.003  76.912 0.0000000000
65199  -5.540  -20.662  77.833 0.0000000000
64170  -5.068  -21.697  76.705 0.0000000000
64154  -4.699  -20.978  77.015 0.0000000000
57792  -5.683  -27.340  76.073 0.0000000000
57797  -6.095  -27.460  75.052 0.0000000000
57822  -3.774  -27.416  72.606 0.0000000000
57812  -3.700  -27.042  73.141 0.0000000000
58831  -3.450  -26.852  72.931 0.0000000000
58821  -3.355  -26.286  73.078 0.0000000000
58830  -3.407  -26.665  72.673 0.0000000000
58836  -3.473  -26.877  72.189 0.0000000000
57742  -5.562  -27.733  81.919 0.0000000000
56682  -4.446  -28.927  85.729 0.0000000000
55572  -2.957  -30.364  83.104 0.0000000000
54455  -2.931  -29.919  82.773 0.0000000000
55571  -2.567  -30.597  82.829 0.0000000000
50116  -2.406  -33.613  84.475 0.0000000000
51231  -2.305  -32.901  83.444 0.0000000000
50135  -2.607  -34.469  83.328 0.0000000000
44389  -2.211  -39.208  87.028 0.0000000000
58761  -37.304  -25.758  80.659 0.0000000000
55639  -33.507  -28.061  79.764 0.0000000000
55640  -33.691  -27.709  79.726 0.0000000000
57756  -36.489  -26.527  81.289 0.0000000000
56738  -35.545  -26.728  80.693 0.0000000000
57765  -36.788  -25.917  80.378 0.0000000000
55595  -33.136  -29.146  81.898 0.0000000000
55613  -34.636  -28.239  81.187 0.0000000000
55625  -33.694  -28.259  80.347 0.0000000000
55582  -34.334  -28.939  83.261 0.0000000000
55567  -33.741  -29.047  84.145 0.0000000000
55581  -33.612  -29.076  83.249 0.0000000000
54453  -32.342  -29.049  83.059 0.0000000000
72988  -46.651  -14.050  61.973 0.0000000000
74999  -46.982  -11.746  62.074 0.0000000000
73000  -40.652  -13.402  60.965 0.0000000000
73001  -42.087  -13.736  60.851 0.0000000000
71948  -43.868  -15.479  59.616 0.0000000000
71949  -44.830  -15.561  59.727 0.0000000000
73004  -45.911  -14.705  61.210 0.0000000000
72865  -39.837  -12.964  72.810 0.0000000000
72852  -40.486  -12.770  73.644 0.0000000000
72851  -39.919  -12.714  73.493 0.0000000000
73864  -39.902  -12.354  76.370 0.0000000000
70737  -33.068  -15.688  72.208 0.0000000000
70738  -33.606  -14.995  72.094 0.0000000000
72877  -35.423  -13.704  71.879 0.0000000000
71804  -34.047  -14.531  71.442 0.0000000000
71805  -34.938  -14.077  71.088 0.0000000000
71819  -34.396  -14.296  70.361 0.0000000000
72899  -35.978  -13.902  70.254 0.0000000000
72891  -36.293  -13.468  71.168 0.0000000000
72864  -39.087  -12.833  72.981 0.0000000000
72880  -38.817  -13.282  72.218 0.0000000000
72881  -39.677  -13.390  72.305 0.0000000000
53511  -2.653  -30.623  78.326 0.0000000000
54542  -3.073  -30.790  77.951 0.0000000000
53493  -2.870  -31.012  78.270 0.0000000000
51299  -4.447  -33.151  78.597 0.0000000000
51320  -4.283  -32.598  78.378 0.0000000000
51300  -4.967  -33.481  78.379 0.0000000000
51321  -4.978  -32.896  77.766 0.0000000000
51322  -5.763  -33.559  77.971 0.0000000000
50239  -6.648  -34.432  77.865 0.0000000000
50215  -5.829  -34.257  78.481 0.0000000000
47819  -6.505  -36.390  79.547 0.0000000000
47831  -6.660  -35.934  78.809 0.0000000000
47820  -7.261  -36.973  79.010 0.0000000000
46659  -7.249  -37.681  79.378 0.0000000000
55469  -7.496  -29.528  90.397 0.0000000000
56609  -7.028  -28.683  90.827 0.0000000000
60909  -35.251  -23.606  75.970 0.0000000000
60908  -35.110  -23.794  75.514 0.0000000000
61930  -35.151  -23.069  75.962 0.0000000000
64207  -34.929  -21.550  75.346 0.0000000000
63056  -34.905  -22.482  75.277 0.0000000000
64196  -34.868  -21.933  75.311 0.0000000000
64206  -34.576  -21.668  74.734 0.0000000000
65274  -34.889  -21.080  75.099 0.0000000000
65273  -34.608  -20.719  74.601 0.0000000000
65254  -35.115  -20.301  75.293 0.0000000000
66304  -35.990  -18.952  77.216 0.0000000000
58650  -28.257  -26.185  90.206 0.0000000000
57662  -28.575  -26.763  89.649 0.0000000000
54448  -27.731  -28.993  83.758 0.0000000000
54447  -27.261  -28.816  83.824 0.0000000000
75037  -46.777  -11.823  56.920 0.0000000000
75047  -46.261  -12.177  56.270 0.0000000000
77210  -47.979  -9.161  56.665 0.0000000000
77219  -47.746  -9.028  55.547 0.0000000000
78424  -48.275  -8.196  54.767 0.0000000000
60823  -1.897  -24.923  81.768 0.0000000000
59786  -1.767  -25.558  82.116 0.0000000000
57740  -0.341  -27.797  81.611 0.0000000000
57739  0.174  -28.028  81.119 0.0000000000
75998  -42.422  -10.593  67.459 0.0000000000
75999  -42.612  -10.248  67.272 0.0000000000
75993  -42.818  -10.698  68.064 0.0000000000
68715  -39.038  -14.978  68.416 0.0000000000
70794  -39.617  -14.156  68.015 0.0000000000
69781  -38.838  -14.833  67.393 0.0000000000
70811  -38.782  -14.598  66.917 0.0000000000
70810  -38.964  -13.963  66.779 0.0000000000
71860  -39.505  -13.471  67.342 0.0000000000
74955  -41.801  -11.477  68.024 0.0000000000
73936  -40.974  -12.246  67.740 0.0000000000
74965  -41.492  -11.496  67.381 0.0000000000
74964  -41.218  -11.560  66.799 0.0000000000
58700  -13.507  -26.537  87.323 0.0000000000
57672  -13.329  -27.471  88.880 0.0000000000
58661  -12.765  -27.079  88.498 0.0000000000
57646  -11.915  -27.958  89.370 0.0000000000
56619  -12.450  -28.527  89.418 0.0000000000
53379  -13.280  -31.026  84.797 0.0000000000
52352  -12.574  -30.686  84.412 0.0000000000
65166  -6.411  -20.414  81.366 0.0000000000
64123  -6.355  -21.196  80.556 0.0000000000
63018  -6.240  -22.130  78.229 0.0000000000
54612  -5.357  -30.587  73.227 0.0000000000
55740  -5.731  -29.817  73.030 0.0000000000
54611  -5.020  -30.596  72.859 0.0000000000
123329  -4.179  -29.268  71.868 0.0000000000
56833  -4.020  -29.534  71.602 0.0000000000
123324  -3.776  -30.284  71.526 0.0000000000
56726  -8.303  -28.191  80.846 0.0000000000
57753  -8.409  -27.443  80.469 0.0000000000
56725  -7.631  -28.067  80.788 0.0000000000
56724  -7.245  -27.919  80.972 0.0000000000
55526  -2.977  -29.848  87.304 0.0000000000
54375  -2.221  -31.503  86.403 0.0000000000
54393  -2.309  -31.128  85.920 0.0000000000
55550  -2.709  -30.742  85.173 0.0000000000
54413  -2.382  -31.883  85.063 0.0000000000
51214  -2.318  -33.016  86.115 0.0000000000
52341  -2.268  -32.316  85.416 0.0000000000
55717  -33.079  -27.321  75.569 0.0000000000
55702  -33.079  -27.113  76.660 0.0000000000
56736  -34.057  -27.241  79.588 0.0000000000
56746  -33.799  -27.313  78.725 0.0000000000
56747  -34.416  -26.716  79.254 0.0000000000
58791  -35.233  -25.577  77.992 0.0000000000
57799  -34.481  -25.756  76.513 0.0000000000
58801  -35.183  -25.281  77.086 0.0000000000
59872  -35.292  -24.700  76.552 0.0000000000
59864  -35.655  -24.569  77.574 0.0000000000
61914  -36.608  -22.671  77.742 0.0000000000
54494  -31.536  -29.052  79.668 0.0000000000
55535  -31.246  -28.367  87.080 0.0000000000
55556  -33.788  -28.785  85.099 0.0000000000
55565  -30.260  -29.104  84.135 0.0000000000
54438  -30.406  -29.080  84.425 0.0000000000
54429  -30.110  -29.023  85.188 0.0000000000
54450  -29.636  -29.174  83.660 0.0000000000
54475  -27.855  -29.003  82.150 0.0000000000
70895  -46.301  -15.880  58.197 0.0000000000
71967  -48.005  -14.115  57.832 0.0000000000
71977  -47.195  -15.303  57.470 0.0000000000
71978  -47.902  -14.277  57.235 0.0000000000
73039  -47.922  -13.540  56.930 0.0000000000
74031  -47.139  -13.279  56.843 0.0000000000
74025  -47.572  -12.945  57.821 0.0000000000
75015  -48.419  -11.592  60.112 0.0000000000
75022  -48.092  -11.566  59.283 0.0000000000
76057  -48.290  -10.681  59.208 0.0000000000
71824  -42.368  -13.237  71.074 0.0000000000
71825  -42.969  -12.609  71.218 0.0000000000
71810  -42.838  -12.876  71.571 0.0000000000
73897  -43.234  -12.077  73.089 0.0000000000
74911  -43.752  -11.758  73.056 0.0000000000
73887  -40.997  -12.145  74.440 0.0000000000
73888  -41.703  -12.036  74.218 0.0000000000
70754  -36.765  -14.305  69.443 0.0000000000
70762  -36.278  -14.591  69.026 0.0000000000
70755  -37.478  -14.087  69.836 0.0000000000
68703  -37.886  -14.734  68.662 0.0000000000
68693  -39.468  -14.821  69.786 0.0000000000
69716  -41.247  -14.577  71.025 0.0000000000
69728  -40.735  -14.667  70.523 0.0000000000
70757  -41.642  -14.384  70.968 0.0000000000
71823  -41.902  -13.912  70.794 0.0000000000
53386  -20.059  -30.299  83.652 0.0000000000
67451  -3.431  -18.561  77.402 0.0000000000
68623  -3.591  -18.077  77.142 0.0000000000
66309  -3.753  -19.583  76.016 0.0000000000
59844  -3.159  -25.456  78.547 0.0000000000
59845  -3.654  -25.068  78.208 0.0000000000
58777  -3.312  -25.878  78.261 0.0000000000
57790  -4.017  -27.957  77.311 0.0000000000
56764  -4.582  -28.558  76.788 0.0000000000
55677  -3.657  -29.627  77.205 0.0000000000
54578  -5.175  -30.273  75.753 0.0000000000
54595  -5.511  -30.788  74.994 0.0000000000
51377  -5.324  -33.057  74.671 0.0000000000
52497  -5.224  -31.937  74.507 0.0000000000
47843  -6.977  -36.146  75.935 0.0000000000
47844  -7.323  -36.537  76.573 0.0000000000
58709  -8.467  -26.977  84.830 0.0000000000
57686  -6.360  -27.956  88.188 0.0000000000
57696  -7.010  -27.664  87.041 0.0000000000
57695  -6.525  -27.885  87.533 0.0000000000
57701  -5.778  -28.184  87.119 0.0000000000
57694  -5.792  -28.116  87.908 0.0000000000
57625  -5.707  -27.969  91.057 0.0000000000
56607  -5.129  -28.345  91.682 0.0000000000
56614  -3.501  -28.768  90.422 0.0000000000
57664  -4.030  -28.391  90.059 0.0000000000
56637  -3.781  -28.760  89.615 0.0000000000
56655  -4.278  -28.875  88.763 0.0000000000
56636  -3.399  -29.199  89.187 0.0000000000
55474  -2.767  -29.657  89.730 0.0000000000
54333  -2.645  -31.124  89.327 0.0000000000
53326  -2.658  -31.770  88.520 0.0000000000
72827  -36.189  -13.261  76.332 0.0000000000
59897  -33.548  -24.790  74.713 0.0000000000
60924  -33.417  -24.350  74.475 0.0000000000
68662  -33.764  -18.030  73.904 0.0000000000
68672  -33.598  -18.533  73.213 0.0000000000
68671  -33.281  -17.841  72.833 0.0000000000
68661  -33.387  -17.298  73.383 0.0000000000
71762  -34.622  -14.874  75.624 0.0000000000
71769  -34.583  -14.810  75.040 0.0000000000
71770  -35.202  -14.012  74.580 0.0000000000
55501  -24.295  -28.601  88.537 0.0000000000
55500  -23.311  -28.780  88.672 0.0000000000
54374  -23.278  -29.135  87.539 0.0000000000
54373  -22.677  -29.143  87.445 0.0000000000
54387  -23.591  -29.313  86.880 0.0000000000
55521  -28.844  -27.799  87.409 0.0000000000
56658  -28.899  -27.775  88.023 0.0000000000
56657  -28.254  -27.894  87.921 0.0000000000
56649  -27.901  -27.758  88.591 0.0000000000
54425  -26.719  -28.362  84.652 0.0000000000
54408  -28.068  -28.504  85.518 0.0000000000
54406  -25.858  -28.335  85.577 0.0000000000
55530  -26.302  -27.859  86.669 0.0000000000
54389  -25.308  -28.770  86.337 0.0000000000
55528  -24.760  -28.950  87.052 0.0000000000
53374  -23.462  -29.065  84.581 0.0000000000
54421  -22.892  -29.350  85.307 0.0000000000
53372  -21.634  -29.902  84.396 0.0000000000
53388  -22.157  -29.459  83.585 0.0000000000
53421  -20.905  -29.514  81.827 0.0000000000
78425  -48.598  -7.715  53.850 0.0000000000
79427  -49.180  -7.188  53.473 0.0000000000
79436  -50.245  -6.812  51.208 0.0000000000
65152  -5.003  -21.006  82.781 0.0000000000
64084  -5.090  -21.258  82.375 0.0000000000
64081  -3.697  -21.852  83.019 0.0000000000
62980  -2.890  -23.433  80.966 0.0000000000
62981  -3.406  -23.102  80.796 0.0000000000
61875  -2.799  -24.036  79.815 0.0000000000
60841  -2.647  -24.200  79.895 0.0000000000
59833  -1.465  -25.719  79.419 0.0000000000
59834  -1.997  -25.525  79.401 0.0000000000
59842  -1.681  -26.021  78.964 0.0000000000
58786  -2.241  -27.415  78.348 0.0000000000
58774  -1.540  -27.055  78.738 0.0000000000
59818  -1.073  -25.941  80.733 0.0000000000
56735  -0.642  -28.307  79.181 0.0000000000
57777  -1.752  -28.169  78.575 0.0000000000
55674  -2.187  -29.533  78.527 0.0000000000
55660  -1.759  -29.492  78.927 0.0000000000
52435  -2.845  -32.178  79.321 0.0000000000
52420  -2.699  -32.432  79.646 0.0000000000
73969  -43.302  -11.696  63.483 0.0000000000
72817  -38.276  -12.486  77.317 0.0000000000
72934  -38.814  -12.931  65.648 0.0000000000
72942  -38.954  -12.644  64.972 0.0000000000
73958  -40.040  -12.217  64.299 0.0000000000
73957  -39.282  -12.530  64.180 0.0000000000
73965  -39.908  -12.494  63.560 0.0000000000
73975  -39.596  -12.832  62.824 0.0000000000
73976  -40.599  -12.648  63.002 0.0000000000
73989  -40.257  -12.866  62.369 0.0000000000
73977  -41.652  -12.665  63.198 0.0000000000
58706  -10.294  -26.536  86.475 0.0000000000
58681  -12.235  -26.752  88.010 0.0000000000
57644  -10.115  -27.859  89.964 0.0000000000
57668  -9.829  -27.518  89.688 0.0000000000
57643  -9.183  -27.834  89.982 0.0000000000
57629  -8.791  -28.245  90.285 0.0000000000
55470  -8.740  -29.218  90.170 0.0000000000
54344  -8.707  -30.098  89.399 0.0000000000
53334  -7.748  -30.940  88.644 0.0000000000
53370  -19.443  -30.292  84.524 0.0000000000
54417  -18.776  -30.252  85.345 0.0000000000
54415  -17.162  -30.389  85.263 0.0000000000
54398  -18.032  -30.273  86.126 0.0000000000
54381  -17.276  -30.249  86.939 0.0000000000
53366  -15.554  -30.576  84.989 0.0000000000
54367  -16.603  -30.070  87.733 0.0000000000
55508  -16.205  -29.840  88.222 0.0000000000
56622  -15.635  -28.405  89.194 0.0000000000
56621  -14.565  -28.415  89.425 0.0000000000
55482  -14.136  -29.022  89.365 0.0000000000
54354  -12.326  -30.059  88.438 0.0000000000
55489  -11.657  -29.725  89.025 0.0000000000
52339  -11.359  -30.781  85.670 0.0000000000
53355  -11.925  -30.547  86.155 0.0000000000
53354  -11.105  -30.827  86.330 0.0000000000
52334  -9.989  -30.595  86.241 0.0000000000
53348  -10.848  -30.667  86.917 0.0000000000
53341  -10.461  -30.460  87.483 0.0000000000
54362  -10.901  -30.493  88.109 0.0000000000
53340  -9.554  -30.309  87.495 0.0000000000
68568  -4.014  -17.329  81.715 0.0000000000
68567  -3.479  -16.791  81.111 0.0000000000
68581  -4.002  -17.805  80.697 0.0000000000
67411  -5.893  -18.787  80.486 0.0000000000
66268  -5.798  -19.432  79.563 0.0000000000
66276  -4.947  -19.746  78.736 0.0000000000
66267  -4.554  -19.248  79.251 0.0000000000
67423  -3.930  -18.855  79.514 0.0000000000
66275  -3.822  -19.383  78.675 0.0000000000
64169  -4.065  -21.186  76.515 0.0000000000
65209  -3.788  -20.533  76.820 0.0000000000
64168  -3.674  -21.013  76.252 0.0000000000
64184  -3.687  -21.364  75.794 0.0000000000
59853  -4.107  -25.326  77.666 0.0000000000
60884  -4.502  -24.776  77.519 0.0000000000
60892  -4.716  -24.497  76.537 0.0000000000
56791  -5.842  -28.103  73.467 0.0000000000
57804  -5.883  -27.536  74.171 0.0000000000
57803  -5.154  -27.065  74.035 0.0000000000
59870  -4.050  -24.970  75.330 0.0000000000
60898  -4.309  -24.428  75.821 0.0000000000
59869  -3.755  -24.810  75.090 0.0000000000
60897  -3.804  -24.268  75.179 0.0000000000
60904  -3.312  -24.767  73.770 0.0000000000
61926  -3.346  -23.961  73.929 0.0000000000
61937  -3.335  -23.496  73.517 0.0000000000
63062  -3.330  -23.628  73.008 0.0000000000
61947  -3.312  -24.292  72.908 0.0000000000
58726  -3.860  -26.593  82.799 0.0000000000
57714  -7.379  -27.587  84.628 0.0000000000
57723  -7.992  -27.671  83.404 0.0000000000
56692  -6.919  -27.988  84.281 0.0000000000
55563  -6.009  -28.928  83.750 0.0000000000
56696  -6.332  -28.801  83.573 0.0000000000
55576  -6.057  -29.170  83.212 0.0000000000
55590  -6.175  -29.112  82.417 0.0000000000
55552  -3.748  -29.371  85.461 0.0000000000
55588  -4.375  -29.700  82.692 0.0000000000
55602  -4.882  -29.325  82.045 0.0000000000
56713  -4.539  -29.060  81.852 0.0000000000
56705  -4.579  -28.304  81.959 0.0000000000
56704  -4.073  -28.663  81.967 0.0000000000
57721  -3.012  -27.083  82.555 0.0000000000
56702  -2.188  -28.673  81.885 0.0000000000
55600  -0.593  -29.558  81.383 0.0000000000
54469  -0.932  -30.514  81.876 0.0000000000
54441  -2.551  -31.548  83.263 0.0000000000
50166  -2.516  -33.732  81.641 0.0000000000
51268  -2.575  -33.564  81.075 0.0000000000
50167  -2.913  -34.151  81.129 0.0000000000
123302  -3.296  -33.901  80.330 0.0000000000
46545  -2.275  -37.388  87.813 0.0000000000
48859  -2.400  -35.478  87.668 0.0000000000
47711  -2.290  -37.395  86.601 0.0000000000
47702  -2.357  -36.500  86.528 0.0000000000
48878  -2.487  -36.050  86.210 0.0000000000
48895  -2.653  -35.451  85.503 0.0000000000
47728  -3.149  -36.306  84.449 0.0000000000
46613  -3.389  -37.041  84.164 0.0000000000
47744  -3.456  -36.187  83.312 0.0000000000
47785  -4.292  -35.741  81.158 0.0000000000
47786  -4.707  -36.507  81.176 0.0000000000
47803  -4.965  -36.412  80.752 0.0000000000
57748  -37.149  -26.265  81.543 0.0000000000
57738  -37.153  -26.362  82.261 0.0000000000
57727  -36.831  -26.482  82.988 0.0000000000
56720  -35.029  -27.786  80.845 0.0000000000
56721  -35.525  -27.395  81.312 0.0000000000
56722  -36.018  -26.934  81.759 0.0000000000
56693  -35.290  -28.393  84.288 0.0000000000
55569  -35.261  -28.387  83.978 0.0000000000
56695  -36.589  -27.737  84.116 0.0000000000
74998  -45.796  -11.919  62.213 0.0000000000
73991  -42.326  -13.123  62.599 0.0000000000
72985  -42.945  -13.458  61.740 0.0000000000
73003  -44.750  -14.592  61.180 0.0000000000
73896  -38.995  -12.708  73.632 0.0000000000
73885  -39.856  -12.507  74.431 0.0000000000
73873  -39.137  -12.533  75.262 0.0000000000
73863  -39.393  -12.509  76.050 0.0000000000
72830  -39.055  -12.441  76.767 0.0000000000
71789  -34.260  -14.637  72.581 0.0000000000
72860  -34.955  -13.981  72.876 0.0000000000
72878  -36.509  -13.236  71.989 0.0000000000
72863  -38.080  -12.726  73.282 0.0000000000
52436  -3.325  -32.410  79.219 0.0000000000
50212  -4.273  -33.438  78.947 0.0000000000
50214  -4.986  -33.993  78.678 0.0000000000
49024  -5.169  -34.742  78.973 0.0000000000
49003  -5.538  -35.481  79.448 0.0000000000
54343  -7.484  -30.456  89.648 0.0000000000
53329  -6.707  -30.975  89.501 0.0000000000
63049  -35.546  -22.345  76.518 0.0000000000
64189  -35.963  -21.652  76.880 0.0000000000
65232  -35.665  -21.049  76.552 0.0000000000
65231  -35.491  -20.357  76.079 0.0000000000
59674  -29.670  -25.340  89.705 0.0000000000
76065  -47.982  -10.010  58.305 0.0000000000
77202  -47.648  -9.967  57.388 0.0000000000
77203  -48.364  -9.198  57.737 0.0000000000
79382  -49.679  -7.708  58.147 0.0000000000
59766  -2.540  -25.165  82.503 0.0000000000
58723  -1.878  -25.992  82.310 0.0000000000
74956  -42.210  -11.489  68.590 0.0000000000
75975  -43.434  -10.891  68.911 0.0000000000
75976  -43.745  -10.798  69.183 0.0000000000
70764  -41.010  -14.241  69.938 0.0000000000
69748  -39.846  -14.657  68.920 0.0000000000
70779  -40.544  -14.062  69.300 0.0000000000
70778  -40.189  -13.975  68.715 0.0000000000
71850  -40.418  -13.525  68.696 0.0000000000
71861  -39.959  -13.333  68.000 0.0000000000
73937  -41.391  -12.080  68.187 0.0000000000
58683  -14.074  -26.769  87.858 0.0000000000
57648  -13.921  -27.860  89.321 0.0000000000
55514  -22.006  -28.829  88.017 0.0000000000
66310  -4.316  -19.376  75.596 0.0000000000
64122  -5.906  -21.695  80.891 0.0000000000
64136  -6.057  -21.910  80.164 0.0000000000
61895  -5.063  -23.521  78.392 0.0000000000
52511  -4.394  -31.341  73.246 0.0000000000
53545  -4.686  -30.879  72.837 0.0000000000
123311  -4.161  -31.386  72.422 0.0000000000
123314  -3.835  -30.837  71.789 0.0000000000
56719  -8.716  -28.073  81.450 0.0000000000
56718  -8.235  -28.474  81.417 0.0000000000
54359  -2.544  -30.937  87.388 0.0000000000
54358  -2.366  -31.435  87.067 0.0000000000
53352  -1.983  -31.877  86.211 0.0000000000
52329  -2.299  -32.375  86.574 0.0000000000
50083  -2.459  -34.262  86.689 0.0000000000
57772  -35.610  -25.895  79.476 0.0000000000
57782  -34.857  -26.197  78.578 0.0000000000
58778  -35.927  -25.461  79.181 0.0000000000
58793  -36.064  -25.100  78.950 0.0000000000
59855  -35.871  -24.757  78.212 0.0000000000
59865  -36.231  -23.855  77.923 0.0000000000
54514  -32.133  -28.896  79.100 0.0000000000
54440  -32.132  -29.032  84.041 0.0000000000
54431  -31.869  -29.027  84.780 0.0000000000
54451  -30.453  -29.115  83.708 0.0000000000
75010  -48.741  -11.763  60.962 0.0000000000
71951  -47.062  -15.187  59.559 0.0000000000
71965  -46.557  -15.597  58.593 0.0000000000
71952  -47.584  -14.719  59.163 0.0000000000
73029  -47.892  -14.339  58.969 0.0000000000
73030  -48.042  -13.754  58.324 0.0000000000
74016  -47.957  -12.700  58.807 0.0000000000
74010  -48.508  -13.108  59.872 0.0000000000
74004  -48.619  -12.481  60.531 0.0000000000
70745  -41.804  -14.057  71.423 0.0000000000
71797  -42.696  -13.087  71.994 0.0000000000
71783  -42.469  -13.087  72.382 0.0000000000
72869  -42.618  -12.703  73.016 0.0000000000
73889  -42.548  -11.842  73.870 0.0000000000
70756  -38.219  -14.198  70.046 0.0000000000
69712  -39.083  -14.389  70.591 0.0000000000
69713  -39.507  -14.547  70.731 0.0000000000
69726  -39.479  -14.684  70.331 0.0000000000
69727  -40.196  -14.806  70.527 0.0000000000
70744  -41.390  -14.409  71.349 0.0000000000
53420  -19.831  -29.995  81.887 0.0000000000
69653  -3.680  -16.914  78.327 0.0000000000
58787  -2.841  -26.970  78.169 0.0000000000
57789  -3.243  -28.276  77.547 0.0000000000
52469  -4.842  -32.072  77.139 0.0000000000
52483  -5.449  -32.293  75.662 0.0000000000
50292  -5.629  -34.045  74.974 0.0000000000
49072  -6.001  -35.009  75.134 0.0000000000
58695  -8.660  -26.802  87.176 0.0000000000
58694  -7.571  -27.204  87.078 0.0000000000
58676  -7.052  -27.589  88.139 0.0000000000
58675  -6.506  -27.915  88.663 0.0000000000
54331  -4.938  -29.838  91.410 0.0000000000
56602  -4.715  -28.705  91.986 0.0000000000
54330  -4.198  -29.852  91.314 0.0000000000
55465  -3.465  -29.459  91.112 0.0000000000
55464  -2.860  -29.682  90.499 0.0000000000
54334  -2.734  -30.510  90.322 0.0000000000
53320  -2.725  -31.624  89.690 0.0000000000
61952  -33.682  -23.299  74.263 0.0000000000
67501  -34.527  -18.172  75.150 0.0000000000
67500  -34.320  -18.015  74.830 0.0000000000
68652  -34.164  -17.675  74.755 0.0000000000
69685  -33.961  -16.791  74.788 0.0000000000
69684  -33.661  -16.412  74.255 0.0000000000
70697  -34.390  -15.480  75.688 0.0000000000
55523  -30.448  -28.159  87.580 0.0000000000
55522  -29.666  -28.073  87.515 0.0000000000
55532  -28.590  -27.857  86.635 0.0000000000
53392  -25.670  -28.507  83.981 0.0000000000
53377  -25.968  -28.394  84.498 0.0000000000
53376  -25.253  -28.797  84.566 0.0000000000
54423  -24.809  -29.292  85.186 0.0000000000
76090  -46.591  -10.226  54.508 0.0000000000
62936  -3.571  -22.488  82.540 0.0000000000
60840  -2.375  -24.535  80.063 0.0000000000
60855  -1.513  -25.532  79.763 0.0000000000
58754  0.179  -27.471  80.436 0.0000000000
56744  -0.838  -29.217  79.236 0.0000000000
54539  -1.840  -30.147  79.136 0.0000000000
55648  -1.199  -29.671  79.237 0.0000000000
54522  -1.336  -30.482  79.436 0.0000000000
74987  -42.885  -11.192  63.947 0.0000000000
73950  -39.973  -12.177  66.046 0.0000000000
73954  -39.777  -12.234  65.202 0.0000000000
73955  -40.562  -11.823  65.405 0.0000000000
73960  -41.708  -11.822  64.422 0.0000000000
58697  -10.825  -26.568  87.227 0.0000000000
57670  -11.397  -27.360  89.265 0.0000000000
57645  -10.989  -27.898  89.780 0.0000000000
56612  -9.944  -28.855  90.357 0.0000000000
55471  -9.724  -29.158  90.194 0.0000000000
54351  -9.167  -30.216  88.568 0.0000000000
53384  -17.886  -30.377  83.917 0.0000000000
53368  -17.457  -30.416  84.709 0.0000000000
53365  -14.704  -30.696  85.129 0.0000000000
53359  -15.163  -30.510  85.687 0.0000000000
53358  -14.398  -30.631  85.817 0.0000000000
54395  -14.714  -30.390  86.305 0.0000000000
54356  -14.439  -29.708  88.392 0.0000000000
55491  -13.748  -29.519  88.976 0.0000000000
53343  -12.017  -30.387  87.297 0.0000000000
52338  -10.213  -30.884  85.732 0.0000000000
52333  -9.226  -30.841  86.273 0.0000000000
65189  -5.947  -20.615  78.225 0.0000000000
65188  -5.280  -20.290  78.185 0.0000000000
65197  -4.136  -20.505  77.221 0.0000000000
64185  -3.893  -22.059  75.977 0.0000000000
58790  -5.131  -25.724  77.028 0.0000000000
58800  -5.323  -26.242  76.596 0.0000000000
57824  -4.565  -27.644  72.972 0.0000000000
58824  -4.369  -26.874  73.931 0.0000000000
57813  -4.199  -27.228  73.296 0.0000000000
58823  -3.712  -26.613  73.757 0.0000000000
58812  -3.261  -25.982  74.132 0.0000000000
59888  -3.172  -25.818  73.818 0.0000000000
59877  -3.265  -25.241  73.780 0.0000000000
60913  -3.306  -24.792  73.324 0.0000000000
60922  -3.334  -25.121  72.867 0.0000000000
56684  -6.487  -27.907  85.029 0.0000000000
55560  -3.601  -29.826  84.408 0.0000000000
55573  -3.447  -30.105  83.215 0.0000000000
55587  -3.533  -29.599  82.270 0.0000000000
52357  -2.401  -32.287  83.624 0.0000000000
51243  -2.268  -32.934  82.446 0.0000000000
51253  -2.287  -33.049  81.748 0.0000000000
50151  -2.393  -33.521  82.171 0.0000000000
50153  -2.951  -34.560  82.004 0.0000000000
46562  -2.238  -37.568  87.396 0.0000000000
46574  -2.236  -37.865  86.935 0.0000000000
46584  -2.313  -38.195  86.608 0.0000000000
46585  -2.433  -38.016  86.264 0.0000000000
46614  -3.838  -37.318  83.625 0.0000000000
54534  -33.067  -28.425  78.290 0.0000000000
55654  -33.352  -28.140  79.001 0.0000000000
56737  -34.986  -26.694  80.258 0.0000000000
56729  -35.278  -27.178  80.781 0.0000000000
57763  -35.400  -26.372  80.217 0.0000000000
58769  -37.026  -25.433  80.120 0.0000000000
54477  -31.195  -28.939  81.747 0.0000000000
54478  -31.813  -29.005  81.220 0.0000000000
55611  -33.373  -28.939  81.417 0.0000000000
54480  -33.239  -28.846  80.702 0.0000000000
54496  -32.768  -29.085  79.956 0.0000000000
72989  -47.693  -13.972  61.612 0.0000000000
75000  -48.058  -11.866  61.987 0.0000000000
73018  -42.478  -14.413  60.000 0.0000000000
71946  -41.782  -14.608  59.245 0.0000000000
71947  -42.799  -15.293  59.381 0.0000000000
70880  -44.564  -15.976  59.149 0.0000000000
70881  -45.220  -15.825  59.253 0.0000000000
71950  -45.866  -15.580  59.440 0.0000000000
73005  -46.972  -14.725  60.989 0.0000000000
71780  -40.942  -13.732  72.369 0.0000000000
71781  -41.413  -13.386  72.786 0.0000000000
72867  -40.962  -13.225  73.099 0.0000000000
72853  -40.955  -12.739  73.730 0.0000000000
73875  -40.487  -12.102  75.547 0.0000000000
71834  -33.925  -14.497  69.526 0.0000000000
71848  -34.517  -14.625  68.790 0.0000000000
71821  -36.389  -14.156  69.724 0.0000000000
72892  -37.104  -13.448  71.169 0.0000000000
71806  -38.014  -13.856  70.924 0.0000000000
71793  -39.517  -13.967  71.563 0.0000000000
71794  -40.457  -13.813  72.077 0.0000000000
69629  -3.349  -16.226  80.610 0.0000000000
55675  -2.464  -29.642  78.077 0.0000000000
55676  -2.977  -29.657  77.707 0.0000000000
52468  -4.109  -31.675  77.574 0.0000000000
52453  -4.035  -32.056  78.015 0.0000000000
50257  -6.717  -34.373  76.691 0.0000000000
50258  -7.068  -34.852  77.360 0.0000000000
49042  -7.112  -35.365  77.797 0.0000000000
49026  -6.804  -35.598  78.466 0.0000000000
46663  -7.347  -37.532  78.447 0.0000000000
57641  -7.269  -27.691  90.138 0.0000000000
54338  -6.602  -30.398  90.401 0.0000000000
54337  -5.507  -30.271  91.039 0.0000000000
53323  -4.882  -31.279  90.524 0.0000000000
69651  -35.108  -16.191  77.943 0.0000000000
58816  -34.364  -25.212  75.534 0.0000000000
59890  -34.174  -25.058  75.233 0.0000000000
59882  -34.566  -24.441  75.111 0.0000000000
60907  -34.721  -24.020  74.956 0.0000000000
61928  -34.824  -23.593  74.848 0.0000000000
63057  -35.042  -22.477  75.993 0.0000000000
61939  -34.754  -22.816  74.804 0.0000000000
61938  -34.569  -23.386  74.682 0.0000000000
63064  -34.276  -22.376  74.514 0.0000000000
64205  -34.172  -21.696  74.394 0.0000000000
64220  -33.724  -21.376  73.889 0.0000000000
65292  -34.183  -20.883  74.020 0.0000000000
66381  -34.302  -20.288  74.082 0.0000000000
65253  -35.283  -19.802  75.501 0.0000000000
66347  -35.090  -19.500  75.276 0.0000000000
67502  -34.733  -18.864  74.957 0.0000000000
67492  -34.962  -18.024  76.038 0.0000000000
57661  -27.592  -26.811  90.195 0.0000000000
54427  -28.628  -28.832  85.000 0.0000000000
54435  -27.407  -28.736  84.069 0.0000000000
53424  -26.142  -28.989  82.931 0.0000000000
53408  -25.974  -28.753  83.392 0.0000000000
53407  -25.246  -28.812  83.415 0.0000000000
52362  -23.313  -28.648  82.246 0.0000000000
76089  -46.145  -11.110  54.770 0.0000000000
77228  -47.069  -9.416  54.172 0.0000000000
77236  -47.425  -8.928  53.879 0.0000000000
78415  -48.788  -7.868  56.107 0.0000000000
58745  0.142  -27.418  80.937 0.0000000000
57749  0.296  -28.075  80.545 0.0000000000
55618  -0.278  -29.697  80.770 0.0000000000
76005  -42.291  -10.442  66.731 0.0000000000
75994  -43.204  -10.151  67.940 0.0000000000
69761  -39.297  -14.732  68.206 0.0000000000
67600  -38.320  -15.624  67.055 0.0000000000
70825  -38.478  -13.964  65.998 0.0000000000
71870  -38.767  -13.449  66.165 0.0000000000
72931  -40.020  -12.807  67.526 0.0000000000
72930  -39.748  -12.623  66.814 0.0000000000
73945  -40.187  -12.131  66.552 0.0000000000
73951  -40.548  -11.791  66.153 0.0000000000
74972  -41.573  -11.167  66.457 0.0000000000
59700  -13.007  -26.233  86.789 0.0000000000
58699  -12.640  -26.533  87.363 0.0000000000
53397  -15.220  -30.378  83.457 0.0000000000
53396  -14.246  -30.702  83.658 0.0000000000
53380  -14.123  -30.917  84.545 0.0000000000
53363  -12.958  -30.754  85.449 0.0000000000
53356  -12.760  -30.474  86.090 0.0000000000
53362  -12.325  -30.537  85.681 0.0000000000
52345  -12.035  -30.536  85.097 0.0000000000
67387  -6.223  -18.664  82.248 0.0000000000
67400  -6.202  -18.702  81.340 0.0000000000
64137  -6.337  -21.431  79.510 0.0000000000
64145  -6.289  -21.302  78.534 0.0000000000
63028  -5.989  -22.298  77.404 0.0000000000
63040  -5.764  -22.448  76.983 0.0000000000
55707  -6.116  -29.558  74.983 0.0000000000
56773  -6.376  -28.258  74.965 0.0000000000
55723  -6.233  -29.353  73.847 0.0000000000
56805  -5.698  -28.971  72.999 0.0000000000
56804  -5.010  -28.235  72.745 0.0000000000
54625  -4.707  -29.994  72.435 0.0000000000
55738  -4.640  -28.973  72.286 0.0000000000
56803  -4.469  -28.341  72.419 0.0000000000
56820  -4.218  -28.474  72.142 0.0000000000
57831  -3.914  -27.860  72.145 0.0000000000
57830  -3.902  -27.820  71.831 0.0000000000
58756  -8.099  -26.554  80.632 0.0000000000
59819  -8.006  -25.900  81.144 0.0000000000
57751  -6.994  -27.742  81.175 0.0000000000
56674  -3.802  -29.188  86.667 0.0000000000
56673  -3.282  -29.527  86.982 0.0000000000
55539  -3.135  -29.714  86.378 0.0000000000
54442  -2.642  -31.226  83.306 0.0000000000
54432  -2.472  -31.889  84.286 0.0000000000
53378  -2.351  -32.054  84.869 0.0000000000
52347  -2.326  -32.355  84.564 0.0000000000
55667  -33.309  -28.137  78.230 0.0000000000
56766  -33.595  -27.020  77.545 0.0000000000
56767  -34.148  -26.520  77.599 0.0000000000
56774  -33.589  -26.645  76.968 0.0000000000
56775  -34.014  -26.220  76.787 0.0000000000
57807  -34.145  -25.678  75.725 0.0000000000
60900  -35.309  -24.053  76.071 0.0000000000
60901  -35.500  -23.489  76.443 0.0000000000
60893  -36.004  -23.427  77.256 0.0000000000
63041  -36.340  -22.129  77.231 0.0000000000
56660  -30.607  -27.820  87.990 0.0000000000
54410  -29.732  -28.642  85.741 0.0000000000
55554  -31.912  -28.943  85.263 0.0000000000
54412  -31.113  -28.630  85.882 0.0000000000
54411  -30.509  -28.654  85.832 0.0000000000
54428  -29.364  -28.934  85.224 0.0000000000
54460  -27.897  -29.056  83.071 0.0000000000
71976  -46.610  -15.728  57.970 0.0000000000
70912  -46.874  -15.603  56.998 0.0000000000
71992  -46.654  -14.961  55.805 0.0000000000
75038  -46.745  -12.659  57.077 0.0000000000
75031  -47.469  -11.918  57.773 0.0000000000
75021  -47.859  -11.708  58.644 0.0000000000
76064  -47.727  -10.899  58.172 0.0000000000
77185  -48.773  -9.859  59.616 0.0000000000
72912  -42.663  -12.493  70.463 0.0000000000
73929  -43.372  -11.977  70.407 0.0000000000
72903  -43.438  -12.170  70.904 0.0000000000
73910  -44.083  -11.715  71.059 0.0000000000
72883  -43.434  -12.610  72.017 0.0000000000
68694  -40.108  -14.938  69.997 0.0000000000
68695  -40.479  -14.767  70.030 0.0000000000
69736  -40.678  -14.536  69.924 0.0000000000
70765  -41.363  -14.155  70.298 0.0000000000
71838  -41.963  -13.333  70.408 0.0000000000
54419  -20.931  -30.123  85.236 0.0000000000
53399  -17.268  -30.369  83.228 0.0000000000
54445  -16.840  -30.291  82.952 0.0000000000
53416  -15.499  -30.153  82.491 0.0000000000
60858  -3.629  -24.213  79.102 0.0000000000
60859  -4.136  -24.014  78.893 0.0000000000
58788  -3.604  -26.319  77.853 0.0000000000
57791  -4.937  -27.316  76.925 0.0000000000
56765  -5.362  -28.363  76.338 0.0000000000
55678  -4.427  -29.493  76.515 0.0000000000
55693  -5.566  -29.287  75.743 0.0000000000
54596  -5.740  -30.327  74.622 0.0000000000
53538  -5.591  -30.691  74.058 0.0000000000
52512  -4.998  -31.524  73.539 0.0000000000
51400  -4.729  -32.290  73.726 0.0000000000
49055  -7.047  -35.152  76.056 0.0000000000
57711  -7.803  -27.259  85.155 0.0000000000
57710  -7.097  -27.520  85.371 0.0000000000
58703  -7.646  -27.227  86.320 0.0000000000
57703  -7.136  -27.505  86.334 0.0000000000
57709  -6.470  -27.868  85.933 0.0000000000
57708  -5.996  -28.155  86.419 0.0000000000
56676  -5.569  -28.326  86.546 0.0000000000
57640  -6.308  -27.739  90.123 0.0000000000
57667  -6.337  -27.780  89.537 0.0000000000
57666  -5.666  -27.985  89.564 0.0000000000
57624  -4.841  -27.997  91.175 0.0000000000
57665  -4.722  -28.154  89.872 0.0000000000
57684  -4.979  -28.340  89.033 0.0000000000
56656  -4.830  -28.505  88.499 0.0000000000
56667  -4.776  -28.544  87.964 0.0000000000
56666  -4.201  -29.119  87.707 0.0000000000
55507  -3.162  -29.924  88.074 0.0000000000
55486  -2.939  -30.343  88.488 0.0000000000
54340  -2.769  -30.734  88.914 0.0000000000
54348  -2.768  -30.906  88.103 0.0000000000
53325  -2.557  -32.224  88.215 0.0000000000
72840  -37.096  -12.939  75.376 0.0000000000
72815  -35.905  -13.312  77.562 0.0000000000
58833  -33.403  -25.597  74.494 0.0000000000
70723  -33.361  -15.914  73.150 0.0000000000
70713  -33.818  -15.329  73.484 0.0000000000
70705  -33.705  -16.063  74.270 0.0000000000
56645  -23.694  -28.390  89.342 0.0000000000
54402  -22.266  -29.738  86.031 0.0000000000
58670  -29.808  -26.425  89.163 0.0000000000
56651  -30.003  -27.262  88.297 0.0000000000
57677  -28.964  -26.958  89.137 0.0000000000
55503  -26.226  -27.904  88.189 0.0000000000
55541  -27.730  -28.344  85.893 0.0000000000
55531  -27.416  -27.861  86.346 0.0000000000
54391  -26.719  -27.947  86.245 0.0000000000
55519  -26.725  -27.542  87.235 0.0000000000
55517  -24.862  -28.486  87.648 0.0000000000
55527  -24.206  -29.151  87.040 0.0000000000
54404  -24.270  -29.692  85.969 0.0000000000
53402  -20.602  -30.129  82.697 0.0000000000
78440  -48.154  -8.061  52.457 0.0000000000
79431  -49.303  -7.229  52.504 0.0000000000
78449  -48.772  -7.656  51.273 0.0000000000
79442  -50.102  -7.164  49.695 0.0000000000
65153  -5.740  -20.555  82.525 0.0000000000
65165  -6.055  -20.934  81.739 0.0000000000
62961  -5.459  -21.922  81.082 0.0000000000
62982  -4.361  -22.980  80.319 0.0000000000
64102  -4.076  -21.849  82.341 0.0000000000
62937  -3.748  -22.160  82.363 0.0000000000
61862  -3.717  -23.422  79.920 0.0000000000
61876  -3.232  -23.772  79.697 0.0000000000
60872  -2.892  -25.132  78.944 0.0000000000
59843  -2.460  -25.625  78.935 0.0000000000
57778  -2.215  -28.172  78.033 0.0000000000
58763  -0.801  -26.889  79.315 0.0000000000
56753  -2.139  -28.686  78.203 0.0000000000
54560  -2.374  -30.101  78.464 0.0000000000
53492  -2.480  -30.691  78.677 0.0000000000
52450  -2.420  -31.070  79.022 0.0000000000
52451  -2.677  -31.404  78.839 0.0000000000
51297  -3.239  -32.664  79.451 0.0000000000
51284  -3.583  -33.647  79.932 0.0000000000
74990  -44.309  -11.913  62.601 0.0000000000
74933  -44.130  -11.337  70.210 0.0000000000
72829  -38.190  -12.694  76.613 0.0000000000
71893  -37.791  -13.843  64.423 0.0000000000
71892  -37.796  -13.545  63.696 0.0000000000
72962  -37.959  -13.247  63.080 0.0000000000
72972  -38.794  -13.073  62.535 0.0000000000
72982  -39.656  -13.002  61.815 0.0000000000
72983  -40.693  -13.110  61.876 0.0000000000
58657  -8.447  -27.194  88.934 0.0000000000
58659  -10.792  -26.887  88.916 0.0000000000
58642  -8.637  -27.469  89.533 0.0000000000
57642  -8.151  -27.769  89.996 0.0000000000
56610  -8.198  -28.602  90.363 0.0000000000
55476  -7.681  -30.039  90.155 0.0000000000
55477  -8.269  -29.874  90.018 0.0000000000
54349  -7.649  -30.834  89.078 0.0000000000
53337  -7.284  -31.194  88.294 0.0000000000
54400  -20.182  -30.070  86.083 0.0000000000
54383  -19.438  -29.987  86.900 0.0000000000
55510  -17.927  -29.525  88.338 0.0000000000
55494  -17.090  -29.219  89.021 0.0000000000
55484  -16.227  -28.913  89.225 0.0000000000
55481  -13.061  -29.075  89.317 0.0000000000
54352  -10.381  -30.159  88.738 0.0000000000
53339  -8.730  -30.553  87.807 0.0000000000
53346  -8.885  -30.757  87.041 0.0000000000
67399  -5.524  -18.245  81.089 0.0000000000
67410  -5.169  -18.482  80.423 0.0000000000
67409  -4.364  -18.360  80.252 0.0000000000
67408  -3.713  -17.975  79.959 0.0000000000
66274  -3.427  -19.112  78.305 0.0000000000
66285  -3.434  -19.301  77.811 0.0000000000
65196  -3.567  -20.050  77.179 0.0000000000
61894  -4.494  -23.781  78.802 0.0000000000
59854  -4.795  -25.256  77.238 0.0000000000
61903  -5.223  -23.493  77.534 0.0000000000
61912  -4.896  -23.415  76.630 0.0000000000
59881  -5.107  -25.996  75.040 0.0000000000
58814  -4.709  -26.400  74.508 0.0000000000
60899  -4.584  -24.578  76.154 0.0000000000
61911  -4.574  -23.093  76.220 0.0000000000
63048  -4.021  -22.623  75.858 0.0000000000
60906  -3.564  -24.394  74.699 0.0000000000
63055  -3.406  -22.646  74.677 0.0000000000
63063  -3.385  -22.922  73.139 0.0000000000
63071  -3.464  -23.143  72.287 0.0000000000
61959  -3.371  -24.619  72.422 0.0000000000
61960  -3.376  -24.071  71.970 0.0000000000
58715  -3.701  -25.730  83.013 0.0000000000
57734  -8.313  -27.691  82.750 0.0000000000
56698  -7.861  -27.967  82.815 0.0000000000
56706  -7.562  -28.693  81.974 0.0000000000
55605  -7.084  -28.696  81.697 0.0000000000
55604  -6.447  -28.740  81.905 0.0000000000
56715  -6.013  -28.382  81.784 0.0000000000
56689  -4.540  -29.004  85.054 0.0000000000
55575  -4.989  -29.464  83.428 0.0000000000
58736  -4.064  -27.264  82.496 0.0000000000
58725  -3.015  -26.382  82.618 0.0000000000
58724  -2.233  -26.392  82.348 0.0000000000
56712  -0.494  -28.710  81.497 0.0000000000
55599  -0.231  -29.408  81.087 0.0000000000
54485  -0.477  -30.052  80.707 0.0000000000
54454  -1.729  -31.033  82.402 0.0000000000
54486  -0.766  -30.326  80.970 0.0000000000
54502  -0.500  -30.092  80.460 0.0000000000
52404  -2.260  -32.752  81.084 0.0000000000
51266  -2.493  -32.598  80.133 0.0000000000
123303  -3.404  -33.744  80.156 0.0000000000
123307  -4.228  -35.001  80.435 0.0000000000
51172  -2.488  -33.463  87.947 0.0000000000
46522  -2.326  -37.206  88.119 0.0000000000
48852  -2.435  -35.454  88.020 0.0000000000
50042  -2.452  -34.452  87.775 0.0000000000
48894  -2.486  -34.816  85.763 0.0000000000
46586  -2.634  -37.768  85.694 0.0000000000
48911  -2.911  -35.496  84.453 0.0000000000
48928  -2.755  -34.967  83.757 0.0000000000
48947  -2.735  -34.884  83.126 0.0000000000
48948  -3.062  -35.143  82.630 0.0000000000
48949  -3.439  -35.301  82.218 0.0000000000
47745  -3.885  -36.623  83.026 0.0000000000
47765  -3.860  -36.003  82.342 0.0000000000
48968  -3.611  -35.088  81.631 0.0000000000
123301  -4.175  -35.250  80.754 0.0000000000
47804  -5.856  -36.647  80.473 0.0000000000
45564  -7.239  -38.544  79.755 0.0000000000
46643  -4.766  -36.825  81.656 0.0000000000
46650  -5.002  -36.846  81.257 0.0000000000
46672  -7.357  -37.042  76.864 0.0000000000
47713  -2.767  -36.947  85.282 0.0000000000
48929  -3.046  -35.495  83.700 0.0000000000
50213  -4.562  -33.613  78.754 0.0000000000
50216  -6.343  -34.726  78.416 0.0000000000
50238  -6.147  -33.967  78.092 0.0000000000
50240  -6.997  -34.859  77.682 0.0000000000
50278  -6.697  -34.727  75.970 0.0000000000
50317  -4.235  -32.281  72.209 0.0000000000
51254  -2.411  -33.276  81.316 0.0000000000
51255  -2.576  -33.697  81.277 0.0000000000
51282  -2.616  -32.539  79.849 0.0000000000
51323  -6.228  -33.900  77.844 0.0000000000
51398  -4.188  -31.987  72.527 0.0000000000
52388  -2.267  -32.844  81.406 0.0000000000
53330  -2.528  -31.868  88.039 0.0000000000
53491  -2.245  -30.695  79.125 0.0000000000
53510  -2.541  -30.406  78.372 0.0000000000
53547  -5.445  -30.790  73.708 0.0000000000
54332  -5.383  -29.774  91.393 0.0000000000
54434  -27.123  -28.687  83.979 0.0000000000
54443  -3.004  -30.072  82.989 0.0000000000
54456  -3.016  -30.050  82.652 0.0000000000
54459  -27.239  -28.978  83.295 0.0000000000
54464  -31.717  -29.055  82.341 0.0000000000
54541  -2.840  -30.694  77.956 0.0000000000
54559  -2.120  -29.832  78.835 0.0000000000
54626  -5.256  -30.166  72.789 0.0000000000
54627  -5.543  -30.297  73.122 0.0000000000
55460  -4.038  -29.463  91.527 0.0000000000
55461  -4.545  -29.293  91.856 0.0000000000
55463  -5.858  -29.097  91.652 0.0000000000
55466  -4.005  -29.179  91.609 0.0000000000
55467  -5.641  -29.706  91.361 0.0000000000
55475  -3.011  -29.287  90.525 0.0000000000
55487  -3.069  -29.769  88.848 0.0000000000
55505  -27.800  -27.879  88.004 0.0000000000
55529  -25.454  -28.336  86.858 0.0000000000
55544  -30.036  -28.618  86.436 0.0000000000
55553  -4.263  -29.100  85.173 0.0000000000
55578  -30.099  -29.138  83.875 0.0000000000
55579  -30.327  -29.152  83.916 0.0000000000
55580  -33.085  -29.097  82.724 0.0000000000
55591  -6.838  -28.849  82.289 0.0000000000
55708  -6.372  -28.871  74.592 0.0000000000
55724  -6.354  -28.768  74.127 0.0000000000
55755  -3.870  -30.028  71.603 0.0000000000
55769  -3.935  -29.808  71.585 0.0000000000
56603  -5.280  -28.856  92.041 0.0000000000
56604  -5.685  -28.982  91.864 0.0000000000
56605  -3.692  -28.831  91.052 0.0000000000
56615  -3.870  -28.576  90.947 0.0000000000
56616  -9.779  -28.160  90.248 0.0000000000
56635  -28.652  -27.101  89.215 0.0000000000
56668  -31.812  -28.165  87.138 0.0000000000
56681  -3.830  -29.135  85.995 0.0000000000
56707  -8.236  -28.207  82.224 0.0000000000
56727  -8.628  -28.195  81.060 0.0000000000
56754  -33.675  -27.384  78.035 0.0000000000
56760  -2.263  -29.166  78.226 0.0000000000
56772  -5.974  -28.281  75.639 0.0000000000
56780  -6.291  -28.167  74.232 0.0000000000
56785  -33.975  -26.098  76.089 0.0000000000
56790  -5.295  -27.896  73.109 0.0000000000
56792  -6.257  -28.605  73.872 0.0000000000
56818  -4.100  -28.343  71.670 0.0000000000
57637  -3.913  -28.445  90.389 0.0000000000
57638  -4.253  -28.274  90.630 0.0000000000
57663  -29.173  -26.610  89.277 0.0000000000
57693  -5.177  -28.191  88.282 0.0000000000
57719  -2.072  -26.860  82.194 0.0000000000
57722  -7.505  -27.847  83.948 0.0000000000
57741  -4.902  -28.013  82.001 0.0000000000
57744  -6.926  -27.257  81.333 0.0000000000
57750  0.162  -27.647  80.073 0.0000000000
57798  -6.305  -27.891  74.697 0.0000000000
57805  -6.190  -27.738  74.527 0.0000000000
57815  -5.487  -27.507  73.712 0.0000000000
57817  -33.816  -25.836  75.296 0.0000000000
57832  -3.996  -27.844  72.364 0.0000000000
58639  -6.620  -27.652  89.623 0.0000000000
58654  -6.265  -27.965  89.145 0.0000000000
58792  -35.729  -25.121  78.391 0.0000000000
58825  -33.737  -25.338  74.995 0.0000000000
59863  -35.381  -24.865  77.057 0.0000000000
59878  -3.245  -25.330  74.016 0.0000000000
59887  -3.262  -25.539  73.466 0.0000000000
61925  -3.359  -24.327  73.742 0.0000000000
61948  -3.328  -23.961  72.460 0.0000000000
62979  -2.726  -23.720  81.068 0.0000000000
65230  -35.415  -19.856  75.797 0.0000000000
66266  -4.046  -19.214  79.188 0.0000000000
66322  -35.465  -19.640  75.957 0.0000000000
66346  -35.362  -19.618  75.743 0.0000000000
68633  -34.488  -16.923  76.007 0.0000000000
68635  -35.210  -17.602  76.953 0.0000000000
68653  -34.423  -17.690  75.261 0.0000000000
68670  -33.195  -17.286  72.887 0.0000000000
68706  -40.093  -14.787  69.559 0.0000000000
68726  -38.639  -15.121  67.597 0.0000000000
69668  -34.410  -16.074  76.103 0.0000000000
69701  -32.985  -17.234  72.525 0.0000000000
69702  -40.621  -14.503  71.443 0.0000000000
69703  -40.861  -14.539  71.417 0.0000000000
69724  -38.001  -14.197  69.776 0.0000000000
69737  -41.092  -14.385  70.242 0.0000000000
69747  -39.410  -14.791  68.520 0.0000000000
70698  -34.592  -14.967  75.928 0.0000000000
70712  -33.605  -16.009  73.915 0.0000000000
70716  -41.608  -13.831  71.943 0.0000000000
70726  -40.173  -14.372  71.435 0.0000000000
70728  -41.346  -14.198  71.715 0.0000000000
70740  -38.542  -14.199  70.500 0.0000000000
70741  -39.477  -14.341  71.069 0.0000000000
70758  -42.027  -13.927  71.165 0.0000000000
70761  -35.810  -14.718  68.838 0.0000000000
70795  -39.925  -14.389  68.705 0.0000000000
70809  -38.742  -13.810  66.325 0.0000000000
71771  -41.551  -13.159  73.100 0.0000000000
71772  -41.790  -13.127  73.054 0.0000000000
71779  -40.698  -13.659  72.364 0.0000000000
71790  -34.679  -14.182  71.871 0.0000000000
71796  -42.000  -13.581  71.904 0.0000000000
71808  -39.359  -14.164  71.232 0.0000000000
71820  -35.418  -14.098  70.106 0.0000000000
71837  -36.163  -14.460  69.296 0.0000000000
71937  -46.950  -15.125  60.332 0.0000000000
71979  -48.043  -13.919  56.775 0.0000000000
71987  -47.937  -14.140  56.621 0.0000000000
72868  -41.229  -13.095  73.281 0.0000000000
72882  -40.172  -13.376  72.431 0.0000000000
72893  -43.518  -12.348  71.443 0.0000000000
72900  -36.376  -13.741  70.502 0.0000000000
72902  -42.808  -12.593  70.908 0.0000000000
72913  -43.089  -12.283  70.709 0.0000000000
72943  -39.161  -12.599  65.504 0.0000000000
72952  -38.106  -13.164  63.565 0.0000000000
72963  -38.517  -12.986  63.299 0.0000000000
72973  -39.437  -12.972  62.367 0.0000000000
73006  -47.802  -14.415  60.705 0.0000000000
73048  -47.612  -13.704  56.426 0.0000000000
73884  -39.208  -12.625  74.157 0.0000000000
73895  -38.705  -12.714  73.502 0.0000000000
73898  -43.733  -12.131  72.608 0.0000000000
73911  -44.246  -11.386  70.751 0.0000000000
73918  -43.953  -11.615  70.501 0.0000000000
73928  -43.000  -11.945  69.862 0.0000000000
73947  -41.150  -12.007  67.604 0.0000000000
73974  -39.000  -12.962  63.036 0.0000000000
74017  -47.969  -12.049  59.113 0.0000000000
74026  -47.357  -13.147  57.260 0.0000000000
74926  -44.372  -11.209  70.917 0.0000000000
74934  -44.291  -11.194  70.407 0.0000000000
74946  -44.223  -11.154  70.061 0.0000000000
74957  -42.838  -11.157  68.618 0.0000000000
74967  -42.571  -11.077  68.283 0.0000000000
74971  -41.098  -11.505  66.261 0.0000000000
75987  -43.195  -10.931  68.669 0.0000000000
75988  -43.441  -10.590  68.579 0.0000000000
75992  -42.547  -10.729  67.787 0.0000000000
76006  -42.429  -10.245  66.209 0.0000000000
77235  -47.269  -9.027  53.307 0.0000000000
79405  -48.752  -7.819  55.847 0.0000000000
123299  -3.502  -34.035  80.318 0.0000000000
123300  -3.503  -33.949  80.147 0.0000000000
123304  -3.645  -34.224  80.414 0.0000000000
123306  -4.023  -34.996  80.741 0.0000000000
123312  -4.199  -31.704  72.631 0.0000000000
