#!ascii label  , from subject A00073230 vox2ras=TkReg
853
96984  39.003  7.297  51.095 0.0000000000
94718  37.460  4.458  36.483 0.0000000000
99632  44.366  9.835  30.419 0.0000000000
92889  40.473  2.835  25.181 0.0000000000
94664  42.304  3.897  47.591 0.0000000000
98653  46.906  9.507  38.296 0.0000000000
94785  38.045  4.676  29.235 0.0000000000
98712  34.626  8.813  33.820 0.0000000000
97769  41.756  8.557  41.305 0.0000000000
96260  37.387  5.964  43.885 0.0000000000
91641  40.544  0.879  40.752 0.0000000000
99599  40.338  10.344  34.518 0.0000000000
97892  36.495  8.759  29.549 0.0000000000
97091  41.031  8.179  33.699 0.0000000000
97140  37.913  7.511  25.911 0.0000000000
97835  37.023  8.885  35.933 0.0000000000
97754  39.087  9.016  45.526 0.0000000000
97005  37.682  6.953  47.315 0.0000000000
92651  40.882  2.585  44.431 0.0000000000
99582  46.285  10.549  34.365 0.0000000000
100422  43.747  11.241  35.131 0.0000000000
99609  43.050  10.495  32.507 0.0000000000
99637  38.680  10.356  31.529 0.0000000000
99658  40.216  10.312  28.658 0.0000000000
96283  39.757  6.378  39.475 0.0000000000
97056  41.630  7.045  37.301 0.0000000000
96322  38.674  6.873  35.021 0.0000000000
94840  40.338  4.328  24.434 0.0000000000
95595  37.676  5.651  26.573 0.0000000000
93940  37.981  4.534  24.302 0.0000000000
94826  36.517  4.823  26.217 0.0000000000
92866  38.731  2.455  27.717 0.0000000000
91786  38.938  1.594  31.404 0.0000000000
95451  41.530  5.373  53.065 0.0000000000
94648  39.826  5.016  49.216 0.0000000000
98693  46.378  9.490  34.618 0.0000000000
92776  38.887  2.470  34.927 0.0000000000
94739  37.376  4.890  33.372 0.0000000000
93851  39.440  3.413  31.261 0.0000000000
94809  41.233  3.976  27.289 0.0000000000
99503  44.449  10.698  42.383 0.0000000000
99487  41.369  10.172  44.439 0.0000000000
97018  39.448  7.621  42.452 0.0000000000
95514  37.762  5.111  40.719 0.0000000000
94672  38.748  3.961  46.223 0.0000000000
92683  37.631  2.849  42.746 0.0000000000
92728  37.991  2.157  38.583 0.0000000000
91689  41.140  0.882  36.902 0.0000000000
94574  40.750  5.274  54.912 0.0000000000
101131  42.128  12.647  37.618 0.0000000000
99576  39.229  10.423  36.438 0.0000000000
99614  37.491  9.942  33.718 0.0000000000
98732  35.688  8.990  31.823 0.0000000000
95578  34.642  5.491  30.487 0.0000000000
97779  43.730  8.738  39.554 0.0000000000
97818  43.746  8.310  36.090 0.0000000000
97879  42.671  8.910  31.069 0.0000000000
96341  37.541  6.595  31.368 0.0000000000
97891  39.593  8.489  28.885 0.0000000000
98767  41.215  9.649  27.823 0.0000000000
97920  37.290  8.776  26.327 0.0000000000
95590  35.521  5.469  28.476 0.0000000000
97807  36.196  8.815  37.095 0.0000000000
98671  37.750  9.815  37.488 0.0000000000
97744  38.582  8.184  48.279 0.0000000000
96991  38.195  7.217  48.937 0.0000000000
99607  45.241  10.309  32.321 0.0000000000
99595  44.958  10.702  33.531 0.0000000000
99621  43.368  10.460  31.293 0.0000000000
99635  41.105  10.530  30.731 0.0000000000
99645  42.383  10.116  29.308 0.0000000000
95535  38.315  5.692  37.625 0.0000000000
96300  39.684  6.532  37.639 0.0000000000
96316  38.130  5.939  36.369 0.0000000000
92904  40.375  3.703  24.138 0.0000000000
94841  39.580  4.484  24.165 0.0000000000
92901  38.965  3.451  24.704 0.0000000000
92891  38.315  3.269  25.626 0.0000000000
92878  39.191  2.619  26.520 0.0000000000
91812  39.327  2.013  28.897 0.0000000000
91822  40.669  1.783  27.909 0.0000000000
95457  41.857  5.147  52.440 0.0000000000
98681  47.050  9.699  36.115 0.0000000000
98669  46.299  9.278  36.674 0.0000000000
92791  40.057  2.392  33.741 0.0000000000
92810  39.452  2.805  33.106 0.0000000000
92808  40.891  2.515  32.474 0.0000000000
93899  42.485  3.640  28.208 0.0000000000
94807  42.640  4.010  26.849 0.0000000000
94830  42.182  4.020  25.711 0.0000000000
97010  37.988  7.702  44.659 0.0000000000
97761  39.697  8.686  43.664 0.0000000000
97019  38.665  7.224  42.847 0.0000000000
96266  38.604  6.322  41.612 0.0000000000
95503  37.965  5.785  42.014 0.0000000000
94658  40.903  4.405  48.511 0.0000000000
94660  38.862  5.071  48.100 0.0000000000
94666  39.985  4.139  47.218 0.0000000000
91611  40.937  1.570  42.454 0.0000000000
92667  39.341  2.293  43.682 0.0000000000
91626  39.094  1.449  41.645 0.0000000000
91644  37.710  2.369  40.311 0.0000000000
91659  39.287  1.230  39.275 0.0000000000
91691  39.736  1.336  37.447 0.0000000000
90616  40.473  0.750  39.290 0.0000000000
90659  43.638  0.731  36.959 0.0000000000
99585  42.589  10.699  34.827 0.0000000000
101138  43.221  12.444  36.932 0.0000000000
100424  41.709  11.218  36.237 0.0000000000
100415  41.227  11.488  36.754 0.0000000000
99587  39.981  10.426  35.613 0.0000000000
98707  38.603  9.761  35.158 0.0000000000
99612  39.376  10.330  33.625 0.0000000000
99649  37.758  10.139  30.603 0.0000000000
98740  36.433  9.469  31.410 0.0000000000
98741  36.173  8.856  30.751 0.0000000000
97114  35.169  7.218  31.149 0.0000000000
96348  35.349  6.696  29.922 0.0000000000
98607  42.908  9.653  41.741 0.0000000000
99516  43.967  10.067  41.502 0.0000000000
97780  42.852  8.530  40.130 0.0000000000
97074  40.834  7.472  35.660 0.0000000000
97055  42.551  7.452  36.906 0.0000000000
97081  42.378  8.284  34.467 0.0000000000
97857  43.581  8.788  33.136 0.0000000000
97870  41.678  8.483  32.285 0.0000000000
94773  37.791  4.447  30.541 0.0000000000
95571  37.303  5.774  32.045 0.0000000000
95583  37.556  5.498  29.603 0.0000000000
96364  37.620  6.590  26.234 0.0000000000
97127  38.010  7.417  28.057 0.0000000000
97133  38.629  8.163  27.455 0.0000000000
97902  40.416  8.992  28.499 0.0000000000
97918  38.773  8.929  26.282 0.0000000000
98782  38.746  9.573  26.243 0.0000000000
97153  37.481  8.313  25.503 0.0000000000
92881  36.597  3.307  27.520 0.0000000000
94814  35.965  4.827  27.299 0.0000000000
93904  35.467  3.709  28.521 0.0000000000
93890  34.852  3.733  29.566 0.0000000000
98629  46.039  9.527  39.888 0.0000000000
98686  35.309  8.811  36.037 0.0000000000
98711  35.410  9.186  34.197 0.0000000000
98592  40.493  9.967  46.184 0.0000000000
98593  39.878  9.479  46.938 0.0000000000
97755  38.434  8.440  46.124 0.0000000000
97008  37.482  7.007  46.360 0.0000000000
93692  41.332  3.513  46.161 0.0000000000
100421  45.072  11.104  34.587 0.0000000000
99584  43.489  10.704  34.295 0.0000000000
99610  41.809  10.445  32.870 0.0000000000
99611  40.572  10.477  33.268 0.0000000000
99623  40.830  10.540  32.008 0.0000000000
99648  38.929  10.300  30.328 0.0000000000
98759  37.634  9.899  28.946 0.0000000000
97043  40.919  6.988  39.784 0.0000000000
97031  42.258  7.738  39.738 0.0000000000
96291  40.495  6.603  38.157 0.0000000000
97066  40.216  7.122  36.536 0.0000000000
97084  39.813  7.500  34.960 0.0000000000
94811  39.155  4.434  26.989 0.0000000000
95589  37.746  5.406  28.066 0.0000000000
94824  38.845  4.711  25.693 0.0000000000
95608  38.195  5.235  24.562 0.0000000000
95609  37.606  5.399  24.865 0.0000000000
96377  36.801  6.355  25.528 0.0000000000
94836  37.094  5.130  25.211 0.0000000000
92892  37.410  3.203  26.454 0.0000000000
92857  37.404  2.457  28.762 0.0000000000
91802  39.731  1.524  30.358 0.0000000000
95459  39.490  5.954  51.762 0.0000000000
95474  38.869  5.784  49.842 0.0000000000
95464  40.309  5.189  50.760 0.0000000000
94633  41.729  4.727  50.746 0.0000000000
94645  43.075  4.132  49.464 0.0000000000
100410  46.748  10.511  35.665 0.0000000000
99593  46.509  10.138  33.577 0.0000000000
98727  45.885  9.869  32.250 0.0000000000
93803  37.706  3.447  35.980 0.0000000000
94724  37.421  4.549  35.377 0.0000000000
93824  37.719  3.984  33.684 0.0000000000
93852  38.737  3.605  31.604 0.0000000000
93871  38.785  3.797  30.430 0.0000000000
93869  40.950  3.094  30.499 0.0000000000
93901  40.765  3.656  28.711 0.0000000000
94796  39.508  4.104  28.253 0.0000000000
94822  40.868  4.286  26.123 0.0000000000
93928  41.135  3.860  24.510 0.0000000000
92888  41.510  2.747  25.418 0.0000000000
91831  41.897  1.961  26.813 0.0000000000
99494  43.225  10.767  43.409 0.0000000000
98609  41.498  9.189  42.511 0.0000000000
99488  40.787  10.052  44.892 0.0000000000
97760  40.344  8.833  43.089 0.0000000000
97770  40.959  8.223  41.670 0.0000000000
97034  39.863  7.235  40.950 0.0000000000
96284  38.998  6.099  39.882 0.0000000000
95530  37.875  5.052  38.963 0.0000000000
96243  38.070  6.156  48.411 0.0000000000
95493  37.571  5.427  46.667 0.0000000000
95496  37.271  5.186  45.712 0.0000000000
93707  39.878  3.143  45.499 0.0000000000
93724  37.829  3.398  44.327 0.0000000000
94682  37.407  4.287  42.946 0.0000000000
93749  37.458  3.651  41.506 0.0000000000
93768  37.359  3.644  40.033 0.0000000000
93786  37.395  3.575  38.145 0.0000000000
92749  38.598  2.191  36.783 0.0000000000
92759  39.447  2.043  35.720 0.0000000000
91740  40.869  1.607  35.113 0.0000000000
90631  42.371  0.480  38.438 0.0000000000
91703  42.257  0.980  36.234 0.0000000000
96211  40.319  6.044  53.617 0.0000000000
95435  41.433  5.300  54.005 0.0000000000
93593  40.568  4.353  53.822 0.0000000000
101120  43.486  13.199  38.427 0.0000000000
101122  41.540  12.905  38.272 0.0000000000
98695  38.289  9.579  35.714 0.0000000000
98709  37.141  9.513  34.649 0.0000000000
98722  36.104  9.511  33.530 0.0000000000
99625  38.453  10.297  32.739 0.0000000000
98731  36.224  9.556  32.544 0.0000000000
97860  34.968  8.598  32.730 0.0000000000
98641  45.110  8.956  38.695 0.0000000000
97797  43.203  7.787  38.632 0.0000000000
97796  43.699  8.131  37.985 0.0000000000
97794  45.509  8.803  36.998 0.0000000000
97831  45.029  8.784  34.561 0.0000000000
97856  44.659  9.174  32.898 0.0000000000
98739  43.986  9.569  30.224 0.0000000000
95560  37.391  5.530  33.933 0.0000000000
97094  38.258  7.305  32.961 0.0000000000
97103  39.045  7.831  32.387 0.0000000000
96354  37.626  6.480  28.768 0.0000000000
97111  38.929  7.920  31.168 0.0000000000
97110  39.875  8.280  31.571 0.0000000000
97889  41.532  8.798  29.819 0.0000000000
97900  42.385  9.154  29.065 0.0000000000
99644  43.228  9.627  29.473 0.0000000000
99657  41.320  10.163  28.394 0.0000000000
98770  38.102  9.901  27.579 0.0000000000
97913  36.831  8.641  27.431 0.0000000000
96372  36.414  6.736  26.179 0.0000000000
97136  36.299  7.339  27.370 0.0000000000
97129  36.218  7.566  28.797 0.0000000000
95585  35.129  5.554  29.449 0.0000000000
91770  38.244  1.559  32.358 0.0000000000
99569  38.007  10.364  37.702 0.0000000000
97731  39.098  7.858  50.425 0.0000000000
97736  38.703  8.074  49.430 0.0000000000
96987  38.612  7.311  50.106 0.0000000000
99620  44.488  10.359  31.193 0.0000000000
99634  42.353  10.432  30.373 0.0000000000
99633  43.471  10.201  30.245 0.0000000000
95542  37.812  5.360  37.002 0.0000000000
95541  38.236  5.775  37.134 0.0000000000
92900  39.845  3.509  24.371 0.0000000000
92890  39.475  2.953  25.339 0.0000000000
92877  40.106  2.547  26.052 0.0000000000
91833  39.923  2.427  26.699 0.0000000000
91832  40.591  2.330  26.833 0.0000000000
98639  46.898  9.518  39.203 0.0000000000
98668  47.114  9.635  37.235 0.0000000000
92790  40.843  2.229  33.423 0.0000000000
92809  40.158  2.668  32.873 0.0000000000
93912  43.201  3.942  26.913 0.0000000000
93911  43.832  3.820  26.711 0.0000000000
93921  42.893  3.599  26.064 0.0000000000
97862  34.149  8.079  33.460 0.0000000000
97015  37.650  6.841  44.282 0.0000000000
97014  38.331  7.465  43.722 0.0000000000
96259  37.935  6.685  43.316 0.0000000000
96262  38.300  6.483  42.449 0.0000000000
96263  37.644  5.891  42.894 0.0000000000
94665  41.321  4.042  47.588 0.0000000000
91612  39.876  1.606  42.430 0.0000000000
91625  40.188  1.286  41.550 0.0000000000
91642  39.402  1.173  40.391 0.0000000000
90601  40.119  0.789  39.908 0.0000000000
90617  39.903  0.986  39.230 0.0000000000
90600  40.950  0.705  40.032 0.0000000000
100423  42.494  11.293  35.787 0.0000000000
99586  41.311  10.709  35.542 0.0000000000
99574  41.191  11.035  36.315 0.0000000000
98750  36.773  9.364  29.938 0.0000000000
98751  36.370  8.885  30.198 0.0000000000
97120  35.498  7.256  30.204 0.0000000000
97893  36.219  8.373  29.861 0.0000000000
98618  42.519  9.143  41.410 0.0000000000
98632  42.983  8.989  40.779 0.0000000000
97768  42.422  8.671  40.833 0.0000000000
97083  40.884  7.825  34.673 0.0000000000
97073  41.716  7.741  35.318 0.0000000000
97082  41.805  8.192  34.326 0.0000000000
97858  42.316  8.438  33.417 0.0000000000
97101  41.107  8.339  33.021 0.0000000000
94772  38.292  4.227  29.859 0.0000000000
97134  38.059  7.439  26.840 0.0000000000
97139  38.422  8.265  26.485 0.0000000000
97912  39.172  8.875  27.032 0.0000000000
97146  38.058  8.404  25.827 0.0000000000
97152  38.036  8.355  25.577 0.0000000000
97147  37.484  7.788  25.514 0.0000000000
92858  36.589  2.531  28.949 0.0000000000
93903  35.984  3.575  27.910 0.0000000000
92869  36.060  2.967  28.427 0.0000000000
92859  35.899  2.639  29.374 0.0000000000
97821  36.623  8.802  36.494 0.0000000000
97822  35.805  8.751  36.298 0.0000000000
97836  36.341  8.832  35.841 0.0000000000
98698  35.630  8.989  35.378 0.0000000000
98697  36.645  9.159  35.275 0.0000000000
98585  40.083  9.234  48.042 0.0000000000
96999  38.130  7.552  47.748 0.0000000000
97752  38.478  8.362  47.178 0.0000000000
97004  37.919  7.743  46.741 0.0000000000
97007  37.857  7.791  45.701 0.0000000000
100411  46.054  10.896  35.426 0.0000000000
100420  45.808  10.834  34.597 0.0000000000
99596  43.850  10.559  33.424 0.0000000000
99597  42.735  10.513  33.691 0.0000000000
99647  40.101  10.384  29.904 0.0000000000
99660  38.191  10.167  29.572 0.0000000000
99659  39.147  10.282  29.147 0.0000000000
96272  40.342  6.699  39.877 0.0000000000
96282  40.585  6.657  39.097 0.0000000000
96315  38.711  6.576  36.022 0.0000000000
96307  39.682  6.877  36.637 0.0000000000
96314  39.341  7.078  35.630 0.0000000000
96321  39.197  7.208  35.075 0.0000000000
94823  39.868  4.369  25.949 0.0000000000
94833  39.711  4.601  24.907 0.0000000000
94842  38.649  4.824  24.011 0.0000000000
95614  37.965  5.205  24.266 0.0000000000
95615  37.729  5.225  24.305 0.0000000000
94835  37.603  4.915  24.514 0.0000000000
92879  38.096  2.811  26.916 0.0000000000
93923  37.411  3.708  25.649 0.0000000000
92880  37.255  2.907  27.289 0.0000000000
92867  37.767  2.617  27.905 0.0000000000
92856  38.250  2.408  28.567 0.0000000000
91811  40.842  1.238  29.325 0.0000000000
95452  40.509  5.846  53.035 0.0000000000
95458  40.674  5.383  51.855 0.0000000000
94623  41.445  5.045  51.526 0.0000000000
94646  41.854  4.296  49.659 0.0000000000
94632  42.935  4.405  50.740 0.0000000000
98692  46.893  9.788  35.093 0.0000000000
98705  46.672  9.867  34.137 0.0000000000
99605  46.386  9.996  33.062 0.0000000000
97854  45.894  9.636  32.754 0.0000000000
93811  38.203  3.032  35.249 0.0000000000
93812  37.704  3.785  34.789 0.0000000000
93823  38.358  3.232  34.238 0.0000000000
93835  39.525  3.098  32.211 0.0000000000
93836  38.527  3.419  32.882 0.0000000000
93870  39.894  3.463  30.476 0.0000000000
92845  41.772  2.739  30.883 0.0000000000
93868  41.919  3.078  30.105 0.0000000000
93914  42.003  3.823  27.608 0.0000000000
93900  41.542  3.644  28.344 0.0000000000
94794  40.968  3.773  28.084 0.0000000000
93902  40.099  3.720  28.795 0.0000000000
94795  40.444  3.917  28.042 0.0000000000
94810  40.171  4.166  27.100 0.0000000000
93927  41.920  3.610  25.255 0.0000000000
92897  41.930  3.297  25.181 0.0000000000
92898  41.630  3.329  24.989 0.0000000000
91841  42.141  2.543  25.857 0.0000000000
99486  42.418  10.582  44.425 0.0000000000
99485  43.458  10.851  44.537 0.0000000000
99495  42.094  10.186  43.362 0.0000000000
99505  42.324  9.917  42.670 0.0000000000
98603  41.343  9.618  43.278 0.0000000000
98596  39.746  9.518  45.916 0.0000000000
98600  39.773  9.470  44.981 0.0000000000
97013  39.131  7.936  43.254 0.0000000000
97766  39.899  8.320  42.791 0.0000000000
97765  40.742  8.626  42.437 0.0000000000
97017  40.244  7.909  42.094 0.0000000000
97022  40.422  7.643  41.297 0.0000000000
97023  39.700  7.384  41.671 0.0000000000
95506  38.213  5.684  41.166 0.0000000000
96274  38.833  6.220  40.757 0.0000000000
95513  38.342  5.625  40.300 0.0000000000
95522  38.397  5.593  39.412 0.0000000000
95523  37.830  5.081  39.855 0.0000000000
95483  38.680  5.428  48.657 0.0000000000
94667  38.670  4.794  47.386 0.0000000000
94668  37.927  5.022  47.089 0.0000000000
94673  37.870  4.686  46.446 0.0000000000
94677  37.556  4.043  45.346 0.0000000000
93706  40.866  3.138  45.364 0.0000000000
92642  40.308  2.786  44.967 0.0000000000
92682  38.257  2.362  42.939 0.0000000000
92654  38.269  2.860  44.162 0.0000000000
92669  37.910  2.841  43.558 0.0000000000
94680  37.413  4.207  44.001 0.0000000000
93735  37.577  3.505  43.337 0.0000000000
93742  37.471  3.569  42.408 0.0000000000
91661  37.850  2.125  39.917 0.0000000000
92718  37.490  2.777  39.745 0.0000000000
92729  37.483  2.806  38.772 0.0000000000
93778  37.390  3.582  39.109 0.0000000000
92738  37.662  2.796  37.851 0.0000000000
92750  37.874  2.755  36.915 0.0000000000
92737  38.268  2.155  37.685 0.0000000000
91676  40.113  1.021  37.898 0.0000000000
91706  39.867  1.588  36.578 0.0000000000
91705  40.693  1.311  36.477 0.0000000000
91741  40.466  1.666  35.392 0.0000000000
91722  40.889  1.499  35.816 0.0000000000
90630  43.343  0.468  38.430 0.0000000000
91702  43.190  0.878  36.226 0.0000000000
91719  43.513  1.215  35.395 0.0000000000
96212  39.827  6.533  53.121 0.0000000000
95436  40.741  5.746  54.121 0.0000000000
94592  41.090  4.787  54.583 0.0000000000
101139  42.640  12.378  36.974 0.0000000000
101130  43.256  12.766  37.467 0.0000000000
101121  42.516  13.061  38.207 0.0000000000
99575  40.424  10.930  36.520 0.0000000000
99567  39.608  11.010  37.085 0.0000000000
99577  38.778  10.362  36.822 0.0000000000
98683  38.901  10.146  36.314 0.0000000000
99601  38.508  9.844  34.663 0.0000000000
98708  38.000  9.573  34.775 0.0000000000
98720  37.541  9.796  34.164 0.0000000000
98710  36.291  9.418  34.472 0.0000000000
98721  36.913  9.796  33.815 0.0000000000
99624  39.601  10.509  32.399 0.0000000000
99638  37.654  10.146  31.879 0.0000000000
99639  36.856  9.927  32.134 0.0000000000
98723  35.224  8.994  33.000 0.0000000000
97872  35.160  8.462  32.258 0.0000000000
97873  35.057  7.794  31.888 0.0000000000
97121  35.281  6.968  30.547 0.0000000000
98631  43.742  9.021  40.385 0.0000000000
98616  44.440  9.559  40.728 0.0000000000
98630  44.845  9.181  39.719 0.0000000000
97778  44.341  8.873  39.026 0.0000000000
97050  41.801  7.018  38.294 0.0000000000
97041  42.458  7.460  38.886 0.0000000000
97049  42.680  7.459  37.923 0.0000000000
97062  43.207  7.947  36.163 0.0000000000
97048  43.243  7.752  37.320 0.0000000000
97805  43.880  8.237  37.070 0.0000000000
97795  44.766  8.580  37.604 0.0000000000
97804  44.741  8.545  36.613 0.0000000000
97817  44.832  8.644  35.609 0.0000000000
97832  44.003  8.551  35.014 0.0000000000
97869  43.034  8.845  32.166 0.0000000000
97845  44.270  8.782  33.924 0.0000000000
97868  44.138  9.291  32.093 0.0000000000
97877  44.664  9.542  31.355 0.0000000000
97878  43.811  9.356  31.054 0.0000000000
94729  37.388  4.697  34.321 0.0000000000
95554  37.499  5.536  34.827 0.0000000000
96335  37.641  6.637  32.578 0.0000000000
97104  38.152  7.360  31.869 0.0000000000
97126  38.757  8.064  28.595 0.0000000000
97119  38.020  7.415  29.353 0.0000000000
97118  39.001  8.096  29.847 0.0000000000
97117  39.742  8.282  30.583 0.0000000000
97881  40.654  8.540  30.694 0.0000000000
97890  40.340  8.620  29.589 0.0000000000
97910  41.315  9.418  28.166 0.0000000000
97901  41.415  9.020  28.852 0.0000000000
98766  41.927  9.525  28.068 0.0000000000
98757  42.986  9.409  29.076 0.0000000000
99666  41.703  9.596  27.947 0.0000000000
99656  42.151  9.639  28.450 0.0000000000
99667  41.238  9.861  27.769 0.0000000000
98784  37.928  9.202  26.167 0.0000000000
98776  38.715  10.013  26.636 0.0000000000
98771  37.402  9.257  27.037 0.0000000000
95603  36.674  5.832  25.856 0.0000000000
96371  36.716  6.870  25.815 0.0000000000
94827  36.274  5.570  26.544 0.0000000000
94798  35.542  4.504  28.207 0.0000000000
95596  35.900  5.964  27.125 0.0000000000
96361  35.874  6.615  27.911 0.0000000000
95584  35.381  5.778  29.082 0.0000000000
95591  35.295  5.177  28.980 0.0000000000
92847  34.991  2.591  30.426 0.0000000000
92861  34.677  3.145  30.115 0.0000000000
91803  38.521  1.943  30.323 0.0000000000
98672  36.652  9.264  37.798 0.0000000000
97806  36.963  9.049  37.151 0.0000000000
97820  37.319  9.111  36.608 0.0000000000
97735  39.311  8.686  48.744 0.0000000000
97000  37.985  6.797  48.120 0.0000000000
99594  45.870  10.420  33.361 0.0000000000
99583  45.661  10.760  34.073 0.0000000000
99608  44.237  10.462  32.322 0.0000000000
99622  42.107  10.499  31.603 0.0000000000
99646  41.302  10.408  29.489 0.0000000000
96293  39.068  5.986  38.986 0.0000000000
96292  39.766  6.366  38.572 0.0000000000
96301  38.977  6.085  38.066 0.0000000000
96308  38.699  6.221  37.060 0.0000000000
93937  40.355  4.050  23.994 0.0000000000
92905  40.041  3.818  23.911 0.0000000000
93938  39.444  4.115  23.744 0.0000000000
93930  38.960  3.744  24.007 0.0000000000
93931  38.258  3.882  24.534 0.0000000000
91823  39.757  2.286  27.438 0.0000000000
95450  42.162  5.051  53.076 0.0000000000
99565  47.531  10.103  36.553 0.0000000000
98682  46.373  9.402  35.625 0.0000000000
92792  39.201  2.736  33.955 0.0000000000
93834  40.197  2.812  32.266 0.0000000000
93850  40.285  2.978  31.527 0.0000000000
93885  42.198  3.340  29.146 0.0000000000
93913  42.645  3.876  27.367 0.0000000000
94808  42.146  4.048  26.930 0.0000000000
94821  41.763  4.162  26.227 0.0000000000
94820  42.505  4.032  26.378 0.0000000000
99476  41.791  10.460  45.364 0.0000000000
97758  38.488  8.431  45.086 0.0000000000
97757  39.271  8.879  44.582 0.0000000000
97762  38.768  8.242  44.120 0.0000000000
97024  39.006  6.970  42.047 0.0000000000
95507  37.707  5.097  41.581 0.0000000000
94647  40.581  4.774  49.670 0.0000000000
94659  39.613  4.866  48.460 0.0000000000
94671  39.592  3.773  46.427 0.0000000000
92665  41.351  2.165  43.368 0.0000000000
92652  39.885  2.520  44.389 0.0000000000
91601  39.673  1.943  43.129 0.0000000000
91613  38.924  1.887  42.636 0.0000000000
91614  38.345  2.133  42.421 0.0000000000
92704  37.838  2.346  41.515 0.0000000000
91627  38.341  1.949  41.879 0.0000000000
91643  38.156  1.842  40.760 0.0000000000
91660  38.414  1.688  39.517 0.0000000000
91678  38.741  1.622  38.491 0.0000000000
90648  41.022  0.600  37.933 0.0000000000
90645  43.520  0.532  37.597 0.0000000000
91701  44.414  0.988  36.662 0.0000000000
100413  43.378  12.052  36.362 0.0000000000
100414  42.195  11.778  36.551 0.0000000000
101140  41.674  12.169  37.125 0.0000000000
99588  39.357  10.171  35.706 0.0000000000
99600  39.178  10.068  34.873 0.0000000000
99613  38.220  10.031  33.940 0.0000000000
99650  36.941  10.050  31.177 0.0000000000
97882  35.568  7.999  31.168 0.0000000000
97883  35.280  7.674  31.420 0.0000000000
97113  35.428  7.489  30.857 0.0000000000
96349  35.129  6.439  30.250 0.0000000000
99504  43.025  10.190  42.313 0.0000000000
99517  43.329  9.846  41.679 0.0000000000
98617  43.415  9.472  41.172 0.0000000000
97064  41.718  7.331  36.280 0.0000000000
97063  42.655  7.775  35.956 0.0000000000
97833  43.154  8.220  35.414 0.0000000000
97846  43.037  8.464  34.334 0.0000000000
94760  37.474  4.829  31.735 0.0000000000
94749  37.351  5.108  32.579 0.0000000000
95577  37.329  5.591  30.891 0.0000000000
96360  37.653  6.528  27.383 0.0000000000
97903  39.469  8.690  27.980 0.0000000000
97911  40.193  9.406  27.659 0.0000000000
97917  39.495  9.406  26.798 0.0000000000
98768  40.276  9.728  27.393 0.0000000000
97924  38.988  9.399  26.263 0.0000000000
97925  38.268  8.965  25.993 0.0000000000
97927  37.007  8.786  25.891 0.0000000000
94813  36.333  4.339  26.833 0.0000000000
93915  36.183  3.958  27.302 0.0000000000
93916  35.739  4.078  27.808 0.0000000000
93905  35.171  3.841  29.051 0.0000000000
93889  35.242  3.449  29.148 0.0000000000
92860  35.184  2.965  29.621 0.0000000000
97808  35.415  8.778  36.923 0.0000000000
98699  34.635  9.098  34.957 0.0000000000
97751  39.066  9.029  46.552 0.0000000000
97743  39.192  8.862  47.622 0.0000000000
97011  37.447  6.971  45.311 0.0000000000
96257  37.238  6.042  44.955 0.0000000000
93680  41.792  3.762  46.883 0.0000000000
93691  42.276  3.528  46.190 0.0000000000
93705  41.884  3.276  45.432 0.0000000000
93721  41.506  2.934  44.827 0.0000000000
92650  41.858  2.742  44.142 0.0000000000
91610  41.797  1.579  42.219 0.0000000000
91624  41.198  1.210  41.572 0.0000000000
91640  41.518  0.824  40.836 0.0000000000
100412  44.759  11.597  35.884 0.0000000000
100428  44.857  10.901  34.109 0.0000000000
100429  44.375  10.840  34.206 0.0000000000
99598  41.564  10.449  34.139 0.0000000000
99636  39.856  10.496  31.157 0.0000000000
98749  37.563  9.922  29.777 0.0000000000
97021  41.209  7.847  40.922 0.0000000000
97781  41.990  8.132  40.515 0.0000000000
97032  41.453  7.441  40.152 0.0000000000
97042  41.517  7.153  39.214 0.0000000000
96290  41.152  6.748  37.821 0.0000000000
96299  40.533  6.872  37.295 0.0000000000
97057  41.021  6.989  37.172 0.0000000000
97092  40.204  7.870  34.005 0.0000000000
94797  38.560  4.617  28.117 0.0000000000
94812  38.241  4.879  26.856 0.0000000000
94825  38.161  5.225  25.871 0.0000000000
94834  38.880  4.850  24.622 0.0000000000
95601  38.362  5.183  25.129 0.0000000000
95602  37.757  5.634  25.458 0.0000000000
96370  37.263  6.509  25.699 0.0000000000
96376  37.000  6.238  25.362 0.0000000000
93933  37.030  4.341  25.651 0.0000000000
93922  37.850  3.759  25.121 0.0000000000
93924  36.750  3.810  26.535 0.0000000000
92893  36.964  3.243  26.929 0.0000000000
92868  36.909  2.709  28.120 0.0000000000
91813  37.978  2.251  29.436 0.0000000000
96227  39.049  6.618  51.434 0.0000000000
96230  38.753  6.681  50.755 0.0000000000
95466  38.933  6.070  50.726 0.0000000000
95465  39.606  5.549  50.796 0.0000000000
94634  40.846  4.906  50.714 0.0000000000
94657  42.086  4.075  48.512 0.0000000000
99573  46.668  10.442  35.122 0.0000000000
99572  47.124  10.196  35.630 0.0000000000
99581  46.798  10.160  34.623 0.0000000000
99606  46.030  10.056  32.514 0.0000000000
99619  45.335  9.991  31.401 0.0000000000
93837  37.671  4.325  32.655 0.0000000000
93853  37.951  3.963  31.733 0.0000000000
93872  38.261  3.894  31.069 0.0000000000
94784  38.721  4.116  29.212 0.0000000000
92827  41.319  2.644  31.565 0.0000000000
93886  41.280  3.427  29.410 0.0000000000
93888  39.534  3.742  29.455 0.0000000000
94832  40.572  4.444  25.138 0.0000000000
94831  41.429  4.218  25.248 0.0000000000
94839  40.887  4.247  24.624 0.0000000000
93929  40.664  3.729  24.258 0.0000000000
92899  40.841  3.368  24.582 0.0000000000
92876  40.955  2.569  26.041 0.0000000000
98608  42.298  9.542  42.194 0.0000000000
98619  41.897  9.022  41.885 0.0000000000
99465  41.291  10.288  46.227 0.0000000000
99477  40.991  10.210  45.400 0.0000000000
98605  39.957  9.225  44.256 0.0000000000
98604  40.538  9.308  43.651 0.0000000000
98598  41.049  9.763  43.917 0.0000000000
98610  40.857  9.178  42.951 0.0000000000
97764  41.400  8.685  41.991 0.0000000000
97033  40.557  7.219  40.478 0.0000000000
96265  39.287  6.791  41.242 0.0000000000
95529  38.383  5.615  38.511 0.0000000000
95536  37.847  5.105  38.027 0.0000000000
96235  38.511  6.541  49.919 0.0000000000
96992  38.104  6.613  48.627 0.0000000000
95489  38.561  5.204  47.920 0.0000000000
95490  38.032  5.467  47.606 0.0000000000
96253  37.436  6.190  47.022 0.0000000000
96255  37.198  6.144  46.031 0.0000000000
95499  37.203  5.065  44.562 0.0000000000
93681  40.926  3.775  46.837 0.0000000000
93693  40.275  3.541  46.235 0.0000000000
93694  39.453  3.519  45.961 0.0000000000
92643  39.564  2.816  44.968 0.0000000000
93708  38.872  3.234  45.342 0.0000000000
94676  38.257  3.620  45.538 0.0000000000
95501  37.324  5.087  43.446 0.0000000000
95504  37.548  5.093  42.471 0.0000000000
94684  37.523  4.350  42.010 0.0000000000
94686  37.505  4.425  41.148 0.0000000000
92705  37.529  2.889  40.816 0.0000000000
93757  37.384  3.813  40.766 0.0000000000
94689  37.497  4.432  40.325 0.0000000000
94698  37.534  4.375  39.464 0.0000000000
94705  37.535  4.362  38.537 0.0000000000
94711  37.493  4.416  37.547 0.0000000000
93795  37.504  3.560  37.137 0.0000000000
92761  38.159  2.740  36.252 0.0000000000
92760  38.628  2.455  35.851 0.0000000000
91692  39.013  1.647  37.600 0.0000000000
92748  39.143  1.979  36.354 0.0000000000
92775  39.945  1.977  34.836 0.0000000000
92774  40.798  1.881  34.286 0.0000000000
92773  41.593  1.877  33.974 0.0000000000
90615  41.232  0.561  39.271 0.0000000000
90632  41.483  0.535  38.482 0.0000000000
90647  41.599  0.656  37.559 0.0000000000
90646  42.629  0.536  37.625 0.0000000000
90661  42.052  0.748  36.911 0.0000000000
91704  41.455  1.110  36.409 0.0000000000
91721  41.593  1.369  35.638 0.0000000000
91739  41.635  1.577  34.794 0.0000000000
96974  39.132  6.975  51.683 0.0000000000
96226  39.402  6.597  52.098 0.0000000000
95453  39.770  6.203  52.519 0.0000000000
96195  40.209  6.183  54.142 0.0000000000
94593  39.984  4.645  54.738 0.0000000000
101132  41.107  12.549  37.702 0.0000000000
101133  40.172  12.303  37.765 0.0000000000
98670  38.320  10.114  37.206 0.0000000000
98685  37.878  9.391  36.365 0.0000000000
97834  37.454  9.120  36.096 0.0000000000
98694  38.918  9.959  35.849 0.0000000000
98696  37.508  9.267  35.514 0.0000000000
99626  37.332  10.112  33.022 0.0000000000
98730  36.635  9.849  33.134 0.0000000000
98724  34.810  8.696  33.262 0.0000000000
97861  34.614  8.207  32.942 0.0000000000
99533  45.774  9.717  40.495 0.0000000000
98640  45.968  9.288  38.949 0.0000000000
97789  43.058  8.073  39.317 0.0000000000
97788  43.714  8.422  38.816 0.0000000000
97787  44.433  8.680  38.379 0.0000000000
98655  45.083  8.761  38.156 0.0000000000
98654  45.912  9.011  37.846 0.0000000000
97803  45.584  8.986  36.131 0.0000000000
97830  45.816  9.246  34.130 0.0000000000
97844  45.228  9.150  33.571 0.0000000000
97866  45.573  9.674  32.174 0.0000000000
98729  45.120  9.696  31.310 0.0000000000
95548  37.559  5.401  35.918 0.0000000000
96323  37.958  6.256  35.382 0.0000000000
95565  37.321  5.802  33.103 0.0000000000
96329  37.921  6.607  34.026 0.0000000000
96328  38.634  7.121  34.388 0.0000000000
97093  39.078  7.579  33.809 0.0000000000
97102  40.308  8.221  32.831 0.0000000000
96347  37.478  6.543  30.107 0.0000000000
97112  38.104  7.365  30.638 0.0000000000
97871  40.818  8.488  31.670 0.0000000000
97880  41.652  8.682  30.916 0.0000000000
97888  42.497  8.941  30.018 0.0000000000
97887  43.315  9.268  30.164 0.0000000000
97899  43.027  9.274  29.494 0.0000000000
99643  43.878  9.627  29.956 0.0000000000
99675  39.374  10.102  26.932 0.0000000000
99676  39.238  10.215  27.136 0.0000000000
99669  39.140  10.231  27.913 0.0000000000
99670  38.408  10.170  28.612 0.0000000000
98760  37.163  9.320  28.265 0.0000000000
97904  36.546  8.479  28.821 0.0000000000
97148  36.992  8.190  25.655 0.0000000000
96365  36.445  7.222  26.258 0.0000000000
96366  36.300  6.930  26.626 0.0000000000
97142  36.351  7.349  26.779 0.0000000000
97135  36.467  7.967  27.876 0.0000000000
97128  36.444  8.000  28.495 0.0000000000
97905  36.380  8.127  29.181 0.0000000000
96355  35.484  6.377  29.310 0.0000000000
96356  35.236  6.118  29.669 0.0000000000
94786  34.639  4.632  29.893 0.0000000000
90602  39.670  1.001  39.693 0.0000000000
90633  40.563  0.747  38.430 0.0000000000
90634  40.152  0.930  38.841 0.0000000000
90660  42.879  0.652  36.896 0.0000000000
90662  41.552  0.812  36.915 0.0000000000
91600  40.433  1.814  43.057 0.0000000000
91602  39.203  2.099  43.162 0.0000000000
91677  39.687  1.198  38.396 0.0000000000
91690  40.551  0.926  37.365 0.0000000000
91707  39.246  1.702  36.927 0.0000000000
91723  40.219  1.699  35.806 0.0000000000
92641  40.762  2.842  44.925 0.0000000000
92653  38.949  2.687  44.453 0.0000000000
92666  40.269  2.186  43.697 0.0000000000
92668  38.570  2.520  43.675 0.0000000000
92680  41.582  1.835  42.717 0.0000000000
92681  38.860  2.242  43.214 0.0000000000
92692  37.926  2.386  42.236 0.0000000000
92693  37.550  2.909  41.877 0.0000000000
92717  37.797  2.271  39.295 0.0000000000
92846  35.561  2.605  30.034 0.0000000000
92870  35.486  3.058  28.964 0.0000000000
93679  42.637  3.699  46.930 0.0000000000
93709  38.093  3.412  45.094 0.0000000000
93722  41.009  2.870  44.898 0.0000000000
93723  38.353  3.075  44.702 0.0000000000
93802  38.136  2.903  35.812 0.0000000000
93887  40.408  3.543  29.573 0.0000000000
93932  37.593  4.339  24.927 0.0000000000
93936  40.703  4.133  24.325 0.0000000000
93939  38.528  4.368  23.988 0.0000000000
94624  40.805  5.110  51.226 0.0000000000
94799  35.197  4.558  29.016 0.0000000000
94843  37.968  4.996  24.096 0.0000000000
95420  40.995  5.343  54.616 0.0000000000
95421  40.510  5.746  54.885 0.0000000000
95456  42.366  4.907  52.752 0.0000000000
95460  39.002  6.310  51.167 0.0000000000
95472  40.344  5.015  50.222 0.0000000000
95473  39.693  5.236  49.763 0.0000000000
95482  39.434  5.125  49.020 0.0000000000
95484  38.129  5.801  48.109 0.0000000000
95604  36.373  6.354  26.320 0.0000000000
95610  36.975  6.035  25.307 0.0000000000
96242  38.299  6.259  49.082 0.0000000000
96250  37.836  6.219  47.769 0.0000000000
96273  39.688  6.628  40.396 0.0000000000
96281  41.137  6.765  38.528 0.0000000000
96298  41.095  6.900  37.405 0.0000000000
96306  40.305  7.044  36.794 0.0000000000
96309  38.200  5.821  36.882 0.0000000000
97054  43.231  7.853  36.603 0.0000000000
97065  40.799  7.144  36.640 0.0000000000
97072  42.427  8.132  34.997 0.0000000000
97075  40.100  7.257  36.028 0.0000000000
97085  39.052  7.281  34.660 0.0000000000
97090  41.636  8.308  33.681 0.0000000000
97141  36.508  7.737  26.577 0.0000000000
97154  37.255  8.487  25.547 0.0000000000
97816  45.754  8.971  35.115 0.0000000000
97819  43.193  8.021  35.921 0.0000000000
97843  45.882  9.494  33.257 0.0000000000
97847  42.354  8.350  34.149 0.0000000000
97848  34.264  8.428  33.650 0.0000000000
97855  45.511  9.506  32.691 0.0000000000
97859  41.522  8.365  33.226 0.0000000000
97867  45.084  9.570  31.996 0.0000000000
97909  42.008  9.346  28.427 0.0000000000
97919  37.633  9.021  26.210 0.0000000000
97926  37.700  8.919  26.013 0.0000000000
97931  37.723  8.615  25.730 0.0000000000
97932  37.284  8.550  25.720 0.0000000000
97933  36.964  8.581  25.622 0.0000000000
98595  40.369  9.868  45.304 0.0000000000
98599  40.557  9.696  44.488 0.0000000000
98602  41.912  9.692  42.810 0.0000000000
98684  38.551  10.008  36.649 0.0000000000
98706  46.310  9.648  33.710 0.0000000000
98717  46.482  9.906  33.427 0.0000000000
98718  46.159  9.802  32.874 0.0000000000
98719  45.816  9.725  32.377 0.0000000000
98728  45.516  9.822  31.794 0.0000000000
98737  45.158  9.832  31.150 0.0000000000
98738  44.635  9.733  30.732 0.0000000000
98747  44.142  9.719  30.112 0.0000000000
98748  43.567  9.544  29.717 0.0000000000
98758  42.411  9.440  28.583 0.0000000000
98769  38.802  10.195  27.240 0.0000000000
98775  39.417  9.815  26.705 0.0000000000
98777  37.816  9.343  26.443 0.0000000000
98778  37.512  9.139  26.554 0.0000000000
98783  38.221  9.347  26.216 0.0000000000
99496  41.458  9.945  43.748 0.0000000000
99568  38.564  10.579  37.380 0.0000000000
99618  45.740  9.938  31.956 0.0000000000
99627  36.742  9.908  32.716 0.0000000000
99631  44.980  9.877  30.847 0.0000000000
99655  42.721  9.439  28.852 0.0000000000
99668  40.064  10.066  27.520 0.0000000000
100402  43.568  12.451  36.953 0.0000000000
100416  40.533  11.415  37.038 0.0000000000
