#!ascii label  , from subject A00073230 vox2ras=TkReg
1731
10798  41.589  -76.047  14.395 0.2000000030
10774  41.275  -76.583  15.333 0.2000000030
11661  41.650  -75.590  14.390 0.2000000030
10800  40.590  -76.562  13.759 0.2000000030
12635  40.353  -74.666  12.397 0.1000000015
10742  41.661  -76.436  16.241 0.3000000119
10773  41.683  -76.141  15.001 0.2000000030
11681  40.806  -75.353  12.781 0.1000000015
10845  40.505  -75.935  12.513 0.2000000030
12608  41.402  -75.135  13.950 0.1000000015
12609  40.761  -74.726  13.418 0.1000000015
12585  40.463  -74.596  14.324 0.1000000015
13519  40.133  -74.261  13.198 0.1000000015
12549  39.314  -74.238  15.877 0.1000000015
12586  39.599  -74.113  14.107 0.1000000015
12566  39.041  -74.028  14.896 0.1000000015
13446  38.790  -73.988  16.899 0.2000000030
13459  38.546  -73.720  15.661 0.1000000015
12546  41.895  -74.662  16.747 0.1000000015
12520  41.536  -74.388  17.983 0.1000000015
11646  42.051  -75.545  15.469 0.2000000030
12564  40.850  -74.727  15.376 0.1000000015
12563  41.817  -74.854  15.868 0.1000000015
12584  41.412  -74.953  14.636 0.1000000015
12548  40.196  -74.534  16.070 0.1000000015
13445  39.611  -74.189  17.158 0.1000000015
13418  38.103  -73.324  18.980 0.2000000030
13432  38.448  -73.638  18.165 0.2000000030
14380  38.223  -73.125  19.639 0.1000000015
14369  37.804  -72.716  20.286 0.2000000030
14382  36.544  -72.416  19.241 0.1000000015
15355  36.124  -71.970  19.991 0.1000000015
12547  41.119  -74.586  16.382 0.1000000015
13430  40.844  -74.074  18.491 0.1000000015
12536  39.641  -74.281  16.619 0.1000000015
14351  38.302  -72.376  21.305 0.2000000030
14335  38.467  -71.973  21.943 0.2000000030
15320  37.664  -71.243  22.133 0.2000000030
14352  37.197  -72.187  20.869 0.2000000030
15321  36.982  -71.163  21.856 0.1000000015
15338  36.350  -71.434  21.108 0.2000000030
12535  40.350  -74.344  17.038 0.1000000015
13431  39.731  -73.964  17.994 0.1000000015
13403  39.568  -73.426  19.840 0.2000000030
14350  39.775  -72.904  21.083 0.2000000030
14368  38.879  -73.061  20.268 0.3000000119
16291  37.993  -70.626  22.472 0.3000000119
16293  36.470  -70.657  21.870 0.2000000030
15339  35.570  -70.790  20.927 0.2000000030
16336  34.990  -70.616  19.514 0.2000000030
14334  39.107  -72.151  21.982 0.3000000119
13417  38.979  -73.529  19.185 0.2000000030
16290  38.896  -70.626  22.622 0.3000000119
17309  39.168  -69.650  22.495 0.3000000119
18262  38.874  -68.815  22.043 0.3000000119
17311  37.489  -69.873  22.481 0.3000000119
17312  36.573  -69.906  22.268 0.2000000030
16322  34.997  -70.289  20.487 0.2000000030
16347  34.782  -70.089  19.098 0.2000000030
18284  41.319  -68.567  21.305 0.4000000060
17308  40.380  -69.709  22.464 0.3000000119
15319  38.512  -71.433  22.303 0.2000000030
18263  38.025  -69.102  22.353 0.3000000119
16307  35.393  -70.277  21.144 0.2000000030
18264  36.929  -69.099  22.420 0.2000000030
17343  35.147  -69.861  21.082 0.2000000030
18285  40.273  -68.555  21.257 0.3000000119
17328  39.789  -68.951  22.004 0.3000000119
18287  38.213  -68.193  21.825 0.2000000030
18289  36.260  -68.416  22.144 0.2000000030
18288  37.236  -68.265  22.111 0.2000000030
18308  35.212  -68.186  21.332 0.1000000015
18266  35.740  -69.385  21.910 0.2000000030
18309  34.819  -68.512  20.781 0.2000000030
18291  34.973  -69.060  21.179 0.2000000030
17354  34.529  -69.225  19.989 0.2000000030
18306  40.743  -68.424  20.438 0.3000000119
18286  39.202  -68.261  21.351 0.3000000119
18307  39.813  -68.107  20.342 0.2000000030
19299  39.210  -67.596  20.849 0.2000000030
19301  37.529  -67.358  21.792 0.1000000015
19303  35.630  -67.836  21.667 0.1000000015
19302  36.502  -67.489  21.878 0.1000000015
19319  35.187  -67.629  21.015 0.1000000015
18321  41.269  -68.397  19.716 0.3000000119
18322  40.517  -68.291  19.371 0.2000000030
19352  40.288  -67.576  18.811 0.2000000030
19368  40.627  -67.772  17.657 0.1000000015
19338  39.813  -67.402  19.698 0.1000000015
19353  39.971  -66.940  19.226 0.1000000015
19318  39.037  -66.923  20.765 0.1000000015
19300  38.514  -67.302  21.316 0.1000000015
20297  36.853  -66.504  21.783 0.1000000015
18338  41.475  -68.632  18.421 0.2000000030
20341  40.198  -66.551  18.854 0.1000000015
21351  39.927  -65.653  19.458 0.1000000015
20327  39.824  -66.424  19.614 0.1000000015
21332  39.075  -65.813  20.641 0.1000000015
20310  39.058  -66.392  20.706 0.1000000015
21313  38.200  -65.567  21.356 0.1000000015
21314  37.366  -65.568  21.641 0.1000000015
20296  37.883  -66.421  21.599 0.1000000015
21364  40.089  -65.273  18.989 0.1000000015
21315  36.327  -65.611  21.524 0.1000000015
21363  40.324  -65.720  18.357 0.1000000015
12565  39.879  -74.504  15.081 0.1000000015
14397  36.989  -72.768  18.647 0.1000000015
17249  36.909  -70.070  27.686 0.5000000000
17235  36.983  -69.677  28.476 0.5000000000
17236  36.429  -69.220  28.140 0.5000000000
17250  36.533  -69.544  27.422 0.5000000000
18213  35.955  -68.590  26.819 0.5000000000
18158  38.129  -68.824  30.782 0.2000000030
17208  38.773  -69.488  30.510 0.2000000030
17209  38.053  -69.107  30.170 0.3000000119
17223  37.526  -69.167  29.531 0.3000000119
18181  36.347  -68.787  28.757 0.5000000000
18197  36.017  -68.787  27.890 0.5000000000
18198  35.450  -68.154  27.679 0.5000000000
17265  36.786  -69.506  26.504 0.5000000000
19233  36.166  -67.660  26.202 0.5000000000
18225  37.420  -69.228  25.749 0.5000000000
17276  39.131  -69.793  25.478 0.5000000000
18159  37.470  -68.536  30.488 0.3000000119
18160  36.876  -68.330  30.253 0.3000000119
18180  36.886  -68.925  29.267 0.5000000000
18214  35.425  -67.954  27.125 0.5000000000
19234  35.502  -67.666  26.751 0.5000000000
18212  36.958  -68.715  25.884 0.5000000000
18211  37.948  -68.318  25.719 0.5000000000
15281  42.098  -71.853  26.149 0.4000000060
16251  41.821  -71.252  25.894 0.5000000000
16252  40.894  -70.974  25.613 0.5000000000
16253  39.716  -70.763  25.579 0.5000000000
15271  42.762  -72.159  26.514 0.4000000060
18150  38.443  -68.848  31.460 0.3000000119
19179  36.919  -68.124  30.755 0.4000000060
19180  36.331  -68.028  30.472 0.4000000060
18171  35.963  -68.270  29.253 0.5000000000
19190  34.864  -67.317  28.960 0.5000000000
19197  35.112  -67.690  28.378 0.5000000000
19214  34.938  -67.333  27.375 0.5000000000
19198  34.666  -67.094  28.307 0.5000000000
19215  34.601  -66.853  27.782 0.5000000000
20204  34.846  -66.866  26.968 0.5000000000
20224  35.303  -66.691  26.556 0.5000000000
19232  37.222  -67.534  25.893 0.5000000000
18223  38.571  -69.004  25.521 0.6000000238
18222  39.417  -69.018  25.646 0.5000000000
14294  43.404  -72.958  26.875 0.4000000060
14295  42.547  -73.027  26.456 0.4000000060
16250  42.409  -71.478  26.226 0.5000000000
17129  38.818  -69.360  35.325 0.1000000015
18093  37.228  -68.869  34.786 0.1000000015
18094  36.547  -68.714  34.906 0.1000000015
18107  37.872  -68.782  34.210 0.1000000015
18108  36.917  -68.508  34.092 0.1000000015
18109  36.187  -68.387  34.400 0.1000000015
18125  37.507  -68.428  33.315 0.1000000015
19134  36.822  -68.163  33.187 0.1000000015
19118  36.276  -68.194  33.736 0.1000000015
18140  37.820  -68.416  32.316 0.2000000030
19168  37.203  -68.139  31.306 0.3000000119
19188  35.944  -68.060  29.830 0.5000000000
19169  36.554  -67.879  31.290 0.4000000060
19170  35.841  -67.600  31.064 0.4000000060
20189  34.876  -67.199  29.560 0.4000000060
20190  34.455  -66.714  29.152 0.5000000000
20196  34.327  -66.476  28.206 0.5000000000
21222  34.113  -65.588  27.910 0.5000000000
21225  34.602  -65.577  27.083 0.5000000000
17275  40.395  -69.678  25.691 0.5000000000
17274  41.651  -70.343  25.879 0.5000000000
15270  43.700  -72.031  26.897 0.4000000060
12400  44.133  -73.972  26.835 0.5000000000
15111  38.183  -71.304  37.170 0.1000000015
16113  38.562  -70.125  36.416 0.1000000015
17105  38.230  -69.575  35.948 0.1000000015
17130  37.857  -69.162  35.225 0.1000000015
17131  36.957  -69.156  35.372 0.1000000015
17132  36.294  -68.982  35.457 0.1000000015
17106  37.331  -69.487  35.919 0.1000000015
21167  34.198  -65.749  32.184 0.2000000030
21168  33.736  -64.886  32.493 0.2000000030
18124  38.302  -68.708  33.238 0.1000000015
19135  35.998  -67.761  32.985 0.1000000015
20152  34.762  -66.513  31.933 0.2000000030
19152  36.898  -68.020  32.197 0.2000000030
19153  35.997  -67.566  31.934 0.2000000030
21188  34.319  -66.023  31.035 0.2000000030
20165  35.218  -67.227  30.731 0.3000000119
21203  34.120  -66.029  29.873 0.3000000119
21215  33.923  -65.960  28.874 0.5000000000
18210  38.942  -68.233  25.761 0.5000000000
21223  33.816  -65.211  28.685 0.4000000060
19229  40.418  -67.407  26.351 0.5000000000
19230  39.339  -67.396  26.190 0.5000000000
18208  41.089  -68.340  26.284 0.5000000000
18209  40.046  -68.419  25.989 0.5000000000
21242  35.951  -65.664  26.272 0.5000000000
20225  34.832  -66.107  26.797 0.5000000000
17262  41.512  -69.305  26.096 0.5000000000
17263  40.741  -68.941  26.062 0.5000000000
19231  38.291  -67.396  25.943 0.5000000000
16237  42.999  -71.280  26.506 0.5000000000
17273  42.376  -70.877  26.092 0.5000000000
13310  43.892  -73.628  26.979 0.4000000060
14094  36.644  -71.495  37.393 0.1000000015
16088  37.917  -70.594  36.755 0.1000000015
16089  36.939  -70.452  36.683 0.1000000015
16090  35.748  -70.175  36.790 0.1000000015
17080  34.739  -69.373  36.820 0.1000000015
16114  37.628  -69.961  36.390 0.1000000015
16115  36.716  -69.839  36.334 0.1000000015
17107  36.521  -69.388  35.892 0.1000000015
18080  35.182  -68.702  35.759 0.1000000015
18095  35.689  -68.489  35.117 0.1000000015
19104  34.957  -68.031  34.743 0.1000000015
20118  34.038  -66.562  34.033 0.1000000015
19136  35.184  -67.325  33.353 0.1000000015
20136  33.819  -65.935  33.693 0.2000000030
21146  33.929  -65.586  33.050 0.2000000030
20135  34.522  -66.468  33.125 0.2000000030
21189  33.846  -65.098  31.422 0.3000000119
22251  33.610  -64.123  31.677 0.2000000030
21204  33.834  -65.265  30.405 0.3000000119
21216  33.768  -65.288  29.464 0.4000000060
23367  33.619  -63.902  30.100 0.3000000119
23381  33.692  -63.949  29.463 0.4000000060
21238  40.169  -65.438  26.349 0.5000000000
21239  39.088  -65.433  26.344 0.5000000000
20221  38.675  -66.446  26.243 0.5000000000
22296  33.969  -64.603  28.224 0.5000000000
22307  39.535  -64.379  26.319 0.5000000000
23392  38.813  -63.363  26.473 0.5000000000
22308  38.417  -64.455  26.288 0.5000000000
22312  34.881  -65.002  26.831 0.5000000000
22300  34.466  -64.692  27.404 0.5000000000
23393  37.707  -63.620  26.469 0.5000000000
21240  38.031  -65.495  26.153 0.6000000238
20222  37.619  -66.505  26.008 0.5000000000
20223  36.511  -66.607  26.077 0.5000000000
12430  42.897  -74.764  24.580 0.4000000060
12417  43.684  -74.402  25.920 0.4000000060
12401  43.672  -74.158  26.604 0.4000000060
17082  33.117  -68.963  37.857 0.1000000015
17081  33.786  -69.390  37.483 0.1000000015
18064  33.271  -68.380  37.170 0.1000000015
16116  36.046  -69.605  36.270 0.1000000015
18063  34.008  -68.744  36.841 0.1000000015
18082  33.675  -68.189  36.481 0.1000000015
17079  35.485  -69.451  36.416 0.1000000015
18081  34.466  -68.474  36.103 0.1000000015
19089  33.722  -67.822  35.888 0.1000000015
19105  34.242  -67.764  35.157 0.1000000015
19121  33.925  -66.970  34.654 0.1000000015
20119  33.431  -66.085  34.623 0.2000000030
21147  33.491  -64.897  33.799 0.2000000030
22210  33.441  -63.871  33.866 0.2000000030
22228  33.568  -63.844  32.858 0.2000000030
23334  42.191  -63.749  31.034 0.2000000030
23312  33.816  -62.952  31.819 0.2000000030
24396  41.070  -62.675  30.304 0.2000000030
23362  40.274  -63.203  30.308 0.2000000030
23363  39.427  -63.333  30.068 0.2000000030
23364  38.567  -63.395  29.905 0.2000000030
23340  33.719  -63.521  30.790 0.2000000030
24397  39.878  -62.422  29.795 0.2000000030
24398  38.931  -62.734  29.474 0.2000000030
24399  38.002  -62.996  29.486 0.2000000030
23365  38.178  -63.337  29.850 0.3000000119
24400  37.015  -63.002  29.329 0.2000000030
25421  39.370  -61.339  28.460 0.2000000030
24420  38.549  -62.075  28.699 0.3000000119
24421  37.587  -62.511  28.549 0.4000000060
24422  36.596  -62.846  28.497 0.4000000060
24423  35.495  -62.943  28.561 0.5000000000
24424  34.619  -63.102  28.955 0.4000000060
23386  34.334  -63.976  27.905 0.5000000000
24448  39.187  -62.107  26.821 0.5000000000
24439  38.416  -61.957  27.630 0.4000000060
24440  37.277  -62.653  27.626 0.4000000060
24450  36.968  -63.046  26.831 0.5000000000
24441  36.223  -63.057  27.577 0.5000000000
24449  38.009  -62.686  26.881 0.5000000000
22309  37.383  -64.604  26.272 0.5000000000
21241  36.983  -65.594  26.140 0.5000000000
22311  35.530  -64.790  26.594 0.5000000000
19056  31.802  -67.453  39.027 0.1000000015
18052  32.167  -67.879  38.570 0.1000000015
20079  31.721  -66.431  38.207 0.1000000015
19077  32.699  -67.683  37.244 0.1000000015
19091  32.448  -67.063  37.018 0.1000000015
20090  32.137  -66.185  37.237 0.1000000015
20103  32.719  -66.116  35.836 0.1000000015
19106  33.436  -67.066  35.387 0.1000000015
21125  32.907  -65.057  35.096 0.2000000030
22187  33.150  -64.038  34.739 0.2000000030
22271  41.834  -64.346  31.450 0.1000000015
23336  40.034  -63.873  30.616 0.2000000030
23337  38.955  -63.933  30.712 0.2000000030
23311  34.180  -62.672  31.381 0.2000000030
22246  42.637  -65.033  31.982 0.1000000015
22272  40.737  -64.256  31.312 0.1000000015
22273  39.786  -64.189  31.165 0.1000000015
24368  37.364  -63.208  29.989 0.1000000015
23366  34.034  -63.248  29.749 0.3000000119
23339  34.270  -62.758  30.796 0.2000000030
24342  37.372  -63.018  30.804 0.1000000015
24369  36.649  -62.808  30.212 0.1000000015
24401  36.057  -62.760  29.444 0.3000000119
24402  34.932  -62.562  29.712 0.2000000030
24451  36.304  -63.464  26.888 0.5000000000
23384  35.690  -63.580  27.143 0.5000000000
24442  35.378  -63.252  27.711 0.5000000000
22299  35.014  -64.455  26.963 0.5000000000
23394  36.776  -63.872  26.498 0.5000000000
22310  36.431  -64.747  26.365 0.5000000000
23396  35.423  -64.119  26.911 0.5000000000
18041  31.638  -67.492  39.943 0.1000000015
20062  31.577  -66.283  39.561 0.1000000015
21073  31.646  -65.796  39.309 0.1000000015
20072  31.612  -66.490  38.872 0.1000000015
21088  31.637  -65.962  38.380 0.1000000015
21080  31.827  -65.181  39.060 0.1000000015
21106  32.405  -65.366  36.587 0.1000000015
22133  32.325  -64.649  37.865 0.1000000015
22166  32.603  -64.715  36.375 0.1000000015
22165  32.873  -64.186  36.005 0.2000000030
23252  33.535  -63.387  34.393 0.2000000030
23273  33.605  -63.219  33.589 0.2000000030
23294  33.682  -63.004  32.837 0.2000000030
24327  34.025  -62.531  32.634 0.2000000030
24346  34.182  -62.492  32.098 0.2000000030
21187  42.106  -65.164  32.732 0.1000000015
22247  41.544  -64.827  32.296 0.1000000015
22249  39.545  -64.136  31.590 0.1000000015
22250  39.121  -64.013  31.334 0.1000000015
23310  38.130  -63.449  31.167 0.1000000015
24344  35.370  -62.140  31.321 0.1000000015
24345  34.502  -62.387  31.561 0.2000000030
23293  38.308  -63.320  31.839 0.1000000015
24371  34.903  -62.310  30.713 0.2000000030
21058  32.658  -65.266  40.657 0.1000000015
21072  31.971  -65.316  39.752 0.1000000015
22075  34.084  -64.770  40.860 0.1000000015
22110  32.415  -64.844  39.594 0.1000000015
22091  33.745  -64.446  39.967 0.1000000015
23167  33.580  -64.248  39.288 0.1000000015
23207  32.776  -64.043  38.103 0.1000000015
22120  32.433  -64.526  38.742 0.1000000015
22150  32.621  -64.320  37.022 0.1000000015
23220  33.387  -63.671  36.911 0.1000000015
23219  34.600  -63.357  36.796 0.1000000015
23235  33.773  -63.263  35.528 0.1000000015
24286  33.994  -62.718  34.250 0.2000000030
24306  33.887  -62.679  33.335 0.2000000030
24285  34.848  -62.294  34.350 0.2000000030
24305  34.496  -62.202  33.338 0.2000000030
25312  35.420  -61.828  33.080 0.1000000015
24326  34.514  -62.232  32.409 0.2000000030
21143  43.721  -65.479  33.987 0.1000000015
22207  41.710  -64.721  34.215 0.1000000015
22224  41.452  -64.778  33.286 0.1000000015
22226  39.686  -64.024  32.394 0.1000000015
25356  35.049  -61.963  32.071 0.2000000030
22208  40.838  -64.330  33.888 0.1000000015
22209  40.038  -63.973  33.409 0.1000000015
22227  39.173  -63.888  31.816 0.1000000015
24324  37.614  -62.805  31.972 0.1000000015
24343  36.423  -62.382  31.376 0.1000000015
23146  35.004  -63.397  40.723 0.1000000015
23166  34.074  -64.150  39.429 0.1000000015
23206  33.507  -63.755  37.981 0.1000000015
23234  34.956  -63.010  35.907 0.2000000030
23233  35.970  -63.152  35.866 0.1000000015
24273  34.534  -62.734  35.050 0.1000000015
24272  35.368  -62.626  35.152 0.2000000030
24271  36.275  -62.761  35.117 0.1000000015
24284  35.799  -62.218  34.405 0.2000000030
22161  41.248  -64.515  35.880 0.1000000015
22162  40.248  -64.524  35.805 0.1000000015
22186  39.034  -63.806  34.853 0.1000000015
23250  37.748  -63.122  34.624 0.1000000015
24283  36.890  -62.550  34.420 0.1000000015
21123  43.007  -65.180  34.591 0.1000000015
22183  42.130  -64.750  35.080 0.1000000015
22185  39.893  -64.076  34.622 0.1000000015
23248  39.190  -63.620  34.251 0.1000000015
23272  38.081  -62.912  33.797 0.1000000015
24302  37.345  -62.487  33.273 0.1000000015
25333  36.024  -61.895  32.532 0.1000000015
23270  39.518  -63.672  33.774 0.1000000015
23271  38.858  -63.320  33.497 0.1000000015
24301  38.227  -62.908  32.844 0.1000000015
25354  36.215  -62.076  32.062 0.1000000015
23165  35.122  -63.514  39.661 0.1000000015
23186  35.291  -63.575  38.607 0.1000000015
23205  34.417  -63.618  37.791 0.1000000015
23204  35.520  -63.652  37.683 0.1000000015
23218  35.734  -63.539  36.732 0.1000000015
23200  39.584  -63.974  37.749 0.1000000015
22130  39.125  -64.357  37.363 0.1000000015
22131  38.220  -64.177  37.453 0.1000000015
22148  37.549  -64.098  37.026 0.1000000015
23217  36.720  -63.732  36.514 0.1000000015
23198  41.218  -64.027  37.188 0.1000000015
23199  40.470  -63.994  37.501 0.1000000015
22146  39.621  -64.531  36.647 0.1000000015
23216  37.574  -63.852  36.212 0.1000000015
23232  36.845  -63.362  35.589 0.1000000015
22144  41.317  -64.522  36.541 0.1000000015
22145  40.597  -64.639  36.644 0.1000000015
22164  38.248  -63.919  35.872 0.1000000015
23231  37.652  -63.527  35.433 0.1000000015
23251  37.177  -63.101  35.038 0.1000000015
23185  36.321  -63.467  38.445 0.1000000015
23184  37.366  -63.420  38.315 0.1000000015
23203  36.808  -63.889  37.581 0.1000000015
24247  40.905  -63.567  37.306 0.1000000015
23201  38.715  -64.045  37.936 0.1000000015
23202  37.828  -64.021  37.965 0.1000000015
18169  37.073  -68.635  29.837 0.4000000060
18170  36.497  -68.433  29.681 0.4000000060
19181  35.643  -67.673  30.264 0.4000000060
17148  38.530  -69.074  34.676 0.1000000015
19119  35.533  -67.967  34.054 0.1000000015
19151  37.425  -68.235  31.790 0.2000000030
20180  34.660  -66.782  30.234 0.4000000060
15112  37.239  -71.100  37.056 0.1000000015
20134  35.290  -67.125  32.486 0.2000000030
20151  35.309  -67.138  31.565 0.2000000030
20166  34.812  -66.761  31.124 0.3000000119
22290  33.638  -64.570  29.864 0.3000000119
20220  39.742  -66.426  26.399 0.5000000000
15113  36.343  -70.924  37.154 0.1000000015
17108  35.757  -69.113  35.888 0.1000000015
18096  34.881  -68.343  35.368 0.1000000015
17109  35.140  -69.008  36.232 0.1000000015
19120  34.634  -67.288  34.164 0.1000000015
22275  33.640  -64.424  30.712 0.3000000119
23380  34.033  -63.732  28.724 0.4000000060
22306  40.613  -64.481  26.149 0.5000000000
18065  32.653  -68.234  37.869 0.1000000015
19090  32.999  -67.404  36.416 0.1000000015
23335  41.115  -63.608  30.729 0.2000000030
24366  41.676  -63.149  30.652 0.2000000030
23338  38.033  -63.458  30.235 0.1000000015
24419  39.229  -61.945  29.209 0.2000000030
25422  38.787  -61.562  27.987 0.5000000000
25401  39.823  -61.583  29.276 0.2000000030
23379  34.725  -63.340  28.139 0.5000000000
25450  39.485  -61.610  26.975 0.5000000000
24438  38.939  -61.798  27.288 0.5000000000
19070  31.655  -67.039  38.984 0.1000000015
19069  31.777  -67.069  38.541 0.1000000015
19078  32.174  -67.259  37.780 0.1000000015
20089  32.530  -66.583  36.596 0.1000000015
21096  32.203  -65.161  37.348 0.1000000015
21105  32.616  -65.069  35.947 0.2000000030
22248  40.286  -64.398  31.882 0.1000000015
20049  31.632  -66.291  40.212 0.1000000015
21059  32.208  -65.491  40.461 0.1000000015
21087  31.830  -65.424  38.151 0.1000000015
21164  43.237  -65.574  33.245 0.1000000015
21145  42.142  -65.051  33.634 0.1000000015
22225  40.625  -64.429  32.819 0.1000000015
24323  38.245  -63.122  32.245 0.1000000015
24370  35.715  -62.422  30.432 0.1000000015
22092  32.958  -64.900  40.396 0.1000000015
22076  33.462  -65.137  40.990 0.1000000015
23131  34.626  -64.058  41.007 0.1000000015
23147  34.460  -64.090  40.252 0.1000000015
22109  33.127  -64.390  39.428 0.1000000015
23189  32.873  -64.182  38.650 0.1000000015
23188  33.401  -64.100  38.806 0.1000000015
23221  32.994  -63.821  37.505 0.1000000015
22149  32.879  -63.971  36.634 0.1000000015
24304  35.253  -61.932  33.663 0.2000000030
24303  36.181  -61.957  33.363 0.1000000015
21144  42.837  -65.303  33.842 0.1000000015
23292  38.825  -63.495  32.385 0.1000000015
23187  34.319  -63.854  38.699 0.1000000015
22160  42.036  -64.568  35.865 0.1000000015
22184  41.064  -64.372  34.985 0.1000000015
22163  39.124  -64.198  35.694 0.1000000015
23230  38.394  -63.668  35.171 0.1000000015
23249  38.562  -63.382  34.388 0.1000000015
24282  37.544  -62.693  34.056 0.1000000015
24325  36.648  -62.219  32.422 0.1000000015
22129  40.080  -64.475  37.284 0.1000000015
24248  39.834  -63.061  37.840 0.1000000015
22147  38.492  -64.228  36.658 0.1000000015
22128  40.922  -64.491  37.163 0.1000000015
23183  38.342  -63.500  38.249 0.1000000015
24232  37.967  -62.800  38.517 0.1000000015
24259  40.812  -62.733  36.897 0.1000000015
23182  39.147  -63.483  38.135 0.1000000015
15238  41.445  -71.983  30.749 0.1000000015
15239  40.373  -71.756  30.135 0.1000000015
16206  39.581  -70.713  29.911 0.1000000015
16207  38.985  -70.388  29.613 0.1000000015
16193  40.667  -70.383  31.122 0.1000000015
17207  39.562  -69.815  30.833 0.1000000015
14260  40.238  -72.939  29.809 0.2000000030
15246  39.918  -72.235  29.622 0.1000000015
15247  39.441  -71.550  29.315 0.1000000015
17222  38.274  -69.698  29.588 0.1000000015
13273  40.684  -74.086  29.968 0.2000000030
15248  38.827  -70.975  29.097 0.2000000030
17234  37.769  -69.854  28.989 0.3000000119
16212  38.318  -70.498  28.918 0.3000000119
14271  39.347  -72.470  28.614 0.2000000030
15253  39.117  -71.889  28.648 0.2000000030
12362  40.100  -74.307  28.842 0.2000000030
15254  38.688  -71.431  28.442 0.2000000030
13285  39.707  -73.659  28.448 0.2000000030
9667  40.307  -77.323  27.690 0.1000000015
12361  40.365  -75.043  29.243 0.2000000030
14261  39.737  -72.771  29.198 0.2000000030
13274  40.123  -73.797  29.251 0.2000000030
16213  37.700  -70.312  28.450 0.3000000119
11466  40.481  -75.996  28.599 0.1000000015
14272  39.053  -72.131  28.211 0.2000000030
10548  40.428  -76.871  28.801 0.1000000015
16224  37.510  -70.572  27.595 0.4000000060
12374  40.324  -75.332  28.644 0.2000000030
12375  40.132  -74.757  28.457 0.2000000030
9680  40.504  -77.119  27.249 0.1000000015
10567  40.574  -76.782  27.883 0.1000000015
14283  39.330  -72.814  27.812 0.2000000030
14284  38.874  -72.068  27.580 0.2000000030
15262  38.205  -71.275  27.446 0.4000000060
11479  40.584  -75.739  27.687 0.1000000015
14298  38.729  -71.887  26.933 0.4000000060
16225  36.990  -70.190  27.190 0.4000000060
12387  39.935  -74.435  27.894 0.3000000119
13298  39.788  -73.763  27.388 0.3000000119
11480  40.195  -75.064  27.910 0.2000000030
12386  40.344  -74.753  27.359 0.4000000060
15274  38.338  -71.314  26.542 0.4000000060
17264  37.290  -69.609  25.927 0.4000000060
13297  40.290  -74.108  26.918 0.4000000060
22269  43.908  -64.591  31.355 0.1000000015
22270  42.896  -64.470  31.452 0.1000000015
16239  37.515  -70.445  26.472 0.4000000060
15273  38.923  -71.896  26.523 0.4000000060
16238  38.177  -70.902  26.155 0.5000000000
14296  40.244  -72.945  26.202 0.4000000060
14297  39.494  -72.729  26.703 0.4000000060
14309  39.996  -72.410  26.047 0.4000000060
23333  43.201  -63.827  31.013 0.1000000015
23332  44.204  -63.868  30.922 0.1000000015
16255  37.787  -70.029  25.763 0.4000000060
16254  38.495  -70.585  25.773 0.5000000000
17277  38.233  -69.676  25.568 0.5000000000
24365  42.562  -63.116  30.709 0.1000000015
24395  41.998  -62.593  30.423 0.1000000015
25398  43.132  -61.802  29.601 0.1000000015
24394  42.829  -62.453  30.231 0.1000000015
25400  40.679  -61.661  29.646 0.1000000015
16201  40.138  -70.505  30.494 0.1000000015
16202  39.420  -70.149  30.252 0.1000000015
16200  40.987  -70.985  30.839 0.1000000015
17192  40.202  -69.792  31.536 0.1000000015
17193  39.212  -69.363  31.479 0.1000000015
16240  36.858  -69.978  26.848 0.4000000060
14246  41.948  -73.093  31.007 0.1000000015
16223  38.056  -70.839  28.178 0.3000000119
15275  37.805  -70.981  27.062 0.4000000060
15285  38.517  -71.142  26.064 0.4000000060
24364  43.516  -63.139  30.551 0.1000000015
25399  41.922  -61.828  29.852 0.1000000015
16192  41.373  -70.350  31.669 0.1000000015
12423  32.772  -74.146  25.560 0.1000000015
11512  32.857  -74.868  25.272 0.1000000015
11523  33.462  -75.421  24.580 0.1000000015
11513  32.379  -74.590  25.196 0.1000000015
12434  33.741  -74.584  24.799 0.1000000015
12424  31.883  -74.084  25.289 0.1000000015
12435  31.282  -74.379  24.969 0.1000000015
11526  30.483  -75.082  24.049 0.1000000015
11525  31.891  -75.216  24.598 0.1000000015
5025  31.356  -83.093  30.024 0.1000000015
10571  29.658  -76.803  27.440 0.1000000015
10594  28.745  -76.207  25.607 0.1000000015
12422  33.564  -74.233  25.432 0.1000000015
11500  29.247  -75.389  25.999 0.1000000015
12426  29.741  -74.674  25.248 0.1000000015
12433  34.114  -74.045  25.132 0.1000000015
12437  29.763  -74.888  24.529 0.1000000015
12447  33.728  -74.851  24.013 0.1000000015
5675  31.689  -83.288  31.566 0.1000000015
5717  32.099  -82.708  28.950 0.1000000015
6363  32.250  -82.573  32.110 0.1000000015
6381  32.007  -83.123  31.798 0.1000000015
5012  31.361  -83.511  31.141 0.1000000015
5687  32.002  -83.208  30.882 0.1000000015
5730  32.773  -82.625  27.488 0.1000000015
8005  30.597  -79.775  27.752 0.1000000015
9671  29.952  -77.859  27.819 0.1000000015
13332  34.294  -73.689  25.767 0.1000000015
12446  34.246  -74.056  24.191 0.1000000015
12461  33.962  -74.362  23.053 0.1000000015
5699  32.170  -82.743  30.033 0.1000000015
5698  32.832  -82.453  29.429 0.1000000015
6362  32.870  -82.589  32.728 0.1000000015
5659  32.295  -83.106  31.871 0.1000000015
5686  32.709  -82.682  30.600 0.1000000015
5685  33.438  -82.150  29.967 0.1000000015
5716  32.976  -82.514  28.292 0.1000000015
6422  33.899  -81.768  28.177 0.1000000015
7170  32.343  -80.484  28.272 0.1000000015
6424  31.874  -81.098  27.835 0.1000000015
8004  31.200  -80.146  27.992 0.1000000015
8811  30.960  -78.633  28.554 0.1000000015
9670  30.525  -77.970  28.321 0.1000000015
12407  30.188  -74.172  26.496 0.1000000015
13333  33.400  -73.593  26.085 0.1000000015
13334  32.462  -73.428  25.969 0.1000000015
13321  30.709  -73.566  26.386 0.1000000015
12425  30.681  -73.945  25.565 0.1000000015
6408  34.680  -81.270  29.663 0.1000000015
6354  33.203  -82.298  33.324 0.1000000015
5658  32.899  -83.077  32.270 0.1000000015
5674  32.481  -83.043  31.532 0.1000000015
6395  34.122  -81.727  30.373 0.1000000015
6421  34.397  -81.333  28.871 0.1000000015
7158  33.861  -80.173  29.036 0.1000000015
7993  32.634  -79.420  28.865 0.1000000015
8792  31.994  -78.001  29.360 0.1000000015
5643  33.240  -82.737  32.892 0.1000000015
5657  33.598  -82.697  32.533 0.1000000015
5673  33.452  -82.519  31.369 0.1000000015
7994  31.479  -79.596  28.401 0.1000000015
8810  31.829  -78.514  28.991 0.1000000015
11470  30.615  -75.852  28.546 0.1000000015
10570  30.407  -76.954  28.255 0.1000000015
12378  30.355  -75.023  28.171 0.1000000015
11483  30.067  -75.824  27.815 0.1000000015
12390  30.060  -74.707  27.359 0.1000000015
14288  31.569  -72.508  27.792 0.1000000015
13303  30.482  -73.724  27.132 0.1000000015
11484  29.578  -75.693  26.968 0.1000000015
13318  33.123  -72.738  26.850 0.1000000015
13319  31.994  -72.836  26.435 0.1000000015
13320  31.253  -73.183  26.404 0.1000000015
13317  34.173  -73.270  26.822 0.1000000015
13352  34.854  -73.510  24.116 0.1000000015
13345  34.701  -73.652  24.902 0.1000000015
13344  35.507  -73.482  24.623 0.1000000015
13331  35.340  -73.506  25.589 0.1000000015
6353  33.495  -82.134  33.994 0.1000000015
5642  33.667  -82.563  33.476 0.1000000015
5656  34.278  -82.237  32.867 0.1000000015
6380  34.263  -81.858  31.280 0.1000000015
6394  34.982  -81.289  30.737 0.1000000015
7157  34.407  -80.582  29.179 0.1000000015
7992  33.434  -79.833  29.047 0.1000000015
8791  32.643  -78.369  29.467 0.1000000015
9635  32.432  -77.372  29.843 0.1000000015
10552  31.655  -76.952  29.389 0.1000000015
10553  31.124  -76.727  28.972 0.1000000015
10536  31.507  -76.365  29.437 0.1000000015
11452  31.666  -75.761  29.789 0.1000000015
11453  31.117  -75.740  29.197 0.1000000015
13289  31.232  -73.326  28.877 0.1000000015
13278  31.061  -74.137  29.003 0.1000000015
13301  34.091  -72.646  27.892 0.1000000015
13302  33.401  -72.418  27.584 0.1000000015
14299  32.953  -72.243  27.557 0.1000000015
14277  31.650  -72.524  28.646 0.1000000015
14289  30.929  -73.112  27.523 0.1000000015
14300  32.247  -72.407  27.255 0.1000000015
13300  34.997  -73.428  27.704 0.1000000015
13316  35.157  -73.522  26.615 0.1000000015
12420  36.889  -73.864  25.376 0.1000000015
6339  33.580  -81.993  35.319 0.1000000015
6347  33.518  -81.906  34.620 0.1000000015
5641  34.187  -82.347  33.911 0.1000000015
7141  35.065  -80.559  30.085 0.1000000015
5634  33.797  -82.305  34.450 0.1000000015
6378  35.186  -81.055  31.767 0.1000000015
7140  35.530  -80.430  30.972 0.1000000015
7976  34.609  -79.978  29.907 0.1000000015
7964  34.291  -79.368  30.241 0.1000000015
8777  33.564  -78.413  30.236 0.1000000015
7963  35.082  -79.661  30.660 0.1000000015
8769  34.078  -78.281  31.065 0.1000000015
10511  32.981  -76.810  30.785 0.1000000015
10535  32.033  -76.664  29.806 0.1000000015
11433  32.061  -75.721  30.222 0.1000000015
10492  32.623  -75.845  30.804 0.1000000015
12349  31.840  -74.842  30.198 0.1000000015
13277  31.550  -73.796  29.674 0.1000000015
14265  31.752  -72.810  29.439 0.1000000015
14286  33.415  -72.116  28.126 0.1000000015
14276  32.289  -72.147  29.196 0.1000000015
13288  34.491  -72.600  28.530 0.1000000015
14274  34.197  -72.251  28.687 0.1000000015
13287  34.988  -72.977  28.643 0.1000000015
13315  36.140  -73.666  26.332 0.1000000015
13330  36.304  -73.643  25.279 0.1000000015
7104  35.193  -80.643  32.769 0.1000000015
7930  36.115  -79.757  32.491 0.1000000015
6327  33.508  -82.051  36.470 0.1000000015
5627  33.916  -82.260  34.942 0.1000000015
5633  34.091  -82.265  34.694 0.1000000015
6346  34.464  -81.880  34.311 0.1000000015
6361  34.716  -81.416  32.690 0.1000000015
7125  35.536  -80.560  31.828 0.1000000015
7950  35.835  -79.753  31.629 0.1000000015
8767  35.611  -79.155  31.826 0.1000000015
6360  35.083  -81.058  32.154 0.1000000015
6393  35.284  -81.013  31.388 0.1000000015
9605  34.213  -77.861  31.626 0.1000000015
10476  33.490  -76.381  31.924 0.1000000015
8776  34.386  -78.915  30.733 0.1000000015
11416  32.671  -75.339  31.132 0.1000000015
12348  32.341  -74.599  30.880 0.1000000015
13265  32.081  -73.763  30.500 0.1000000015
15251  32.831  -71.873  29.838 0.1000000015
14253  31.996  -73.057  30.092 0.1000000015
15249  34.065  -71.911  29.253 0.1000000015
15256  33.472  -71.842  28.784 0.1000000015
15257  32.924  -71.754  29.046 0.1000000015
14263  34.636  -72.205  29.391 0.1000000015
7896  34.856  -80.274  34.524 0.1000000015
6326  34.294  -81.488  36.472 0.1000000015
7069  34.628  -81.007  35.486 0.1000000015
7913  35.111  -80.126  33.813 0.1000000015
7093  35.160  -80.461  33.217 0.1000000015
7911  36.901  -79.516  33.179 0.1000000015
6338  34.202  -82.019  35.302 0.1000000015
7081  34.646  -81.301  34.681 0.1000000015
7094  34.828  -80.847  33.670 0.1000000015
8757  36.469  -78.845  32.295 0.1000000015
9588  35.705  -78.078  32.607 0.1000000015
8758  35.478  -78.572  32.170 0.1000000015
10475  34.101  -76.562  32.567 0.1000000015
11415  33.079  -75.420  31.818 0.1000000015
12329  32.762  -74.546  31.561 0.1000000015
14238  32.921  -73.103  31.489 0.1000000015
14252  32.560  -72.742  30.778 0.1000000015
15243  33.455  -72.014  30.718 0.1000000015
14250  35.123  -72.229  29.878 0.1000000015
15250  33.553  -71.785  29.648 0.1000000015
13276  35.716  -73.134  29.386 0.1000000015
13275  36.415  -73.671  29.612 0.1000000015
7052  34.549  -80.627  36.238 0.1000000015
7895  35.466  -79.518  33.946 0.1000000015
7894  36.567  -79.291  33.773 0.1000000015
8756  37.418  -78.845  32.770 0.1000000015
8745  37.096  -78.363  32.974 0.1000000015
9573  36.303  -77.786  33.168 0.1000000015
9574  35.406  -77.403  33.051 0.1000000015
11397  34.216  -75.993  33.028 0.1000000015
11398  33.733  -75.451  32.677 0.1000000015
13226  33.833  -73.750  32.904 0.1000000015
12328  33.247  -74.535  32.255 0.1000000015
15217  34.006  -72.556  32.422 0.1000000015
13247  33.025  -73.736  31.879 0.1000000015
15232  34.583  -71.946  31.501 0.1000000015
15233  33.828  -72.281  31.769 0.1000000015
15231  35.728  -72.099  31.327 0.1000000015
15241  35.434  -72.190  30.437 0.1000000015
15242  34.575  -71.918  30.270 0.1000000015
14248  36.323  -72.868  30.448 0.1000000015
12347  36.986  -74.069  29.914 0.1000000015
12363  37.523  -75.271  29.047 0.1000000015
7878  34.710  -79.816  35.518 0.1000000015
7910  37.599  -79.138  33.186 0.1000000015
8744  37.610  -78.460  33.277 0.1000000015
7863  34.503  -79.816  36.522 0.1000000015
11381  35.022  -76.068  33.738 0.1000000015
11382  34.477  -75.357  33.517 0.1000000015
12292  34.126  -74.486  33.349 0.1000000015
14185  34.126  -73.566  33.177 0.1000000015
15215  35.429  -72.070  32.532 0.1000000015
15216  34.535  -72.204  32.335 0.1000000015
14235  36.756  -72.691  31.185 0.1000000015
13262  36.909  -73.552  30.393 0.1000000015
12345  38.687  -75.326  30.606 0.1000000015
10510  39.211  -76.682  29.944 0.1000000015
8693  34.622  -78.856  36.016 0.1000000015
8709  35.669  -78.465  34.939 0.1000000015
8727  37.264  -78.829  34.460 0.1000000015
8726  38.106  -78.487  34.609 0.1000000015
9571  37.893  -78.044  33.726 0.1000000015
8728  36.142  -78.859  34.346 0.1000000015
7893  37.600  -79.207  33.829 0.1000000015
10466  36.477  -77.093  33.822 0.1000000015
10467  35.636  -76.715  33.675 0.1000000015
10460  36.175  -76.421  34.190 0.1000000015
12272  34.886  -74.181  34.191 0.1000000015
14157  35.273  -72.936  34.057 0.1000000015
14211  34.918  -72.235  32.815 0.1000000015
13202  42.268  -74.272  33.184 0.1000000015
13222  41.542  -74.554  32.954 0.1000000015
14207  39.792  -73.689  32.566 0.1000000015
14179  39.105  -72.752  32.833 0.1000000015
14180  38.039  -72.490  32.665 0.1000000015
15198  36.247  -72.059  33.277 0.1000000015
13223  40.680  -74.531  32.589 0.1000000015
15214  36.556  -72.173  32.307 0.1000000015
12306  42.306  -75.094  32.882 0.1000000015
11395  41.725  -75.741  32.313 0.1000000015
12308  40.527  -75.153  32.311 0.1000000015
13242  39.318  -74.640  31.762 0.1000000015
14234  37.693  -73.194  31.465 0.1000000015
14210  36.791  -72.361  31.810 0.1000000015
11394  42.631  -75.359  32.309 0.1000000015
12325  39.981  -75.384  31.828 0.1000000015
13245  37.362  -73.412  30.947 0.1000000015
11413  39.651  -76.067  31.060 0.1000000015
13261  37.512  -73.863  30.669 0.1000000015
10507  41.033  -76.564  30.658 0.1000000015
11414  39.064  -75.610  30.758 0.1000000015
10509  39.691  -76.818  30.285 0.1000000015
9531  34.661  -77.742  36.371 0.1000000015
9545  35.167  -78.079  35.534 0.1000000015
9544  36.270  -77.883  35.428 0.1000000015
8708  36.798  -78.376  34.968 0.1000000015
8707  37.854  -78.464  35.369 0.1000000015
9556  38.195  -77.901  34.366 0.1000000015
9557  37.690  -77.544  34.145 0.1000000015
10459  37.025  -76.782  34.435 0.1000000015
11371  35.470  -75.534  34.300 0.1000000015
12271  35.261  -74.451  34.478 0.1000000015
13182  35.643  -73.089  34.457 0.1000000015
15179  37.821  -71.961  33.993 0.1000000015
14182  35.811  -72.212  33.533 0.1000000015
14206  40.981  -73.745  32.949 0.1000000015
15196  38.423  -72.217  33.359 0.1000000015
15197  37.321  -72.141  33.100 0.1000000015
14205  41.681  -73.910  33.148 0.1000000015
12323  42.628  -74.987  31.624 0.1000000015
11410  42.701  -75.361  31.925 0.1000000015
10437  35.218  -76.780  36.662 0.1000000015
9529  36.900  -77.453  36.073 0.1000000015
9530  35.724  -77.327  35.982 0.1000000015
8692  38.102  -78.363  35.957 0.1000000015
9541  38.841  -77.787  35.784 0.1000000015
9543  37.335  -78.066  35.651 0.1000000015
8706  38.422  -78.258  35.274 0.1000000015
9555  38.521  -77.906  35.068 0.1000000015
10458  37.826  -77.164  34.739 0.1000000015
10450  37.515  -76.481  35.113 0.1000000015
11360  36.171  -75.294  34.915 0.1000000015
13168  36.080  -73.561  34.945 0.1000000015
12256  35.783  -74.582  34.874 0.1000000015
14154  38.266  -72.256  34.745 0.1000000015
14132  37.773  -72.740  35.333 0.1000000015
14133  36.856  -72.828  35.079 0.1000000015
14177  41.815  -72.987  33.501 0.1000000015
15194  40.512  -72.351  33.696 0.1000000015
15178  38.789  -72.005  34.102 0.1000000015
14156  36.087  -72.429  34.235 0.1000000015
13200  43.934  -73.510  33.246 0.1000000015
12304  43.800  -73.979  32.685 0.1000000015
12289  43.184  -74.446  33.019 0.1000000015
10435  37.480  -77.040  36.804 0.1000000015
9528  37.962  -77.894  36.348 0.1000000015
9540  39.098  -77.370  35.967 0.1000000015
10449  38.112  -76.729  35.374 0.1000000015
11357  38.372  -76.290  35.873 0.1000000015
11358  37.778  -75.851  35.709 0.1000000015
12254  37.339  -74.882  35.805 0.1000000015
12255  36.535  -74.620  35.356 0.1000000015
13166  38.154  -73.243  35.779 0.1000000015
15155  39.088  -72.118  34.769 0.1000000015
14131  38.916  -72.685  35.577 0.1000000015
15177  39.716  -71.992  34.212 0.1000000015
13201  43.143  -74.030  33.277 0.1000000015
13240  43.813  -73.886  32.096 0.1000000015
14232  42.961  -73.117  31.475 0.1000000015
9509  38.081  -77.293  36.894 0.1000000015
9507  39.208  -77.210  36.992 0.1000000015
9527  38.694  -77.687  36.381 0.1000000015
10433  39.383  -76.712  36.801 0.1000000015
10447  39.176  -77.062  36.212 0.1000000015
11345  38.809  -76.041  36.404 0.1000000015
10448  38.808  -77.036  35.728 0.1000000015
11346  38.310  -75.690  36.163 0.1000000015
12242  38.021  -75.004  36.252 0.1000000015
13155  37.798  -74.368  36.105 0.1000000015
13167  37.342  -73.716  35.711 0.1000000015
15176  40.583  -72.028  34.360 0.1000000015
15154  39.851  -72.103  35.030 0.1000000015
14176  43.321  -73.059  33.761 0.1000000015
11344  39.379  -76.046  36.815 0.1000000015
10434  39.135  -76.613  36.380 0.1000000015
12240  39.535  -75.112  36.710 0.1000000015
12241  38.669  -75.172  36.391 0.1000000015
15227  44.476  -72.586  32.187 0.1000000015
13219  44.502  -73.413  32.865 0.1000000015
15175  41.438  -72.233  34.377 0.1000000015
15228  43.671  -72.008  31.629 0.1000000015
12222  39.787  -75.653  36.988 0.1000000015
12239  40.598  -74.563  37.057 0.1000000015
14109  40.591  -73.171  36.270 0.1000000015
13152  41.075  -73.813  36.711 0.1000000015
14108  41.562  -73.148  36.301 0.1000000015
14110  39.641  -73.213  36.186 0.1000000015
14130  40.138  -72.575  35.732 0.1000000015
15210  44.997  -72.183  32.843 0.1000000015
14174  44.812  -72.525  33.467 0.1000000015
14175  44.242  -72.798  33.757 0.1000000015
14153  41.988  -72.459  34.190 0.1000000015
15153  40.794  -72.121  35.139 0.1000000015
16191  42.767  -71.018  31.687 0.1000000015
14107  42.472  -73.064  36.389 0.1000000015
13153  40.009  -73.955  36.604 0.1000000015
14128  42.017  -72.619  35.731 0.1000000015
14151  43.700  -72.484  34.618 0.1000000015
15151  42.266  -72.344  35.113 0.1000000015
14129  41.116  -72.602  35.759 0.1000000015
14152  42.630  -72.502  34.421 0.1000000015
15152  41.609  -72.266  35.158 0.1000000015
8833  29.231  -78.981  26.591 0.1000000015
9683  29.288  -77.879  27.049 0.1000000015
10586  29.012  -76.704  26.460 0.1000000015
11511  33.321  -74.950  25.052 0.1000000015
12408  29.804  -74.506  25.972 0.1000000015
12436  30.637  -74.561  24.716 0.1000000015
10587  28.545  -77.055  25.662 0.1000000015
11514  28.946  -75.518  24.925 0.1000000015
5729  33.363  -82.309  27.870 0.1000000015
7995  30.795  -79.211  28.285 0.1000000015
8822  30.387  -78.722  28.080 0.1000000015
13335  31.538  -73.418  25.872 0.1000000015
6409  34.128  -81.790  29.244 0.1000000015
7169  33.547  -80.607  28.518 0.1000000015
6423  32.778  -81.516  27.766 0.1000000015
7168  34.233  -81.077  28.540 0.1000000015
9654  31.587  -77.567  29.200 0.1000000015
14302  30.908  -73.210  26.864 0.1000000015
12391  29.710  -74.852  26.578 0.1000000015
7977  33.839  -79.599  29.575 0.1000000015
8790  33.327  -78.897  29.620 0.1000000015
8809  32.375  -78.770  29.114 0.1000000015
5672  34.089  -82.267  32.003 0.1000000015
12366  30.791  -74.904  28.784 0.1000000015
13290  30.619  -73.930  28.177 0.1000000015
6379  34.740  -81.540  31.849 0.1000000015
8778  32.880  -77.697  29.997 0.1000000015
12365  31.301  -74.850  29.455 0.1000000015
14287  32.534  -72.011  28.251 0.1000000015
6352  34.539  -81.732  33.447 0.1000000015
7962  35.589  -79.847  31.083 0.1000000015
9606  33.498  -77.321  31.160 0.1000000015
10491  32.954  -76.220  31.149 0.1000000015
11432  32.328  -75.456  30.608 0.1000000015
13286  35.942  -73.700  28.626 0.1000000015
13299  36.017  -73.767  27.432 0.1000000015
7912  35.613  -79.943  33.282 0.1000000015
7105  34.762  -81.179  33.130 0.1000000015
8768  34.856  -78.760  31.505 0.1000000015
9589  34.760  -77.676  32.391 0.1000000015
9590  33.941  -77.203  31.983 0.1000000015
15244  32.754  -72.172  30.344 0.1000000015
14249  35.715  -72.622  30.021 0.1000000015
7929  37.156  -79.262  32.726 0.1000000015
10468  34.759  -76.560  33.182 0.1000000015
11383  33.968  -74.922  33.141 0.1000000015
14251  33.201  -72.559  31.389 0.1000000015
14237  33.420  -72.952  32.090 0.1000000015
14236  36.000  -72.440  30.682 0.1000000015
13263  36.211  -73.161  29.975 0.1000000015
12364  36.863  -74.341  29.309 0.1000000015
8729  35.085  -79.191  34.617 0.1000000015
9572  37.210  -77.752  33.639 0.1000000015
14213  33.951  -73.131  32.832 0.1000000015
14184  34.606  -73.138  33.527 0.1000000015
12346  37.859  -74.668  30.294 0.1000000015
11431  38.162  -75.484  29.712 0.1000000015
8710  34.857  -78.820  35.222 0.1000000015
8743  37.940  -78.638  33.674 0.1000000015
11372  34.872  -74.785  34.106 0.1000000015
14158  35.005  -73.317  34.014 0.1000000015
11430  38.924  -75.988  30.213 0.1000000015
12326  38.911  -75.052  31.138 0.1000000015
11429  39.542  -76.407  30.609 0.1000000015
11370  36.331  -75.960  34.626 0.1000000015
13183  35.282  -73.633  34.384 0.1000000015
14178  40.287  -72.934  33.138 0.1000000015
13225  39.206  -74.059  32.051 0.1000000015
14208  38.507  -73.265  32.072 0.1000000015
14209  37.385  -72.534  32.070 0.1000000015
15213  37.176  -72.257  32.535 0.1000000015
14181  37.470  -72.336  32.608 0.1000000015
15180  36.927  -72.008  33.878 0.1000000015
13224  39.912  -74.584  32.196 0.1000000015
12321  43.658  -74.164  32.478 0.1000000015
11396  41.161  -75.860  32.309 0.1000000015
13243  38.618  -74.113  31.521 0.1000000015
12327  38.311  -74.425  31.016 0.1000000015
12322  43.221  -74.719  32.143 0.1000000015
11412  40.830  -76.185  31.791 0.1000000015
10490  39.794  -76.570  30.767 0.1000000015
10508  40.582  -76.878  30.251 0.1000000015
10489  40.291  -76.624  30.916 0.1000000015
14155  37.278  -72.311  34.568 0.1000000015
15195  39.478  -72.307  33.512 0.1000000015
13241  43.245  -74.094  31.703 0.1000000015
11359  36.909  -75.728  35.198 0.1000000015
14230  44.400  -73.303  32.423 0.1000000015
14231  43.898  -73.227  31.813 0.1000000015
13154  38.645  -74.003  36.279 0.1000000015
15284  39.170  -71.639  25.997 0.4000000060
13313  40.702  -73.680  26.423 0.3000000119
15283  40.327  -71.783  25.779 0.4000000060
14308  40.864  -72.855  25.894 0.3000000119
9785  40.216  -77.423  19.211 0.1000000015
9770  40.511  -77.084  19.695 0.1000000015
11565  41.695  -75.722  21.383 0.2000000030
18207  42.362  -68.571  26.487 0.4000000060
13309  44.430  -73.496  26.638 0.4000000060
14293  44.259  -72.811  27.046 0.4000000060
11535  42.189  -75.265  22.976 0.2000000030
13326  43.849  -74.147  25.364 0.3000000119
17261  42.824  -70.074  26.408 0.4000000060
9798  39.709  -77.461  18.582 0.1000000015
15269  44.727  -71.720  27.229 0.4000000060
16236  43.864  -71.029  26.866 0.4000000060
18206  43.497  -69.194  26.815 0.4000000060
12443  42.760  -74.718  23.333 0.3000000119
13325  44.275  -73.743  25.612 0.3000000119
16235  44.608  -70.860  27.251 0.4000000060
19228  41.544  -67.438  26.512 0.4000000060
20219  40.828  -66.440  26.452 0.4000000060
14292  45.068  -72.563  26.773 0.4000000060
17260  44.102  -70.106  27.020 0.4000000060
18195  44.135  -68.735  27.206 0.4000000060
9797  40.474  -77.305  18.419 0.2000000030
9784  40.632  -77.108  19.003 0.2000000030
10660  41.373  -76.193  19.965 0.2000000030
12458  42.628  -74.835  22.307 0.2000000030
10644  41.254  -76.211  20.812 0.2000000030
13341  43.838  -73.900  24.703 0.3000000119
14306  44.804  -73.063  26.023 0.3000000119
9810  40.279  -77.453  17.496 0.1000000015
15261  44.987  -71.124  27.388 0.4000000060
15268  45.606  -71.645  27.059 0.4000000060
17247  44.868  -69.770  27.484 0.4000000060
19227  42.741  -67.471  26.732 0.5000000000
15260  45.384  -71.095  27.384 0.4000000060
17248  44.162  -69.444  27.143 0.4000000060
18196  43.281  -68.353  26.818 0.5000000000
20218  41.929  -66.461  26.528 0.4000000060
10673  41.141  -76.635  19.184 0.2000000030
11564  42.232  -75.336  21.018 0.2000000030
12442  43.451  -74.182  23.766 0.4000000060
12457  43.309  -74.247  22.142 0.2000000030
13340  44.250  -73.361  24.359 0.3000000119
13348  44.245  -73.278  23.392 0.4000000060
14314  44.703  -72.880  24.965 0.3000000119
20217  43.002  -66.456  26.637 0.5000000000
15259  46.070  -70.932  27.455 0.4000000060
16221  45.656  -70.424  27.720 0.4000000060
19226  43.577  -67.225  26.888 0.5000000000
11577  41.884  -75.621  20.250 0.2000000030
10689  41.306  -76.771  18.208 0.2000000030
21237  41.238  -65.501  26.278 0.4000000060
12474  42.765  -74.782  21.182 0.2000000030
14291  45.456  -71.993  26.524 0.3000000119
16220  46.517  -70.170  27.795 0.4000000060
18194  45.156  -68.742  27.672 0.4000000060
11587  42.062  -75.598  19.684 0.2000000030
13365  43.965  -73.559  22.649 0.3000000119
14319  44.685  -72.739  23.504 0.4000000060
14305  45.283  -72.266  25.735 0.3000000119
9808  41.341  -76.893  17.442 0.2000000030
10672  41.884  -75.860  19.370 0.2000000030
16234  46.687  -70.518  26.982 0.4000000060
17246  45.855  -69.577  27.989 0.4000000060
21236  42.303  -65.520  26.287 0.4000000060
26300  39.542  -61.023  27.912 0.4000000060
10743  41.146  -76.854  15.834 0.2000000030
10671  42.208  -75.628  19.190 0.2000000030
11576  42.486  -75.147  20.377 0.2000000030
13381  44.016  -73.577  21.267 0.2000000030
15280  45.842  -71.376  26.219 0.4000000060
19211  45.541  -67.874  27.584 0.5000000000
20216  44.186  -66.568  26.795 0.5000000000
9851  40.559  -76.939  15.225 0.2000000030
14313  45.151  -72.097  24.261 0.4000000060
19212  44.459  -67.751  27.185 0.5000000000
24447  40.060  -62.241  26.436 0.4000000060
25440  39.283  -61.455  27.480 0.2000000030
23391  40.140  -63.204  26.304 0.4000000060
10710  41.322  -76.842  17.812 0.2000000030
13364  44.488  -73.070  22.645 0.4000000060
22305  41.618  -64.629  25.992 0.4000000060
9826  41.364  -76.922  17.092 0.2000000030
11586  42.394  -75.336  19.468 0.2000000030
12473  43.500  -74.141  20.662 0.2000000030
10708  42.361  -75.854  17.905 0.2000000030
23390  41.057  -63.765  25.859 0.4000000060
23389  41.846  -63.931  25.659 0.4000000060
17245  46.765  -69.395  28.067 0.3000000119
20215  45.316  -66.373  26.889 0.5000000000
22304  42.668  -64.565  25.815 0.4000000060
17244  47.532  -69.321  27.619 0.3000000119
19210  46.525  -67.818  27.806 0.4000000060
15291  45.550  -71.414  24.937 0.4000000060
20214  46.348  -66.337  27.065 0.5000000000
10687  42.243  -75.703  18.816 0.2000000030
23405  40.859  -63.112  25.896 0.4000000060
21235  43.414  -65.552  26.310 0.5000000000
21234  44.645  -65.536  26.251 0.5000000000
19209  47.463  -67.735  27.716 0.4000000060
20202  45.929  -67.082  27.393 0.5000000000
20201  46.888  -67.052  27.491 0.5000000000
11496  41.803  -75.735  26.286 0.3000000119
12403  41.573  -74.726  26.632 0.3000000119
13312  41.925  -73.765  26.275 0.2000000030
14307  41.728  -72.900  26.104 0.2000000030
10590  41.328  -76.421  25.896 0.2000000030
11495  42.349  -75.339  26.085 0.3000000119
12402  42.747  -74.836  26.355 0.3000000119
13311  43.084  -73.790  26.689 0.3000000119
11508  41.720  -75.982  25.414 0.2000000030
11507  42.377  -75.345  25.442 0.2000000030
11552  41.623  -75.742  22.471 0.2000000030
9894  39.518  -76.753  12.682 0.1000000015
9914  39.391  -76.626  12.247 0.1000000015
13399  43.382  -73.229  20.048 0.1000000015
11497  41.025  -75.381  26.957 0.1000000015
12404  40.778  -74.575  26.837 0.2000000030
10583  41.343  -76.226  26.324 0.2000000030
9697  40.437  -77.166  26.680 0.1000000015
10591  40.531  -76.938  25.767 0.1000000015
9827  40.938  -77.197  16.543 0.1000000015
9876  39.831  -76.931  13.905 0.1000000015
11614  42.555  -75.249  17.871 0.1000000015
12502  42.661  -74.498  19.189 0.1000000015
13398  44.001  -73.365  20.156 0.1000000015
14344  45.329  -71.846  20.580 0.1000000015
12532  42.468  -74.907  17.652 0.1000000015
12501  43.294  -73.968  19.503 0.1000000015
13412  43.528  -73.695  19.663 0.1000000015
13413  43.062  -73.814  19.498 0.1000000015
16320  45.368  -70.969  20.449 0.1000000015
17294  45.828  -69.380  22.818 0.1000000015
17322  45.637  -69.701  21.353 0.1000000015
18245  45.605  -68.532  23.564 0.1000000015
10584  40.904  -76.450  26.755 0.2000000030
14330  44.929  -72.572  22.128 0.1000000015
17257  47.422  -69.661  26.590 0.3000000119
10741  42.195  -76.067  17.016 0.1000000015
11600  42.562  -75.258  18.547 0.1000000015
12489  42.934  -74.623  20.050 0.1000000015
13397  44.536  -72.999  20.783 0.1000000015
15299  45.589  -71.277  23.552 0.2000000030
17272  46.895  -69.698  25.601 0.3000000119
19224  48.719  -67.481  26.718 0.3000000119
20211  48.899  -66.706  26.524 0.3000000119
10825  40.223  -76.452  12.988 0.1000000015
11633  42.234  -75.744  16.388 0.1000000015
15313  45.729  -71.199  22.143 0.1000000015
16262  46.245  -70.220  25.023 0.2000000030
19244  48.456  -68.160  25.711 0.3000000119
11645  42.223  -75.268  16.264 0.1000000015
16273  45.967  -70.265  22.979 0.1000000015
18232  46.826  -68.681  24.755 0.2000000030
19253  49.052  -67.331  24.973 0.3000000119
18233  46.106  -68.103  24.310 0.1000000015
19256  46.553  -67.665  24.444 0.2000000030
20244  49.233  -66.868  24.540 0.4000000060
18258  45.520  -68.976  22.096 0.1000000015
20247  47.092  -67.153  24.485 0.3000000119
13260  41.519  -74.206  30.653 0.1000000015
12344  41.081  -75.403  30.254 0.1000000015
21233  45.846  -65.665  26.458 0.4000000060
20199  48.161  -67.172  27.207 0.3000000119
20213  47.342  -66.406  27.115 0.4000000060
21232  46.890  -65.730  26.598 0.4000000060
21251  49.293  -65.992  25.740 0.4000000060
21260  48.392  -65.077  25.406 0.4000000060
21250  49.462  -66.225  25.198 0.4000000060
20261  49.446  -66.325  24.213 0.5000000000
20246  47.868  -67.153  24.539 0.3000000119
20262  49.022  -66.583  23.978 0.5000000000
18259  44.871  -68.288  22.562 0.2000000030
18246  44.918  -67.963  23.111 0.1000000015
20263  48.315  -66.588  24.008 0.4000000060
16305  43.970  -70.452  21.564 0.1000000015
18281  44.591  -68.667  21.740 0.1000000015
19270  44.948  -67.531  23.505 0.2000000030
19269  45.680  -67.523  24.088 0.2000000030
14348  42.122  -72.841  21.241 0.1000000015
15314  43.633  -70.940  21.678 0.1000000015
19295  44.363  -67.983  22.200 0.2000000030
13385  40.870  -73.265  20.694 0.1000000015
14331  42.543  -72.200  21.689 0.1000000015
22303  43.777  -64.828  25.740 0.4000000060
21256  44.622  -64.853  25.585 0.4000000060
21254  46.509  -65.158  25.948 0.4000000060
21255  45.481  -65.056  25.766 0.4000000060
21253  47.487  -65.256  26.073 0.4000000060
22322  46.198  -64.683  25.189 0.4000000060
21259  48.905  -65.269  25.229 0.4000000060
22334  49.185  -65.023  24.449 0.4000000060
22335  48.189  -64.742  24.808 0.4000000060
21269  49.474  -65.703  23.889 0.5000000000
21271  48.730  -66.145  23.381 0.4000000060
20266  45.059  -66.588  23.690 0.3000000119
20265  46.337  -66.703  24.158 0.4000000060
21272  47.945  -66.111  23.417 0.4000000060
16287  42.203  -70.532  22.417 0.2000000030
17305  43.364  -69.685  22.027 0.2000000030
20280  44.519  -67.008  23.339 0.2000000030
15316  41.853  -71.455  22.358 0.1000000015
16286  43.169  -70.447  22.111 0.2000000030
13476  38.097  -73.195  15.449 0.1000000015
22324  44.129  -64.312  25.054 0.4000000060
22325  43.267  -64.195  25.305 0.4000000060
22323  45.157  -64.566  25.040 0.4000000060
22336  47.005  -64.419  24.556 0.4000000060
22344  49.393  -65.039  23.608 0.4000000060
22345  48.780  -64.511  23.799 0.4000000060
21290  49.393  -65.475  23.194 0.3000000119
21293  47.545  -65.642  22.864 0.4000000060
21291  49.061  -65.673  22.918 0.4000000060
20281  44.127  -66.414  22.985 0.3000000119
21275  45.096  -65.813  23.360 0.3000000119
21273  46.981  -65.950  23.626 0.4000000060
17306  42.450  -69.641  22.248 0.2000000030
19296  43.631  -67.531  21.919 0.2000000030
19283  43.828  -66.956  22.481 0.2000000030
14333  40.238  -72.291  22.066 0.2000000030
14455  38.132  -72.069  14.383 0.1000000015
14440  38.224  -72.503  14.546 0.1000000015
13460  37.886  -73.364  16.202 0.1000000015
23404  41.452  -63.203  25.559 0.3000000119
23402  43.390  -63.771  24.766 0.4000000060
23403  42.462  -63.454  25.125 0.3000000119
22338  44.764  -64.087  24.417 0.4000000060
22348  45.945  -63.806  23.590 0.4000000060
22337  45.848  -64.237  24.298 0.4000000060
22347  46.756  -63.951  23.735 0.4000000060
22346  47.793  -64.192  23.825 0.4000000060
21307  49.206  -65.243  22.637 0.4000000060
22360  49.375  -64.923  22.756 0.3000000119
22383  43.613  -64.732  21.330 0.3000000119
22364  45.227  -64.835  22.196 0.3000000119
22363  46.281  -65.050  22.185 0.3000000119
22362  47.266  -65.299  22.229 0.3000000119
21292  48.391  -65.640  22.592 0.3000000119
17307  41.459  -69.717  22.376 0.2000000030
18283  42.412  -68.620  21.668 0.2000000030
20294  42.797  -66.648  21.240 0.3000000119
20293  43.437  -66.431  22.109 0.2000000030
21296  44.577  -65.448  22.858 0.3000000119
21294  46.602  -65.441  22.955 0.3000000119
16288  41.093  -70.574  22.653 0.2000000030
18282  43.435  -68.454  21.766 0.2000000030
15317  40.679  -71.496  22.558 0.2000000030
24455  40.794  -62.332  25.806 0.3000000119
25455  41.300  -61.857  25.062 0.3000000119
24454  41.770  -62.650  25.040 0.3000000119
24453  42.242  -62.926  24.857 0.4000000060
23430  43.966  -63.308  23.585 0.3000000119
23416  43.573  -63.436  24.110 0.4000000060
23428  45.525  -63.462  23.138 0.4000000060
23429  44.611  -63.311  23.272 0.4000000060
23414  45.170  -63.742  23.787 0.4000000060
23427  46.431  -63.551  23.041 0.4000000060
23443  48.042  -63.433  22.051 0.3000000119
23425  48.457  -63.939  23.007 0.4000000060
23426  47.435  -63.655  23.022 0.4000000060
22406  46.704  -64.817  20.368 0.3000000119
22405  47.749  -65.104  20.451 0.2000000030
22404  48.406  -64.919  20.663 0.2000000030
23457  49.097  -64.204  21.477 0.2000000030
23441  49.163  -64.460  22.275 0.3000000119
23424  49.185  -64.395  22.961 0.3000000119
22381  45.944  -64.687  21.308 0.3000000119
22380  47.047  -64.991  21.377 0.2000000030
22379  48.064  -65.305  21.638 0.2000000030
22377  49.040  -64.788  22.006 0.2000000030
17327  40.837  -69.012  21.989 0.2000000030
19298  41.865  -68.222  20.992 0.3000000119
19297  42.473  -67.692  21.085 0.3000000119
21311  43.001  -65.623  21.467 0.3000000119
23444  46.929  -63.190  22.322 0.3000000119
23475  49.201  -63.997  20.507 0.2000000030
24486  47.286  -62.908  21.474 0.2000000030
21328  48.289  -65.263  19.756 0.2000000030
22403  48.847  -64.526  20.805 0.2000000030
23458  48.787  -63.558  21.140 0.2000000030
25439  39.843  -60.958  27.241 0.2000000030
14332  41.428  -72.313  22.062 0.1000000015
16289  39.949  -70.582  22.709 0.2000000030
15282  41.407  -72.004  25.902 0.3000000119
12418  43.060  -74.764  25.522 0.2000000030
13328  41.228  -73.431  26.107 0.2000000030
16248  46.439  -70.573  26.051 0.3000000119
25449  40.048  -61.370  26.639 0.3000000119
18190  48.343  -68.029  27.267 0.2000000030
16263  45.832  -70.656  24.328 0.2000000030
14365  44.064  -72.675  20.143 0.1000000015
12518  42.576  -74.905  18.274 0.1000000015
12488  43.465  -74.056  19.726 0.1000000015
14329  45.459  -71.939  21.490 0.1000000015
14364  44.687  -72.287  20.410 0.1000000015
16285  45.863  -70.417  21.570 0.1000000015
17293  46.031  -69.458  23.684 0.1000000015
14318  45.270  -71.979  22.804 0.2000000030
18205  48.131  -68.865  26.828 0.3000000119
16272  46.062  -70.021  24.114 0.2000000030
18221  47.279  -69.153  25.504 0.3000000119
20236  49.308  -66.871  26.013 0.4000000060
21231  47.891  -65.843  26.636 0.4000000060
17284  46.356  -69.521  24.579 0.3000000119
18231  47.564  -68.245  25.156 0.3000000119
19255  47.352  -67.782  24.789 0.3000000119
22321  47.225  -64.826  25.391 0.4000000060
17324  44.183  -69.525  21.626 0.2000000030
18260  43.292  -69.017  21.979 0.2000000030
22339  44.028  -63.856  24.464 0.4000000060
21310  43.701  -65.508  22.272 0.3000000119
23417  42.984  -63.297  24.498 0.4000000060
23415  44.343  -63.637  23.939 0.4000000060
22382  44.793  -64.531  21.296 0.3000000119
17326  41.799  -69.081  21.961 0.2000000030
24461  42.484  -62.693  24.336 0.4000000060
23442  48.958  -63.912  22.175 0.2000000030
22427  46.343  -64.914  19.147 0.2000000030
22426  47.341  -65.183  19.637 0.2000000030
22378  48.671  -64.979  21.603 0.2000000030
24460  43.078  -63.096  24.101 0.3000000119
25459  41.992  -61.816  23.851 0.3000000119
25456  40.791  -61.103  25.427 0.2000000030
11520  41.826  -75.760  24.677 0.1000000015
11536  41.642  -75.760  23.660 0.1000000015
11519  42.284  -75.265  24.136 0.1000000015
10630  40.468  -76.705  22.221 0.1000000015
26321  39.809  -60.888  27.611 0.1000000015
26320  40.415  -60.326  27.286 0.1000000015
26330  40.545  -60.292  26.109 0.1000000015
24462  41.757  -62.057  24.532 0.2000000030
25461  40.886  -60.596  24.695 0.1000000015
24472  43.359  -62.887  23.457 0.2000000030
26348  41.226  -60.727  23.718 0.2000000030
24473  42.581  -62.223  23.301 0.2000000030
26349  40.852  -60.209  23.595 0.2000000030
25470  41.591  -61.170  23.430 0.2000000030
24471  44.016  -63.098  23.204 0.2000000030
23446  45.081  -63.135  22.666 0.2000000030
23445  45.910  -63.218  22.444 0.2000000030
24487  46.255  -62.854  21.685 0.1000000015
26345  40.718  -60.016  24.330 0.2000000030
24490  43.123  -62.319  22.467 0.2000000030
24489  44.165  -62.782  22.535 0.2000000030
24488  45.202  -62.796  21.950 0.1000000015
24506  44.263  -62.262  21.321 0.1000000015
26299  39.966  -60.715  28.110 0.1000000015
26298  40.844  -60.474  28.335 0.1000000015
25460  41.315  -61.231  24.366 0.2000000030
25469  42.089  -61.610  23.028 0.2000000030
19316  41.737  -67.915  20.271 0.2000000030
21330  42.494  -65.777  20.443 0.2000000030
20308  42.276  -66.935  20.166 0.2000000030
18305  41.368  -68.307  20.573 0.2000000030
19335  41.918  -67.542  19.789 0.2000000030
22409  43.244  -64.581  20.263 0.2000000030
21349  42.174  -66.118  19.370 0.2000000030
22431  42.452  -65.358  19.654 0.2000000030
22408  44.277  -64.319  20.319 0.2000000030
22451  42.454  -65.348  18.827 0.1000000015
20324  42.018  -67.261  18.973 0.2000000030
22450  43.099  -64.720  18.522 0.2000000030
22428  44.949  -64.411  19.223 0.2000000030
20339  42.137  -67.296  18.083 0.1000000015
21362  42.222  -66.285  18.146 0.1000000015
22469  43.474  -65.102  17.631 0.1000000015
18354  42.123  -69.179  17.489 0.1000000015
18339  40.735  -68.558  18.161 0.1000000015
27245  40.579  -59.293  24.728 0.1000000015
21377  42.828  -65.839  16.973 0.1000000015
22449  44.186  -64.657  18.344 0.1000000015
19366  42.444  -68.428  17.482 0.1000000015
20356  42.508  -67.212  17.198 0.1000000015
17375  41.893  -69.465  17.016 0.1000000015
18371  42.741  -69.010  16.577 0.1000000015
19382  40.922  -67.908  16.799 0.1000000015
27253  40.482  -59.321  23.626 0.1000000015
28147  40.739  -58.523  25.326 0.1000000015
21327  48.805  -65.037  19.770 0.1000000015
21348  47.163  -65.338  19.046 0.1000000015
22468  44.511  -65.149  17.501 0.1000000015
21361  46.178  -65.427  18.044 0.1000000015
19380  43.039  -68.082  16.211 0.1000000015
18372  41.522  -69.007  16.360 0.1000000015
17392  43.010  -69.361  15.873 0.1000000015
28157  40.511  -58.372  24.260 0.1000000015
26363  41.218  -60.576  22.987 0.1000000015
21359  48.191  -66.170  18.104 0.1000000015
21345  49.067  -65.275  18.882 0.1000000015
21373  47.296  -66.418  17.289 0.1000000015
21360  46.960  -65.597  18.286 0.1000000015
21346  48.614  -65.607  18.958 0.1000000015
21390  45.432  -66.223  16.199 0.1000000015
21374  46.004  -65.806  17.347 0.1000000015
20385  44.088  -66.615  15.301 0.1000000015
21391  44.202  -66.039  16.002 0.1000000015
21392  43.496  -65.953  16.367 0.1000000015
21375  44.888  -65.624  16.830 0.1000000015
20399  43.872  -67.104  14.425 0.1000000015
19393  43.424  -67.824  15.296 0.1000000015
20386  43.492  -67.164  15.487 0.1000000015
18386  43.276  -68.873  15.305 0.1000000015
26364  40.725  -59.916  22.761 0.1000000015
22425  49.113  -64.486  19.654 0.1000000015
20397  46.033  -66.585  14.958 0.1000000015
20384  45.441  -66.461  15.501 0.1000000015
20398  45.003  -66.531  14.706 0.1000000015
23476  48.910  -63.541  20.181 0.1000000015
20325  41.975  -67.951  18.707 0.1000000015
19351  42.025  -68.417  18.270 0.1000000015
19379  43.252  -68.515  15.658 0.1000000015
18403  42.513  -69.241  14.991 0.1000000015
16386  35.650  -69.607  15.759 0.1000000015
17413  35.684  -69.122  14.973 0.1000000015
17412  36.495  -69.567  14.281 0.1000000015
18439  36.622  -68.697  10.919 0.1000000015
17485  36.436  -69.242  10.175 0.1000000015
16468  35.247  -71.097  8.678 0.1000000015
16369  35.657  -70.177  16.519 0.1000000015
17427  36.147  -68.915  13.819 0.1000000015
17439  36.511  -68.887  13.007 0.1000000015
17377  35.055  -69.658  17.651 0.1000000015
16346  35.027  -70.370  18.468 0.1000000015
15381  35.467  -71.211  17.945 0.1000000015
15402  36.052  -70.897  16.477 0.1000000015
16385  36.449  -70.233  15.271 0.1000000015
17395  35.064  -68.809  16.381 0.1000000015
15356  35.488  -71.190  20.230 0.1000000015
15369  36.010  -72.061  19.306 0.1000000015
17364  34.681  -69.351  18.755 0.1000000015
17378  34.794  -68.622  17.664 0.1000000015
18340  34.587  -68.108  18.557 0.1000000015
16357  35.364  -70.496  17.534 0.1000000015
15496  34.374  -71.386  8.947 0.1000000015
5004  31.323  -83.446  31.519 0.1000000015
5619  33.215  -82.261  36.844 0.1000000015
5626  34.064  -82.244  34.961 0.1000000015
5697  33.565  -82.212  28.822 0.1000000015
5715  33.542  -82.258  28.213 0.1000000015
7095  33.407  -81.878  34.185 0.1000000015
7171  31.604  -80.437  28.068 0.1000000015
7928  37.581  -79.067  32.924 0.1000000015
7951  35.435  -79.469  31.318 0.1000000015
7978  33.186  -79.228  29.302 0.1000000015
8691  38.423  -78.252  35.909 0.1000000015
8725  38.403  -78.250  34.949 0.1000000015
8755  37.693  -78.884  33.115 0.1000000015
9526  39.088  -77.352  36.342 0.1000000015
9542  37.865  -78.300  35.877 0.1000000015
9620  32.992  -77.303  30.458 0.1000000015
9621  32.622  -77.139  30.162 0.1000000015
9636  32.046  -77.486  29.532 0.1000000015
9651  40.264  -77.327  28.284 0.1000000015
9655  31.044  -77.723  28.754 0.1000000015
9796  40.901  -76.994  18.498 0.2000000030
9809  41.071  -77.067  17.679 0.2000000030
9875  40.550  -76.726  14.315 0.2000000030
9915  39.024  -76.902  12.179 0.1000000015
10438  34.588  -77.099  36.904 0.1000000015
10457  38.279  -77.398  35.079 0.1000000015
10512  32.507  -76.410  30.399 0.1000000015
10513  32.051  -76.141  30.060 0.1000000015
10533  39.402  -76.970  29.616 0.1000000015
10534  32.398  -76.889  30.046 0.1000000015
10661  40.831  -76.656  20.226 0.1000000015
10688  41.807  -76.285  18.510 0.2000000030
10709  41.619  -76.602  17.545 0.2000000030
10799  41.148  -76.408  14.390 0.2000000030
10823  41.464  -75.948  13.953 0.2000000030
10824  40.963  -76.053  13.351 0.2000000030
10847  38.929  -76.612  11.786 0.1000000015
11450  38.939  -76.609  29.480 0.1000000015
11467  40.334  -75.411  28.261 0.2000000030
11551  42.209  -75.301  21.894 0.2000000030
11632  42.415  -75.341  17.082 0.1000000015
11680  41.234  -75.455  13.608 0.1000000015
12290  42.909  -74.558  33.040 0.1000000015
12291  34.530  -74.389  33.801 0.1000000015
12305  43.344  -74.495  32.786 0.1000000015
12307  41.259  -75.327  32.558 0.1000000015
12309  33.730  -74.403  32.867 0.1000000015
12324  40.768  -75.670  32.225 0.1000000015
12416  44.118  -74.055  26.426 0.4000000060
12421  33.982  -73.968  25.473 0.1000000015
12429  43.476  -74.380  25.026 0.3000000119
12521  40.768  -74.251  17.753 0.1000000015
12533  42.041  -74.628  17.472 0.1000000015
12534  41.327  -74.464  17.220 0.1000000015
12587  39.062  -73.650  14.232 0.1000000015
12610  40.099  -74.312  13.580 0.1000000015
13169  35.550  -74.035  34.733 0.1000000015
13184  34.746  -73.727  33.938 0.1000000015
13199  44.499  -73.247  33.110 0.1000000015
13203  34.306  -73.868  33.517 0.1000000015
13204  33.963  -74.021  33.149 0.1000000015
13220  44.169  -73.694  32.831 0.1000000015
13221  43.702  -73.990  33.048 0.1000000015
13239  44.064  -73.730  32.551 0.1000000015
13244  37.928  -73.879  31.062 0.1000000015
13246  33.495  -73.722  32.499 0.1000000015
13264  32.532  -73.713  31.230 0.1000000015
13314  40.029  -73.600  26.801 0.4000000060
13327  41.443  -73.250  26.080 0.2000000030
13336  31.006  -73.456  26.006 0.1000000015
13349  43.893  -73.622  23.795 0.3000000119
13380  44.541  -73.085  21.669 0.1000000015
13541  40.113  -74.242  12.867 0.1000000015
14183  35.263  -72.398  33.381 0.1000000015
14203  44.637  -73.151  32.781 0.1000000015
14204  44.365  -73.490  32.658 0.1000000015
14212  34.514  -72.558  32.917 0.1000000015
14229  44.615  -73.129  32.571 0.1000000015
14233  38.188  -73.584  31.521 0.1000000015
14262  35.150  -72.595  29.366 0.1000000015
14264  32.332  -72.415  29.954 0.1000000015
14273  34.696  -72.515  28.916 0.1000000015
14275  33.773  -72.069  28.522 0.1000000015
14278  31.102  -73.001  28.219 0.1000000015
14285  33.872  -72.265  28.294 0.1000000015
14301  31.437  -72.786  27.004 0.1000000015
14345  45.023  -72.515  21.033 0.1000000015
14349  41.025  -72.918  21.406 0.1000000015
14353  36.628  -72.036  20.538 0.1000000015
14363  45.126  -71.707  20.343 0.1000000015
14366  43.662  -72.735  20.244 0.1000000015
14367  39.626  -73.232  20.349 0.1000000015
14370  36.910  -72.449  20.088 0.2000000030
14381  37.437  -72.876  19.349 0.1000000015
15174  41.990  -72.323  34.641 0.1000000015
15193  41.120  -72.291  33.906 0.1000000015
15199  35.675  -72.129  33.198 0.1000000015
15211  44.376  -71.699  32.288 0.1000000015
15226  44.680  -72.917  32.569 0.1000000015
15230  36.452  -72.280  31.667 0.1000000015
15240  39.924  -71.078  29.903 0.1000000015
15255  33.890  -71.968  28.792 0.1000000015
15263  37.840  -70.941  27.354 0.4000000060
15264  33.116  -71.876  28.393 0.1000000015
15265  33.004  -71.794  28.604 0.1000000015
15267  46.167  -71.159  26.953 0.3000000119
15272  42.113  -72.393  26.223 0.4000000060
15279  46.285  -70.924  26.618 0.3000000119
15315  43.075  -71.362  21.926 0.1000000015
15318  39.543  -71.467  22.504 0.2000000030
15332  45.740  -71.234  20.958 0.1000000015
15336  38.041  -71.791  21.923 0.2000000030
15337  37.403  -71.726  21.576 0.2000000030
15352  45.293  -71.241  20.445 0.1000000015
15370  35.539  -71.498  19.067 0.1000000015
15392  35.734  -71.006  17.105 0.1000000015
15430  38.305  -71.789  13.986 0.1000000015
15501  34.104  -71.784  8.848 0.1000000015
16219  47.034  -69.757  27.818 0.3000000119
16222  45.069  -70.640  27.458 0.4000000060
16233  47.122  -69.964  27.452 0.3000000119
16249  45.961  -70.851  25.343 0.3000000119
16292  37.177  -70.590  22.254 0.2000000030
16303  45.446  -70.609  20.734 0.1000000015
16306  35.854  -70.552  21.480 0.2000000030
16321  45.265  -71.018  20.430 0.1000000015
16323  34.665  -69.753  20.251 0.2000000030
16337  34.642  -69.932  19.685 0.2000000030
17258  46.896  -70.148  26.344 0.3000000119
17259  44.686  -70.363  27.324 0.4000000060
17271  47.409  -69.353  25.879 0.3000000119
17278  37.692  -69.523  25.679 0.5000000000
17304  45.890  -69.705  22.054 0.1000000015
17310  38.304  -69.966  22.572 0.3000000119
17313  35.975  -69.694  22.036 0.2000000030
17325  42.350  -69.082  22.045 0.2000000030
17329  36.053  -70.141  21.907 0.2000000030
17330  35.564  -69.783  21.595 0.2000000030
17331  35.163  -69.410  21.278 0.2000000030
17344  34.821  -69.458  20.758 0.2000000030
17363  34.887  -69.801  18.281 0.1000000015
17376  41.800  -69.497  16.690 0.1000000015
17393  42.299  -69.460  16.399 0.1000000015
17394  41.988  -69.537  16.156 0.1000000015
17396  34.731  -68.202  17.070 0.1000000015
17409  43.054  -69.371  15.210 0.1000000015
17410  42.639  -69.462  15.568 0.1000000015
17411  42.285  -69.539  15.896 0.1000000015
17424  43.003  -69.355  14.908 0.1000000015
17425  42.846  -69.421  15.087 0.1000000015
17493  35.571  -70.290  9.053 0.1000000015
18141  37.268  -68.224  32.761 0.1000000015
18151  37.779  -68.426  31.350 0.3000000119
18182  35.693  -68.253  28.561 0.5000000000
18191  47.998  -68.366  27.501 0.2000000030
18192  47.161  -68.559  28.052 0.4000000060
18193  46.169  -68.675  27.964 0.4000000060
18204  48.441  -68.178  26.979 0.2000000030
18219  48.508  -68.236  26.290 0.3000000119
18220  47.823  -68.731  25.764 0.3000000119
18224  37.786  -69.072  25.620 0.5000000000
18244  46.183  -69.045  24.173 0.1000000015
18261  42.783  -69.140  22.113 0.2000000030
18265  36.105  -69.211  22.197 0.2000000030
18280  45.279  -69.243  21.477 0.1000000015
18290  35.432  -68.855  21.646 0.2000000030
18323  40.004  -68.007  19.677 0.2000000030
18337  42.017  -68.900  18.094 0.1000000015
18355  41.435  -69.197  17.378 0.1000000015
18370  43.205  -68.895  15.936 0.1000000015
18373  41.144  -68.471  16.621 0.1000000015
18387  42.636  -69.401  15.175 0.1000000015
18388  42.211  -69.280  15.491 0.1000000015
18401  43.139  -69.062  14.785 0.1000000015
18402  42.806  -69.198  14.819 0.1000000015
18415  36.495  -68.759  12.363 0.1000000015
18425  36.885  -68.734  11.625 0.1000000015
18426  36.092  -68.661  11.817 0.1000000015
19057  31.581  -67.043  39.547 0.1000000015
19189  35.407  -67.723  29.360 0.5000000000
19207  48.472  -67.848  27.091 0.2000000030
19208  48.205  -67.625  27.303 0.3000000119
19213  43.629  -67.901  26.955 0.5000000000
19225  48.380  -67.247  27.093 0.3000000119
19242  49.336  -67.032  25.315 0.3000000119
19243  48.914  -67.634  25.723 0.3000000119
19252  49.348  -66.999  24.899 0.4000000060
19254  48.252  -67.801  25.128 0.3000000119
19282  44.352  -67.470  22.782 0.2000000030
19315  42.057  -67.505  20.343 0.2000000030
19317  39.422  -67.346  20.369 0.1000000015
19336  41.745  -68.059  19.166 0.1000000015
19337  40.090  -67.908  19.372 0.1000000015
19350  42.207  -68.830  17.886 0.1000000015
19367  42.236  -68.192  18.016 0.1000000015
19394  43.327  -67.481  15.725 0.1000000015
19407  43.321  -68.267  14.628 0.1000000015
19409  42.416  -68.764  14.785 0.1000000015
20071  31.678  -66.680  38.535 0.1000000015
20080  31.619  -66.186  38.539 0.1000000015
20104  32.428  -66.074  36.546 0.1000000015
20179  35.150  -67.332  30.040 0.4000000060
20200  47.737  -67.102  27.360 0.3000000119
20203  45.066  -67.127  27.196 0.5000000000
20205  34.622  -66.453  27.294 0.5000000000
20212  48.285  -66.718  26.976 0.3000000119
20235  49.422  -66.542  25.429 0.4000000060
20243  49.445  -66.565  24.887 0.4000000060
20245  48.663  -67.063  24.531 0.4000000060
20264  47.435  -66.575  24.098 0.4000000060
20267  44.641  -66.048  23.295 0.3000000119
20295  38.647  -66.271  21.075 0.1000000015
20309  39.412  -66.553  20.283 0.1000000015
20326  40.077  -66.232  19.255 0.1000000015
20340  42.109  -67.862  18.337 0.1000000015
20342  40.037  -66.563  19.250 0.1000000015
20357  42.288  -67.837  17.844 0.1000000015
20370  46.142  -66.605  16.026 0.1000000015
20371  43.815  -66.396  15.709 0.1000000015
20372  43.317  -66.715  16.007 0.1000000015
21060  31.707  -65.793  39.885 0.1000000015
21081  31.641  -65.828  38.713 0.1000000015
21124  42.393  -65.043  34.308 0.1000000015
21165  42.458  -65.289  33.164 0.1000000015
21166  41.920  -65.076  32.992 0.1000000015
21186  42.562  -65.300  32.631 0.1000000015
21229  49.147  -66.395  26.226 0.4000000060
21230  48.730  -66.109  26.429 0.3000000119
21243  35.144  -65.631  26.608 0.5000000000
21252  48.432  -65.421  25.940 0.4000000060
21258  49.437  -65.803  24.728 0.5000000000
21270  49.268  -66.034  23.556 0.5000000000
21274  45.908  -65.889  23.569 0.4000000060
21295  45.589  -65.328  22.922 0.3000000119
21308  48.892  -65.278  22.297 0.3000000119
21309  48.552  -65.291  22.042 0.2000000030
21312  38.664  -65.485  20.949 0.1000000015
21329  47.878  -65.313  19.731 0.2000000030
21347  47.857  -65.536  19.076 0.1000000015
21350  40.210  -65.889  19.010 0.1000000015
21376  43.871  -65.558  16.847 0.1000000015
21388  47.030  -66.707  16.682 0.1000000015
21389  46.470  -66.516  16.624 0.1000000015
21404  45.264  -66.346  15.779 0.1000000015
21405  44.896  -66.292  15.692 0.1000000015
22093  32.374  -65.104  40.066 0.1000000015
22108  33.650  -64.309  39.520 0.1000000015
22119  32.939  -64.249  38.926 0.1000000015
22127  41.346  -64.309  36.866 0.1000000015
22132  37.612  -64.062  37.537 0.1000000015
22143  41.681  -64.307  36.385 0.1000000015
22274  39.328  -64.115  31.166 0.1000000015
22297  33.703  -64.547  29.042 0.4000000060
22320  47.958  -65.010  25.560 0.4000000060
22333  49.404  -65.398  24.161 0.4000000060
22361  47.862  -65.516  22.306 0.3000000119
22365  44.295  -64.853  22.107 0.3000000119
22384  42.827  -65.014  20.820 0.2000000030
22385  38.445  -65.092  21.058 0.1000000015
22407  45.523  -64.480  20.284 0.2000000030
22410  42.656  -65.009  20.152 0.2000000030
22429  43.716  -64.408  19.342 0.2000000030
22430  42.827  -64.772  19.456 0.2000000030
22447  46.243  -65.247  18.406 0.1000000015
22448  45.490  -65.009  18.128 0.1000000015
22467  45.236  -65.355  17.423 0.1000000015
22470  42.702  -65.358  17.968 0.1000000015
23291  39.422  -63.629  33.063 0.1000000015
23309  38.727  -63.728  31.525 0.1000000015
23385  34.942  -63.839  27.374 0.5000000000
23395  36.010  -64.067  26.687 0.5000000000
23488  49.140  -63.913  19.818 0.1000000015
23502  49.111  -64.092  19.274 0.1000000015
24230  39.319  -63.160  38.158 0.1000000015
24246  41.247  -63.786  37.147 0.1000000015
24270  36.790  -62.931  35.059 0.1000000015
24367  41.262  -63.166  30.562 0.2000000030
25311  35.772  -61.836  32.883 0.1000000015
25313  34.982  -61.880  33.222 0.2000000030
25334  35.480  -61.857  32.546 0.2000000030
25335  34.941  -61.901  32.772 0.1000000015
25355  35.755  -61.976  31.964 0.1000000015
25441  38.843  -61.667  27.696 0.5000000000
25486  41.672  -61.054  22.588 0.1000000015
26344  41.008  -60.545  24.150 0.2000000030
