#!ascii label  , from subject A00073296 vox2ras=TkReg
1062
44615  -16.125  -29.139  85.035 0.0000000000
52982  -35.580  -21.018  72.112 0.0000000000
56068  -33.558  -17.727  66.622 0.0000000000
53915  -29.160  -19.405  76.134 0.0000000000
64346  -40.469  -10.256  54.015 0.0000000000
57226  -37.662  -16.363  58.980 0.0000000000
55964  -35.042  -16.790  75.261 0.0000000000
50825  -32.201  -20.693  74.878 0.0000000000
67345  -44.261  -5.683  56.285 0.0000000000
67375  -47.557  -5.592  52.552 0.0000000000
68416  -49.841  -4.514  49.321 0.0000000000
59195  -38.152  -14.497  66.012 0.0000000000
57199  -35.222  -17.066  61.152 0.0000000000
57189  -40.887  -14.154  61.887 0.0000000000
60291  -42.565  -12.492  60.235 0.0000000000
48719  -23.074  -23.767  75.290 0.0000000000
43585  -14.393  -29.335  89.635 0.0000000000
53993  -35.007  -19.930  69.144 0.0000000000
60153  -36.629  -13.604  69.397 0.0000000000
50860  -24.542  -23.259  73.151 0.0000000000
51964  -29.245  -22.264  70.272 0.0000000000
68465  -48.057  -6.375  44.548 0.0000000000
71360  -51.818  -2.803  47.119 0.0000000000
61319  -38.570  -13.090  57.840 0.0000000000
65330  -43.474  -8.600  59.028 0.0000000000
44670  -16.379  -29.061  81.155 0.0000000000
39516  -12.000  -34.622  88.420 0.0000000000
67361  -45.935  -5.660  53.801 0.0000000000
58201  -39.363  -13.668  63.484 0.0000000000
47687  -21.166  -26.007  74.504 0.0000000000
43601  -15.425  -29.190  88.354 0.0000000000
51998  -34.453  -22.140  69.029 0.0000000000
53014  -35.646  -20.433  70.823 0.0000000000
51883  -26.254  -20.537  74.897 0.0000000000
51925  -26.359  -21.455  72.187 0.0000000000
52969  -29.368  -20.241  73.466 0.0000000000
51901  -33.989  -20.925  73.179 0.0000000000
49809  -32.702  -23.296  72.424 0.0000000000
50896  -34.293  -23.328  71.556 0.0000000000
53889  -28.056  -18.854  77.344 0.0000000000
50824  -25.461  -20.669  76.284 0.0000000000
66433  -44.216  -7.977  48.481 0.0000000000
67468  -47.043  -7.298  45.346 0.0000000000
69346  -50.832  -3.784  48.306 0.0000000000
56160  -36.828  -17.242  59.648 0.0000000000
59293  -38.261  -14.872  58.502 0.0000000000
63294  -42.847  -10.926  59.703 0.0000000000
47651  -18.945  -25.683  77.447 0.0000000000
47643  -17.804  -26.115  79.019 0.0000000000
47600  -16.622  -26.067  81.907 0.0000000000
45672  -17.333  -28.908  79.198 0.0000000000
39525  -12.435  -34.163  87.124 0.0000000000
52960  -35.008  -18.934  73.346 0.0000000000
53955  -35.619  -18.438  72.549 0.0000000000
57026  -36.673  -16.040  73.961 0.0000000000
52899  -31.641  -19.270  77.690 0.0000000000
52935  -31.177  -20.543  76.224 0.0000000000
52912  -33.206  -19.464  77.351 0.0000000000
52938  -34.460  -19.149  75.450 0.0000000000
65363  -42.734  -8.119  54.949 0.0000000000
66374  -43.712  -7.009  53.399 0.0000000000
66400  -45.453  -6.512  51.473 0.0000000000
67433  -46.416  -6.185  49.925 0.0000000000
68425  -47.623  -5.307  48.580 0.0000000000
67404  -49.337  -5.060  50.924 0.0000000000
59206  -35.689  -15.276  65.556 0.0000000000
57159  -33.864  -16.927  63.476 0.0000000000
57141  -36.563  -15.181  63.179 0.0000000000
57186  -37.748  -15.221  61.422 0.0000000000
56163  -39.059  -14.897  60.748 0.0000000000
58270  -40.050  -14.108  60.448 0.0000000000
58257  -41.537  -13.743  61.170 0.0000000000
49729  -21.970  -22.580  76.660 0.0000000000
47672  -20.056  -26.079  76.086 0.0000000000
72456  -52.405  -2.441  43.087 0.0000000000
42536  -13.072  -30.683  90.984 0.0000000000
53046  -34.524  -21.405  68.028 0.0000000000
56057  -34.510  -18.509  68.389 0.0000000000
56021  -36.354  -17.477  71.355 0.0000000000
57090  -36.243  -17.449  69.069 0.0000000000
58153  -35.077  -15.843  67.997 0.0000000000
60180  -37.611  -14.132  67.298 0.0000000000
50862  -31.269  -22.007  72.858 0.0000000000
50797  -24.679  -20.746  77.478 0.0000000000
49794  -23.820  -23.808  74.521 0.0000000000
69351  -49.152  -4.342  47.673 0.0000000000
70356  -49.233  -3.425  46.320 0.0000000000
72454  -50.547  -2.321  43.913 0.0000000000
71371  -52.726  -2.098  45.944 0.0000000000
41544  -14.876  -32.133  82.438 0.0000000000
41520  -14.807  -31.391  85.459 0.0000000000
63340  -39.027  -11.636  55.855 0.0000000000
60306  -40.602  -12.097  59.847 0.0000000000
63307  -41.397  -10.858  58.833 0.0000000000
64317  -41.483  -9.378  57.465 0.0000000000
66332  -43.456  -7.592  58.099 0.0000000000
44642  -16.214  -28.871  83.215 0.0000000000
42560  -13.555  -31.814  87.423 0.0000000000
41484  -13.335  -32.283  89.572 0.0000000000
40474  -11.507  -33.090  90.617 0.0000000000
43616  -15.792  -29.570  86.513 0.0000000000
50917  -34.528  -22.450  70.519 0.0000000000
51966  -34.795  -21.695  70.568 0.0000000000
52999  -35.753  -20.593  71.605 0.0000000000
52944  -27.284  -19.766  75.332 0.0000000000
52956  -28.385  -19.865  74.297 0.0000000000
52946  -29.841  -20.120  75.339 0.0000000000
51916  -34.655  -20.997  72.955 0.0000000000
51914  -33.983  -22.260  72.219 0.0000000000
51929  -34.418  -21.919  71.778 0.0000000000
50916  -34.447  -23.344  70.554 0.0000000000
53877  -30.328  -18.475  78.257 0.0000000000
53876  -29.501  -18.425  78.124 0.0000000000
53902  -28.314  -19.168  76.560 0.0000000000
52931  -26.941  -19.856  76.543 0.0000000000
67467  -46.445  -7.095  45.813 0.0000000000
55054  -33.462  -19.269  66.622 0.0000000000
55068  -33.046  -19.440  64.877 0.0000000000
56175  -37.264  -17.067  59.176 0.0000000000
56184  -37.299  -19.095  58.230 0.0000000000
58267  -37.860  -15.877  59.008 0.0000000000
45702  -18.403  -28.002  77.538 0.0000000000
47650  -18.334  -26.175  78.025 0.0000000000
45687  -17.930  -27.877  78.099 0.0000000000
45660  -17.602  -27.503  79.092 0.0000000000
44711  -17.611  -28.986  78.281 0.0000000000
54956  -35.405  -17.815  74.373 0.0000000000
54964  -35.665  -17.672  73.703 0.0000000000
57017  -36.209  -15.989  74.644 0.0000000000
53869  -32.016  -18.260  77.847 0.0000000000
53880  -32.239  -18.939  77.564 0.0000000000
53882  -33.118  -18.462  77.582 0.0000000000
56995  -34.918  -16.114  76.143 0.0000000000
54939  -34.256  -17.971  76.319 0.0000000000
54947  -34.549  -17.980  75.513 0.0000000000
53935  -34.705  -18.821  74.332 0.0000000000
66353  -43.394  -7.039  55.859 0.0000000000
65374  -43.332  -7.413  54.248 0.0000000000
66361  -43.839  -6.684  54.707 0.0000000000
67362  -47.215  -5.329  53.610 0.0000000000
66376  -46.076  -6.083  52.527 0.0000000000
66388  -46.966  -5.982  51.868 0.0000000000
67417  -45.878  -6.413  50.510 0.0000000000
67402  -47.639  -5.608  51.236 0.0000000000
67419  -47.831  -5.433  50.521 0.0000000000
67388  -48.921  -5.074  51.694 0.0000000000
59207  -36.484  -14.938  65.465 0.0000000000
58184  -35.938  -15.111  64.884 0.0000000000
58186  -37.708  -14.494  64.502 0.0000000000
58217  -39.888  -13.899  62.823 0.0000000000
57143  -38.241  -13.864  62.640 0.0000000000
57187  -38.634  -14.661  61.409 0.0000000000
56129  -38.333  -15.356  61.072 0.0000000000
56131  -39.461  -14.700  61.103 0.0000000000
57215  -40.354  -14.357  60.970 0.0000000000
57203  -41.364  -13.911  61.589 0.0000000000
49731  -23.103  -21.728  76.951 0.0000000000
49713  -22.816  -21.225  77.628 0.0000000000
49749  -22.453  -23.071  76.245 0.0000000000
47673  -20.991  -25.428  75.384 0.0000000000
72448  -53.167  -1.995  43.858 0.0000000000
73548  -53.837  -1.713  43.251 0.0000000000
42537  -13.474  -30.061  90.418 0.0000000000
53035  -35.029  -20.584  69.082 0.0000000000
52008  -34.387  -22.110  68.443 0.0000000000
53047  -34.925  -20.773  68.281 0.0000000000
54009  -34.484  -20.278  67.997 0.0000000000
55031  -34.673  -19.286  68.607 0.0000000000
56003  -36.583  -16.672  72.581 0.0000000000
54991  -36.140  -18.000  71.783 0.0000000000
57050  -37.138  -16.371  72.166 0.0000000000
60141  -36.574  -13.976  70.616 0.0000000000
58126  -36.832  -15.870  70.740 0.0000000000
59158  -36.390  -15.035  69.914 0.0000000000
58154  -35.406  -16.635  68.549 0.0000000000
59157  -36.016  -15.092  69.034 0.0000000000
59180  -36.509  -14.953  67.077 0.0000000000
60162  -36.765  -14.403  67.751 0.0000000000
52995  -27.576  -21.742  71.008 0.0000000000
51875  -31.591  -20.558  75.670 0.0000000000
51884  -30.975  -21.070  74.798 0.0000000000
50836  -31.629  -21.771  73.884 0.0000000000
50881  -31.931  -23.674  71.966 0.0000000000
50784  -25.482  -19.824  78.586 0.0000000000
50834  -24.913  -21.611  74.836 0.0000000000
49782  -24.102  -22.035  74.856 0.0000000000
49795  -24.017  -23.140  74.266 0.0000000000
48761  -24.096  -24.973  73.605 0.0000000000
67448  -48.533  -4.817  48.985 0.0000000000
68438  -48.609  -4.762  47.657 0.0000000000
68428  -49.793  -4.232  48.622 0.0000000000
70349  -51.215  -3.470  47.771 0.0000000000
70352  -49.866  -3.569  47.252 0.0000000000
70358  -50.603  -3.012  46.487 0.0000000000
72444  -49.357  -1.663  44.949 0.0000000000
72434  -51.176  -2.464  45.352 0.0000000000
71377  -52.051  -2.383  45.266 0.0000000000
71361  -52.716  -2.211  46.687 0.0000000000
57182  -34.228  -17.055  62.106 0.0000000000
56110  -33.256  -18.025  63.165 0.0000000000
61345  -39.030  -13.470  55.303 0.0000000000
62336  -38.746  -12.321  57.364 0.0000000000
59297  -41.831  -12.844  60.334 0.0000000000
59295  -39.827  -13.347  60.063 0.0000000000
60290  -41.605  -12.477  60.115 0.0000000000
64299  -42.978  -9.857  59.483 0.0000000000
63292  -41.990  -10.961  58.835 0.0000000000
63308  -41.881  -10.456  58.617 0.0000000000
63320  -40.992  -9.913  57.874 0.0000000000
64308  -42.123  -9.684  58.412 0.0000000000
65340  -42.342  -8.493  57.477 0.0000000000
65341  -42.890  -8.062  57.884 0.0000000000
45645  -16.931  -28.132  80.702 0.0000000000
45636  -16.605  -28.141  81.918 0.0000000000
45629  -16.492  -28.003  83.280 0.0000000000
44657  -16.239  -28.943  82.218 0.0000000000
43653  -15.378  -30.356  81.954 0.0000000000
43677  -15.972  -30.522  80.409 0.0000000000
40514  -13.579  -33.371  85.122 0.0000000000
41511  -14.302  -31.744  86.176 0.0000000000
41510  -13.619  -32.774  86.224 0.0000000000
39517  -12.233  -34.275  87.906 0.0000000000
39509  -12.853  -33.602  88.353 0.0000000000
39508  -12.660  -34.096  88.833 0.0000000000
40475  -12.386  -33.040  90.255 0.0000000000
40479  -11.660  -33.786  90.038 0.0000000000
56979  -33.504  -16.264  78.132 0.0000000000
69303  -45.819  -4.547  55.723 0.0000000000
67352  -44.809  -5.764  54.901 0.0000000000
69304  -46.964  -4.442  55.463 0.0000000000
59209  -38.608  -13.868  64.884 0.0000000000
48746  -23.326  -24.741  74.247 0.0000000000
48718  -22.514  -24.044  75.365 0.0000000000
44587  -15.709  -28.166  89.490 0.0000000000
42564  -15.234  -29.477  88.922 0.0000000000
50935  -34.566  -22.324  69.961 0.0000000000
51984  -34.867  -21.429  70.083 0.0000000000
53025  -35.313  -20.387  70.175 0.0000000000
61207  -37.388  -12.859  68.997 0.0000000000
50847  -25.103  -21.835  73.996 0.0000000000
51909  -25.509  -21.814  72.507 0.0000000000
51910  -25.921  -21.155  72.907 0.0000000000
52980  -28.094  -20.719  72.215 0.0000000000
52997  -28.846  -21.159  71.893 0.0000000000
50840  -33.186  -20.609  74.179 0.0000000000
50851  -32.040  -21.869  73.606 0.0000000000
50866  -33.173  -22.440  72.495 0.0000000000
49824  -33.652  -23.787  72.323 0.0000000000
49854  -34.040  -24.552  70.325 0.0000000000
52906  -27.053  -19.557  78.056 0.0000000000
51854  -26.217  -19.899  77.933 0.0000000000
52918  -26.789  -19.952  77.463 0.0000000000
51872  -26.245  -20.278  75.926 0.0000000000
67430  -43.795  -7.259  49.717 0.0000000000
68464  -47.562  -6.765  45.137 0.0000000000
70335  -51.250  -3.720  50.961 0.0000000000
69345  -50.531  -4.087  48.874 0.0000000000
56143  -36.141  -17.047  60.392 0.0000000000
58294  -38.097  -15.928  57.665 0.0000000000
60303  -38.418  -13.779  57.839 0.0000000000
61295  -43.744  -11.948  60.432 0.0000000000
61309  -42.848  -12.026  60.071 0.0000000000
62308  -43.840  -11.501  60.334 0.0000000000
49710  -19.708  -23.888  77.976 0.0000000000
49709  -18.946  -23.870  78.434 0.0000000000
48656  -17.172  -25.011  80.632 0.0000000000
46616  -17.356  -26.760  80.435 0.0000000000
45646  -17.204  -27.588  80.403 0.0000000000
44685  -16.643  -29.066  80.137 0.0000000000
42662  -16.306  -31.169  79.620 0.0000000000
42663  -16.835  -31.184  78.779 0.0000000000
52970  -35.028  -20.381  72.806 0.0000000000
52983  -35.427  -20.030  72.378 0.0000000000
54972  -35.591  -18.013  73.239 0.0000000000
54965  -36.076  -17.107  73.552 0.0000000000
52907  -30.768  -19.159  77.429 0.0000000000
52934  -30.741  -20.008  76.260 0.0000000000
52921  -31.480  -19.709  76.738 0.0000000000
52922  -31.948  -19.809  76.919 0.0000000000
51865  -32.706  -20.115  76.315 0.0000000000
54930  -33.823  -17.991  77.071 0.0000000000
52925  -33.626  -19.472  76.828 0.0000000000
51877  -33.175  -20.222  75.430 0.0000000000
51889  -33.755  -20.232  74.315 0.0000000000
51902  -34.388  -20.267  73.419 0.0000000000
53867  -31.470  -18.059  78.331 0.0000000000
64338  -41.529  -8.906  54.691 0.0000000000
64347  -41.103  -9.551  53.787 0.0000000000
64348  -41.691  -8.772  53.547 0.0000000000
65383  -42.744  -7.893  53.216 0.0000000000
66383  -43.265  -7.352  51.792 0.0000000000
67372  -44.874  -6.381  53.306 0.0000000000
66385  -44.933  -6.640  52.124 0.0000000000
67400  -43.946  -6.808  50.862 0.0000000000
67431  -44.612  -6.669  49.808 0.0000000000
67443  -44.947  -6.569  49.046 0.0000000000
68435  -46.310  -6.136  48.334 0.0000000000
68436  -47.012  -5.702  47.981 0.0000000000
67446  -47.474  -5.422  49.269 0.0000000000
67420  -48.817  -5.140  50.249 0.0000000000
67421  -49.331  -4.985  50.403 0.0000000000
68384  -49.635  -4.505  52.688 0.0000000000
69327  -50.626  -4.193  51.413 0.0000000000
58181  -34.257  -16.543  66.231 0.0000000000
57138  -33.579  -17.156  64.538 0.0000000000
58196  -34.940  -16.051  64.875 0.0000000000
57160  -35.046  -16.402  62.975 0.0000000000
57161  -36.089  -15.903  62.595 0.0000000000
58200  -38.275  -13.997  63.669 0.0000000000
57162  -36.847  -15.094  62.009 0.0000000000
57184  -36.435  -16.006  61.704 0.0000000000
56128  -37.697  -15.989  61.141 0.0000000000
56161  -37.846  -16.305  60.118 0.0000000000
57213  -38.540  -15.510  60.191 0.0000000000
58269  -39.019  -14.861  59.821 0.0000000000
57228  -39.276  -14.864  59.980 0.0000000000
58271  -41.261  -13.687  60.946 0.0000000000
59285  -41.992  -13.139  60.611 0.0000000000
59277  -43.584  -12.904  61.042 0.0000000000
59287  -43.524  -12.963  61.007 0.0000000000
50796  -21.100  -22.554  77.471 0.0000000000
48717  -21.790  -24.276  75.674 0.0000000000
49747  -21.133  -24.034  76.637 0.0000000000
49727  -20.557  -23.862  77.346 0.0000000000
47660  -19.593  -25.658  76.945 0.0000000000
55041  -33.852  -19.650  67.509 0.0000000000
56069  -33.688  -18.430  67.287 0.0000000000
53979  -35.614  -19.490  71.388 0.0000000000
55005  -35.685  -18.834  70.954 0.0000000000
55015  -35.657  -18.696  70.201 0.0000000000
57076  -36.604  -17.063  70.653 0.0000000000
56045  -35.768  -18.461  69.392 0.0000000000
57089  -35.592  -17.507  68.533 0.0000000000
57102  -34.410  -17.333  67.898 0.0000000000
57115  -33.982  -17.235  67.273 0.0000000000
59192  -35.244  -15.665  66.155 0.0000000000
59193  -35.972  -15.048  66.253 0.0000000000
59182  -38.307  -14.122  66.760 0.0000000000
61208  -38.239  -12.693  68.525 0.0000000000
60181  -38.389  -13.706  67.315 0.0000000000
52958  -30.386  -20.761  74.702 0.0000000000
51911  -29.955  -21.162  72.907 0.0000000000
51927  -30.419  -21.924  72.317 0.0000000000
50864  -32.160  -22.810  72.559 0.0000000000
50880  -31.505  -22.909  72.198 0.0000000000
49716  -24.420  -20.916  78.416 0.0000000000
49751  -23.326  -22.147  76.368 0.0000000000
50811  -25.395  -20.394  77.198 0.0000000000
49768  -24.022  -21.805  75.695 0.0000000000
49780  -23.575  -23.613  74.958 0.0000000000
48747  -23.755  -24.621  74.247 0.0000000000
68448  -47.054  -5.790  47.031 0.0000000000
68449  -47.797  -5.397  46.753 0.0000000000
69362  -48.326  -5.257  45.608 0.0000000000
68440  -49.699  -4.006  48.255 0.0000000000
70351  -49.406  -3.845  47.012 0.0000000000
69369  -48.765  -4.847  44.625 0.0000000000
70368  -49.358  -4.122  43.963 0.0000000000
70369  -49.922  -4.128  43.311 0.0000000000
71389  -50.417  -3.762  43.028 0.0000000000
72455  -51.540  -2.459  43.654 0.0000000000
72447  -52.369  -2.304  44.475 0.0000000000
42606  -15.299  -30.225  83.823 0.0000000000
42597  -15.232  -30.488  84.654 0.0000000000
41537  -14.537  -31.373  83.797 0.0000000000
56090  -33.153  -18.333  64.363 0.0000000000
63341  -39.395  -10.794  55.418 0.0000000000
58281  -38.597  -14.836  59.245 0.0000000000
60287  -39.065  -13.510  59.146 0.0000000000
61320  -39.136  -12.394  58.910 0.0000000000
61308  -42.060  -11.963  59.785 0.0000000000
62321  -40.744  -11.418  59.307 0.0000000000
62320  -39.581  -11.601  58.870 0.0000000000
63319  -40.216  -10.454  58.067 0.0000000000
63330  -40.242  -9.873  57.008 0.0000000000
64326  -40.371  -9.378  55.991 0.0000000000
64328  -42.011  -8.503  55.514 0.0000000000
65354  -42.761  -7.706  56.641 0.0000000000
66354  -43.730  -6.379  56.115 0.0000000000
45606  -16.475  -27.805  85.427 0.0000000000
45619  -16.356  -27.803  84.331 0.0000000000
44627  -16.064  -29.020  84.154 0.0000000000
42620  -15.359  -30.241  82.952 0.0000000000
42618  -15.200  -31.686  81.868 0.0000000000
43614  -15.280  -30.677  86.143 0.0000000000
43599  -14.889  -30.561  87.353 0.0000000000
42550  -14.559  -30.693  89.077 0.0000000000
40500  -12.840  -33.336  87.137 0.0000000000
40482  -13.473  -32.194  88.722 0.0000000000
41480  -13.585  -31.444  89.697 0.0000000000
42544  -13.362  -31.005  90.311 0.0000000000
42543  -12.691  -31.521  90.847 0.0000000000
38475  -11.138  -34.691  89.050 0.0000000000
39506  -10.980  -34.379  89.614 0.0000000000
44607  -16.379  -28.326  86.242 0.0000000000
44606  -16.166  -29.076  85.945 0.0000000000
51946  -34.944  -21.565  71.247 0.0000000000
51947  -35.651  -21.245  71.350 0.0000000000
52998  -35.685  -21.218  71.598 0.0000000000
53925  -28.741  -19.532  75.957 0.0000000000
52945  -28.759  -19.669  75.342 0.0000000000
53926  -29.324  -19.746  75.774 0.0000000000
51930  -34.918  -21.297  72.250 0.0000000000
50898  -34.488  -22.623  70.863 0.0000000000
53903  -29.193  -18.859  76.654 0.0000000000
53890  -29.300  -18.553  77.476 0.0000000000
52932  -27.944  -19.470  76.163 0.0000000000
67462  -45.922  -7.032  46.488 0.0000000000
56081  -33.442  -18.454  66.600 0.0000000000
55053  -33.261  -19.934  65.743 0.0000000000
56080  -33.220  -18.375  65.709 0.0000000000
45701  -18.289  -28.687  77.331 0.0000000000
44724  -17.986  -28.395  77.803 0.0000000000
44712  -17.724  -28.445  78.200 0.0000000000
55974  -35.451  -17.043  74.799 0.0000000000
55975  -35.953  -16.736  74.518 0.0000000000
57016  -35.842  -16.483  74.795 0.0000000000
54909  -32.626  -17.300  78.494 0.0000000000
54920  -32.297  -18.279  77.725 0.0000000000
57005  -34.973  -16.486  75.571 0.0000000000
55963  -34.535  -17.077  75.689 0.0000000000
55973  -34.822  -17.347  75.154 0.0000000000
54955  -34.947  -17.863  74.885 0.0000000000
54908  -32.214  -17.573  78.606 0.0000000000
66362  -43.894  -6.458  55.363 0.0000000000
66377  -46.796  -5.886  52.341 0.0000000000
66378  -47.212  -5.816  52.153 0.0000000000
67401  -47.083  -5.840  51.434 0.0000000000
67386  -47.464  -5.751  51.835 0.0000000000
67387  -48.152  -5.479  51.800 0.0000000000
59208  -37.511  -14.684  65.286 0.0000000000
58185  -36.797  -14.772  64.709 0.0000000000
57165  -40.363  -14.189  62.269 0.0000000000
57164  -39.130  -14.060  62.134 0.0000000000
57188  -39.777  -14.516  61.535 0.0000000000
57202  -40.597  -14.277  61.352 0.0000000000
49750  -22.957  -22.843  76.154 0.0000000000
73538  -53.936  -1.615  44.320 0.0000000000
43586  -14.862  -28.836  89.578 0.0000000000
43579  -14.150  -28.916  89.964 0.0000000000
42538  -13.713  -29.540  90.056 0.0000000000
54001  -34.853  -20.057  68.700 0.0000000000
55024  -35.063  -19.214  69.160 0.0000000000
57043  -37.006  -16.261  72.364 0.0000000000
57051  -37.660  -16.090  72.300 0.0000000000
60152  -36.305  -14.315  68.743 0.0000000000
49821  -24.492  -23.996  72.852 0.0000000000
50877  -24.725  -23.303  72.453 0.0000000000
51887  -31.795  -20.700  75.026 0.0000000000
51886  -31.377  -20.941  74.819 0.0000000000
50837  -31.677  -21.603  74.115 0.0000000000
50846  -24.454  -22.756  73.719 0.0000000000
49796  -24.426  -22.234  74.313 0.0000000000
49807  -24.272  -23.715  73.564 0.0000000000
69374  -48.579  -5.725  44.332 0.0000000000
68427  -49.056  -4.656  48.810 0.0000000000
70354  -51.314  -3.198  47.239 0.0000000000
71359  -51.313  -3.067  46.933 0.0000000000
71369  -51.178  -2.762  46.237 0.0000000000
71370  -52.088  -2.376  46.065 0.0000000000
57198  -34.431  -17.818  61.158 0.0000000000
60318  -38.399  -13.988  57.148 0.0000000000
59318  -38.511  -14.840  56.544 0.0000000000
61334  -38.494  -13.438  56.874 0.0000000000
62345  -38.537  -12.963  56.745 0.0000000000
62335  -38.562  -12.900  57.294 0.0000000000
59298  -42.349  -12.836  60.394 0.0000000000
64298  -42.519  -10.392  59.193 0.0000000000
64309  -42.674  -8.917  58.564 0.0000000000
46614  -16.796  -27.690  81.610 0.0000000000
45637  -16.602  -27.972  82.574 0.0000000000
44669  -16.074  -29.866  80.974 0.0000000000
41518  -13.672  -33.016  85.623 0.0000000000
40480  -12.545  -33.612  89.589 0.0000000000
39507  -11.768  -34.355  89.154 0.0000000000
59210  -39.919  -13.340  65.065 0.0000000000
47689  -22.847  -25.178  74.044 0.0000000000
44594  -16.050  -28.623  87.790 0.0000000000
44589  -16.025  -28.228  88.752 0.0000000000
43591  -15.343  -28.872  89.121 0.0000000000
50934  -34.385  -23.267  69.950 0.0000000000
51967  -35.445  -21.190  70.877 0.0000000000
51985  -35.343  -20.903  70.371 0.0000000000
53024  -35.109  -20.879  69.761 0.0000000000
51897  -25.913  -20.867  73.809 0.0000000000
52968  -28.156  -20.149  73.181 0.0000000000
52981  -29.080  -20.642  72.548 0.0000000000
50853  -33.189  -21.090  73.440 0.0000000000
50882  -33.947  -23.192  72.001 0.0000000000
49837  -34.264  -24.120  71.468 0.0000000000
49855  -34.281  -24.016  70.120 0.0000000000
53875  -28.063  -18.557  78.402 0.0000000000
54918  -29.122  -18.204  78.921 0.0000000000
54917  -28.161  -18.330  79.104 0.0000000000
52919  -27.417  -19.491  77.067 0.0000000000
50848  -25.526  -21.147  74.621 0.0000000000
66424  -43.728  -7.997  48.880 0.0000000000
56159  -35.860  -18.551  59.561 0.0000000000
59308  -38.206  -14.633  57.670 0.0000000000
59309  -38.519  -14.220  58.501 0.0000000000
62295  -44.792  -11.436  60.925 0.0000000000
62293  -43.839  -11.736  60.368 0.0000000000
64300  -44.089  -9.698  60.102 0.0000000000
48672  -18.997  -24.545  77.960 0.0000000000
48682  -18.753  -25.253  77.805 0.0000000000
48671  -18.231  -24.990  78.412 0.0000000000
48663  -17.652  -25.003  79.463 0.0000000000
47632  -17.540  -26.048  80.094 0.0000000000
45673  -17.498  -28.494  79.075 0.0000000000
45659  -17.401  -27.811  79.659 0.0000000000
45658  -17.130  -28.602  79.647 0.0000000000
44699  -16.960  -29.387  79.330 0.0000000000
43689  -16.614  -30.301  79.301 0.0000000000
43690  -17.020  -30.081  78.704 0.0000000000
52971  -35.105  -19.404  72.953 0.0000000000
53945  -35.333  -18.557  73.231 0.0000000000
55985  -36.210  -16.797  74.035 0.0000000000
52908  -31.328  -19.224  77.580 0.0000000000
52920  -30.822  -19.280  76.935 0.0000000000
53893  -32.571  -19.406  77.557 0.0000000000
52910  -32.310  -19.627  77.545 0.0000000000
52911  -32.799  -19.638  77.449 0.0000000000
51864  -32.019  -20.121  76.341 0.0000000000
52924  -33.116  -19.860  76.885 0.0000000000
55942  -33.458  -16.539  77.697 0.0000000000
55950  -33.363  -17.189  77.476 0.0000000000
53918  -34.406  -18.784  75.979 0.0000000000
53905  -34.120  -18.923  76.651 0.0000000000
53917  -34.252  -19.125  76.196 0.0000000000
52936  -33.450  -19.842  76.304 0.0000000000
52937  -34.018  -19.510  75.823 0.0000000000
51878  -33.773  -19.954  75.185 0.0000000000
52948  -34.016  -19.795  75.040 0.0000000000
52959  -34.670  -19.403  73.608 0.0000000000
53868  -31.886  -18.120  78.039 0.0000000000
53878  -31.218  -18.838  77.952 0.0000000000
53892  -30.875  -18.999  77.925 0.0000000000
64339  -42.205  -8.419  54.402 0.0000000000
65384  -43.251  -7.486  53.381 0.0000000000
65394  -43.116  -7.525  52.857 0.0000000000
65393  -42.733  -7.774  52.260 0.0000000000
66384  -43.757  -7.021  52.440 0.0000000000
67353  -46.397  -5.268  54.331 0.0000000000
67360  -45.002  -6.026  53.867 0.0000000000
66386  -45.738  -6.384  52.041 0.0000000000
66375  -45.333  -6.394  52.676 0.0000000000
66399  -44.555  -6.662  51.308 0.0000000000
67415  -44.368  -6.712  50.503 0.0000000000
66412  -44.862  -6.576  50.811 0.0000000000
67432  -45.508  -6.445  49.837 0.0000000000
67444  -45.967  -6.253  49.025 0.0000000000
68423  -46.544  -5.988  48.884 0.0000000000
67445  -46.806  -5.885  49.322 0.0000000000
67403  -48.507  -5.393  51.066 0.0000000000
67435  -47.996  -5.138  49.793 0.0000000000
68406  -49.311  -4.926  50.158 0.0000000000
58182  -34.716  -16.156  65.696 0.0000000000
57126  -34.323  -16.461  65.023 0.0000000000
58183  -35.385  -15.675  65.161 0.0000000000
58198  -36.283  -15.214  64.131 0.0000000000
58197  -35.529  -15.723  64.465 0.0000000000
57140  -35.766  -15.871  63.604 0.0000000000
59224  -38.958  -13.680  64.052 0.0000000000
57163  -37.845  -14.289  61.856 0.0000000000
57142  -37.434  -14.465  62.879 0.0000000000
57185  -37.131  -15.735  61.418 0.0000000000
56127  -36.829  -16.266  61.026 0.0000000000
56146  -38.663  -15.180  60.802 0.0000000000
56145  -38.143  -15.891  60.733 0.0000000000
56162  -38.559  -15.417  60.522 0.0000000000
57214  -39.365  -14.799  60.617 0.0000000000
57216  -41.218  -13.882  61.194 0.0000000000
57230  -40.773  -14.055  60.960 0.0000000000
58272  -42.403  -13.274  60.886 0.0000000000
58260  -43.731  -13.039  61.300 0.0000000000
59278  -44.175  -12.670  61.226 0.0000000000
60279  -44.163  -12.325  60.923 0.0000000000
49730  -22.591  -22.176  76.764 0.0000000000
49712  -22.067  -21.732  77.287 0.0000000000
50779  -21.343  -21.782  77.954 0.0000000000
49711  -21.553  -22.278  77.189 0.0000000000
48731  -22.168  -24.608  74.910 0.0000000000
47674  -21.628  -25.110  74.905 0.0000000000
48716  -20.929  -24.778  76.151 0.0000000000
49746  -20.722  -24.328  76.951 0.0000000000
48715  -20.343  -25.195  76.606 0.0000000000
48696  -20.289  -24.769  77.037 0.0000000000
43576  -12.685  -30.333  91.433 0.0000000000
52016  -34.184  -22.436  67.612 0.0000000000
53052  -34.052  -21.313  67.472 0.0000000000
55042  -34.257  -19.326  68.153 0.0000000000
54008  -33.954  -20.521  67.475 0.0000000000
56070  -34.040  -18.774  67.921 0.0000000000
53966  -35.495  -19.414  72.109 0.0000000000
53980  -35.733  -18.610  71.501 0.0000000000
55006  -35.922  -18.177  71.207 0.0000000000
55016  -35.825  -18.393  70.777 0.0000000000
56033  -36.085  -17.921  70.707 0.0000000000
58140  -36.489  -16.457  69.878 0.0000000000
58141  -36.798  -16.444  70.614 0.0000000000
57075  -36.493  -17.217  69.880 0.0000000000
56032  -36.264  -17.849  69.970 0.0000000000
56044  -35.328  -18.290  68.736 0.0000000000
58165  -35.050  -16.980  68.190 0.0000000000
58164  -34.723  -16.654  67.831 0.0000000000
58174  -34.531  -16.325  66.719 0.0000000000
59179  -35.253  -15.555  67.248 0.0000000000
60179  -37.120  -14.524  67.206 0.0000000000
59181  -37.511  -14.588  66.764 0.0000000000
59183  -38.791  -13.748  66.829 0.0000000000
51924  -25.894  -22.175  71.704 0.0000000000
50878  -25.148  -22.603  72.083 0.0000000000
52947  -30.468  -20.650  75.551 0.0000000000
51913  -31.242  -21.764  73.571 0.0000000000
51899  -30.877  -21.426  74.043 0.0000000000
51912  -30.934  -21.684  73.135 0.0000000000
50879  -31.139  -22.230  72.542 0.0000000000
50865  -32.423  -22.463  72.753 0.0000000000
50850  -31.986  -22.092  73.367 0.0000000000
49808  -32.477  -23.299  72.396 0.0000000000
49733  -24.235  -20.991  77.846 0.0000000000
49732  -23.595  -21.225  77.324 0.0000000000
49752  -23.859  -21.347  76.658 0.0000000000
51862  -26.187  -20.167  76.931 0.0000000000
49781  -23.735  -22.840  74.960 0.0000000000
49767  -23.525  -22.501  75.675 0.0000000000
68437  -47.757  -5.288  47.763 0.0000000000
68450  -48.365  -4.966  46.467 0.0000000000
68457  -47.919  -5.637  45.645 0.0000000000
69353  -50.222  -3.812  48.229 0.0000000000
69363  -48.545  -4.598  45.762 0.0000000000
70363  -48.884  -3.535  45.033 0.0000000000
73556  -49.751  -1.938  43.818 0.0000000000
72452  -49.758  -1.841  44.172 0.0000000000
71381  -50.081  -3.248  43.656 0.0000000000
71382  -50.839  -3.020  43.175 0.0000000000
72435  -52.499  -2.202  45.416 0.0000000000
72436  -53.223  -1.892  45.256 0.0000000000
42605  -14.966  -30.823  83.353 0.0000000000
42596  -14.870  -30.766  84.049 0.0000000000
41545  -14.760  -31.499  83.086 0.0000000000
57137  -33.523  -17.333  64.196 0.0000000000
56089  -33.409  -17.570  63.998 0.0000000000
62346  -38.700  -12.577  56.165 0.0000000000
63348  -39.302  -11.701  54.880 0.0000000000
58282  -39.527  -14.153  59.810 0.0000000000
60289  -40.478  -12.583  60.062 0.0000000000
60288  -39.375  -13.178  59.582 0.0000000000
60305  -39.644  -12.504  59.624 0.0000000000
62307  -43.343  -11.653  60.156 0.0000000000
62306  -42.539  -11.541  59.686 0.0000000000
62305  -41.979  -11.411  59.254 0.0000000000
63306  -40.201  -11.084  58.794 0.0000000000
63318  -39.405  -11.207  58.117 0.0000000000
63331  -40.862  -9.353  56.941 0.0000000000
64327  -41.220  -8.883  56.067 0.0000000000
64318  -41.865  -8.733  56.895 0.0000000000
66341  -43.268  -7.240  57.020 0.0000000000
44643  -16.197  -28.406  83.946 0.0000000000
44628  -16.338  -28.471  84.729 0.0000000000
43640  -15.746  -29.586  83.532 0.0000000000
43654  -15.783  -29.577  82.596 0.0000000000
42648  -15.593  -31.353  80.867 0.0000000000
43652  -15.277  -31.128  81.758 0.0000000000
41552  -15.568  -32.083  80.997 0.0000000000
41530  -14.969  -31.066  84.734 0.0000000000
42587  -15.283  -30.631  85.295 0.0000000000
41504  -14.018  -31.672  86.738 0.0000000000
42572  -14.390  -31.220  86.994 0.0000000000
42561  -13.837  -31.551  87.616 0.0000000000
42562  -14.424  -31.001  88.152 0.0000000000
41495  -13.869  -31.548  88.508 0.0000000000
39531  -12.734  -34.368  86.479 0.0000000000
40507  -13.151  -33.648  86.415 0.0000000000
39526  -12.610  -33.685  87.327 0.0000000000
40481  -13.404  -33.084  89.077 0.0000000000
40489  -13.145  -32.838  88.059 0.0000000000
41485  -13.570  -31.919  89.170 0.0000000000
41478  -12.167  -32.365  90.769 0.0000000000
42542  -11.852  -31.702  91.177 0.0000000000
38474  -10.625  -34.946  89.088 0.0000000000
43610  -15.686  -29.375  87.428 0.0000000000
52955  -27.117  -20.239  74.074 0.0000000000
52957  -29.636  -20.070  74.468 0.0000000000
50867  -33.668  -21.603  72.681 0.0000000000
51915  -34.277  -21.479  72.473 0.0000000000
51928  -34.163  -22.707  71.657 0.0000000000
51944  -34.278  -23.005  71.342 0.0000000000
50897  -34.429  -23.329  71.093 0.0000000000
51945  -34.378  -22.490  71.231 0.0000000000
67453  -44.613  -7.250  48.525 0.0000000000
54015  -33.513  -20.809  65.698 0.0000000000
56174  -36.799  -18.612  58.742 0.0000000000
58280  -37.916  -15.746  58.657 0.0000000000
46658  -18.380  -27.219  77.814 0.0000000000
46647  -17.812  -27.167  78.584 0.0000000000
45674  -17.659  -27.981  78.719 0.0000000000
44701  -17.612  -28.577  78.573 0.0000000000
44700  -17.426  -29.172  78.757 0.0000000000
43704  -17.448  -29.863  78.093 0.0000000000
53936  -35.114  -18.494  73.853 0.0000000000
55984  -35.773  -17.216  74.292 0.0000000000
52900  -32.167  -19.405  77.726 0.0000000000
53881  -32.664  -18.683  77.640 0.0000000000
53894  -32.838  -19.223  77.615 0.0000000000
54931  -34.036  -17.496  76.729 0.0000000000
55957  -34.252  -16.934  76.449 0.0000000000
53927  -34.664  -18.645  75.083 0.0000000000
53928  -34.979  -18.327  74.507 0.0000000000
65364  -43.102  -7.586  55.409 0.0000000000
66368  -43.838  -6.799  53.909 0.0000000000
67373  -45.636  -6.033  53.190 0.0000000000
67374  -46.531  -5.720  52.993 0.0000000000
66387  -46.410  -6.182  51.963 0.0000000000
66401  -46.100  -6.324  51.509 0.0000000000
66413  -45.322  -6.518  50.931 0.0000000000
66415  -46.360  -6.201  51.184 0.0000000000
67418  -46.760  -5.935  50.802 0.0000000000
67434  -47.219  -5.635  49.949 0.0000000000
58199  -37.134  -14.646  63.860 0.0000000000
58216  -38.979  -13.729  62.921 0.0000000000
56130  -39.002  -14.823  61.057 0.0000000000
57201  -39.736  -14.664  61.033 0.0000000000
57217  -41.659  -13.742  61.408 0.0000000000
49696  -23.285  -20.991  78.443 0.0000000000
72461  -52.829  -2.634  42.219 0.0000000000
72457  -53.332  -2.188  42.748 0.0000000000
72462  -53.426  -2.596  41.923 0.0000000000
51999  -34.717  -21.447  69.187 0.0000000000
52009  -34.784  -21.229  68.550 0.0000000000
53053  -34.715  -20.953  67.847 0.0000000000
54981  -36.077  -17.724  72.364 0.0000000000
56009  -36.530  -17.125  72.006 0.0000000000
57061  -36.907  -16.718  71.575 0.0000000000
59146  -36.841  -15.047  71.235 0.0000000000
58155  -36.168  -16.616  69.053 0.0000000000
58139  -36.017  -15.864  69.112 0.0000000000
59169  -35.652  -15.219  68.197 0.0000000000
59168  -35.271  -15.520  67.803 0.0000000000
61209  -39.091  -12.469  68.284 0.0000000000
52979  -27.303  -21.235  71.795 0.0000000000
51874  -31.212  -20.835  75.642 0.0000000000
51873  -30.966  -20.974  75.674 0.0000000000
51885  -31.272  -21.222  74.653 0.0000000000
50849  -31.776  -22.045  73.332 0.0000000000
49823  -33.006  -23.964  72.255 0.0000000000
49822  -32.492  -23.629  72.250 0.0000000000
50798  -25.273  -20.219  77.952 0.0000000000
50835  -25.524  -20.927  75.392 0.0000000000
50823  -24.775  -21.349  75.617 0.0000000000
49806  -24.016  -24.226  73.957 0.0000000000
49820  -24.304  -24.505  73.298 0.0000000000
68426  -48.281  -4.906  48.496 0.0000000000
68439  -49.324  -4.325  48.151 0.0000000000
69354  -50.736  -3.736  48.005 0.0000000000
70353  -50.802  -3.314  47.031 0.0000000000
70357  -50.086  -3.167  46.472 0.0000000000
71367  -49.514  -2.422  45.781 0.0000000000
71368  -50.292  -2.631  46.003 0.0000000000
72433  -50.748  -2.179  45.320 0.0000000000
72445  -50.835  -2.247  44.772 0.0000000000
72446  -51.477  -2.379  44.724 0.0000000000
71376  -51.621  -2.448  45.565 0.0000000000
40531  -14.593  -32.750  82.756 0.0000000000
56126  -33.658  -18.465  61.747 0.0000000000
61344  -38.594  -13.491  56.138 0.0000000000
63328  -38.912  -11.650  57.014 0.0000000000
59284  -41.074  -13.373  60.586 0.0000000000
58283  -40.239  -13.577  60.399 0.0000000000
59296  -40.878  -12.976  60.373 0.0000000000
61307  -41.341  -12.099  59.871 0.0000000000
63293  -42.164  -10.895  59.056 0.0000000000
64307  -41.614  -10.076  58.295 0.0000000000
46615  -17.054  -27.203  81.086 0.0000000000
46598  -16.725  -27.336  82.377 0.0000000000
45628  -16.471  -28.393  82.659 0.0000000000
44656  -15.876  -29.647  81.670 0.0000000000
43665  -15.685  -30.338  81.147 0.0000000000
42649  -15.820  -31.482  80.336 0.0000000000
41519  -14.105  -32.306  85.295 0.0000000000
42570  -13.461  -32.034  87.210 0.0000000000
39518  -12.642  -33.614  87.693 0.0000000000
40476  -13.045  -32.884  89.810 0.0000000000
54910  -32.853  -17.069  78.336 0.0000000000
58057  -35.206  -15.405  76.952 0.0000000000
68365  -45.100  -5.070  55.711 0.0000000000
68366  -46.052  -4.977  55.076 0.0000000000
68376  -48.199  -5.131  53.841 0.0000000000
67363  -48.280  -5.229  53.157 0.0000000000
67376  -48.560  -5.152  52.408 0.0000000000
59196  -39.063  -13.566  66.118 0.0000000000
59225  -39.658  -13.517  64.129 0.0000000000
58202  -40.344  -13.658  63.374 0.0000000000
58218  -40.867  -13.860  62.749 0.0000000000
57190  -41.752  -13.817  62.086 0.0000000000
48733  -23.357  -24.095  74.808 0.0000000000
48732  -22.806  -24.481  74.626 0.0000000000
47688  -22.094  -25.468  74.269 0.0000000000
43590  -15.040  -29.190  89.239 0.0000000000
42551  -14.869  -29.690  89.252 0.0000000000
50949  -34.536  -22.055  69.482 0.0000000000
53036  -35.148  -20.437  69.673 0.0000000000
53994  -35.223  -19.749  69.697 0.0000000000
50861  -24.884  -22.406  73.031 0.0000000000
51896  -25.407  -21.572  73.276 0.0000000000
52967  -26.930  -20.702  72.858 0.0000000000
52996  -28.237  -21.391  71.347 0.0000000000
51942  -29.195  -21.728  71.194 0.0000000000
50839  -32.690  -20.755  74.403 0.0000000000
50838  -32.039  -21.226  74.326 0.0000000000
50852  -32.479  -21.640  73.456 0.0000000000
49810  -33.006  -23.276  72.387 0.0000000000
49838  -34.527  -23.966  70.756 0.0000000000
51847  -26.707  -19.433  78.567 0.0000000000
52905  -26.713  -19.871  77.827 0.0000000000
67429  -43.322  -7.535  50.029 0.0000000000
69340  -50.500  -4.325  49.725 0.0000000000
70341  -51.094  -3.902  50.071 0.0000000000
70344  -51.019  -3.930  49.362 0.0000000000
71353  -52.776  -2.370  47.704 0.0000000000
56142  -35.157  -18.058  60.508 0.0000000000
60292  -43.104  -12.149  60.218 0.0000000000
61310  -43.210  -11.773  59.985 0.0000000000
63295  -43.708  -10.876  60.169 0.0000000000
65331  -44.332  -8.550  59.733 0.0000000000
49695  -18.015  -23.896  78.821 0.0000000000
47620  -16.997  -26.157  81.126 0.0000000000
46635  -17.572  -26.985  79.584 0.0000000000
46634  -17.345  -27.271  80.221 0.0000000000
44684  -16.304  -29.748  80.395 0.0000000000
44698  -16.514  -29.737  79.777 0.0000000000
38483  -11.993  -35.341  87.782 0.0000000000
53954  -35.356  -19.042  72.680 0.0000000000
53946  -35.538  -18.321  72.960 0.0000000000
54973  -35.897  -17.513  73.044 0.0000000000
55994  -36.498  -16.504  73.362 0.0000000000
53904  -30.272  -19.045  76.825 0.0000000000
52933  -29.900  -20.052  75.996 0.0000000000
52909  -31.851  -19.456  77.460 0.0000000000
51863  -31.461  -20.270  76.284 0.0000000000
51876  -32.255  -20.416  75.568 0.0000000000
54922  -32.935  -17.702  77.697 0.0000000000
53895  -33.327  -18.805  77.429 0.0000000000
51866  -33.144  -20.045  76.293 0.0000000000
50826  -32.548  -20.508  75.085 0.0000000000
51888  -33.186  -20.430  74.585 0.0000000000
52949  -34.368  -19.439  74.725 0.0000000000
51890  -34.310  -19.829  74.007 0.0000000000
53866  -30.814  -17.899  78.573 0.0000000000
53891  -30.538  -18.906  77.622 0.0000000000
64337  -40.729  -9.375  54.869 0.0000000000
65373  -42.778  -7.946  53.995 0.0000000000
64349  -42.318  -8.250  53.653 0.0000000000
65382  -42.175  -8.337  52.945 0.0000000000
67351  -44.486  -6.205  54.314 0.0000000000
67359  -44.357  -6.426  53.891 0.0000000000
67371  -44.213  -6.644  53.380 0.0000000000
67385  -44.547  -6.652  52.825 0.0000000000
67384  -44.046  -6.797  53.011 0.0000000000
66398  -43.649  -7.051  51.372 0.0000000000
67413  -43.277  -7.471  50.545 0.0000000000
67414  -43.701  -7.101  50.406 0.0000000000
67442  -44.189  -7.168  49.034 0.0000000000
67416  -45.111  -6.540  50.442 0.0000000000
67454  -45.357  -6.877  48.197 0.0000000000
68446  -45.872  -6.520  47.873 0.0000000000
68447  -46.329  -6.338  47.353 0.0000000000
68424  -47.000  -5.740  48.752 0.0000000000
67447  -48.073  -4.968  49.119 0.0000000000
67436  -48.648  -4.915  49.456 0.0000000000
68415  -49.257  -4.815  49.713 0.0000000000
68407  -49.768  -4.705  50.244 0.0000000000
67377  -49.331  -4.701  52.309 0.0000000000
67389  -49.562  -4.739  51.648 0.0000000000
68400  -49.970  -4.567  51.107 0.0000000000
69332  -50.550  -4.294  50.588 0.0000000000
57125  -33.781  -16.924  65.908 0.0000000000
57139  -34.701  -16.302  64.121 0.0000000000
57183  -35.501  -16.420  61.932 0.0000000000
57200  -36.006  -16.446  61.166 0.0000000000
56144  -37.308  -16.464  60.507 0.0000000000
57212  -37.888  -16.158  59.733 0.0000000000
57227  -38.374  -15.523  59.784 0.0000000000
57229  -40.184  -14.304  60.725 0.0000000000
59286  -42.767  -12.848  60.524 0.0000000000
57204  -41.924  -13.714  61.675 0.0000000000
58258  -42.061  -13.587  61.305 0.0000000000
58249  -43.567  -13.278  61.598 0.0000000000
58259  -43.084  -13.279  61.192 0.0000000000
58273  -43.089  -13.044  60.841 0.0000000000
60278  -43.223  -12.446  60.467 0.0000000000
61296  -44.603  -11.837  60.847 0.0000000000
48700  -22.706  -23.497  75.793 0.0000000000
48699  -22.267  -23.691  75.865 0.0000000000
49748  -21.836  -23.582  76.210 0.0000000000
49764  -21.517  -24.080  76.113 0.0000000000
49728  -21.344  -23.112  76.984 0.0000000000
50795  -20.886  -23.064  77.449 0.0000000000
48683  -19.558  -24.822  77.501 0.0000000000
47659  -18.863  -26.473  77.332 0.0000000000
46682  -19.311  -27.324  76.342 0.0000000000
47671  -19.307  -26.585  76.765 0.0000000000
46670  -18.883  -27.357  77.138 0.0000000000
73558  -53.846  -1.933  42.670 0.0000000000
54016  -33.667  -20.637  66.624 0.0000000000
53967  -35.697  -18.610  71.987 0.0000000000
53987  -35.510  -19.627  70.550 0.0000000000
55025  -35.377  -18.999  69.599 0.0000000000
57103  -34.895  -17.500  68.301 0.0000000000
56056  -34.157  -17.939  67.963 0.0000000000
57114  -33.791  -17.137  66.632 0.0000000000
58173  -34.036  -16.806  66.572 0.0000000000
59194  -37.115  -15.074  66.137 0.0000000000
60163  -37.487  -13.522  68.154 0.0000000000
60164  -38.649  -13.066  67.771 0.0000000000
51898  -30.199  -20.955  73.823 0.0000000000
51926  -29.608  -21.427  72.042 0.0000000000
51943  -29.975  -22.165  71.437 0.0000000000
50893  -30.822  -22.619  71.703 0.0000000000
49715  -24.099  -21.041  78.446 0.0000000000
50810  -24.673  -21.032  76.507 0.0000000000
49766  -23.263  -23.211  75.526 0.0000000000
47706  -23.814  -25.404  73.608 0.0000000000
68455  -46.559  -6.447  46.504 0.0000000000
68456  -47.124  -6.243  45.953 0.0000000000
69368  -48.330  -5.413  45.074 0.0000000000
70347  -50.047  -3.682  47.810 0.0000000000
69360  -49.450  -3.905  47.313 0.0000000000
69359  -49.055  -4.267  47.023 0.0000000000
69375  -49.151  -5.444  43.719 0.0000000000
71380  -49.994  -2.996  44.504 0.0000000000
70378  -49.646  -4.795  43.298 0.0000000000
71383  -51.559  -2.869  42.798 0.0000000000
72437  -54.137  -1.583  45.283 0.0000000000
43630  -15.701  -29.705  84.440 0.0000000000
43623  -15.627  -29.878  85.480 0.0000000000
41529  -14.687  -31.327  84.643 0.0000000000
41536  -14.366  -32.210  83.409 0.0000000000
42604  -14.133  -32.093  83.892 0.0000000000
40523  -13.778  -32.604  84.340 0.0000000000
56141  -34.252  -18.877  60.722 0.0000000000
64336  -39.908  -9.981  54.984 0.0000000000
58268  -38.160  -15.508  59.311 0.0000000000
59294  -39.060  -13.947  59.104 0.0000000000
60304  -38.801  -13.446  58.726 0.0000000000
61323  -41.547  -12.084  59.854 0.0000000000
62322  -41.580  -11.593  59.426 0.0000000000
61322  -40.970  -11.914  59.769 0.0000000000
61321  -40.117  -11.834  59.560 0.0000000000
62319  -38.887  -12.289  58.169 0.0000000000
62337  -39.054  -11.810  58.103 0.0000000000
63317  -38.973  -11.732  57.687 0.0000000000
63329  -39.405  -10.692  56.827 0.0000000000
64325  -39.729  -9.993  56.049 0.0000000000
65353  -42.413  -8.155  56.139 0.0000000000
44616  -16.350  -28.566  85.481 0.0000000000
42619  -15.084  -31.095  82.476 0.0000000000
43615  -15.421  -30.189  86.259 0.0000000000
43609  -15.400  -30.066  87.034 0.0000000000
42577  -14.968  -31.140  86.187 0.0000000000
43608  -15.071  -30.629  86.662 0.0000000000
43600  -15.209  -30.059  87.867 0.0000000000
42563  -15.088  -30.088  88.663 0.0000000000
41509  -13.222  -33.114  86.710 0.0000000000
41502  -13.264  -32.600  87.106 0.0000000000
40490  -13.397  -32.027  88.361 0.0000000000
41486  -13.945  -31.485  88.826 0.0000000000
41481  -14.004  -31.164  89.313 0.0000000000
42545  -14.078  -30.135  89.706 0.0000000000
41479  -12.962  -32.085  90.174 0.0000000000
42535  -12.344  -30.998  91.323 0.0000000000
38482  -11.247  -35.122  88.293 0.0000000000
40478  -10.524  -33.523  90.212 0.0000000000
40483  -13.615  -31.810  88.717 0.0000000000
40491  -13.614  -31.745  88.485 0.0000000000
40499  -12.626  -33.729  87.105 0.0000000000
40506  -12.717  -33.819  86.803 0.0000000000
41493  -13.354  -32.035  87.729 0.0000000000
41494  -13.701  -31.625  88.180 0.0000000000
41503  -13.671  -32.061  86.720 0.0000000000
41512  -14.801  -31.413  85.892 0.0000000000
41521  -15.132  -31.020  85.324 0.0000000000
41527  -13.855  -32.470  84.094 0.0000000000
41528  -14.141  -32.084  84.318 0.0000000000
41535  -13.981  -32.619  83.686 0.0000000000
42546  -14.552  -29.500  89.506 0.0000000000
42552  -15.146  -29.356  89.093 0.0000000000
42571  -13.782  -31.706  87.111 0.0000000000
42578  -15.001  -31.272  85.798 0.0000000000
42585  -15.262  -30.910  86.016 0.0000000000
42586  -15.209  -30.976  85.707 0.0000000000
42594  -14.005  -32.287  83.912 0.0000000000
42595  -14.035  -32.181  84.122 0.0000000000
42603  -14.149  -32.272  83.709 0.0000000000
42632  -15.460  -31.638  81.284 0.0000000000
43621  -15.463  -30.695  85.925 0.0000000000
43622  -15.362  -30.491  85.783 0.0000000000
43664  -15.470  -30.940  81.274 0.0000000000
43676  -15.652  -30.911  80.759 0.0000000000
43688  -16.309  -30.291  79.882 0.0000000000
46597  -16.709  -27.710  81.972 0.0000000000
48697  -20.726  -24.628  76.699 0.0000000000
48698  -21.886  -23.794  75.991 0.0000000000
49765  -21.748  -23.935  75.978 0.0000000000
50782  -24.477  -20.894  78.695 0.0000000000
50863  -31.505  -22.100  72.992 0.0000000000
51855  -26.572  -19.587  78.367 0.0000000000
51900  -31.358  -21.703  73.929 0.0000000000
52898  -31.489  -19.160  77.837 0.0000000000
52923  -32.486  -19.859  76.995 0.0000000000
53879  -31.684  -18.852  77.666 0.0000000000
53906  -34.270  -18.585  76.421 0.0000000000
53914  -28.527  -19.386  76.193 0.0000000000
53916  -29.934  -19.478  76.318 0.0000000000
54921  -32.453  -17.968  77.832 0.0000000000
54938  -34.183  -18.432  76.655 0.0000000000
55941  -33.164  -16.737  78.144 0.0000000000
56004  -36.889  -16.184  72.547 0.0000000000
56109  -33.500  -17.413  63.660 0.0000000000
56147  -39.269  -14.856  61.151 0.0000000000
57158  -33.559  -17.259  63.983 0.0000000000
59205  -35.303  -15.708  65.610 0.0000000000
59288  -43.880  -12.655  61.030 0.0000000000
60277  -42.843  -12.612  60.381 0.0000000000
62294  -44.305  -11.409  60.560 0.0000000000
62318  -38.674  -12.652  57.679 0.0000000000
63305  -39.732  -11.287  58.704 0.0000000000
66402  -46.621  -6.093  51.451 0.0000000000
66414  -45.988  -6.384  51.048 0.0000000000
66440  -44.637  -7.881  47.992 0.0000000000
67398  -43.252  -7.461  50.800 0.0000000000
67399  -43.481  -7.237  50.828 0.0000000000
67455  -45.863  -6.391  48.464 0.0000000000
68434  -45.849  -6.451  48.225 0.0000000000
68458  -48.310  -5.152  45.881 0.0000000000
69352  -49.568  -3.941  47.771 0.0000000000
70348  -50.517  -3.644  47.707 0.0000000000
71358  -48.945  -2.068  45.697 0.0000000000
71364  -48.258  -2.232  45.660 0.0000000000
71365  -48.124  -2.158  45.512 0.0000000000
71366  -48.756  -2.022  45.647 0.0000000000
71373  -48.574  -1.937  45.506 0.0000000000
71374  -49.359  -1.881  45.353 0.0000000000
71375  -49.834  -3.000  45.503 0.0000000000
71379  -50.079  -2.159  45.017 0.0000000000
72421  -48.596  -2.001  45.858 0.0000000000
72422  -49.166  -1.962  45.641 0.0000000000
72423  -53.154  -1.938  46.208 0.0000000000
72430  -48.331  -2.028  45.495 0.0000000000
72431  -48.796  -1.501  44.778 0.0000000000
72432  -49.697  -1.917  45.477 0.0000000000
72443  -48.741  -1.749  45.303 0.0000000000
72453  -49.814  -2.420  43.976 0.0000000000
73535  -49.358  -1.565  44.718 0.0000000000
73536  -50.098  -1.676  44.889 0.0000000000
73537  -50.516  -1.963  44.866 0.0000000000
73545  -49.317  -1.792  44.174 0.0000000000
73546  -49.723  -1.432  43.985 0.0000000000
73547  -50.381  -1.845  44.391 0.0000000000
73555  -49.368  -2.106  43.930 0.0000000000
73557  -50.168  -1.784  43.937 0.0000000000
114052  -48.453  -2.115  45.688 0.0000000000
