#!ascii label  , from subject A00073296 vox2ras=TkReg
1229
82357  -40.788  7.996  40.966 0.0000000000
78753  -51.343  4.226  30.382 0.0000000000
87749  -47.385  14.494  40.013 0.0000000000
81503  -49.618  6.526  36.839 0.0000000000
81400  -48.297  7.292  45.964 0.0000000000
84862  -44.045  9.955  31.406 0.0000000000
89504  -49.268  16.690  29.736 0.0000000000
90266  -43.497  17.271  37.424 0.0000000000
82267  -43.164  8.123  51.577 0.0000000000
80526  -44.274  5.514  38.445 0.0000000000
81545  -47.099  6.754  33.533 0.0000000000
84110  -42.187  9.230  36.539 0.0000000000
89358  -52.092  16.328  40.269 0.0000000000
87800  -50.286  14.388  35.090 0.0000000000
90282  -52.251  16.820  36.363 0.0000000000
89446  -46.366  16.723  33.474 0.0000000000
90238  -48.695  17.944  39.125 0.0000000000
81631  -49.289  7.201  27.581 0.0000000000
85519  -39.302  11.456  42.764 0.0000000000
85528  -43.604  11.753  40.504 0.0000000000
83302  -54.227  8.932  39.226 0.0000000000
80494  -49.592  5.685  41.633 0.0000000000
79535  -43.918  4.116  43.463 0.0000000000
81394  -43.380  6.853  47.441 0.0000000000
83400  -49.865  8.983  29.254 0.0000000000
84898  -46.944  10.977  26.551 0.0000000000
87076  -44.986  13.278  35.834 0.0000000000
87861  -45.659  14.893  29.926 0.0000000000
87905  -45.095  14.461  24.656 0.0000000000
90363  -44.077  17.021  28.595 0.0000000000
91184  -41.488  18.613  31.120 0.0000000000
80510  -42.024  6.107  39.461 0.0000000000
81483  -43.288  6.769  37.023 0.0000000000
83311  -41.540  8.708  38.144 0.0000000000
91084  -52.368  18.246  41.485 0.0000000000
89379  -53.125  16.566  38.347 0.0000000000
91122  -52.413  17.639  38.796 0.0000000000
89377  -50.518  17.133  37.816 0.0000000000
80658  -50.217  5.834  28.942 0.0000000000
87007  -38.736  13.368  43.678 0.0000000000
87011  -41.288  13.375  42.438 0.0000000000
80469  -49.147  6.099  43.949 0.0000000000
79549  -46.662  4.268  42.498 0.0000000000
80466  -45.921  5.915  44.918 0.0000000000
83216  -42.896  8.613  49.805 0.0000000000
81380  -38.040  6.329  47.282 0.0000000000
83260  -37.014  8.187  45.035 0.0000000000
82316  -35.981  7.884  46.781 0.0000000000
81533  -51.416  6.953  34.187 0.0000000000
82468  -45.350  7.845  32.077 0.0000000000
82488  -48.481  7.498  31.349 0.0000000000
83381  -47.030  8.475  29.898 0.0000000000
84178  -48.257  9.953  27.585 0.0000000000
84881  -45.218  10.332  28.851 0.0000000000
86266  -45.879  13.260  40.245 0.0000000000
86297  -44.730  12.594  38.194 0.0000000000
86299  -46.863  12.747  38.128 0.0000000000
87851  -50.091  15.431  31.966 0.0000000000
87834  -47.853  14.572  32.104 0.0000000000
88617  -47.540  15.510  29.430 0.0000000000
87889  -45.680  14.669  26.562 0.0000000000
89519  -46.687  16.499  26.716 0.0000000000
88656  -44.663  15.911  25.914 0.0000000000
90366  -47.068  17.711  28.796 0.0000000000
89397  -44.835  16.504  36.258 0.0000000000
90316  -43.368  18.149  31.850 0.0000000000
90299  -42.737  17.813  33.834 0.0000000000
91923  -40.466  19.259  33.336 0.0000000000
91139  -41.277  18.360  36.620 0.0000000000
80545  -47.124  5.430  37.883 0.0000000000
81517  -48.369  6.230  35.681 0.0000000000
81499  -45.432  6.179  36.278 0.0000000000
82433  -44.189  7.381  35.018 0.0000000000
84131  -43.229  9.529  33.768 0.0000000000
89356  -49.814  16.158  40.878 0.0000000000
87767  -48.918  14.209  38.018 0.0000000000
88544  -51.968  15.332  37.761 0.0000000000
87792  -52.221  15.287  35.225 0.0000000000
89466  -50.597  16.368  32.598 0.0000000000
90339  -48.285  17.064  31.049 0.0000000000
89434  -49.080  16.643  34.331 0.0000000000
89400  -47.446  16.667  36.562 0.0000000000
91120  -46.046  18.093  38.881 0.0000000000
82538  -47.244  7.785  26.819 0.0000000000
84064  -40.825  9.615  41.761 0.0000000000
84072  -42.117  10.279  40.493 0.0000000000
84797  -42.141  11.091  41.690 0.0000000000
87017  -43.930  13.441  41.469 0.0000000000
88507  -45.654  15.526  41.655 0.0000000000
89309  -45.710  16.371  44.480 0.0000000000
89334  -47.311  16.460  42.519 0.0000000000
82406  -52.175  7.616  38.235 0.0000000000
82377  -52.010  7.675  40.340 0.0000000000
80531  -49.015  5.751  39.039 0.0000000000
79583  -46.873  4.644  40.012 0.0000000000
79571  -44.381  4.470  40.304 0.0000000000
114177  -48.003  8.454  48.133 0.0000000000
84023  -45.752  9.182  51.378 0.0000000000
82305  -45.504  8.483  48.401 0.0000000000
81397  -45.826  7.465  46.557 0.0000000000
79515  -43.658  4.947  45.342 0.0000000000
81432  -39.896  7.325  42.594 0.0000000000
80648  -53.055  6.576  30.903 0.0000000000
81563  -49.975  6.711  32.953 0.0000000000
82506  -51.271  8.020  30.655 0.0000000000
82516  -52.103  7.827  29.346 0.0000000000
83423  -50.751  8.914  27.286 0.0000000000
84206  -48.966  10.071  25.745 0.0000000000
84213  -46.678  10.238  24.896 0.0000000000
85548  -42.872  11.282  38.706 0.0000000000
86319  -42.636  11.846  36.391 0.0000000000
86338  -43.422  12.379  33.786 0.0000000000
87079  -47.784  13.576  35.522 0.0000000000
87100  -45.308  13.967  33.386 0.0000000000
86360  -43.887  12.803  30.408 0.0000000000
86379  -45.210  12.779  27.294 0.0000000000
86396  -46.254  12.647  24.983 0.0000000000
84915  -44.532  11.283  24.974 0.0000000000
90337  -45.741  17.745  30.541 0.0000000000
91203  -42.633  17.937  29.706 0.0000000000
88615  -40.736  16.667  30.456 0.0000000000
90332  -38.930  17.216  31.492 0.0000000000
90305  -37.744  17.557  32.924 0.0000000000
81447  -40.916  6.961  40.122 0.0000000000
81454  -41.557  6.908  39.038 0.0000000000
82367  -40.899  8.001  39.728 0.0000000000
91108  -52.586  17.784  39.471 0.0000000000
91106  -51.232  18.605  39.276 0.0000000000
79701  -51.250  5.551  29.528 0.0000000000
81419  -48.845  6.528  44.723 0.0000000000
80478  -47.199  5.516  44.099 0.0000000000
81417  -47.286  6.729  45.194 0.0000000000
81370  -37.615  6.817  47.948 0.0000000000
81390  -36.851  6.890  46.767 0.0000000000
81504  -50.820  6.886  36.882 0.0000000000
81519  -50.496  6.820  35.897 0.0000000000
83365  -44.683  8.559  31.988 0.0000000000
82485  -45.608  8.120  31.421 0.0000000000
84152  -45.323  9.169  30.326 0.0000000000
84162  -45.939  9.754  28.899 0.0000000000
84151  -44.836  9.844  29.977 0.0000000000
87024  -46.795  13.877  39.964 0.0000000000
86287  -46.623  12.876  39.109 0.0000000000
87033  -47.109  13.609  39.467 0.0000000000
88621  -49.792  16.013  30.877 0.0000000000
88602  -49.017  15.398  30.699 0.0000000000
88633  -49.092  16.243  29.495 0.0000000000
88644  -47.610  15.889  28.064 0.0000000000
89521  -48.015  16.820  27.806 0.0000000000
90386  -46.782  17.025  26.982 0.0000000000
90379  -48.502  17.247  28.617 0.0000000000
90281  -44.291  16.695  36.455 0.0000000000
90291  -43.670  17.078  35.237 0.0000000000
90279  -42.751  17.525  36.577 0.0000000000
91148  -41.951  17.973  35.913 0.0000000000
90265  -42.754  17.732  37.626 0.0000000000
80527  -45.386  5.188  38.257 0.0000000000
80561  -46.420  5.688  36.986 0.0000000000
80543  -45.322  5.630  37.518 0.0000000000
83325  -42.497  8.357  36.696 0.0000000000
82419  -43.600  7.545  35.761 0.0000000000
83337  -43.412  8.203  35.396 0.0000000000
83352  -43.678  8.489  34.063 0.0000000000
84117  -42.737  9.222  35.441 0.0000000000
89357  -50.937  16.159  40.748 0.0000000000
88533  -50.575  15.407  38.923 0.0000000000
88523  -52.106  15.929  39.409 0.0000000000
90273  -53.070  16.614  37.125 0.0000000000
88561  -52.962  15.814  36.775 0.0000000000
89422  -52.452  16.400  35.424 0.0000000000
89453  -51.777  15.891  33.729 0.0000000000
89437  -51.635  16.390  34.296 0.0000000000
89450  -50.191  16.566  33.379 0.0000000000
89420  -50.790  16.690  35.190 0.0000000000
90255  -49.086  17.413  38.588 0.0000000000
89388  -48.916  16.814  37.095 0.0000000000
90254  -48.035  17.341  38.616 0.0000000000
90269  -46.388  16.883  37.655 0.0000000000
90237  -47.697  17.887  39.097 0.0000000000
82529  -48.223  7.022  27.612 0.0000000000
84795  -40.490  10.425  42.233 0.0000000000
84796  -41.509  10.596  41.719 0.0000000000
85521  -40.827  11.362  42.163 0.0000000000
87733  -41.753  14.232  42.867 0.0000000000
87012  -42.486  13.446  42.121 0.0000000000
87735  -43.729  14.419  41.871 0.0000000000
87742  -44.333  14.030  41.437 0.0000000000
88500  -44.430  15.692  42.514 0.0000000000
89300  -46.027  16.337  45.394 0.0000000000
89322  -46.537  16.489  43.529 0.0000000000
89323  -47.683  16.566  43.704 0.0000000000
89336  -49.611  16.525  42.878 0.0000000000
89312  -49.189  16.472  44.836 0.0000000000
82407  -53.239  8.025  37.779 0.0000000000
82390  -53.126  8.199  38.878 0.0000000000
82369  -51.867  7.606  41.252 0.0000000000
81448  -50.147  6.171  40.932 0.0000000000
81473  -50.712  6.859  39.360 0.0000000000
80516  -49.203  5.721  39.774 0.0000000000
80515  -48.374  5.391  39.571 0.0000000000
80504  -48.444  5.062  40.553 0.0000000000
79548  -45.731  4.020  42.606 0.0000000000
79559  -45.652  4.072  41.580 0.0000000000
78614  -43.734  3.794  41.788 0.0000000000
83176  -44.225  8.685  51.472 0.0000000000
83237  -44.982  8.715  49.235 0.0000000000
82310  -44.088  7.809  47.975 0.0000000000
82319  -45.684  7.837  47.085 0.0000000000
81396  -44.879  7.355  46.792 0.0000000000
80446  -44.352  6.628  46.447 0.0000000000
80445  -43.193  6.393  46.821 0.0000000000
82343  -39.617  7.793  42.822 0.0000000000
82336  -38.481  7.382  43.752 0.0000000000
79673  -53.238  5.504  31.737 0.0000000000
81529  -47.250  6.462  34.566 0.0000000000
81547  -49.178  6.442  33.786 0.0000000000
81561  -47.981  6.826  32.930 0.0000000000
83383  -49.120  8.525  29.884 0.0000000000
82489  -49.559  7.525  31.338 0.0000000000
83385  -50.949  8.494  29.930 0.0000000000
83386  -51.667  8.331  29.891 0.0000000000
84167  -51.141  9.193  28.922 0.0000000000
82543  -51.348  8.425  28.207 0.0000000000
84181  -51.002  9.366  28.353 0.0000000000
84191  -47.872  10.550  26.899 0.0000000000
84192  -48.944  10.146  26.640 0.0000000000
84900  -48.696  10.453  25.950 0.0000000000
84215  -48.424  9.926  25.157 0.0000000000
84908  -47.523  11.070  25.373 0.0000000000
84803  -42.618  10.714  40.254 0.0000000000
84084  -42.209  10.423  39.382 0.0000000000
84819  -42.842  11.022  39.353 0.0000000000
86309  -45.293  12.942  37.453 0.0000000000
86307  -43.198  12.289  37.217 0.0000000000
86321  -44.208  12.958  36.034 0.0000000000
86337  -42.968  11.966  34.494 0.0000000000
87088  -44.055  13.000  34.459 0.0000000000
87779  -49.926  14.284  36.831 0.0000000000
87065  -48.480  13.638  36.273 0.0000000000
87080  -48.703  13.730  35.325 0.0000000000
87846  -46.086  14.682  31.259 0.0000000000
87821  -46.672  14.356  33.137 0.0000000000
87110  -45.131  14.055  31.918 0.0000000000
87117  -44.289  13.554  31.192 0.0000000000
87129  -44.300  13.650  30.134 0.0000000000
86372  -44.187  12.940  29.301 0.0000000000
87143  -44.677  13.821  28.644 0.0000000000
87898  -45.602  14.553  25.445 0.0000000000
87156  -45.598  13.663  25.846 0.0000000000
87171  -45.712  13.227  24.969 0.0000000000
86404  -45.907  12.523  24.680 0.0000000000
86403  -44.985  12.757  24.656 0.0000000000
85653  -43.770  12.009  25.225 0.0000000000
87162  -43.905  13.693  25.019 0.0000000000
89511  -44.454  16.378  27.298 0.0000000000
88654  -43.371  15.095  26.854 0.0000000000
90319  -47.560  17.110  31.759 0.0000000000
90338  -47.229  17.437  30.781 0.0000000000
90318  -46.385  17.329  31.719 0.0000000000
91173  -42.701  18.470  31.773 0.0000000000
90335  -43.524  18.312  31.121 0.0000000000
91194  -42.019  18.261  30.188 0.0000000000
90349  -41.513  17.511  29.859 0.0000000000
90348  -40.273  17.512  30.528 0.0000000000
89491  -39.551  17.070  30.809 0.0000000000
91182  -39.682  18.130  31.269 0.0000000000
91922  -39.982  19.356  33.921 0.0000000000
91162  -38.969  18.690  32.820 0.0000000000
91927  -38.657  19.022  33.905 0.0000000000
91153  -37.360  18.332  33.883 0.0000000000
81456  -43.223  5.915  38.697 0.0000000000
81469  -43.530  6.118  38.098 0.0000000000
81468  -42.493  6.946  38.044 0.0000000000
82386  -41.945  7.736  37.921 0.0000000000
84102  -41.773  9.288  37.425 0.0000000000
89368  -52.808  16.531  39.309 0.0000000000
90228  -52.842  17.197  39.881 0.0000000000
90242  -52.738  17.463  38.950 0.0000000000
90271  -52.127  17.198  37.420 0.0000000000
89390  -51.178  17.012  37.097 0.0000000000
90270  -51.552  17.352  37.823 0.0000000000
90240  -50.689  17.976  39.039 0.0000000000
80666  -49.561  5.752  28.404 0.0000000000
86254  -38.968  12.393  43.108 0.0000000000
87010  -40.221  13.250  42.660 0.0000000000
87731  -39.440  13.973  43.087 0.0000000000
80486  -49.041  5.344  42.374 0.0000000000
79562  -48.173  4.743  41.571 0.0000000000
79539  -48.108  5.050  43.140 0.0000000000
79537  -46.072  4.562  43.631 0.0000000000
79536  -45.017  4.278  43.609 0.0000000000
83196  -43.205  8.720  50.554 0.0000000000
82302  -42.233  7.761  48.792 0.0000000000
80451  -38.882  5.853  45.620 0.0000000000
82328  -38.211  7.093  44.340 0.0000000000
82318  -37.194  7.113  45.782 0.0000000000
82326  -36.923  7.704  45.515 0.0000000000
82457  -45.523  7.348  33.215 0.0000000000
82470  -47.529  7.130  32.347 0.0000000000
82469  -46.435  7.400  32.167 0.0000000000
82502  -47.305  8.021  30.507 0.0000000000
83382  -48.095  8.458  29.831 0.0000000000
84165  -49.635  9.345  28.536 0.0000000000
84163  -47.450  9.573  28.466 0.0000000000
84177  -47.082  10.245  27.541 0.0000000000
84890  -46.485  10.592  27.464 0.0000000000
85539  -44.780  12.438  40.212 0.0000000000
85550  -44.168  12.030  39.466 0.0000000000
86285  -45.030  12.339  39.107 0.0000000000
86298  -45.853  12.654  38.402 0.0000000000
86310  -46.242  12.885  37.431 0.0000000000
87825  -50.249  14.872  33.186 0.0000000000
87104  -48.675  14.331  33.655 0.0000000000
87835  -48.787  14.730  32.232 0.0000000000
87863  -47.631  15.304  30.623 0.0000000000
87862  -46.931  15.319  30.050 0.0000000000
87871  -45.328  14.776  28.765 0.0000000000
88643  -46.800  15.645  27.876 0.0000000000
88672  -46.545  16.116  26.439 0.0000000000
89530  -46.261  16.282  26.113 0.0000000000
88680  -44.814  15.317  24.901 0.0000000000
90394  -46.109  16.469  26.044 0.0000000000
90384  -45.323  16.560  26.479 0.0000000000
90364  -45.195  17.431  28.354 0.0000000000
89431  -45.786  16.625  34.436 0.0000000000
89445  -45.173  16.833  33.440 0.0000000000
90301  -44.489  17.001  33.873 0.0000000000
90308  -43.584  17.617  32.978 0.0000000000
91164  -41.843  18.427  33.369 0.0000000000
91171  -40.822  18.949  31.950 0.0000000000
91156  -40.891  18.907  34.157 0.0000000000
91146  -40.433  19.042  35.152 0.0000000000
81502  -48.302  6.042  36.879 0.0000000000
81518  -49.465  6.491  35.801 0.0000000000
81501  -47.366  5.931  36.425 0.0000000000
81516  -47.364  6.225  35.522 0.0000000000
81528  -46.209  6.647  34.472 0.0000000000
81498  -44.257  6.692  36.013 0.0000000000
81513  -44.582  6.942  35.105 0.0000000000
81527  -45.222  7.008  34.369 0.0000000000
82445  -44.449  7.600  34.095 0.0000000000
83358  -43.839  8.790  33.113 0.0000000000
84136  -43.834  9.538  32.409 0.0000000000
88519  -48.200  15.312  40.283 0.0000000000
87758  -48.525  14.437  38.999 0.0000000000
88532  -49.481  15.192  39.354 0.0000000000
87760  -50.426  14.924  38.173 0.0000000000
87780  -50.963  14.556  36.570 0.0000000000
88545  -52.804  15.786  37.868 0.0000000000
87781  -51.864  14.850  36.392 0.0000000000
87801  -51.052  14.678  34.822 0.0000000000
87826  -50.915  15.239  33.068 0.0000000000
89482  -50.870  16.171  32.036 0.0000000000
90356  -50.004  16.504  31.584 0.0000000000
90354  -48.994  17.078  30.511 0.0000000000
90340  -49.215  16.755  31.589 0.0000000000
89463  -48.819  16.696  32.646 0.0000000000
89433  -48.003  16.643  34.421 0.0000000000
89402  -49.339  16.798  36.169 0.0000000000
89418  -48.656  16.691  35.325 0.0000000000
89417  -47.455  16.627  35.546 0.0000000000
89399  -46.670  16.650  36.358 0.0000000000
90268  -45.746  16.866  37.670 0.0000000000
90252  -45.386  17.457  38.295 0.0000000000
83289  -40.771  8.758  41.418 0.0000000000
83290  -41.097  8.878  40.922 0.0000000000
84065  -41.410  9.919  41.392 0.0000000000
84800  -42.466  10.819  41.094 0.0000000000
85525  -43.366  11.882  41.127 0.0000000000
86257  -42.045  12.458  42.053 0.0000000000
86259  -42.913  12.509  41.648 0.0000000000
85526  -43.940  12.403  41.004 0.0000000000
86262  -44.956  13.132  40.902 0.0000000000
87744  -45.712  14.214  40.861 0.0000000000
88513  -46.623  15.202  40.951 0.0000000000
89307  -44.281  16.204  43.891 0.0000000000
89321  -45.506  16.306  43.385 0.0000000000
89342  -46.509  15.733  41.514 0.0000000000
88514  -47.368  15.499  40.924 0.0000000000
89345  -49.191  16.443  41.770 0.0000000000
89346  -50.320  16.436  41.840 0.0000000000
89347  -51.393  16.489  41.690 0.0000000000
82422  -52.447  7.574  36.953 0.0000000000
81505  -51.557  7.221  37.209 0.0000000000
82370  -52.594  8.104  40.924 0.0000000000
82378  -52.813  8.184  39.959 0.0000000000
82389  -52.159  7.704  39.368 0.0000000000
81488  -51.037  6.992  38.124 0.0000000000
81487  -49.906  6.434  37.811 0.0000000000
80530  -48.297  5.615  38.653 0.0000000000
80529  -47.315  5.306  38.562 0.0000000000
79596  -45.294  4.783  38.825 0.0000000000
79573  -46.358  4.453  40.604 0.0000000000
79572  -45.412  4.412  40.481 0.0000000000
79580  -44.338  4.948  39.274 0.0000000000
80502  -42.734  5.274  39.910 0.0000000000
84030  -46.831  9.551  50.910 0.0000000000
83217  -44.080  8.868  49.959 0.0000000000
83218  -45.552  9.279  50.283 0.0000000000
114191  -47.539  9.504  50.081 0.0000000000
83248  -47.047  8.712  48.231 0.0000000000
82321  -46.772  8.156  46.828 0.0000000000
81408  -46.938  7.009  45.700 0.0000000000
80458  -46.303  6.555  45.311 0.0000000000
79516  -44.634  5.386  45.277 0.0000000000
79523  -43.238  4.358  44.417 0.0000000000
82350  -40.481  7.866  41.659 0.0000000000
82349  -40.105  7.859  42.332 0.0000000000
84057  -39.460  9.122  42.713 0.0000000000
84793  -38.994  9.996  42.872 0.0000000000
85517  -38.625  11.569  43.292 0.0000000000
79672  -52.816  4.789  32.014 0.0000000000
79684  -52.616  5.144  30.991 0.0000000000
79693  -52.271  5.724  30.497 0.0000000000
81531  -49.382  6.418  34.752 0.0000000000
81548  -50.220  6.591  33.813 0.0000000000
82471  -48.724  7.136  32.171 0.0000000000
82490  -50.573  7.581  31.404 0.0000000000
82491  -51.524  7.570  31.564 0.0000000000
82507  -52.211  7.729  30.643 0.0000000000
81611  -52.379  7.332  29.758 0.0000000000
80646  -52.102  6.225  30.030 0.0000000000
81609  -51.080  6.641  28.958 0.0000000000
82530  -50.874  7.786  28.011 0.0000000000
82541  -50.313  8.147  27.353 0.0000000000
84179  -49.335  9.593  27.671 0.0000000000
83422  -50.103  8.965  26.702 0.0000000000
82551  -49.026  8.454  26.476 0.0000000000
82550  -48.065  8.387  26.191 0.0000000000
83433  -46.822  8.916  25.571 0.0000000000
83432  -45.933  8.951  25.873 0.0000000000
83300  -41.151  9.138  39.237 0.0000000000
84095  -41.660  9.897  38.518 0.0000000000
84832  -41.861  10.253  37.072 0.0000000000
86283  -43.492  11.866  38.506 0.0000000000
86306  -42.588  11.678  37.288 0.0000000000
84838  -42.163  10.106  36.037 0.0000000000
84849  -42.616  10.379  34.728 0.0000000000
84856  -43.223  10.457  33.049 0.0000000000
84861  -43.633  10.484  31.794 0.0000000000
87043  -48.051  13.767  38.279 0.0000000000
87064  -47.542  13.306  36.626 0.0000000000
87078  -46.839  13.413  35.621 0.0000000000
87102  -47.303  14.125  33.855 0.0000000000
87101  -46.408  14.066  33.844 0.0000000000
87089  -44.968  13.413  34.687 0.0000000000
87099  -44.212  13.194  33.545 0.0000000000
85595  -43.452  11.681  31.650 0.0000000000
84869  -43.736  11.015  30.703 0.0000000000
84880  -44.470  10.813  29.416 0.0000000000
85632  -46.127  11.919  26.305 0.0000000000
87888  -45.318  14.069  27.116 0.0000000000
86387  -45.603  12.796  26.399 0.0000000000
85642  -46.421  12.183  25.446 0.0000000000
85657  -46.850  11.248  24.731 0.0000000000
84212  -46.156  10.494  24.888 0.0000000000
87897  -43.749  14.537  25.434 0.0000000000
90352  -47.116  17.719  29.754 0.0000000000
90351  -46.250  17.813  29.405 0.0000000000
91205  -44.541  17.769  29.084 0.0000000000
90336  -44.299  18.091  31.065 0.0000000000
91196  -44.092  18.161  29.776 0.0000000000
91204  -43.488  17.769  29.446 0.0000000000
90361  -42.045  17.027  29.462 0.0000000000
88616  -41.426  16.148  30.210 0.0000000000
87845  -41.459  15.184  30.599 0.0000000000
91169  -39.123  18.319  32.134 0.0000000000
90313  -38.624  17.513  32.068 0.0000000000
91889  -44.706  19.035  39.042 0.0000000000
91117  -43.091  18.550  38.699 0.0000000000
91116  -42.330  18.874  38.486 0.0000000000
91129  -40.890  18.835  37.208 0.0000000000
91901  -40.146  19.329  37.434 0.0000000000
81446  -40.744  7.406  40.653 0.0000000000
82366  -40.779  7.740  40.412 0.0000000000
79691  -50.924  4.431  29.908 0.0000000000
82329  -48.836  7.053  45.395 0.0000000000
81411  -49.296  6.876  45.092 0.0000000000
81410  -48.568  6.960  45.426 0.0000000000
81418  -47.946  6.591  44.985 0.0000000000
81409  -47.764  6.977  45.613 0.0000000000
82298  -38.024  7.258  48.580 0.0000000000
84143  -44.515  9.380  31.313 0.0000000000
84144  -45.083  8.934  30.978 0.0000000000
84870  -44.170  10.219  30.771 0.0000000000
87757  -47.731  14.199  39.422 0.0000000000
88634  -49.416  16.280  30.143 0.0000000000
88620  -49.355  15.842  30.324 0.0000000000
88646  -48.669  16.451  28.675 0.0000000000
89503  -48.991  16.827  28.943 0.0000000000
90388  -48.160  17.127  28.056 0.0000000000
90368  -48.908  17.241  29.513 0.0000000000
90280  -43.669  16.966  36.224 0.0000000000
80542  -44.584  5.743  37.765 0.0000000000
83336  -42.935  8.428  35.921 0.0000000000
83346  -43.136  8.623  35.355 0.0000000000
88522  -51.323  15.944  39.662 0.0000000000
90283  -52.717  16.585  36.485 0.0000000000
90292  -52.270  16.658  35.781 0.0000000000
89421  -51.767  16.701  35.309 0.0000000000
89436  -50.946  16.550  34.279 0.0000000000
89404  -51.447  16.866  36.099 0.0000000000
91103  -48.357  18.662  39.333 0.0000000000
81623  -49.125  6.422  27.991 0.0000000000
81630  -48.650  6.917  27.666 0.0000000000
81622  -48.179  6.416  28.054 0.0000000000
85520  -40.039  11.158  42.482 0.0000000000
87728  -42.290  15.025  43.389 0.0000000000
87734  -42.846  14.547  42.502 0.0000000000
88504  -43.501  15.133  42.505 0.0000000000
88505  -44.100  15.208  42.175 0.0000000000
88499  -43.918  15.743  43.008 0.0000000000
89311  -48.034  16.525  44.723 0.0000000000
89324  -48.847  16.548  43.846 0.0000000000
83303  -54.870  8.900  38.993 0.0000000000
83313  -54.449  8.667  38.436 0.0000000000
83312  -53.889  8.683  38.901 0.0000000000
81457  -50.020  6.241  39.985 0.0000000000
80505  -49.431  5.628  40.700 0.0000000000
79547  -44.611  3.844  42.360 0.0000000000
79546  -43.539  3.856  42.355 0.0000000000
81385  -43.520  7.299  47.849 0.0000000000
81386  -44.270  7.514  47.456 0.0000000000
81395  -43.925  7.034  47.119 0.0000000000
81415  -38.779  6.627  43.922 0.0000000000
81425  -38.929  7.108  43.494 0.0000000000
82493  -53.069  7.157  32.138 0.0000000000
81546  -48.128  6.526  33.724 0.0000000000
83384  -50.087  8.559  29.928 0.0000000000
83401  -50.697  8.962  29.348 0.0000000000
84166  -50.499  9.311  28.735 0.0000000000
84899  -48.167  10.733  26.114 0.0000000000
84909  -48.303  10.457  25.541 0.0000000000
84804  -43.059  11.256  40.413 0.0000000000
84809  -43.005  11.136  39.793 0.0000000000
85537  -43.588  11.602  39.909 0.0000000000
87061  -44.877  13.121  36.654 0.0000000000
86329  -43.578  12.578  35.080 0.0000000000
86330  -44.355  13.063  35.216 0.0000000000
87789  -50.177  14.320  35.919 0.0000000000
87066  -49.319  13.949  36.058 0.0000000000
87081  -49.532  14.050  35.228 0.0000000000
87118  -44.973  14.259  30.715 0.0000000000
87130  -44.771  14.293  29.629 0.0000000000
87142  -44.409  13.693  29.435 0.0000000000
88681  -45.546  15.223  25.017 0.0000000000
87906  -45.444  14.126  25.021 0.0000000000
87170  -45.316  13.493  24.768 0.0000000000
87169  -44.646  13.661  24.641 0.0000000000
89510  -43.824  16.230  27.867 0.0000000000
88642  -43.846  15.783  27.224 0.0000000000
89502  -43.234  16.599  28.742 0.0000000000
89461  -46.955  17.036  32.608 0.0000000000
89460  -45.936  16.966  32.612 0.0000000000
91172  -42.036  18.688  32.119 0.0000000000
91185  -42.743  18.502  31.073 0.0000000000
91193  -40.930  18.138  30.516 0.0000000000
91192  -40.184  18.017  30.806 0.0000000000
91183  -40.488  18.457  31.201 0.0000000000
91916  -39.860  19.381  34.806 0.0000000000
91921  -39.228  19.344  34.281 0.0000000000
81455  -42.650  6.224  38.757 0.0000000000
82375  -41.350  7.938  38.697 0.0000000000
81467  -41.805  7.353  38.412 0.0000000000
83324  -42.126  8.314  37.382 0.0000000000
90220  -52.763  17.233  40.414 0.0000000000
90227  -52.770  17.496  40.268 0.0000000000
91123  -52.577  17.621  38.992 0.0000000000
90259  -52.697  17.361  38.340 0.0000000000
90258  -52.011  17.645  38.420 0.0000000000
91105  -50.345  18.729  39.297 0.0000000000
78759  -50.275  4.214  29.481 0.0000000000
87009  -39.339  13.189  42.954 0.0000000000
87725  -39.038  13.896  43.506 0.0000000000
80481  -49.586  6.094  43.307 0.0000000000
80480  -48.827  5.544  43.371 0.0000000000
79540  -48.622  5.196  42.819 0.0000000000
79527  -46.921  5.499  44.165 0.0000000000
79526  -46.395  5.370  44.286 0.0000000000
79525  -45.361  5.185  44.608 0.0000000000
81381  -39.440  6.117  47.164 0.0000000000
81393  -39.219  5.791  46.463 0.0000000000
81392  -38.447  5.963  46.237 0.0000000000
81403  -37.764  6.622  45.680 0.0000000000
81391  -37.348  6.628  46.485 0.0000000000
82317  -36.581  7.432  46.351 0.0000000000
83374  -46.364  8.371  30.491 0.0000000000
82501  -46.748  8.175  30.517 0.0000000000
83398  -47.835  8.959  29.139 0.0000000000
83397  -46.871  9.084  29.246 0.0000000000
84176  -46.256  10.319  27.925 0.0000000000
86265  -45.252  12.900  40.483 0.0000000000
86274  -45.347  12.540  39.806 0.0000000000
87836  -49.603  15.007  32.415 0.0000000000
88601  -48.565  15.429  30.425 0.0000000000
87848  -48.302  15.136  31.108 0.0000000000
88618  -48.049  15.495  29.951 0.0000000000
87872  -46.284  15.310  28.875 0.0000000000
88630  -47.209  15.552  28.842 0.0000000000
88659  -47.829  16.409  27.749 0.0000000000
88658  -47.068  16.196  27.225 0.0000000000
88671  -46.028  15.601  25.863 0.0000000000
89529  -45.671  16.094  25.589 0.0000000000
90395  -46.381  16.608  26.377 0.0000000000
90377  -46.936  17.487  27.889 0.0000000000
90385  -45.900  16.733  26.426 0.0000000000
90376  -46.004  17.393  27.480 0.0000000000
90375  -45.058  16.799  27.344 0.0000000000
90365  -46.014  17.783  28.573 0.0000000000
89415  -45.312  16.554  35.375 0.0000000000
89430  -44.716  16.775  34.527 0.0000000000
90290  -42.887  17.513  35.222 0.0000000000
90300  -43.785  17.205  34.232 0.0000000000
90307  -42.669  18.143  32.676 0.0000000000
91157  -41.819  18.075  34.622 0.0000000000
91147  -41.024  18.370  35.422 0.0000000000
80563  -47.640  5.694  37.454 0.0000000000
80562  -47.201  5.669  37.223 0.0000000000
80560  -45.791  5.827  36.798 0.0000000000
81500  -46.472  6.050  36.266 0.0000000000
81515  -46.360  6.376  35.420 0.0000000000
81484  -44.491  6.073  37.195 0.0000000000
82420  -44.115  7.107  35.459 0.0000000000
81526  -44.601  7.219  34.652 0.0000000000
82446  -45.170  7.264  33.880 0.0000000000
83364  -44.189  8.871  32.459 0.0000000000
88520  -49.215  15.597  40.161 0.0000000000
88531  -48.686  15.044  39.682 0.0000000000
88543  -51.128  15.249  38.211 0.0000000000
87769  -50.869  14.790  37.476 0.0000000000
87770  -51.601  14.895  37.043 0.0000000000
88535  -52.526  15.847  38.757 0.0000000000
88546  -53.107  16.173  37.918 0.0000000000
88560  -52.819  15.734  36.003 0.0000000000
88553  -52.580  15.423  36.900 0.0000000000
87782  -52.365  15.150  35.991 0.0000000000
87791  -51.795  14.853  35.453 0.0000000000
87802  -51.707  14.984  34.588 0.0000000000
87812  -51.052  14.796  33.879 0.0000000000
87803  -52.005  15.340  34.453 0.0000000000
89452  -51.402  16.082  33.339 0.0000000000
88592  -51.180  15.762  32.865 0.0000000000
89481  -50.471  16.193  31.922 0.0000000000
90342  -50.181  16.544  32.092 0.0000000000
90341  -49.836  16.657  31.829 0.0000000000
89480  -49.956  16.799  32.197 0.0000000000
89435  -50.069  16.678  34.269 0.0000000000
89449  -49.397  16.628  33.403 0.0000000000
89448  -48.468  16.684  33.461 0.0000000000
89403  -50.452  16.776  36.110 0.0000000000
89389  -49.996  16.834  37.035 0.0000000000
89387  -47.938  16.745  37.222 0.0000000000
89401  -48.285  16.669  36.319 0.0000000000
89416  -46.308  16.604  35.399 0.0000000000
90253  -46.736  17.328  38.460 0.0000000000
82528  -47.609  7.147  27.575 0.0000000000
84070  -41.164  9.398  41.276 0.0000000000
85524  -42.503  11.667  41.646 0.0000000000
86256  -41.017  12.381  42.162 0.0000000000
87013  -43.240  13.800  41.877 0.0000000000
87016  -43.260  13.144  41.664 0.0000000000
86260  -43.674  12.655  41.325 0.0000000000
86261  -44.465  12.814  40.993 0.0000000000
87018  -44.681  13.490  41.163 0.0000000000
88511  -45.442  14.856  41.299 0.0000000000
87743  -44.949  14.287  41.240 0.0000000000
87745  -46.244  14.514  40.723 0.0000000000
88512  -45.977  14.981  41.084 0.0000000000
88486  -44.177  16.230  44.636 0.0000000000
89308  -44.736  16.280  44.226 0.0000000000
89320  -44.616  16.093  43.194 0.0000000000
89333  -46.218  16.171  42.197 0.0000000000
89343  -46.992  15.965  41.532 0.0000000000
89344  -48.016  16.138  41.458 0.0000000000
89337  -50.662  16.591  42.875 0.0000000000
82424  -54.485  8.003  36.902 0.0000000000
81489  -51.795  7.371  37.621 0.0000000000
82376  -51.282  7.231  40.760 0.0000000000
83296  -53.385  8.593  40.632 0.0000000000
82388  -51.348  7.309  39.847 0.0000000000
81472  -49.812  6.382  38.932 0.0000000000
81471  -49.184  6.035  38.422 0.0000000000
81486  -48.854  6.095  37.743 0.0000000000
80514  -47.421  5.009  39.464 0.0000000000
80513  -46.842  4.975  39.014 0.0000000000
80528  -46.309  4.976  38.566 0.0000000000
79582  -46.288  4.691  39.570 0.0000000000
79561  -47.405  4.465  41.600 0.0000000000
79560  -46.563  4.254  41.518 0.0000000000
79558  -44.564  3.954  41.292 0.0000000000
79581  -45.248  4.636  39.567 0.0000000000
79579  -43.659  5.190  39.426 0.0000000000
79570  -43.262  4.859  40.051 0.0000000000
114172  -47.418  8.206  47.012 0.0000000000
84015  -46.297  8.821  51.818 0.0000000000
84016  -46.806  8.920  51.690 0.0000000000
84025  -46.947  9.250  51.431 0.0000000000
83197  -44.276  9.021  50.778 0.0000000000
83219  -46.650  9.448  50.085 0.0000000000
83238  -46.671  9.007  49.032 0.0000000000
82320  -46.273  7.960  46.849 0.0000000000
81398  -46.754  7.632  46.406 0.0000000000
81407  -46.049  7.007  45.978 0.0000000000
80456  -44.042  5.764  46.039 0.0000000000
80457  -45.188  6.284  45.666 0.0000000000
79524  -44.318  4.666  44.500 0.0000000000
81427  -40.202  6.268  42.591 0.0000000000
80490  -40.672  6.402  41.565 0.0000000000
81433  -40.298  6.932  42.137 0.0000000000
83276  -39.230  8.536  42.957 0.0000000000
83282  -39.833  8.576  42.583 0.0000000000
82327  -37.610  7.421  44.986 0.0000000000
82335  -37.925  7.812  44.082 0.0000000000
83267  -37.409  8.540  44.408 0.0000000000
84789  -37.928  9.955  43.663 0.0000000000
84790  -38.429  10.482  43.337 0.0000000000
84787  -37.920  11.024  43.864 0.0000000000
79662  -52.662  4.695  33.098 0.0000000000
79663  -53.255  5.292  32.543 0.0000000000
80633  -53.320  6.190  31.355 0.0000000000
79685  -53.115  5.639  31.239 0.0000000000
80632  -53.017  5.783  31.021 0.0000000000
80647  -52.749  6.199  30.649 0.0000000000
82505  -50.335  8.020  30.591 0.0000000000
83404  -52.102  8.059  29.524 0.0000000000
82517  -52.331  7.720  29.887 0.0000000000
81610  -51.883  7.118  29.237 0.0000000000
80660  -51.546  6.090  29.476 0.0000000000
83424  -51.209  8.857  27.872 0.0000000000
82531  -51.337  7.982  28.302 0.0000000000
82542  -51.076  8.374  27.743 0.0000000000
84164  -48.601  9.410  28.412 0.0000000000
84207  -49.402  9.489  26.353 0.0000000000
82552  -49.719  8.540  26.744 0.0000000000
83436  -49.490  8.971  26.305 0.0000000000
83435  -48.768  9.242  25.748 0.0000000000
84214  -47.549  9.856  24.972 0.0000000000
83434  -47.749  9.122  25.444 0.0000000000
84205  -47.206  9.306  25.224 0.0000000000
84204  -46.659  9.490  25.228 0.0000000000
84071  -41.617  9.789  40.888 0.0000000000
83295  -41.098  9.038  40.271 0.0000000000
84077  -41.579  9.829  40.079 0.0000000000
84818  -42.437  10.739  38.841 0.0000000000
84096  -42.002  10.299  39.049 0.0000000000
84817  -41.951  10.370  38.301 0.0000000000
84824  -41.770  10.072  37.773 0.0000000000
84825  -42.077  10.692  37.987 0.0000000000
86284  -44.112  12.124  38.761 0.0000000000
85572  -42.222  11.038  36.645 0.0000000000
85577  -42.383  10.969  35.563 0.0000000000
85584  -42.952  11.353  33.739 0.0000000000
85589  -43.289  11.490  32.749 0.0000000000
87063  -46.556  13.115  36.555 0.0000000000
87823  -48.370  14.461  33.036 0.0000000000
87103  -48.135  14.186  33.757 0.0000000000
87822  -47.527  14.390  33.026 0.0000000000
87820  -46.053  14.280  33.247 0.0000000000
87090  -46.084  13.691  34.663 0.0000000000
87109  -44.296  13.414  32.364 0.0000000000
86351  -43.725  12.702  31.479 0.0000000000
85601  -43.645  11.900  30.663 0.0000000000
84879  -43.859  11.366  30.104 0.0000000000
85612  -43.914  11.917  29.720 0.0000000000
86373  -44.630  12.787  28.187 0.0000000000
85613  -44.409  11.884  28.770 0.0000000000
85622  -45.114  11.875  27.828 0.0000000000
85631  -45.581  12.197  27.024 0.0000000000
87880  -45.916  15.190  27.741 0.0000000000
87879  -45.245  14.412  27.707 0.0000000000
87163  -45.703  13.476  25.196 0.0000000000
86388  -45.954  12.762  25.567 0.0000000000
85643  -46.736  11.773  25.091 0.0000000000
86397  -46.372  12.195  24.729 0.0000000000
85655  -45.315  11.867  24.612 0.0000000000
84916  -45.551  10.867  24.856 0.0000000000
84906  -45.160  10.336  25.317 0.0000000000
84905  -44.586  10.589  25.410 0.0000000000
88670  -44.648  15.715  25.480 0.0000000000
88679  -44.221  14.965  25.024 0.0000000000
87887  -43.802  15.010  25.827 0.0000000000
87878  -42.833  14.632  27.273 0.0000000000
87154  -42.828  13.711  26.532 0.0000000000
90353  -48.148  17.428  30.078 0.0000000000
91197  -45.217  17.933  29.491 0.0000000000
91206  -45.253  17.796  28.879 0.0000000000
90317  -44.821  17.425  32.137 0.0000000000
91195  -43.089  18.213  30.098 0.0000000000
91186  -43.715  18.289  30.550 0.0000000000
90362  -42.671  17.280  29.366 0.0000000000
89493  -40.918  16.959  30.162 0.0000000000
88600  -41.195  15.945  30.617 0.0000000000
88599  -40.582  16.239  31.004 0.0000000000
90333  -39.364  17.500  31.152 0.0000000000
88598  -39.733  16.566  31.257 0.0000000000
89477  -39.216  16.857  31.294 0.0000000000
89476  -38.719  17.002  31.713 0.0000000000
91930  -40.383  19.183  32.617 0.0000000000
91938  -40.233  19.028  32.157 0.0000000000
91937  -39.781  18.989  32.367 0.0000000000
91161  -38.323  18.394  33.128 0.0000000000
91168  -38.539  18.033  32.432 0.0000000000
90306  -38.265  17.876  32.594 0.0000000000
91887  -42.965  19.557  39.001 0.0000000000
91886  -41.866  19.528  38.602 0.0000000000
80509  -41.481  6.535  39.703 0.0000000000
91092  -52.706  18.004  40.308 0.0000000000
91875  -52.286  18.827  39.947 0.0000000000
91107  -52.067  18.118  39.261 0.0000000000
91874  -51.645  19.289  39.560 0.0000000000
91893  -51.353  19.964  39.282 0.0000000000
80659  -50.954  5.885  29.143 0.0000000000
87005  -38.605  13.544  44.666 0.0000000000
87719  -39.177  14.331  44.253 0.0000000000
81420  -49.785  6.663  44.263 0.0000000000
80468  -48.281  6.004  44.351 0.0000000000
80467  -47.056  6.091  44.610 0.0000000000
81379  -37.047  6.779  47.325 0.0000000000
82421  -51.678  7.279  36.513 0.0000000000
82434  -51.338  7.165  35.834 0.0000000000
82447  -51.069  7.027  35.297 0.0000000000
81532  -50.636  6.805  34.760 0.0000000000
83366  -45.219  8.314  31.543 0.0000000000
83373  -45.612  8.520  30.900 0.0000000000
83380  -46.151  8.827  29.923 0.0000000000
84161  -45.038  10.113  29.266 0.0000000000
87023  -46.310  13.606  40.192 0.0000000000
86275  -46.102  13.011  39.840 0.0000000000
87032  -46.600  13.433  39.824 0.0000000000
87042  -47.361  13.261  38.652 0.0000000000
88604  -50.156  15.615  31.720 0.0000000000
87850  -49.823  15.355  31.839 0.0000000000
88619  -48.814  15.701  29.974 0.0000000000
88632  -48.544  15.906  29.157 0.0000000000
88631  -47.915  15.705  28.919 0.0000000000
88645  -48.225  16.145  28.371 0.0000000000
88660  -48.303  16.573  28.128 0.0000000000
89520  -47.329  16.693  27.346 0.0000000000
90387  -47.573  17.126  27.648 0.0000000000
90378  -47.781  17.432  28.287 0.0000000000
89414  -44.512  16.650  35.441 0.0000000000
89413  -44.000  16.809  35.566 0.0000000000
91140  -42.068  18.026  37.093 0.0000000000
80544  -46.304  5.396  37.728 0.0000000000
81485  -45.263  5.875  36.949 0.0000000000
82403  -42.638  7.584  37.025 0.0000000000
82404  -43.203  7.349  36.480 0.0000000000
82418  -42.968  7.844  36.360 0.0000000000
82432  -43.829  7.882  34.971 0.0000000000
82444  -43.821  8.076  34.521 0.0000000000
83347  -43.458  8.452  34.893 0.0000000000
84125  -43.172  9.029  34.671 0.0000000000
84124  -42.835  9.681  34.698 0.0000000000
88521  -50.235  15.885  39.900 0.0000000000
88534  -51.678  15.590  38.806 0.0000000000
89392  -53.166  16.418  37.577 0.0000000000
90284  -52.975  16.462  36.716 0.0000000000
89405  -52.829  16.302  36.325 0.0000000000
88568  -52.365  15.699  34.878 0.0000000000
88575  -52.033  15.547  34.205 0.0000000000
89438  -52.029  15.991  34.190 0.0000000000
89451  -50.840  16.413  33.403 0.0000000000
89419  -49.753  16.733  35.213 0.0000000000
90256  -50.114  17.435  38.545 0.0000000000
89376  -49.515  17.041  37.869 0.0000000000
89375  -48.500  17.000  37.926 0.0000000000
89386  -46.972  16.791  37.348 0.0000000000
89374  -47.611  16.972  37.959 0.0000000000
91121  -46.731  18.069  39.073 0.0000000000
85522  -41.736  11.552  41.961 0.0000000000
87736  -44.381  14.655  41.665 0.0000000000
88506  -44.839  15.333  41.827 0.0000000000
89310  -46.855  16.543  44.611 0.0000000000
89335  -48.463  16.544  42.721 0.0000000000
82408  -54.083  8.375  37.590 0.0000000000
82391  -53.775  8.479  38.288 0.0000000000
81449  -50.694  6.719  41.248 0.0000000000
81458  -50.695  6.767  40.339 0.0000000000
80503  -47.915  5.007  40.007 0.0000000000
78627  -46.113  4.077  41.868 0.0000000000
79557  -43.464  4.080  41.264 0.0000000000
83235  -42.566  8.230  49.224 0.0000000000
83236  -43.691  8.465  49.194 0.0000000000
82304  -44.429  8.209  48.507 0.0000000000
82311  -45.038  7.938  47.685 0.0000000000
80447  -44.935  6.821  46.293 0.0000000000
80463  -39.596  5.574  43.982 0.0000000000
80475  -39.682  5.942  43.458 0.0000000000
81426  -39.586  6.724  43.098 0.0000000000
82342  -38.990  7.748  43.321 0.0000000000
82341  -38.370  8.031  43.617 0.0000000000
81593  -53.155  6.789  31.204 0.0000000000
81530  -48.289  6.325  34.672 0.0000000000
81562  -48.968  6.767  32.940 0.0000000000
82503  -48.300  7.944  30.526 0.0000000000
82504  -49.337  8.011  30.577 0.0000000000
83402  -51.319  8.772  29.340 0.0000000000
83403  -51.717  8.454  29.176 0.0000000000
82532  -51.686  8.058  28.746 0.0000000000
84182  -51.385  9.018  28.666 0.0000000000
84195  -51.254  9.114  28.184 0.0000000000
84194  -50.843  9.264  27.757 0.0000000000
84919  -47.945  10.508  25.030 0.0000000000
84918  -47.214  10.793  24.889 0.0000000000
84078  -42.171  10.322  39.904 0.0000000000
86296  -43.781  12.326  38.023 0.0000000000
86308  -44.211  12.738  37.142 0.0000000000
86320  -43.378  12.502  36.218 0.0000000000
86328  -42.814  11.939  35.384 0.0000000000
87778  -49.234  14.060  37.331 0.0000000000
87052  -48.419  13.661  37.303 0.0000000000
87053  -49.093  13.840  36.765 0.0000000000
87833  -46.866  14.718  32.269 0.0000000000
87832  -45.957  14.442  32.551 0.0000000000
86405  -46.234  12.131  24.577 0.0000000000
85654  -44.444  12.045  24.810 0.0000000000
84914  -44.026  11.558  25.119 0.0000000000
86402  -44.166  12.832  24.824 0.0000000000
89517  -44.767  16.268  26.444 0.0000000000
88655  -44.028  15.511  26.373 0.0000000000
90350  -42.135  17.827  29.686 0.0000000000
89492  -40.142  16.946  30.555 0.0000000000
90334  -39.818  17.785  30.868 0.0000000000
91929  -39.836  19.239  33.037 0.0000000000
91928  -39.149  19.096  33.368 0.0000000000
91160  -37.648  18.067  33.283 0.0000000000
91154  -38.075  18.849  34.212 0.0000000000
80525  -43.540  5.767  38.627 0.0000000000
81470  -44.215  5.830  37.878 0.0000000000
81482  -42.699  7.163  37.425 0.0000000000
84103  -42.141  8.787  37.000 0.0000000000
89359  -52.666  16.874  40.336 0.0000000000
91109  -52.765  17.525  39.709 0.0000000000
90243  -52.976  17.206  38.982 0.0000000000
90260  -53.140  16.910  37.918 0.0000000000
90272  -52.786  16.941  37.264 0.0000000000
89391  -51.824  16.979  36.722 0.0000000000
89378  -51.112  17.244  37.790 0.0000000000
90241  -51.472  17.918  38.972 0.0000000000
90257  -51.104  17.488  38.397 0.0000000000
90239  -49.719  17.987  39.093 0.0000000000
91104  -49.355  18.733  39.334 0.0000000000
86255  -39.974  12.167  42.565 0.0000000000
87732  -40.098  14.228  43.026 0.0000000000
88497  -38.440  14.687  43.295 0.0000000000
80487  -49.601  5.818  42.542 0.0000000000
80493  -48.903  5.178  41.508 0.0000000000
79551  -48.454  4.968  42.326 0.0000000000
79550  -47.691  4.628  42.491 0.0000000000
80479  -47.769  5.484  43.924 0.0000000000
79538  -47.112  4.983  43.594 0.0000000000
82285  -43.061  8.612  51.070 0.0000000000
82284  -42.513  8.332  50.926 0.0000000000
83195  -42.168  8.511  50.313 0.0000000000
83234  -41.507  8.221  49.156 0.0000000000
81404  -38.550  6.409  45.061 0.0000000000
81544  -46.011  6.924  33.713 0.0000000000
82459  -47.173  6.954  32.959 0.0000000000
82458  -46.628  7.071  32.996 0.0000000000
82487  -47.382  7.555  31.305 0.0000000000
82486  -46.325  7.935  31.157 0.0000000000
83399  -48.890  8.954  29.162 0.0000000000
84190  -47.349  10.612  26.964 0.0000000000
85538  -44.205  12.066  40.085 0.0000000000
85551  -44.733  12.290  39.745 0.0000000000
86286  -45.874  12.555  39.290 0.0000000000
87062  -45.669  13.100  36.614 0.0000000000
87811  -50.187  14.504  34.161 0.0000000000
87094  -49.690  14.235  34.609 0.0000000000
87824  -49.291  14.542  33.402 0.0000000000
87849  -49.208  15.149  31.533 0.0000000000
87847  -47.250  15.103  31.298 0.0000000000
88657  -46.370  15.678  26.855 0.0000000000
89536  -45.335  15.711  25.026 0.0000000000
89535  -45.131  15.845  25.207 0.0000000000
89518  -45.382  16.362  26.038 0.0000000000
90374  -44.385  16.577  27.817 0.0000000000
90309  -44.343  17.188  33.312 0.0000000000
91163  -41.144  19.114  32.931 0.0000000000
91155  -40.316  19.242  34.507 0.0000000000
81497  -43.561  7.059  36.290 0.0000000000
81514  -45.336  6.593  35.268 0.0000000000
81543  -45.491  7.139  33.809 0.0000000000
82456  -44.711  7.806  32.965 0.0000000000
83353  -44.153  8.155  33.379 0.0000000000
83359  -44.364  8.355  32.720 0.0000000000
84137  -44.298  9.097  32.054 0.0000000000
84142  -43.981  9.821  31.733 0.0000000000
87750  -48.078  14.687  39.672 0.0000000000
87759  -49.636  14.746  38.540 0.0000000000
87768  -49.834  14.490  37.726 0.0000000000
89367  -52.444  16.163  39.427 0.0000000000
88554  -53.066  15.944  37.326 0.0000000000
88552  -52.062  15.110  37.018 0.0000000000
87790  -51.070  14.555  35.715 0.0000000000
88582  -51.585  15.594  33.467 0.0000000000
88591  -50.897  15.592  32.591 0.0000000000
88590  -50.549  15.548  32.260 0.0000000000
88622  -50.241  15.980  31.511 0.0000000000
89495  -49.906  16.319  31.218 0.0000000000
89494  -49.526  16.508  30.488 0.0000000000
90369  -49.372  16.914  30.173 0.0000000000
90355  -49.592  16.710  31.000 0.0000000000
90321  -48.885  16.730  32.114 0.0000000000
89464  -49.543  16.651  32.523 0.0000000000
90320  -48.475  16.835  31.928 0.0000000000
89462  -47.964  16.848  32.622 0.0000000000
89447  -47.446  16.746  33.486 0.0000000000
89432  -46.893  16.615  34.453 0.0000000000
89398  -45.770  16.555  36.233 0.0000000000
89385  -46.151  16.638  37.056 0.0000000000
89384  -45.394  16.532  36.941 0.0000000000
90267  -44.562  16.781  37.295 0.0000000000
90251  -44.303  17.593  38.256 0.0000000000
82358  -40.868  8.347  40.497 0.0000000000
84799  -41.788  10.251  41.294 0.0000000000
84801  -43.125  11.422  40.798 0.0000000000
85529  -44.220  12.338  40.615 0.0000000000
86264  -44.687  12.647  40.651 0.0000000000
87019  -45.253  13.549  40.862 0.0000000000
87022  -45.790  13.557  40.520 0.0000000000
87747  -46.171  14.003  40.527 0.0000000000
87748  -46.663  14.342  40.390 0.0000000000
88517  -47.117  14.918  40.521 0.0000000000
89331  -44.766  15.849  42.462 0.0000000000
89332  -45.243  16.019  42.405 0.0000000000
88508  -46.203  15.536  41.455 0.0000000000
88518  -47.573  15.152  40.479 0.0000000000
89354  -48.218  15.756  40.853 0.0000000000
89355  -48.774  15.987  40.867 0.0000000000
89338  -51.570  16.940  42.729 0.0000000000
82423  -53.605  7.916  36.802 0.0000000000
82405  -51.453  7.341  38.980 0.0000000000
80546  -47.917  5.708  37.857 0.0000000000
79595  -44.806  5.056  38.655 0.0000000000
79575  -47.889  4.628  41.035 0.0000000000
79574  -47.384  4.602  40.555 0.0000000000
80512  -43.862  5.323  39.109 0.0000000000
80511  -43.134  5.564  39.249 0.0000000000
80501  -42.117  5.582  40.073 0.0000000000
80500  -41.481  6.232  40.173 0.0000000000
81438  -40.702  6.958  41.073 0.0000000000
114194  -48.162  8.772  51.417 0.0000000000
84017  -47.802  9.099  51.371 0.0000000000
114200  -47.895  9.472  50.760 0.0000000000
83175  -43.559  8.741  51.114 0.0000000000
83198  -45.181  9.122  51.244 0.0000000000
114182  -48.333  9.235  49.370 0.0000000000
82312  -46.466  8.410  47.637 0.0000000000
114174  -47.503  7.821  46.585 0.0000000000
81399  -47.648  7.396  46.187 0.0000000000
80465  -45.401  5.759  45.131 0.0000000000
80455  -42.928  5.430  46.022 0.0000000000
80454  -41.863  5.181  45.818 0.0000000000
79514  -42.582  4.685  45.247 0.0000000000
79534  -42.758  4.059  43.342 0.0000000000
83283  -40.388  8.686  42.068 0.0000000000
84063  -40.029  9.494  42.453 0.0000000000
84794  -39.444  10.450  42.687 0.0000000000
84791  -38.903  10.989  42.938 0.0000000000
86252  -38.266  12.529  44.017 0.0000000000
86251  -37.917  12.049  44.262 0.0000000000
78725  -52.301  4.233  32.353 0.0000000000
78734  -52.229  4.290  31.595 0.0000000000
78745  -52.063  4.408  31.112 0.0000000000
79683  -51.852  4.530  30.746 0.0000000000
81549  -51.151  6.837  33.660 0.0000000000
82472  -49.776  7.145  32.165 0.0000000000
82473  -50.740  7.204  32.293 0.0000000000
82508  -52.982  7.235  31.329 0.0000000000
81592  -52.755  7.073  30.503 0.0000000000
83387  -52.132  8.154  29.789 0.0000000000
81591  -52.485  6.793  29.978 0.0000000000
79692  -51.650  5.221  30.115 0.0000000000
81626  -51.540  7.683  28.736 0.0000000000
81625  -51.151  7.419  28.633 0.0000000000
81608  -50.609  6.336  28.877 0.0000000000
81624  -50.181  6.953  28.293 0.0000000000
81632  -49.819  7.573  27.565 0.0000000000
84180  -50.305  9.476  28.006 0.0000000000
84193  -50.023  9.432  27.150 0.0000000000
82540  -49.468  7.901  27.068 0.0000000000
82539  -48.450  7.562  27.072 0.0000000000
83441  -48.294  9.496  25.310 0.0000000000
82549  -47.030  8.421  26.061 0.0000000000
82548  -46.424  8.597  26.047 0.0000000000
84083  -41.727  10.051  39.391 0.0000000000
84831  -41.775  9.806  37.319 0.0000000000
85549  -43.328  11.465  39.106 0.0000000000
85558  -43.083  11.560  38.532 0.0000000000
86295  -42.993  11.883  38.009 0.0000000000
85557  -42.604  11.288  38.235 0.0000000000
85565  -42.273  11.118  37.524 0.0000000000
84843  -42.477  10.041  35.272 0.0000000000
84130  -42.820  9.990  34.278 0.0000000000
85583  -42.657  11.202  34.624 0.0000000000
84850  -42.825  10.468  33.994 0.0000000000
87034  -47.727  13.834  38.971 0.0000000000
87051  -47.578  13.192  37.736 0.0000000000
86311  -47.008  12.907  37.296 0.0000000000
87077  -45.871  13.327  35.671 0.0000000000
87093  -48.945  14.100  34.343 0.0000000000
87092  -48.002  13.838  34.574 0.0000000000
87091  -47.085  13.713  34.665 0.0000000000
86344  -43.619  12.532  32.593 0.0000000000
84897  -46.150  11.363  27.010 0.0000000000
87149  -44.999  13.575  27.590 0.0000000000
87155  -45.376  13.597  26.748 0.0000000000
85633  -46.729  11.686  25.730 0.0000000000
84907  -47.073  11.433  25.598 0.0000000000
85644  -47.034  11.374  24.836 0.0000000000
85656  -46.372  11.699  24.672 0.0000000000
84917  -46.534  10.917  24.728 0.0000000000
84203  -45.746  9.943  25.334 0.0000000000
87904  -44.375  14.501  24.810 0.0000000000
87886  -43.359  14.702  26.279 0.0000000000
87896  -43.299  14.170  25.967 0.0000000000
90367  -47.999  17.561  29.118 0.0000000000
91187  -44.610  18.121  30.264 0.0000000000
89501  -42.521  16.461  29.100 0.0000000000
88628  -42.182  15.788  29.256 0.0000000000
89500  -41.753  16.700  29.684 0.0000000000
87860  -41.999  14.868  29.595 0.0000000000
89478  -39.781  16.798  30.923 0.0000000000
88589  -40.467  15.693  31.747 0.0000000000
91170  -39.989  18.704  31.798 0.0000000000
90314  -39.011  17.833  31.625 0.0000000000
91936  -39.352  18.901  32.725 0.0000000000
90298  -37.373  17.907  33.394 0.0000000000
91871  -49.019  19.607  39.072 0.0000000000
91101  -46.595  18.712  39.215 0.0000000000
91100  -45.911  18.792  39.100 0.0000000000
91119  -45.110  18.365  38.855 0.0000000000
91118  -44.088  18.436  38.768 0.0000000000
92564  -44.687  20.168  39.042 0.0000000000
91888  -44.038  19.408  39.106 0.0000000000
90250  -43.386  17.820  38.270 0.0000000000
90249  -42.834  18.005  38.228 0.0000000000
91131  -42.391  18.263  38.018 0.0000000000
91130  -41.633  18.670  37.751 0.0000000000
91138  -40.538  18.794  36.266 0.0000000000
78615  -44.041  3.722  41.983 0.0000000000
78616  -45.901  3.987  42.063 0.0000000000
78617  -46.146  4.063  42.217 0.0000000000
78625  -44.019  3.787  41.596 0.0000000000
78626  -44.325  3.773  41.800 0.0000000000
78628  -46.370  4.120  42.023 0.0000000000
79517  -45.146  5.647  45.207 0.0000000000
79597  -45.791  4.682  39.086 0.0000000000
79700  -50.696  5.126  29.444 0.0000000000
80459  -46.863  6.667  45.170 0.0000000000
81406  -45.365  6.990  46.259 0.0000000000
81560  -47.445  6.911  32.948 0.0000000000
82387  -42.430  7.429  37.595 0.0000000000
82402  -42.299  7.760  37.489 0.0000000000
82467  -44.748  8.096  32.429 0.0000000000
83178  -45.781  8.696  51.945 0.0000000000
83181  -47.804  8.643  51.462 0.0000000000
83372  -44.986  8.709  31.336 0.0000000000
83414  -51.438  8.693  28.461 0.0000000000
83440  -48.053  9.602  25.141 0.0000000000
84024  -46.256  9.150  51.524 0.0000000000
84029  -45.911  9.366  51.106 0.0000000000
84109  -41.849  9.631  37.045 0.0000000000
84118  -43.118  8.818  35.100 0.0000000000
84168  -51.489  8.971  29.028 0.0000000000
84808  -42.581  10.711  39.608 0.0000000000
85530  -44.768  12.559  40.448 0.0000000000
86276  -46.623  13.208  39.581 0.0000000000
86294  -42.600  11.517  37.791 0.0000000000
87718  -38.895  14.384  44.149 0.0000000000
87724  -38.920  14.122  44.018 0.0000000000
87730  -38.704  14.056  43.316 0.0000000000
87739  -39.049  14.022  42.515 0.0000000000
87740  -39.193  14.298  42.712 0.0000000000
87741  -39.015  14.234  42.752 0.0000000000
87810  -49.518  14.330  34.150 0.0000000000
87813  -51.621  15.222  33.811 0.0000000000
87814  -51.895  15.343  34.097 0.0000000000
87827  -51.387  15.354  33.345 0.0000000000
87837  -49.902  15.008  32.489 0.0000000000
87838  -50.602  15.192  32.788 0.0000000000
88488  -38.909  14.197  43.879 0.0000000000
88489  -39.098  14.284  43.613 0.0000000000
88494  -44.226  16.241  44.262 0.0000000000
88496  -37.903  14.986  43.129 0.0000000000
88502  -37.929  14.732  42.910 0.0000000000
88503  -38.329  14.576  42.836 0.0000000000
88515  -47.875  15.567  40.794 0.0000000000
88536  -52.962  16.169  38.440 0.0000000000
88574  -51.833  15.441  33.878 0.0000000000
88581  -51.223  15.494  33.069 0.0000000000
88583  -51.870  15.685  33.872 0.0000000000
88603  -49.576  15.564  31.137 0.0000000000
88605  -50.644  15.821  32.027 0.0000000000
88606  -51.068  15.970  32.326 0.0000000000
88669  -44.183  15.216  25.425 0.0000000000
89317  -37.999  15.144  42.978 0.0000000000
89318  -38.167  14.860  43.083 0.0000000000
89319  -44.125  16.073  43.545 0.0000000000
89329  -37.885  14.979  42.856 0.0000000000
89330  -38.142  14.884  42.754 0.0000000000
89396  -44.228  16.676  35.990 0.0000000000
89406  -53.103  16.200  36.832 0.0000000000
89429  -44.105  16.865  34.985 0.0000000000
89459  -38.881  16.645  31.852 0.0000000000
89465  -50.082  16.562  32.658 0.0000000000
89467  -51.109  15.922  32.526 0.0000000000
89479  -49.830  16.666  32.116 0.0000000000
89509  -43.103  16.094  28.375 0.0000000000
89512  -48.513  16.864  28.305 0.0000000000
89516  -44.195  16.016  27.041 0.0000000000
89528  -45.045  16.109  25.659 0.0000000000
90210  -38.473  14.547  42.866 0.0000000000
90211  -39.010  14.688  42.990 0.0000000000
90236  -47.107  17.901  39.070 0.0000000000
90293  -52.443  16.602  36.014 0.0000000000
90315  -42.686  18.390  32.091 0.0000000000
90322  -50.118  16.998  32.181 0.0000000000
90323  -50.087  16.596  32.417 0.0000000000
90347  -39.777  17.239  30.719 0.0000000000
91093  -52.805  17.697  39.849 0.0000000000
91181  -39.229  17.959  31.464 0.0000000000
114173  -47.093  8.064  46.615 0.0000000000
114185  -48.303  8.610  51.324 0.0000000000
114306  -38.502  14.496  42.969 0.0000000000
114307  -39.118  14.270  42.964 0.0000000000
114308  -38.894  15.216  43.250 0.0000000000
114309  -38.813  14.426  42.070 0.0000000000
