#!ascii label  , from subject A00073296 vox2ras=TkReg
405
55792  -30.340  -19.489  3.030 0.0000000000
60894  -28.152  -14.563  1.054 0.0000000000
75300  -25.939  -0.739  -7.703 0.0000000000
70957  -29.465  -5.173  -5.207 0.0000000000
65990  -30.760  -9.344  -1.375 0.0000000000
61908  -32.428  -13.524  1.748 0.0000000000
75307  -23.791  0.249  -8.503 0.0000000000
69014  -30.470  -6.844  -3.665 0.0000000000
65009  -29.518  -10.263  -2.403 0.0000000000
59851  -29.352  -16.325  2.804 0.0000000000
60897  -31.024  -14.827  0.423 0.0000000000
57872  -32.378  -17.226  2.173 0.0000000000
52703  -25.465  -22.842  6.645 0.0000000000
56786  -27.312  -18.668  4.165 0.0000000000
114220  -22.219  6.910  -4.523 0.0000000000
79139  -20.995  5.934  -8.202 0.0000000000
80040  -23.323  4.446  -7.281 0.0000000000
78259  -25.672  2.568  -6.145 0.0000000000
76349  -27.308  0.552  -4.918 0.0000000000
71998  -27.859  -3.084  -6.419 0.0000000000
74136  -28.488  -1.379  -3.673 0.0000000000
71960  -29.485  -3.288  -2.619 0.0000000000
69880  -30.608  -4.872  -0.841 0.0000000000
68004  -31.759  -7.597  0.807 0.0000000000
62972  -29.551  -12.506  -1.053 0.0000000000
63976  -31.676  -11.614  0.452 0.0000000000
67031  -28.429  -9.099  -2.457 0.0000000000
64997  -27.584  -10.285  -0.769 0.0000000000
57855  -29.965  -17.934  3.409 0.0000000000
58853  -31.032  -17.321  1.975 0.0000000000
56814  -30.968  -18.497  2.794 0.0000000000
49481  -25.311  -25.070  10.188 0.0000000000
49501  -25.385  -24.714  9.416 0.0000000000
50541  -25.717  -24.177  8.333 0.0000000000
57853  -27.570  -17.642  3.371 0.0000000000
56785  -26.246  -18.676  4.489 0.0000000000
81004  -22.376  5.048  -8.090 0.0000000000
75299  -24.790  -0.276  -8.230 0.0000000000
77386  -24.745  1.558  -8.186 0.0000000000
76374  -25.777  0.825  -7.403 0.0000000000
77364  -26.175  1.464  -6.197 0.0000000000
75279  -26.761  -0.158  -6.432 0.0000000000
71999  -28.263  -3.585  -5.920 0.0000000000
74162  -28.004  -1.685  -5.270 0.0000000000
71985  -28.665  -3.347  -4.745 0.0000000000
73023  -28.974  -2.180  -3.194 0.0000000000
71971  -29.098  -3.732  -3.265 0.0000000000
67023  -30.501  -8.250  -2.565 0.0000000000
68992  -30.366  -6.238  -1.834 0.0000000000
68022  -30.655  -6.916  -1.198 0.0000000000
68980  -31.117  -6.247  -0.202 0.0000000000
67010  -31.020  -8.608  -0.784 0.0000000000
61922  -27.260  -13.421  0.846 0.0000000000
62959  -28.276  -12.586  -0.196 0.0000000000
61936  -28.819  -13.479  -0.149 0.0000000000
59883  -32.559  -15.060  0.626 0.0000000000
61939  -31.780  -13.407  -0.289 0.0000000000
62948  -32.139  -12.654  1.227 0.0000000000
64962  -31.875  -11.043  1.146 0.0000000000
62931  -32.560  -12.466  2.311 0.0000000000
52704  -26.303  -23.057  6.587 0.0000000000
53705  -25.894  -21.698  5.980 0.0000000000
53706  -26.699  -21.861  5.705 0.0000000000
53722  -27.302  -21.294  5.064 0.0000000000
68062  -28.745  -7.155  -5.365 0.0000000000
69933  -30.264  -6.152  -4.128 0.0000000000
68060  -29.914  -7.955  -4.485 0.0000000000
66015  -30.231  -9.366  -3.843 0.0000000000
65010  -30.315  -10.253  -2.441 0.0000000000
59863  -28.849  -15.882  2.032 0.0000000000
60896  -30.081  -14.829  0.657 0.0000000000
59881  -30.817  -15.652  1.274 0.0000000000
58867  -31.863  -16.046  1.341 0.0000000000
59866  -32.864  -15.448  1.628 0.0000000000
51660  -26.381  -23.465  7.254 0.0000000000
59862  -27.508  -15.658  1.960 0.0000000000
58851  -27.589  -16.601  2.572 0.0000000000
56801  -28.447  -18.475  3.520 0.0000000000
55773  -28.635  -19.362  3.726 0.0000000000
84431  -23.544  8.547  -4.397 0.0000000000
80010  -22.214  5.391  -4.433 0.0000000000
114208  -21.198  6.661  -5.507 0.0000000000
114226  -22.369  6.882  -6.542 0.0000000000
114221  -22.881  6.799  -6.193 0.0000000000
80011  -23.905  4.988  -5.680 0.0000000000
78296  -24.061  2.279  -8.569 0.0000000000
79126  -24.790  3.346  -6.600 0.0000000000
80012  -24.725  4.562  -5.448 0.0000000000
79096  -25.923  3.672  -4.903 0.0000000000
79081  -26.631  3.388  -4.138 0.0000000000
77340  -27.474  1.486  -3.684 0.0000000000
74183  -26.811  -1.904  -7.314 0.0000000000
75280  -27.209  -0.710  -5.805 0.0000000000
75253  -27.667  -0.223  -4.397 0.0000000000
77341  -28.114  0.921  -3.263 0.0000000000
76312  -28.708  0.611  -2.207 0.0000000000
74113  -29.912  -1.799  -1.038 0.0000000000
69906  -29.665  -5.164  -3.007 0.0000000000
70920  -29.924  -4.233  -1.591 0.0000000000
63988  -28.147  -11.276  -0.655 0.0000000000
63996  -29.476  -10.905  -1.558 0.0000000000
63998  -30.368  -10.517  -1.591 0.0000000000
61938  -30.553  -13.730  -0.577 0.0000000000
62974  -31.148  -12.515  -0.692 0.0000000000
65000  -30.864  -10.336  -1.015 0.0000000000
65972  -31.741  -9.461  0.401 0.0000000000
65973  -32.180  -9.142  1.173 0.0000000000
54732  -26.864  -20.403  4.593 0.0000000000
54748  -27.866  -19.995  4.153 0.0000000000
54750  -29.752  -20.215  4.000 0.0000000000
56803  -30.308  -18.772  3.040 0.0000000000
57856  -30.658  -18.143  3.008 0.0000000000
56804  -31.281  -19.047  2.844 0.0000000000
55793  -30.882  -19.607  3.039 0.0000000000
49482  -26.510  -25.008  10.541 0.0000000000
76382  -25.508  0.511  -7.836 0.0000000000
76383  -26.138  -0.019  -7.589 0.0000000000
76375  -26.199  0.607  -7.054 0.0000000000
75289  -26.515  -0.446  -7.189 0.0000000000
69942  -28.998  -5.592  -6.350 0.0000000000
70967  -28.715  -4.747  -6.106 0.0000000000
70956  -29.173  -4.481  -5.202 0.0000000000
71970  -28.872  -3.107  -3.748 0.0000000000
69918  -29.429  -4.926  -4.461 0.0000000000
66004  -30.572  -9.308  -2.532 0.0000000000
68037  -30.435  -7.333  -2.172 0.0000000000
67009  -30.705  -8.227  -1.603 0.0000000000
68023  -30.977  -7.598  -0.517 0.0000000000
60908  -27.792  -14.022  0.720 0.0000000000
61935  -28.048  -13.346  0.399 0.0000000000
60909  -28.534  -14.076  0.469 0.0000000000
60898  -32.589  -14.414  1.129 0.0000000000
61924  -32.327  -13.601  0.744 0.0000000000
62917  -32.850  -12.689  2.757 0.0000000000
60865  -32.889  -14.072  2.760 0.0000000000
52720  -26.998  -22.423  6.241 0.0000000000
68058  -28.286  -7.822  -4.374 0.0000000000
68059  -29.105  -7.676  -4.891 0.0000000000
67037  -28.945  -8.649  -4.322 0.0000000000
66002  -28.629  -9.774  -1.967 0.0000000000
65016  -29.650  -9.680  -3.818 0.0000000000
65014  -29.534  -9.952  -3.437 0.0000000000
66003  -30.576  -9.964  -3.216 0.0000000000
59880  -29.528  -15.405  1.369 0.0000000000
59864  -29.895  -16.087  1.995 0.0000000000
58866  -31.240  -16.567  1.565 0.0000000000
58854  -31.830  -16.908  1.803 0.0000000000
58868  -32.421  -15.689  1.048 0.0000000000
58855  -32.576  -16.475  1.590 0.0000000000
57873  -32.826  -16.938  2.068 0.0000000000
49458  -24.782  -25.753  10.787 0.0000000000
51647  -26.486  -23.701  8.031 0.0000000000
51661  -27.025  -23.288  7.603 0.0000000000
59850  -27.216  -16.129  2.633 0.0000000000
57838  -27.464  -18.069  3.954 0.0000000000
56800  -27.819  -18.309  3.818 0.0000000000
56787  -28.047  -18.835  3.944 0.0000000000
114227  -22.979  6.799  -3.864 0.0000000000
114236  -22.985  7.562  -4.106 0.0000000000
114232  -22.198  7.739  -5.140 0.0000000000
80054  -20.995  5.091  -6.804 0.0000000000
80980  -20.758  5.893  -6.058 0.0000000000
114205  -20.724  6.212  -6.544 0.0000000000
83659  -21.502  7.010  -6.880 0.0000000000
114234  -21.966  6.777  -6.996 0.0000000000
80993  -22.803  4.730  -7.725 0.0000000000
80024  -22.919  5.522  -6.712 0.0000000000
80973  -23.540  6.182  -5.836 0.0000000000
80025  -23.926  4.506  -6.299 0.0000000000
76391  -23.740  1.000  -8.916 0.0000000000
77363  -25.599  2.002  -6.598 0.0000000000
78289  -24.890  2.048  -7.544 0.0000000000
78274  -24.983  2.642  -6.911 0.0000000000
80026  -24.661  4.139  -6.081 0.0000000000
79095  -25.402  3.747  -5.510 0.0000000000
80013  -25.538  4.825  -4.610 0.0000000000
79111  -25.731  3.231  -5.633 0.0000000000
76348  -26.809  0.858  -5.563 0.0000000000
78248  -26.572  2.622  -4.521 0.0000000000
77350  -26.885  1.590  -4.859 0.0000000000
78234  -27.016  2.601  -3.829 0.0000000000
77351  -27.376  1.086  -4.428 0.0000000000
70972  -27.401  -4.542  -7.015 0.0000000000
72018  -26.886  -3.606  -7.321 0.0000000000
73050  -27.576  -2.565  -6.657 0.0000000000
74171  -27.177  -1.849  -6.939 0.0000000000
74161  -27.688  -1.720  -6.016 0.0000000000
74152  -28.232  -1.618  -4.652 0.0000000000
74151  -27.655  -1.076  -5.040 0.0000000000
75254  -28.140  -0.562  -3.812 0.0000000000
76336  -28.030  0.311  -3.637 0.0000000000
76327  -28.394  0.374  -2.825 0.0000000000
75244  -28.419  -0.546  -3.059 0.0000000000
73011  -29.296  -2.224  -2.385 0.0000000000
74124  -29.128  -1.727  -2.098 0.0000000000
72998  -29.598  -2.244  -1.808 0.0000000000
74112  -29.320  -1.423  -1.521 0.0000000000
69919  -29.830  -5.415  -3.917 0.0000000000
69920  -30.233  -5.933  -3.335 0.0000000000
69894  -30.250  -5.086  -1.535 0.0000000000
70903  -30.283  -4.093  -0.947 0.0000000000
70904  -30.705  -4.347  -0.419 0.0000000000
68003  -31.360  -7.127  0.388 0.0000000000
67986  -31.759  -6.776  1.085 0.0000000000
64984  -27.658  -10.858  -0.563 0.0000000000
62971  -28.772  -12.311  -0.793 0.0000000000
63989  -28.864  -11.512  -1.192 0.0000000000
63990  -29.833  -11.668  -1.495 0.0000000000
63997  -30.010  -10.778  -1.701 0.0000000000
60911  -30.511  -14.228  -0.165 0.0000000000
62961  -31.708  -12.374  -0.059 0.0000000000
63992  -31.274  -11.322  -0.348 0.0000000000
65001  -31.409  -10.250  -0.262 0.0000000000
64985  -31.618  -10.628  0.422 0.0000000000
64963  -32.342  -10.495  1.826 0.0000000000
65950  -32.011  -10.029  1.139 0.0000000000
65951  -32.512  -9.431  1.798 0.0000000000
53723  -28.283  -20.970  5.337 0.0000000000
54733  -28.007  -20.533  4.648 0.0000000000
54749  -28.804  -20.057  4.101 0.0000000000
54734  -29.009  -20.413  4.745 0.0000000000
67034  -28.332  -8.842  -3.572 0.0000000000
66001  -28.276  -9.363  -1.630 0.0000000000
65989  -28.457  -10.172  -1.452 0.0000000000
58840  -29.742  -16.962  3.392 0.0000000000
59852  -30.181  -16.695  2.563 0.0000000000
58841  -30.539  -17.403  2.786 0.0000000000
57870  -31.093  -17.888  2.646 0.0000000000
57871  -31.667  -17.638  2.464 0.0000000000
57858  -32.118  -17.768  2.865 0.0000000000
57857  -31.627  -18.235  2.919 0.0000000000
56788  -31.545  -19.257  3.130 0.0000000000
49459  -25.862  -25.536  11.073 0.0000000000
50524  -25.906  -24.367  9.018 0.0000000000
57852  -26.474  -17.210  3.679 0.0000000000
57837  -26.850  -17.881  4.156 0.0000000000
114219  -22.535  6.661  -4.188 0.0000000000
79152  -20.907  4.949  -8.796 0.0000000000
114206  -21.611  5.727  -8.157 0.0000000000
79160  -21.649  4.704  -9.195 0.0000000000
80067  -22.558  4.541  -8.727 0.0000000000
79154  -23.309  3.702  -8.628 0.0000000000
76392  -24.560  0.864  -8.597 0.0000000000
77376  -25.571  1.415  -7.201 0.0000000000
76362  -26.585  0.566  -6.178 0.0000000000
75269  -26.923  0.104  -5.629 0.0000000000
73042  -27.946  -2.673  -6.085 0.0000000000
73043  -28.238  -2.415  -5.290 0.0000000000
73036  -28.585  -2.342  -4.214 0.0000000000
73024  -29.151  -2.907  -3.035 0.0000000000
68048  -30.440  -7.594  -3.094 0.0000000000
69005  -30.360  -6.605  -2.766 0.0000000000
68979  -30.747  -5.734  -1.023 0.0000000000
66989  -31.433  -8.328  0.108 0.0000000000
62958  -27.515  -12.543  0.533 0.0000000000
62960  -29.030  -12.900  -0.607 0.0000000000
59892  -32.133  -14.763  -0.007 0.0000000000
60912  -31.555  -14.374  -0.221 0.0000000000
60913  -32.368  -14.284  0.128 0.0000000000
61923  -32.064  -13.002  0.342 0.0000000000
62947  -31.891  -12.323  0.580 0.0000000000
63956  -31.892  -11.870  1.054 0.0000000000
63957  -32.278  -11.608  1.777 0.0000000000
64944  -32.735  -11.003  2.431 0.0000000000
63938  -33.027  -11.752  2.798 0.0000000000
52719  -26.111  -22.385  6.223 0.0000000000
53707  -27.615  -21.656  5.858 0.0000000000
69030  -28.944  -6.746  -5.775 0.0000000000
69943  -29.414  -6.144  -5.830 0.0000000000
69932  -29.764  -5.783  -4.925 0.0000000000
69023  -29.670  -6.937  -5.200 0.0000000000
69024  -30.282  -6.942  -4.527 0.0000000000
66016  -29.309  -9.035  -4.264 0.0000000000
67035  -29.964  -8.929  -4.283 0.0000000000
67036  -30.256  -8.802  -4.053 0.0000000000
66012  -30.467  -9.360  -3.501 0.0000000000
65011  -30.443  -9.953  -1.790 0.0000000000
59879  -28.480  -15.213  1.439 0.0000000000
60895  -29.050  -14.689  0.884 0.0000000000
59865  -30.580  -16.642  1.831 0.0000000000
59882  -31.911  -15.204  0.494 0.0000000000
60877  -32.723  -14.389  2.261 0.0000000000
59867  -33.147  -15.711  2.307 0.0000000000
48425  -25.340  -26.201  11.538 0.0000000000
51659  -25.572  -23.442  7.015 0.0000000000
51646  -25.626  -23.848  7.656 0.0000000000
59878  -27.840  -14.964  1.451 0.0000000000
58852  -28.390  -16.566  2.666 0.0000000000
57868  -27.517  -17.070  2.867 0.0000000000
57869  -27.948  -17.202  2.745 0.0000000000
57854  -28.751  -17.511  3.303 0.0000000000
56802  -29.329  -18.535  3.327 0.0000000000
55790  -28.970  -18.950  3.365 0.0000000000
55791  -29.543  -19.206  3.281 0.0000000000
83657  -23.738  7.997  -3.321 0.0000000000
80956  -22.976  5.975  -3.460 0.0000000000
114212  -21.694  6.437  -4.707 0.0000000000
114209  -21.342  6.086  -4.980 0.0000000000
84435  -22.268  8.291  -6.657 0.0000000000
114210  -22.104  6.034  -7.232 0.0000000000
114213  -22.783  7.196  -6.288 0.0000000000
80966  -24.948  5.880  -4.890 0.0000000000
78295  -23.494  2.769  -8.846 0.0000000000
78287  -23.663  3.167  -8.303 0.0000000000
77385  -24.318  2.037  -8.434 0.0000000000
78288  -24.226  2.671  -7.845 0.0000000000
79124  -23.844  3.763  -7.293 0.0000000000
80001  -26.477  4.491  -4.081 0.0000000000
78260  -26.206  2.534  -5.387 0.0000000000
73057  -26.246  -2.695  -7.432 0.0000000000
74182  -26.339  -1.830  -7.474 0.0000000000
75290  -27.040  -1.029  -6.648 0.0000000000
75270  -27.286  -0.298  -5.117 0.0000000000
76335  -27.559  0.633  -4.193 0.0000000000
77324  -27.715  1.949  -2.996 0.0000000000
74123  -28.910  -1.463  -2.497 0.0000000000
75232  -28.744  -0.490  -2.055 0.0000000000
75212  -29.559  -0.409  -0.893 0.0000000000
74091  -29.596  -1.020  -0.945 0.0000000000
70942  -29.289  -4.653  -3.570 0.0000000000
70928  -29.399  -4.247  -2.740 0.0000000000
69907  -30.111  -5.631  -2.439 0.0000000000
69893  -29.727  -4.732  -2.173 0.0000000000
70919  -29.719  -3.792  -2.088 0.0000000000
71952  -30.089  -3.406  -1.511 0.0000000000
69881  -30.998  -5.066  -0.316 0.0000000000
64998  -28.277  -10.599  -0.999 0.0000000000
63975  -28.317  -11.862  -0.586 0.0000000000
60910  -29.474  -14.144  0.170 0.0000000000
61937  -29.883  -13.381  -0.487 0.0000000000
61950  -30.171  -12.891  -0.870 0.0000000000
60922  -31.306  -13.689  -0.612 0.0000000000
61951  -30.750  -13.272  -0.835 0.0000000000
62973  -30.387  -12.418  -1.134 0.0000000000
63991  -30.572  -11.391  -1.163 0.0000000000
65991  -31.284  -9.407  -0.542 0.0000000000
66990  -32.004  -8.378  0.928 0.0000000000
55771  -26.895  -19.472  4.334 0.0000000000
54747  -27.314  -19.858  4.239 0.0000000000
55772  -27.695  -19.392  4.122 0.0000000000
55774  -29.582  -19.786  3.479 0.0000000000
56815  -31.355  -18.282  2.835 0.0000000000
58839  -28.969  -16.693  3.323 0.0000000000
59853  -30.566  -17.058  2.230 0.0000000000
59893  -32.335  -14.893  0.183 0.0000000000
60921  -30.956  -13.995  -0.737 0.0000000000
61940  -32.235  -13.580  0.149 0.0000000000
61952  -31.289  -13.250  -0.672 0.0000000000
63937  -32.624  -11.704  2.351 0.0000000000
64999  -28.887  -10.553  -1.592 0.0000000000
65015  -30.082  -10.270  -3.298 0.0000000000
65017  -29.908  -9.859  -3.709 0.0000000000
65988  -28.010  -9.733  -1.235 0.0000000000
66010  -28.868  -9.677  -3.034 0.0000000000
66011  -30.240  -9.760  -3.673 0.0000000000
66013  -29.225  -9.381  -3.915 0.0000000000
66014  -29.875  -9.364  -4.069 0.0000000000
66017  -29.508  -9.173  -4.201 0.0000000000
67032  -30.483  -8.569  -3.321 0.0000000000
67038  -29.590  -8.713  -4.389 0.0000000000
67039  -29.964  -8.638  -4.344 0.0000000000
68054  -30.433  -7.820  -3.931 0.0000000000
69931  -29.507  -5.084  -4.968 0.0000000000
69947  -29.016  -6.230  -6.312 0.0000000000
70941  -29.014  -4.074  -4.154 0.0000000000
70968  -29.313  -5.320  -5.656 0.0000000000
70973  -28.254  -5.163  -6.616 0.0000000000
71951  -29.838  -2.864  -2.033 0.0000000000
72008  -27.649  -3.471  -6.884 0.0000000000
72999  -29.974  -2.410  -1.376 0.0000000000
73010  -29.094  -1.945  -2.695 0.0000000000
73058  -26.985  -2.575  -7.263 0.0000000000
74111  -28.880  -1.170  -1.960 0.0000000000
74135  -28.005  -0.988  -4.290 0.0000000000
74170  -26.666  -1.310  -7.279 0.0000000000
75308  -24.236  0.443  -8.623 0.0000000000
77339  -26.930  2.050  -4.179 0.0000000000
77377  -25.991  1.146  -6.827 0.0000000000
77396  -24.086  1.714  -8.859 0.0000000000
77397  -24.485  1.344  -8.626 0.0000000000
78273  -24.511  2.889  -7.228 0.0000000000
79109  -24.615  3.807  -6.428 0.0000000000
79110  -25.133  3.529  -6.114 0.0000000000
79125  -24.320  3.428  -6.984 0.0000000000
79140  -20.887  5.224  -7.483 0.0000000000
79141  -23.661  3.646  -7.872 0.0000000000
79142  -24.027  3.363  -7.489 0.0000000000
79151  -21.265  5.474  -8.809 0.0000000000
79153  -22.930  4.069  -8.997 0.0000000000
79159  -21.562  5.319  -8.825 0.0000000000
79161  -22.432  4.084  -9.297 0.0000000000
79162  -23.007  3.562  -9.145 0.0000000000
80009  -21.654  5.781  -4.763 0.0000000000
80037  -20.861  5.572  -6.252 0.0000000000
80041  -23.852  4.014  -6.935 0.0000000000
80055  -22.627  4.656  -8.351 0.0000000000
80056  -22.986  4.392  -8.191 0.0000000000
80066  -21.964  5.070  -8.770 0.0000000000
80068  -22.990  4.203  -8.678 0.0000000000
80075  -22.155  4.668  -9.111 0.0000000000
114204  -20.811  5.572  -6.562 0.0000000000
114207  -21.050  5.894  -5.520 0.0000000000
114211  -21.760  6.013  -4.529 0.0000000000
114216  -22.627  5.122  -7.373 0.0000000000
114217  -22.466  6.251  -4.081 0.0000000000
