#!ascii label  , from subject A00073296 vox2ras=TkReg
647
85649  42.723  7.204  43.046 0.0000000000
85710  44.957  6.114  34.716 0.0000000000
90096  49.501  12.269  30.765 0.0000000000
81485  46.425  1.212  30.055 0.0000000000
82346  41.694  2.957  40.925 0.0000000000
88833  52.147  10.858  36.081 0.0000000000
84177  48.001  4.571  29.411 0.0000000000
88145  41.549  9.542  33.839 0.0000000000
88106  47.305  9.469  37.657 0.0000000000
86504  43.504  6.817  38.817 0.0000000000
82378  45.100  1.889  37.208 0.0000000000
90734  45.675  13.488  34.885 0.0000000000
87410  43.942  9.011  31.385 0.0000000000
88152  47.181  9.281  32.087 0.0000000000
85761  46.749  6.839  26.705 0.0000000000
114723  41.988  10.997  36.122 0.0000000000
87326  44.856  8.430  41.175 0.0000000000
86480  42.811  7.315  41.176 0.0000000000
82364  43.252  2.780  38.486 0.0000000000
90730  50.558  13.758  34.344 0.0000000000
90704  48.899  13.660  35.668 0.0000000000
90077  47.864  12.733  32.985 0.0000000000
89458  44.914  11.465  32.644 0.0000000000
88885  46.017  10.781  29.953 0.0000000000
87376  45.566  8.578  36.522 0.0000000000
88123  47.205  9.920  35.566 0.0000000000
86537  45.738  7.574  33.593 0.0000000000
82485  48.458  3.886  28.368 0.0000000000
84970  47.576  6.146  28.095 0.0000000000
83415  46.247  3.739  27.892 0.0000000000
84191  45.512  4.758  28.490 0.0000000000
81475  45.192  1.351  31.395 0.0000000000
79554  44.943  0.365  33.360 0.0000000000
85651  41.030  6.192  43.677 0.0000000000
84884  41.143  5.291  41.748 0.0000000000
89454  51.773  12.000  32.813 0.0000000000
83350  46.222  3.555  33.999 0.0000000000
84162  45.975  5.179  32.439 0.0000000000
83384  49.264  3.573  31.261 0.0000000000
82466  50.056  3.373  29.790 0.0000000000
87331  50.079  9.566  40.012 0.0000000000
87334  47.488  8.719  40.285 0.0000000000
87358  45.730  8.620  38.504 0.0000000000
85695  44.206  6.661  36.416 0.0000000000
84897  42.483  5.377  39.182 0.0000000000
84128  43.220  4.534  37.751 0.0000000000
83340  45.120  3.705  35.352 0.0000000000
82411  46.672  2.683  35.068 0.0000000000
85630  40.558  6.813  44.915 0.0000000000
90037  47.100  13.129  36.791 0.0000000000
114715  44.235  14.399  35.951 0.0000000000
88133  44.292  10.401  34.396 0.0000000000
88154  42.429  9.491  32.912 0.0000000000
84941  43.286  5.384  33.111 0.0000000000
88103  50.034  10.346  36.989 0.0000000000
88847  49.693  11.012  33.796 0.0000000000
88874  49.150  10.761  30.836 0.0000000000
85728  46.355  6.867  30.962 0.0000000000
87414  47.505  8.908  29.542 0.0000000000
88907  47.533  10.442  28.569 0.0000000000
86569  45.461  7.801  28.776 0.0000000000
84954  44.386  5.551  31.056 0.0000000000
90060  40.763  12.572  35.552 0.0000000000
114735  42.000  13.314  35.446 0.0000000000
86472  44.052  7.649  42.273 0.0000000000
86473  43.182  7.433  42.097 0.0000000000
90075  50.074  12.956  32.707 0.0000000000
90740  49.319  13.351  33.589 0.0000000000
90088  48.761  12.475  31.782 0.0000000000
89476  47.493  11.761  30.960 0.0000000000
89485  47.954  11.873  30.080 0.0000000000
85702  44.976  6.948  34.991 0.0000000000
86531  45.366  7.661  34.712 0.0000000000
85709  45.350  6.743  34.220 0.0000000000
81496  47.519  2.083  29.299 0.0000000000
82487  47.036  3.182  28.096 0.0000000000
81497  46.602  1.693  29.265 0.0000000000
82481  45.818  2.398  28.869 0.0000000000
81498  45.904  1.700  29.611 0.0000000000
80504  45.922  0.505  31.268 0.0000000000
80503  46.497  0.118  30.912 0.0000000000
84100  40.283  4.546  42.643 0.0000000000
89452  52.503  12.090  34.451 0.0000000000
89444  52.271  11.447  34.588 0.0000000000
82435  47.774  2.839  33.231 0.0000000000
83361  47.717  3.032  32.721 0.0000000000
82446  48.767  3.037  32.373 0.0000000000
82465  50.866  3.248  30.493 0.0000000000
81473  49.835  1.889  30.804 0.0000000000
82467  49.540  2.778  29.647 0.0000000000
87337  44.278  8.222  40.338 0.0000000000
87348  45.528  8.585  39.458 0.0000000000
87359  44.825  8.147  38.619 0.0000000000
86511  44.388  7.533  37.858 0.0000000000
85677  43.881  6.948  37.932 0.0000000000
84106  41.441  4.551  40.777 0.0000000000
84887  41.951  5.230  40.107 0.0000000000
84105  41.872  4.274  40.095 0.0000000000
82363  43.795  2.097  38.326 0.0000000000
83303  43.219  3.687  38.062 0.0000000000
83315  43.589  3.569  37.303 0.0000000000
83327  43.906  3.816  36.601 0.0000000000
83326  44.616  3.461  36.036 0.0000000000
82412  45.790  2.871  35.442 0.0000000000
82396  45.547  2.381  36.326 0.0000000000
81421  48.518  1.593  36.642 0.0000000000
90720  47.732  13.925  35.062 0.0000000000
90050  47.311  13.553  36.056 0.0000000000
90038  46.276  13.547  36.105 0.0000000000
89422  45.084  13.587  36.794 0.0000000000
114727  44.640  14.138  35.529 0.0000000000
90735  44.017  12.620  34.624 0.0000000000
90068  44.613  12.176  34.006 0.0000000000
88878  43.993  10.275  31.481 0.0000000000
88153  42.996  9.962  32.572 0.0000000000
87411  43.292  9.094  31.985 0.0000000000
86538  43.274  7.239  33.001 0.0000000000
86546  44.037  7.443  31.885 0.0000000000
88086  48.840  9.742  39.083 0.0000000000
88085  50.103  10.137  38.708 0.0000000000
88105  48.189  9.793  37.262 0.0000000000
88141  47.274  9.577  33.080 0.0000000000
88131  48.233  10.504  34.118 0.0000000000
88857  48.725  10.536  32.635 0.0000000000
88856  49.490  10.925  32.822 0.0000000000
88158  48.545  10.300  31.380 0.0000000000
84169  46.845  4.878  30.707 0.0000000000
84953  46.314  5.761  31.403 0.0000000000
84178  47.223  5.154  29.699 0.0000000000
85760  47.258  6.903  26.870 0.0000000000
85740  47.403  7.016  28.173 0.0000000000
87431  47.355  8.459  27.739 0.0000000000
88182  47.447  9.421  28.285 0.0000000000
88192  47.004  8.789  27.432 0.0000000000
88184  46.301  9.583  28.356 0.0000000000
86576  45.953  7.663  27.736 0.0000000000
83398  44.100  3.510  30.453 0.0000000000
84170  44.401  4.888  30.444 0.0000000000
83387  43.383  3.333  31.408 0.0000000000
84163  43.349  4.076  32.024 0.0000000000
88809  52.099  10.479  37.857 0.0000000000
89447  41.447  11.020  34.561 0.0000000000
88850  41.759  10.213  34.664 0.0000000000
86476  46.329  7.870  42.134 0.0000000000
86477  45.384  8.080  41.977 0.0000000000
87327  43.995  8.290  41.015 0.0000000000
86484  43.289  7.395  40.316 0.0000000000
82352  42.677  2.886  39.386 0.0000000000
90718  49.746  13.916  35.056 0.0000000000
90732  48.469  13.732  34.385 0.0000000000
90742  46.975  13.172  34.008 0.0000000000
90079  45.228  12.026  33.443 0.0000000000
89456  46.310  11.987  32.828 0.0000000000
89478  45.148  10.856  31.169 0.0000000000
88887  44.893  9.920  30.433 0.0000000000
87367  46.422  9.243  37.150 0.0000000000
88113  47.250  9.673  36.672 0.0000000000
87375  46.355  9.272  36.054 0.0000000000
87390  46.521  9.082  33.829 0.0000000000
87396  46.474  8.688  32.852 0.0000000000
83412  48.659  4.156  28.522 0.0000000000
84188  47.712  5.145  28.709 0.0000000000
83413  47.981  4.336  28.012 0.0000000000
83422  47.155  4.708  27.045 0.0000000000
84206  46.719  5.186  26.733 0.0000000000
84982  45.847  5.894  27.670 0.0000000000
83416  45.793  4.276  28.104 0.0000000000
83397  44.576  3.257  29.658 0.0000000000
82459  44.388  2.211  31.094 0.0000000000
79553  45.536  -0.389  32.959 0.0000000000
85650  41.626  6.478  43.331 0.0000000000
85654  41.734  6.367  42.341 0.0000000000
84881  41.091  5.781  42.770 0.0000000000
84885  40.780  4.999  42.026 0.0000000000
83287  40.792  3.643  41.695 0.0000000000
90728  52.125  13.469  34.907 0.0000000000
90073  51.933  12.836  33.591 0.0000000000
89463  50.811  12.146  32.241 0.0000000000
84148  45.489  4.465  34.357 0.0000000000
84933  45.407  5.664  33.883 0.0000000000
84154  46.479  4.048  32.642 0.0000000000
83375  47.143  3.652  31.804 0.0000000000
83385  48.241  3.738  30.937 0.0000000000
83383  50.282  3.551  31.470 0.0000000000
83393  50.224  3.712  30.400 0.0000000000
83405  49.975  3.989  29.538 0.0000000000
82478  48.925  3.324  28.995 0.0000000000
81495  48.215  2.529  29.245 0.0000000000
81484  47.283  1.262  29.918 0.0000000000
79574  46.927  -0.494  30.886 0.0000000000
87333  48.577  9.340  40.033 0.0000000000
87346  47.637  9.224  39.129 0.0000000000
87335  46.325  8.661  40.432 0.0000000000
87347  46.568  8.848  39.356 0.0000000000
87357  46.728  9.171  38.277 0.0000000000
87377  45.144  8.270  37.053 0.0000000000
86525  44.549  7.126  36.158 0.0000000000
85703  44.588  6.519  35.584 0.0000000000
85656  42.341  6.642  40.926 0.0000000000
85660  42.543  6.322  40.051 0.0000000000
85669  42.797  6.120  39.317 0.0000000000
83296  42.558  3.719  39.187 0.0000000000
84905  42.636  4.947  38.651 0.0000000000
85678  43.467  6.437  38.262 0.0000000000
84911  43.420  5.538  37.489 0.0000000000
84919  44.153  5.579  35.977 0.0000000000
84149  44.948  4.938  34.835 0.0000000000
84142  45.263  4.022  34.986 0.0000000000
83338  46.468  3.123  34.391 0.0000000000
82422  47.862  2.610  34.206 0.0000000000
82395  47.063  2.034  35.992 0.0000000000
82409  49.201  2.198  35.425 0.0000000000
85641  41.569  6.618  44.140 0.0000000000
85642  40.733  6.296  44.218 0.0000000000
85632  38.814  6.514  45.477 0.0000000000
90023  48.321  12.688  38.200 0.0000000000
90025  45.747  12.789  37.458 0.0000000000
114728  42.974  12.748  35.009 0.0000000000
114712  43.575  10.042  36.515 0.0000000000
88849  42.432  9.672  34.664 0.0000000000
90081  43.973  11.162  33.192 0.0000000000
88143  43.306  10.438  33.607 0.0000000000
87398  41.918  8.823  33.573 0.0000000000
88823  50.745  10.598  36.164 0.0000000000
88112  48.179  10.152  36.206 0.0000000000
88824  49.964  10.489  35.881 0.0000000000
88835  50.726  10.819  35.236 0.0000000000
89446  51.166  11.635  33.226 0.0000000000
89455  50.818  11.766  32.496 0.0000000000
89474  50.064  11.922  30.851 0.0000000000
85723  45.888  6.561  32.428 0.0000000000
85722  46.134  7.014  31.781 0.0000000000
87409  46.917  8.584  30.921 0.0000000000
85741  47.197  6.689  28.945 0.0000000000
86568  46.988  7.536  29.511 0.0000000000
87408  47.396  9.022  30.301 0.0000000000
88173  48.389  10.253  29.713 0.0000000000
88893  48.645  10.699  29.113 0.0000000000
89493  49.198  11.815  29.127 0.0000000000
89508  47.227  10.967  28.684 0.0000000000
88175  45.706  9.507  28.926 0.0000000000
87416  45.165  8.826  29.878 0.0000000000
85742  45.429  6.858  28.804 0.0000000000
85736  44.688  6.683  30.600 0.0000000000
85730  44.337  6.771  31.541 0.0000000000
84948  43.666  5.206  32.371 0.0000000000
80474  43.813  0.836  34.011 0.0000000000
91410  41.515  13.628  35.731 0.0000000000
91405  41.609  14.179  36.174 0.0000000000
85648  43.990  7.248  43.544 0.0000000000
86465  43.689  7.402  42.807 0.0000000000
90087  49.780  12.655  31.793 0.0000000000
90097  48.355  12.042  30.665 0.0000000000
80515  46.299  0.765  30.652 0.0000000000
88832  52.520  10.938  36.723 0.0000000000
89436  52.526  11.560  36.141 0.0000000000
89437  52.397  11.266  35.413 0.0000000000
88844  52.064  10.948  35.245 0.0000000000
82434  48.825  2.754  33.324 0.0000000000
81472  51.068  2.366  31.031 0.0000000000
80499  50.360  1.714  31.238 0.0000000000
87399  41.585  8.578  34.040 0.0000000000
86493  43.874  7.712  39.721 0.0000000000
87349  44.583  8.174  39.516 0.0000000000
86503  43.936  7.414  38.731 0.0000000000
83290  41.768  3.598  40.481 0.0000000000
82379  44.221  2.424  37.471 0.0000000000
83314  44.132  3.176  36.764 0.0000000000
82397  44.573  2.792  36.583 0.0000000000
90721  46.824  13.768  35.237 0.0000000000
114716  45.356  13.991  36.054 0.0000000000
90067  45.267  12.649  34.142 0.0000000000
88161  44.322  9.547  31.007 0.0000000000
88162  43.722  9.874  31.553 0.0000000000
86547  43.434  7.944  32.406 0.0000000000
86554  43.696  8.545  31.774 0.0000000000
88095  48.005  9.472  38.326 0.0000000000
88094  49.038  10.047  37.962 0.0000000000
88140  48.061  10.286  33.282 0.0000000000
88151  48.232  10.085  32.167 0.0000000000
88868  48.681  10.425  32.225 0.0000000000
83396  47.468  4.488  30.062 0.0000000000
86584  47.324  7.698  27.257 0.0000000000
86585  46.977  7.685  26.918 0.0000000000
87441  47.108  8.351  27.285 0.0000000000
87443  46.298  8.280  27.573 0.0000000000
86586  46.484  7.609  27.152 0.0000000000
82470  43.890  2.949  30.897 0.0000000000
82461  43.178  2.851  31.590 0.0000000000
83388  42.923  3.017  31.716 0.0000000000
90059  41.680  12.026  34.974 0.0000000000
89439  40.793  11.654  34.924 0.0000000000
89438  41.684  10.768  35.466 0.0000000000
86470  45.796  7.610  42.664 0.0000000000
86463  45.362  7.360  43.177 0.0000000000
86478  44.459  8.023  41.743 0.0000000000
86479  43.567  7.817  41.369 0.0000000000
87328  43.601  7.937  40.797 0.0000000000
90717  50.780  13.893  35.215 0.0000000000
90076  49.065  12.928  32.757 0.0000000000
90741  48.177  13.356  33.711 0.0000000000
90078  46.388  12.461  33.418 0.0000000000
90090  46.879  12.119  32.534 0.0000000000
89477  46.276  11.109  30.695 0.0000000000
88876  45.550  10.673  30.480 0.0000000000
87384  45.718  8.493  35.400 0.0000000000
87391  45.912  8.426  34.331 0.0000000000
87397  46.095  8.375  33.548 0.0000000000
86536  46.036  8.086  33.117 0.0000000000
84196  48.109  4.595  28.347 0.0000000000
83414  47.230  4.097  27.634 0.0000000000
84198  46.673  4.500  27.281 0.0000000000
84199  46.042  4.923  27.541 0.0000000000
82468  45.354  2.135  29.725 0.0000000000
82482  45.018  2.683  29.385 0.0000000000
82469  44.554  2.488  30.416 0.0000000000
81487  44.774  1.832  30.944 0.0000000000
79565  45.861  -0.461  31.906 0.0000000000
84877  40.997  5.998  43.295 0.0000000000
84882  40.666  5.131  42.416 0.0000000000
84103  40.624  4.535  41.979 0.0000000000
84102  40.976  4.335  41.392 0.0000000000
89453  52.313  12.009  33.770 0.0000000000
90072  52.333  12.548  34.150 0.0000000000
90074  50.977  12.682  32.939 0.0000000000
83363  46.122  3.976  33.414 0.0000000000
83374  48.119  3.215  32.022 0.0000000000
83372  50.618  3.377  32.111 0.0000000000
83382  51.123  3.436  31.602 0.0000000000
81481  50.670  2.915  30.222 0.0000000000
83394  49.267  4.071  30.039 0.0000000000
82477  49.718  3.767  29.228 0.0000000000
81483  48.593  1.901  30.181 0.0000000000
80513  47.704  0.643  30.605 0.0000000000
79584  47.224  0.067  30.639 0.0000000000
87323  48.538  8.635  41.323 0.0000000000
87325  45.903  8.420  41.338 0.0000000000
87368  45.739  8.713  37.555 0.0000000000
87369  45.016  8.209  37.739 0.0000000000
85686  44.049  6.887  37.244 0.0000000000
86518  44.624  7.578  36.856 0.0000000000
85653  42.399  6.896  41.828 0.0000000000
85657  41.792  6.173  41.369 0.0000000000
85661  41.971  6.017  40.620 0.0000000000
82365  42.781  3.257  38.887 0.0000000000
84120  42.860  4.458  38.358 0.0000000000
84904  42.959  5.456  38.411 0.0000000000
84135  44.037  4.508  36.208 0.0000000000
84143  44.745  4.507  35.337 0.0000000000
82410  47.968  2.292  35.170 0.0000000000
81422  47.566  1.545  36.703 0.0000000000
82393  48.824  1.814  36.095 0.0000000000
85628  42.134  7.011  44.669 0.0000000000
85643  40.073  6.252  44.447 0.0000000000
85631  39.640  6.581  44.983 0.0000000000
90036  48.131  12.966  37.141 0.0000000000
90024  47.178  12.568  37.863 0.0000000000
90009  46.330  12.370  38.872 0.0000000000
88825  44.789  14.113  36.470 0.0000000000
91397  43.431  14.276  36.646 0.0000000000
114730  42.635  13.694  35.601 0.0000000000
114704  44.280  11.349  34.868 0.0000000000
114707  44.244  10.982  35.713 0.0000000000
114705  44.548  10.571  35.230 0.0000000000
88838  43.164  9.300  35.356 0.0000000000
88134  43.311  9.726  34.499 0.0000000000
90080  44.451  11.572  33.422 0.0000000000
89459  44.139  11.079  32.550 0.0000000000
88144  42.176  9.907  33.494 0.0000000000
87404  42.319  8.928  33.124 0.0000000000
86540  41.945  8.175  33.849 0.0000000000
85717  43.223  6.616  33.298 0.0000000000
88073  50.709  9.900  39.818 0.0000000000
88093  49.995  10.281  37.562 0.0000000000
88811  50.664  10.486  37.038 0.0000000000
88837  48.930  10.760  34.421 0.0000000000
88121  48.964  10.714  35.052 0.0000000000
88836  49.733  10.804  34.894 0.0000000000
88846  50.752  11.277  34.113 0.0000000000
88866  50.041  11.359  32.161 0.0000000000
88873  49.757  11.366  31.254 0.0000000000
89464  50.459  11.795  31.670 0.0000000000
88883  49.480  11.383  30.324 0.0000000000
84940  45.769  5.721  32.868 0.0000000000
84946  46.076  5.626  31.979 0.0000000000
86552  46.442  7.712  31.425 0.0000000000
86559  46.681  7.635  30.451 0.0000000000
84971  47.358  5.877  28.845 0.0000000000
86567  47.345  7.608  28.712 0.0000000000
87423  47.332  8.169  29.261 0.0000000000
87415  47.079  8.331  29.968 0.0000000000
88166  47.858  9.656  30.035 0.0000000000
88894  47.902  10.358  28.818 0.0000000000
88906  48.427  11.042  28.640 0.0000000000
88905  49.050  11.328  28.797 0.0000000000
89506  48.839  11.700  28.604 0.0000000000
90126  48.455  11.866  28.622 0.0000000000
87433  45.908  8.685  28.254 0.0000000000
88896  46.093  10.107  28.793 0.0000000000
87424  45.484  8.795  29.125 0.0000000000
88167  45.367  9.399  29.619 0.0000000000
86560  45.313  8.338  29.429 0.0000000000
84972  45.528  5.921  28.534 0.0000000000
84973  45.168  5.370  29.313 0.0000000000
84962  44.710  5.532  30.107 0.0000000000
84947  44.152  5.960  31.996 0.0000000000
84955  43.957  4.969  31.680 0.0000000000
83377  42.784  3.342  32.179 0.0000000000
84164  42.973  3.784  32.343 0.0000000000
80486  44.237  1.055  33.248 0.0000000000
79542  44.700  -0.000  34.150 0.0000000000
114734  41.664  13.001  35.397 0.0000000000
86464  44.506  7.376  43.004 0.0000000000
90739  50.336  13.407  33.530 0.0000000000
90089  47.522  12.148  31.927 0.0000000000
90098  47.838  11.961  31.177 0.0000000000
89475  47.968  11.895  30.523 0.0000000000
89486  47.312  11.498  29.895 0.0000000000
86524  44.976  7.655  35.833 0.0000000000
82479  47.735  2.854  28.716 0.0000000000
82486  47.915  3.628  28.262 0.0000000000
82480  46.822  2.406  28.626 0.0000000000
82488  46.310  2.867  28.240 0.0000000000
83407  45.838  3.038  28.294 0.0000000000
81486  45.548  1.477  30.478 0.0000000000
84878  40.322  5.431  43.439 0.0000000000
90058  52.444  12.539  35.860 0.0000000000
89443  52.572  11.887  35.177 0.0000000000
89445  51.767  11.475  33.783 0.0000000000
83349  46.766  3.181  33.845 0.0000000000
83362  47.022  3.354  33.043 0.0000000000
82447  48.081  2.961  32.583 0.0000000000
83373  48.842  3.259  31.847 0.0000000000
83392  50.940  3.562  30.933 0.0000000000
81482  50.030  2.592  30.234 0.0000000000
81474  49.111  1.450  30.927 0.0000000000
87324  47.213  8.102  41.589 0.0000000000
87336  45.219  8.612  40.381 0.0000000000
84888  41.592  5.481  40.885 0.0000000000
84113  42.235  4.436  39.515 0.0000000000
82380  43.485  3.075  37.785 0.0000000000
84136  43.556  4.527  36.971 0.0000000000
83325  45.325  3.137  35.579 0.0000000000
81420  49.450  1.856  36.396 0.0000000000
90705  47.974  13.795  35.610 0.0000000000
90049  48.056  13.445  36.282 0.0000000000
90706  47.218  13.717  35.591 0.0000000000
114721  44.039  14.004  35.420 0.0000000000
114733  44.156  11.832  34.033 0.0000000000
89468  44.523  10.903  31.764 0.0000000000
89469  44.109  10.888  32.050 0.0000000000
88870  43.891  10.566  31.909 0.0000000000
87403  42.727  9.013  32.590 0.0000000000
86548  42.743  8.452  32.920 0.0000000000
85725  43.621  6.483  32.651 0.0000000000
88075  49.149  9.602  39.711 0.0000000000
88074  49.734  9.707  39.560 0.0000000000
88104  49.316  10.281  36.777 0.0000000000
88132  47.335  9.957  34.270 0.0000000000
88122  48.221  10.455  35.079 0.0000000000
88848  48.840  10.715  33.503 0.0000000000
88867  49.064  10.673  31.906 0.0000000000
84161  46.459  4.661  31.842 0.0000000000
84945  46.444  5.340  31.335 0.0000000000
84952  46.545  5.839  30.627 0.0000000000
84981  47.525  6.092  27.158 0.0000000000
85751  47.470  6.939  27.497 0.0000000000
86575  47.446  7.719  27.924 0.0000000000
87422  47.445  8.579  28.614 0.0000000000
88174  47.808  9.759  29.155 0.0000000000
88183  46.921  9.377  27.906 0.0000000000
87432  46.444  8.876  27.837 0.0000000000
84179  44.542  4.333  29.750 0.0000000000
84180  44.116  4.029  30.314 0.0000000000
84171  43.960  4.317  30.858 0.0000000000
83376  43.137  3.548  31.854 0.0000000000
88821  52.107  10.563  36.998 0.0000000000
88862  41.359  10.339  33.782 0.0000000000
88861  41.624  10.267  33.829 0.0000000000
86471  44.933  7.674  42.485 0.0000000000
86483  43.807  7.835  40.209 0.0000000000
86494  43.467  7.059  39.343 0.0000000000
82345  42.252  2.691  40.328 0.0000000000
81376  42.826  2.115  39.883 0.0000000000
82351  43.127  2.193  39.249 0.0000000000
81393  43.543  1.922  38.847 0.0000000000
81409  44.906  1.576  37.741 0.0000000000
90703  49.945  13.567  35.831 0.0000000000
90731  49.540  13.738  34.320 0.0000000000
90719  48.719  13.936  35.012 0.0000000000
90733  47.301  13.662  34.555 0.0000000000
90743  46.371  13.038  34.204 0.0000000000
90066  45.788  12.876  34.232 0.0000000000
89457  45.849  11.780  32.785 0.0000000000
89466  46.653  11.762  32.129 0.0000000000
89467  45.550  11.272  31.883 0.0000000000
89479  44.698  10.708  31.310 0.0000000000
88877  44.589  10.315  31.064 0.0000000000
87383  46.459  9.217  34.918 0.0000000000
84187  48.488  4.463  28.864 0.0000000000
84197  47.775  5.191  27.717 0.0000000000
83421  47.562  4.711  27.371 0.0000000000
84205  47.454  5.284  26.890 0.0000000000
84986  47.152  6.050  26.501 0.0000000000
84987  46.486  5.983  26.688 0.0000000000
85762  46.175  6.652  27.211 0.0000000000
84988  46.103  5.764  27.089 0.0000000000
84200  45.818  4.629  28.030 0.0000000000
83408  45.318  3.505  28.704 0.0000000000
81464  44.318  1.491  32.324 0.0000000000
80485  45.005  0.599  32.916 0.0000000000
80495  45.317  0.774  32.216 0.0000000000
79541  45.440  -1.198  33.589 0.0000000000
85640  42.405  6.959  44.047 0.0000000000
83286  41.316  3.620  41.140 0.0000000000
90716  51.665  13.834  35.459 0.0000000000
90729  51.565  13.595  34.445 0.0000000000
90065  52.166  13.094  34.334 0.0000000000
90738  51.163  13.355  33.681 0.0000000000
90086  50.458  12.485  32.013 0.0000000000
90095  50.159  12.340  31.317 0.0000000000
84934  45.058  5.327  34.577 0.0000000000
84155  45.852  4.776  33.053 0.0000000000
83386  47.255  4.057  30.773 0.0000000000
83395  48.222  4.195  30.059 0.0000000000
82445  49.781  3.134  32.448 0.0000000000
82457  49.488  3.339  31.852 0.0000000000
84176  48.743  4.294  29.438 0.0000000000
83406  49.271  4.092  29.117 0.0000000000
80514  46.895  0.460  30.479 0.0000000000
87332  49.543  9.494  40.161 0.0000000000
87345  48.283  9.450  39.297 0.0000000000
88087  48.170  9.472  38.954 0.0000000000
87356  47.414  9.315  38.490 0.0000000000
86517  45.032  8.050  36.564 0.0000000000
86485  42.722  6.944  40.602 0.0000000000
85659  43.075  6.634  39.593 0.0000000000
85668  43.160  6.341  38.946 0.0000000000
83289  42.237  3.597  39.833 0.0000000000
83304  42.840  3.713  38.618 0.0000000000
84121  42.552  4.437  38.885 0.0000000000
84896  42.830  5.841  38.939 0.0000000000
85687  43.674  6.392  37.557 0.0000000000
85696  43.772  6.079  36.861 0.0000000000
84920  43.715  5.252  36.674 0.0000000000
84926  44.682  5.493  35.143 0.0000000000
83339  45.737  3.405  34.871 0.0000000000
82423  47.090  2.886  34.074 0.0000000000
82421  48.943  2.499  34.313 0.0000000000
81423  46.593  1.639  36.773 0.0000000000
82394  48.173  1.909  36.012 0.0000000000
85639  43.454  7.150  44.176 0.0000000000
85629  41.424  6.898  44.837 0.0000000000
84873  40.113  5.890  44.068 0.0000000000
84869  39.079  5.989  44.943 0.0000000000
90026  44.655  12.707  38.006 0.0000000000
89414  45.237  13.117  37.166 0.0000000000
89415  44.901  13.103  37.345 0.0000000000
89416  44.304  13.143  37.578 0.0000000000
114731  42.340  12.627  35.190 0.0000000000
114708  43.267  11.686  35.164 0.0000000000
114718  42.748  10.333  36.541 0.0000000000
88839  42.378  9.575  35.884 0.0000000000
88860  41.971  10.096  33.995 0.0000000000
114717  44.143  11.311  33.705 0.0000000000
88859  43.572  10.804  32.926 0.0000000000
88858  43.784  10.815  33.423 0.0000000000
86539  42.607  7.720  33.486 0.0000000000
88801  51.512  10.438  38.301 0.0000000000
88810  51.464  10.501  37.446 0.0000000000
88822  51.455  10.607  36.562 0.0000000000
88111  49.053  10.519  35.678 0.0000000000
88812  50.148  10.417  36.575 0.0000000000
88834  51.478  10.783  35.659 0.0000000000
88845  51.572  11.052  34.728 0.0000000000
88855  50.371  11.365  33.067 0.0000000000
89473  50.467  12.159  31.554 0.0000000000
85716  45.643  6.553  33.342 0.0000000000
86545  45.811  7.084  32.975 0.0000000000
86544  46.053  7.673  32.492 0.0000000000
87402  46.588  8.541  31.857 0.0000000000
88160  47.064  9.015  31.486 0.0000000000
84189  47.350  5.531  29.180 0.0000000000
84961  46.985  5.947  29.503 0.0000000000
85735  46.697  6.745  29.971 0.0000000000
88159  47.642  9.602  31.093 0.0000000000
88165  48.457  10.248  30.478 0.0000000000
88884  49.018  10.756  29.918 0.0000000000
88892  49.256  11.333  29.446 0.0000000000
89484  49.498  11.854  29.954 0.0000000000
90103  49.083  12.137  29.712 0.0000000000
90104  48.489  12.051  29.504 0.0000000000
89494  47.954  11.811  29.271 0.0000000000
89487  46.702  11.079  29.571 0.0000000000
88908  46.680  10.303  28.508 0.0000000000
88895  46.358  10.644  29.136 0.0000000000
88886  45.512  10.123  29.842 0.0000000000
88168  44.928  9.600  30.358 0.0000000000
87417  44.600  8.822  30.657 0.0000000000
85752  45.702  6.802  28.058 0.0000000000
85743  45.213  6.480  29.540 0.0000000000
86570  45.320  7.248  29.264 0.0000000000
86561  45.067  7.792  29.961 0.0000000000
86553  44.272  7.927  31.318 0.0000000000
85724  43.988  6.955  32.154 0.0000000000
84156  43.318  4.628  32.608 0.0000000000
79575  46.348  -0.519  31.338 0.0000000000
81476  44.417  1.831  31.546 0.0000000000
82436  47.155  3.068  33.585 0.0000000000
82458  49.126  3.299  31.815 0.0000000000
82460  43.746  2.518  31.412 0.0000000000
84190  45.765  5.359  28.031 0.0000000000
84207  46.329  5.453  26.937 0.0000000000
85729  46.190  6.267  31.550 0.0000000000
87338  43.785  7.967  40.522 0.0000000000
87442  46.751  8.444  27.346 0.0000000000
88096  47.347  9.370  38.198 0.0000000000
88114  43.282  9.542  36.438 0.0000000000
88124  44.216  9.696  35.758 0.0000000000
88125  43.326  9.084  36.007 0.0000000000
88142  43.960  10.768  33.779 0.0000000000
88150  48.633  10.350  31.814 0.0000000000
88191  47.185  8.892  27.633 0.0000000000
88869  44.274  10.607  31.561 0.0000000000
88875  46.026  10.967  30.319 0.0000000000
88909  46.350  10.039  28.507 0.0000000000
89465  47.242  11.886  31.677 0.0000000000
89495  47.357  11.387  29.099 0.0000000000
89496  46.863  11.031  28.971 0.0000000000
89507  48.145  11.508  28.704 0.0000000000
89509  46.775  10.781  28.762 0.0000000000
90064  52.414  12.739  34.892 0.0000000000
90112  48.884  12.098  28.938 0.0000000000
90113  48.457  11.979  28.850 0.0000000000
90125  48.686  11.952  28.613 0.0000000000
114706  44.371  11.122  34.363 0.0000000000
114709  44.413  14.395  36.025 0.0000000000
114710  44.257  11.053  34.029 0.0000000000
114711  44.215  11.696  34.218 0.0000000000
114713  43.607  10.856  36.297 0.0000000000
114714  44.316  14.312  36.287 0.0000000000
114719  42.574  11.559  36.002 0.0000000000
114722  43.838  11.001  33.320 0.0000000000
114724  42.007  10.269  36.355 0.0000000000
114725  44.744  14.200  35.879 0.0000000000
114729  44.211  12.039  34.069 0.0000000000
114732  44.060  12.111  34.249 0.0000000000
