#!ascii label  , from subject A00073296 vox2ras=TkReg
1491
56718  47.679  -23.832  65.975 0.0000000000
46158  27.917  -33.872  80.012 0.0000000000
41973  20.141  -37.697  79.639 0.0000000000
38375  13.412  -39.832  80.300 0.0000000000
43991  24.922  -35.317  86.468 0.0000000000
36491  28.339  -42.502  80.996 0.0000000000
52562  43.420  -27.427  67.065 0.0000000000
61943  51.460  -17.509  61.565 0.0000000000
53510  39.901  -25.855  74.275 0.0000000000
48326  30.817  -31.486  71.994 0.0000000000
42013  32.657  -37.751  75.606 0.0000000000
41879  18.556  -37.277  85.422 0.0000000000
39532  16.080  -39.125  81.678 0.0000000000
40678  14.851  -38.069  85.218 0.0000000000
41903  22.384  -36.754  82.860 0.0000000000
55626  43.558  -23.637  73.778 0.0000000000
50248  29.179  -29.807  83.629 0.0000000000
49216  32.144  -29.773  81.330 0.0000000000
50365  33.770  -29.480  76.713 0.0000000000
47283  29.022  -32.461  75.324 0.0000000000
46244  33.914  -33.578  75.467 0.0000000000
43071  31.811  -36.224  77.123 0.0000000000
33854  27.007  -45.594  79.711 0.0000000000
35673  28.943  -43.827  77.921 0.0000000000
59925  48.911  -20.440  64.005 0.0000000000
58970  49.945  -21.453  59.562 0.0000000000
36537  22.913  -42.853  77.113 0.0000000000
37370  19.624  -41.690  79.857 0.0000000000
45084  27.815  -34.478  83.902 0.0000000000
39585  27.433  -39.609  78.777 0.0000000000
40709  25.971  -37.968  81.630 0.0000000000
39587  24.716  -39.639  79.278 0.0000000000
52532  46.920  -27.085  68.101 0.0000000000
44021  10.879  -35.156  84.659 0.0000000000
40737  8.871  -38.068  80.759 0.0000000000
60850  49.152  -19.108  66.958 0.0000000000
57792  47.972  -22.589  68.960 0.0000000000
55671  45.551  -24.202  69.643 0.0000000000
53588  41.366  -26.033  70.095 0.0000000000
52523  37.812  -28.203  69.009 0.0000000000
54521  37.558  -24.746  77.515 0.0000000000
51392  34.966  -28.383  73.125 0.0000000000
49407  33.335  -30.674  68.281 0.0000000000
47348  35.956  -33.121  71.563 0.0000000000
38437  33.194  -40.438  78.782 0.0000000000
41851  17.328  -37.201  87.366 0.0000000000
40676  16.316  -37.931  85.339 0.0000000000
41853  15.708  -37.016  87.405 0.0000000000
41849  19.070  -36.726  86.933 0.0000000000
46120  29.412  -32.440  82.509 0.0000000000
47205  30.454  -31.532  80.484 0.0000000000
48248  30.740  -31.576  78.469 0.0000000000
46208  28.053  -33.297  77.172 0.0000000000
44176  28.819  -35.101  74.911 0.0000000000
43095  27.104  -36.308  75.734 0.0000000000
31898  26.004  -47.396  79.214 0.0000000000
32932  27.619  -46.737  77.921 0.0000000000
57833  47.515  -23.000  64.772 0.0000000000
57863  47.178  -22.231  62.720 0.0000000000
56747  46.568  -23.713  63.870 0.0000000000
39612  21.758  -39.745  76.734 0.0000000000
37406  20.689  -42.363  77.505 0.0000000000
39603  18.992  -39.792  77.603 0.0000000000
38351  14.756  -40.228  81.731 0.0000000000
37353  16.614  -40.973  80.418 0.0000000000
37374  14.453  -40.674  79.442 0.0000000000
36526  12.590  -41.762  78.589 0.0000000000
47111  27.372  -32.748  86.143 0.0000000000
44004  26.789  -34.672  84.882 0.0000000000
41900  26.707  -36.562  82.968 0.0000000000
44032  25.819  -35.622  83.891 0.0000000000
41939  21.036  -37.355  81.471 0.0000000000
41952  24.219  -37.322  80.595 0.0000000000
40768  22.580  -38.184  78.322 0.0000000000
37403  24.296  -41.694  77.851 0.0000000000
52545  45.709  -27.067  68.364 0.0000000000
51482  45.935  -28.368  68.873 0.0000000000
51469  44.298  -28.389  69.651 0.0000000000
41929  7.933  -37.793  82.915 0.0000000000
56667  47.185  -23.476  69.747 0.0000000000
56638  46.357  -22.885  71.251 0.0000000000
54572  41.355  -24.760  74.485 0.0000000000
54608  42.342  -25.162  72.004 0.0000000000
53568  40.790  -26.191  71.672 0.0000000000
52536  39.161  -27.264  68.603 0.0000000000
52493  38.679  -27.791  71.794 0.0000000000
49314  32.274  -30.298  74.826 0.0000000000
50391  34.384  -28.847  75.244 0.0000000000
50412  32.605  -29.594  72.050 0.0000000000
51453  33.548  -29.033  70.483 0.0000000000
48363  32.242  -31.547  70.015 0.0000000000
47380  33.756  -32.054  69.380 0.0000000000
47351  33.110  -32.545  71.552 0.0000000000
44195  35.375  -34.772  74.149 0.0000000000
37366  28.512  -41.494  80.210 0.0000000000
39567  31.172  -39.861  79.630 0.0000000000
36487  31.624  -42.395  79.768 0.0000000000
37417  29.250  -41.899  76.100 0.0000000000
62969  52.967  -17.476  58.399 0.0000000000
61967  52.295  -18.439  59.754 0.0000000000
41923  19.412  -37.352  82.362 0.0000000000
40731  18.008  -38.070  79.903 0.0000000000
41909  17.072  -37.534  83.410 0.0000000000
39484  15.106  -38.871  83.692 0.0000000000
38319  13.554  -39.913  83.726 0.0000000000
43976  22.638  -34.943  87.115 0.0000000000
42962  23.613  -36.021  85.529 0.0000000000
42953  21.259  -35.965  85.981 0.0000000000
41890  20.699  -37.093  84.051 0.0000000000
57707  45.089  -21.798  73.273 0.0000000000
54539  40.679  -24.343  76.376 0.0000000000
50316  33.287  -29.467  79.580 0.0000000000
49284  31.785  -30.811  76.632 0.0000000000
48314  30.025  -32.092  73.235 0.0000000000
46311  32.484  -33.189  72.890 0.0000000000
45265  30.634  -34.215  74.131 0.0000000000
45199  32.414  -34.881  76.306 0.0000000000
43056  34.190  -36.606  77.710 0.0000000000
34790  28.234  -44.278  80.722 0.0000000000
34800  29.957  -44.283  79.663 0.0000000000
33863  28.899  -45.477  78.895 0.0000000000
60933  49.948  -19.132  62.486 0.0000000000
60955  50.401  -19.261  60.481 0.0000000000
59958  48.923  -20.209  61.551 0.0000000000
38398  17.719  -40.027  79.896 0.0000000000
47135  28.608  -32.743  84.090 0.0000000000
44054  28.023  -34.412  82.033 0.0000000000
43042  26.616  -36.720  79.185 0.0000000000
43017  26.606  -37.074  80.867 0.0000000000
40728  26.438  -38.526  80.541 0.0000000000
38365  26.405  -40.371  80.824 0.0000000000
43019  24.374  -36.806  81.722 0.0000000000
40730  25.217  -39.132  80.614 0.0000000000
37368  26.364  -41.422  80.439 0.0000000000
35664  26.010  -43.437  79.207 0.0000000000
35665  24.890  -43.517  78.629 0.0000000000
54659  47.729  -25.796  67.265 0.0000000000
53659  46.578  -26.197  65.330 0.0000000000
51511  46.799  -28.201  67.004 0.0000000000
41884  12.735  -36.395  85.529 0.0000000000
41927  12.223  -37.533  82.285 0.0000000000
43006  10.508  -36.127  82.490 0.0000000000
40753  10.883  -38.754  79.692 0.0000000000
60918  50.317  -18.425  64.290 0.0000000000
59884  49.525  -19.750  65.314 0.0000000000
58878  48.684  -21.463  66.061 0.0000000000
56692  47.890  -23.749  67.696 0.0000000000
55684  47.459  -24.323  68.174 0.0000000000
55686  46.151  -24.724  68.581 0.0000000000
55703  44.669  -25.039  67.917 0.0000000000
55646  44.824  -24.071  71.847 0.0000000000
54628  43.274  -25.000  69.845 0.0000000000
53611  42.607  -25.889  67.188 0.0000000000
52548  39.953  -27.221  66.945 0.0000000000
52567  37.978  -28.349  66.632 0.0000000000
53473  38.707  -25.481  76.005 0.0000000000
52413  35.332  -27.359  77.461 0.0000000000
52447  36.376  -27.047  75.017 0.0000000000
51389  37.698  -27.430  73.643 0.0000000000
51450  36.456  -28.578  70.670 0.0000000000
51488  35.125  -29.023  68.406 0.0000000000
46293  35.269  -33.000  73.914 0.0000000000
40778  30.342  -38.442  77.920 0.0000000000
41979  33.406  -37.650  79.125 0.0000000000
40777  33.177  -39.055  77.365 0.0000000000
36531  30.881  -42.596  78.246 0.0000000000
38455  31.406  -40.495  76.640 0.0000000000
41852  16.494  -37.177  87.441 0.0000000000
42929  16.008  -36.063  87.569 0.0000000000
46140  28.656  -33.329  81.396 0.0000000000
47188  30.149  -31.635  81.610 0.0000000000
46175  28.937  -32.879  80.114 0.0000000000
47222  29.206  -32.649  79.313 0.0000000000
46191  28.117  -33.450  78.292 0.0000000000
45200  27.098  -34.514  76.865 0.0000000000
45184  27.093  -34.586  77.851 0.0000000000
57822  47.631  -23.309  65.381 0.0000000000
56746  47.094  -23.449  64.420 0.0000000000
55762  46.990  -24.331  64.990 0.0000000000
40785  20.879  -38.538  77.379 0.0000000000
39614  19.907  -39.586  76.935 0.0000000000
40786  19.834  -38.573  77.645 0.0000000000
38352  14.024  -40.165  81.479 0.0000000000
38399  14.853  -40.521  80.152 0.0000000000
37375  13.939  -40.456  79.471 0.0000000000
37392  13.452  -40.800  78.976 0.0000000000
38425  13.252  -40.168  79.248 0.0000000000
44986  24.629  -34.178  87.842 0.0000000000
45010  25.927  -34.355  87.470 0.0000000000
45033  26.770  -34.214  86.366 0.0000000000
43990  26.007  -35.000  86.245 0.0000000000
44019  26.298  -35.308  84.217 0.0000000000
44006  25.314  -35.354  85.636 0.0000000000
41955  20.605  -37.466  80.513 0.0000000000
40749  22.191  -37.898  79.077 0.0000000000
40769  21.405  -38.090  78.439 0.0000000000
40784  22.020  -38.546  77.551 0.0000000000
53610  44.911  -26.931  67.638 0.0000000000
52535  44.861  -27.601  68.686 0.0000000000
51484  44.179  -28.027  68.841 0.0000000000
58824  46.574  -21.105  71.435 0.0000000000
57759  46.854  -22.467  70.946 0.0000000000
57719  46.119  -21.707  72.065 0.0000000000
53509  40.661  -25.483  73.942 0.0000000000
53527  40.865  -25.765  73.008 0.0000000000
53528  40.123  -26.081  73.354 0.0000000000
53569  40.008  -26.715  71.618 0.0000000000
53548  39.705  -26.693  72.750 0.0000000000
49347  31.053  -30.938  72.426 0.0000000000
50403  32.687  -29.626  72.974 0.0000000000
49346  31.785  -30.227  72.364 0.0000000000
50448  32.391  -29.976  70.692 0.0000000000
49382  31.540  -31.034  70.986 0.0000000000
47367  32.623  -32.161  70.614 0.0000000000
47352  31.803  -32.525  71.494 0.0000000000
37345  28.745  -41.897  80.631 0.0000000000
37343  30.646  -41.544  80.268 0.0000000000
36489  29.854  -42.368  80.761 0.0000000000
62960  52.639  -17.663  59.507 0.0000000000
61955  51.815  -18.071  60.411 0.0000000000
41908  18.168  -37.390  83.665 0.0000000000
41924  18.122  -37.368  82.452 0.0000000000
41893  17.790  -37.410  84.568 0.0000000000
40677  15.529  -38.093  85.329 0.0000000000
40690  15.657  -38.335  84.418 0.0000000000
40691  15.034  -38.511  84.449 0.0000000000
38318  14.333  -39.620  83.418 0.0000000000
39474  14.054  -38.797  83.913 0.0000000000
43977  21.565  -35.083  87.173 0.0000000000
42938  22.309  -35.348  86.637 0.0000000000
42939  21.033  -35.688  86.533 0.0000000000
41867  18.383  -37.296  86.402 0.0000000000
41865  20.067  -36.342  85.625 0.0000000000
41878  19.492  -36.943  85.150 0.0000000000
41906  20.080  -37.303  83.274 0.0000000000
49197  31.874  -29.886  81.716 0.0000000000
51279  32.268  -28.844  82.468 0.0000000000
51290  33.249  -28.339  81.570 0.0000000000
50301  33.488  -28.679  80.600 0.0000000000
49243  32.791  -29.658  80.254 0.0000000000
48264  29.909  -31.857  77.271 0.0000000000
48262  31.448  -31.139  77.697 0.0000000000
48275  30.357  -31.490  76.291 0.0000000000
49300  30.870  -31.082  75.324 0.0000000000
48315  29.575  -32.349  73.966 0.0000000000
47318  29.590  -33.005  73.466 0.0000000000
46273  29.151  -33.775  74.130 0.0000000000
44137  29.793  -35.826  75.903 0.0000000000
45216  30.530  -34.918  75.335 0.0000000000
44135  31.626  -35.523  76.621 0.0000000000
44133  33.634  -35.376  77.033 0.0000000000
44117  33.156  -35.968  77.498 0.0000000000
33853  27.828  -45.559  80.062 0.0000000000
33852  28.560  -45.581  79.736 0.0000000000
32883  28.034  -46.034  79.592 0.0000000000
59924  49.369  -19.699  63.355 0.0000000000
59942  49.286  -19.739  62.386 0.0000000000
59943  48.746  -20.341  62.847 0.0000000000
57877  47.157  -22.152  61.749 0.0000000000
34813  23.416  -44.630  78.112 0.0000000000
34823  22.319  -44.309  77.893 0.0000000000
40733  16.949  -38.497  80.755 0.0000000000
39572  17.643  -39.353  79.437 0.0000000000
39552  17.168  -39.573  80.325 0.0000000000
37372  16.667  -41.647  79.907 0.0000000000
37352  17.582  -41.602  80.368 0.0000000000
46058  27.649  -33.857  84.780 0.0000000000
46077  27.832  -33.092  84.638 0.0000000000
45068  28.051  -34.032  84.217 0.0000000000
45082  28.630  -33.639  83.375 0.0000000000
44043  27.898  -35.093  82.635 0.0000000000
44055  27.667  -35.074  81.778 0.0000000000
43000  27.318  -35.835  82.479 0.0000000000
40708  26.103  -37.730  81.888 0.0000000000
41916  26.432  -37.218  82.239 0.0000000000
40719  26.149  -38.366  81.301 0.0000000000
39549  26.577  -39.734  80.560 0.0000000000
39530  26.171  -39.515  81.160 0.0000000000
42977  22.982  -36.211  83.896 0.0000000000
42990  23.928  -35.883  83.182 0.0000000000
43003  23.847  -36.344  82.303 0.0000000000
40746  24.655  -38.852  79.941 0.0000000000
41951  24.882  -38.162  80.791 0.0000000000
39570  25.134  -39.714  80.056 0.0000000000
38367  25.717  -40.291  80.650 0.0000000000
38420  25.555  -40.726  79.919 0.0000000000
36520  26.255  -42.341  79.739 0.0000000000
37385  25.687  -41.337  79.652 0.0000000000
36536  23.770  -42.453  77.439 0.0000000000
36535  24.611  -42.443  78.220 0.0000000000
35666  24.100  -43.915  78.142 0.0000000000
53607  47.451  -26.401  67.569 0.0000000000
53624  47.399  -26.948  66.658 0.0000000000
52544  47.227  -27.238  67.758 0.0000000000
51495  46.411  -28.845  67.871 0.0000000000
42978  11.841  -35.898  84.424 0.0000000000
41911  12.377  -37.180  83.400 0.0000000000
42992  11.737  -36.303  83.743 0.0000000000
43008  8.668  -36.609  82.080 0.0000000000
43024  9.374  -36.768  81.599 0.0000000000
41945  10.625  -37.229  81.088 0.0000000000
40736  9.507  -38.524  80.148 0.0000000000
39575  10.584  -39.507  79.163 0.0000000000
39556  9.140  -39.532  80.171 0.0000000000
61917  50.717  -17.665  63.743 0.0000000000
60887  49.716  -18.971  65.768 0.0000000000
59871  49.432  -19.814  66.143 0.0000000000
59885  49.158  -20.564  65.660 0.0000000000
59872  49.004  -20.579  66.518 0.0000000000
58856  48.284  -21.225  68.525 0.0000000000
57803  48.402  -22.250  67.492 0.0000000000
56678  48.163  -22.860  68.265 0.0000000000
56679  47.888  -23.245  68.479 0.0000000000
55655  46.383  -23.662  70.379 0.0000000000
55670  46.566  -23.951  69.698 0.0000000000
54648  45.660  -25.162  68.198 0.0000000000
55687  45.054  -24.761  68.529 0.0000000000
56619  44.299  -23.126  73.491 0.0000000000
56628  44.824  -23.178  72.966 0.0000000000
55639  43.813  -24.175  72.663 0.0000000000
54630  41.916  -25.615  70.600 0.0000000000
54620  42.480  -25.298  71.114 0.0000000000
54638  42.031  -25.633  69.625 0.0000000000
54650  42.868  -25.292  68.417 0.0000000000
53600  41.453  -25.963  68.960 0.0000000000
53628  41.637  -26.928  66.490 0.0000000000
53601  40.678  -26.364  68.328 0.0000000000
52522  38.496  -27.774  69.387 0.0000000000
52537  38.408  -27.728  68.207 0.0000000000
52551  37.657  -28.303  67.189 0.0000000000
51499  36.895  -28.582  67.539 0.0000000000
54542  38.263  -25.136  76.722 0.0000000000
51336  34.475  -28.510  78.564 0.0000000000
52407  35.159  -27.263  78.442 0.0000000000
51351  34.650  -28.513  77.671 0.0000000000
51381  34.891  -28.413  74.317 0.0000000000
51369  35.473  -27.696  75.936 0.0000000000
51380  36.003  -27.561  74.650 0.0000000000
51379  37.098  -27.287  74.039 0.0000000000
51390  36.843  -27.780  73.610 0.0000000000
51428  37.427  -28.224  72.074 0.0000000000
51430  35.665  -28.515  71.443 0.0000000000
50466  33.206  -29.742  69.354 0.0000000000
51474  34.478  -29.110  69.207 0.0000000000
50490  33.685  -30.092  67.981 0.0000000000
50507  34.627  -29.884  66.812 0.0000000000
48405  33.800  -31.047  67.495 0.0000000000
48392  34.140  -31.685  67.724 0.0000000000
47365  35.071  -32.429  70.615 0.0000000000
47378  35.666  -32.810  69.671 0.0000000000
46295  33.129  -33.159  73.866 0.0000000000
46309  33.985  -32.617  73.397 0.0000000000
46269  34.927  -32.896  74.494 0.0000000000
44207  35.509  -34.989  73.299 0.0000000000
40765  26.673  -38.259  78.651 0.0000000000
41994  26.917  -37.703  77.364 0.0000000000
39598  28.343  -39.341  77.936 0.0000000000
38387  33.132  -40.500  79.383 0.0000000000
40742  32.756  -38.968  79.700 0.0000000000
39581  33.618  -39.896  79.030 0.0000000000
40776  33.732  -38.736  78.026 0.0000000000
39596  33.006  -39.731  77.779 0.0000000000
34819  29.852  -44.094  78.528 0.0000000000
35670  30.766  -43.211  78.630 0.0000000000
36532  30.217  -42.945  77.886 0.0000000000
37424  30.247  -41.396  75.995 0.0000000000
38466  31.019  -40.062  75.863 0.0000000000
59983  50.176  -20.666  59.646 0.0000000000
60965  51.564  -19.570  59.723 0.0000000000
53671  45.457  -26.061  64.305 0.0000000000
41868  17.474  -37.492  86.675 0.0000000000
40675  16.803  -37.704  85.654 0.0000000000
40645  16.675  -37.608  86.882 0.0000000000
40646  15.909  -37.516  86.900 0.0000000000
40647  15.195  -37.230  86.757 0.0000000000
41850  18.197  -37.148  87.209 0.0000000000
48157  29.570  -31.403  83.081 0.0000000000
50262  30.486  -29.823  83.285 0.0000000000
48156  29.929  -31.314  82.546 0.0000000000
48192  30.712  -30.991  81.690 0.0000000000
48211  31.290  -30.780  80.659 0.0000000000
48229  31.903  -30.370  80.378 0.0000000000
48231  30.919  -31.319  79.510 0.0000000000
47241  29.533  -32.252  78.244 0.0000000000
47284  28.523  -32.790  75.827 0.0000000000
46274  28.528  -33.564  74.773 0.0000000000
46247  27.763  -33.785  75.786 0.0000000000
44155  28.394  -35.592  75.346 0.0000000000
43073  29.559  -36.411  76.359 0.0000000000
32885  26.506  -46.600  79.361 0.0000000000
32884  27.450  -46.509  79.356 0.0000000000
31896  27.283  -47.248  78.927 0.0000000000
57832  47.892  -22.172  64.354 0.0000000000
58907  48.174  -21.372  63.465 0.0000000000
57846  47.174  -22.722  63.649 0.0000000000
57847  46.602  -23.224  63.195 0.0000000000
37419  22.213  -41.369  76.572 0.0000000000
36549  21.143  -42.718  77.130 0.0000000000
37420  20.963  -41.662  76.955 0.0000000000
38442  19.976  -41.086  77.457 0.0000000000
37408  19.584  -41.340  78.460 0.0000000000
38350  15.444  -39.986  81.969 0.0000000000
38371  16.341  -40.076  81.110 0.0000000000
38372  15.359  -40.466  80.914 0.0000000000
37373  15.524  -41.130  79.695 0.0000000000
36511  13.940  -42.628  79.124 0.0000000000
45053  27.063  -34.108  85.495 0.0000000000
44003  27.182  -34.610  84.465 0.0000000000
42986  27.080  -35.783  83.327 0.0000000000
42973  26.693  -35.518  83.708 0.0000000000
42988  26.008  -36.178  83.424 0.0000000000
43001  25.664  -36.509  82.946 0.0000000000
41938  22.015  -37.062  81.583 0.0000000000
41937  22.766  -36.781  81.860 0.0000000000
41953  23.064  -36.930  80.842 0.0000000000
40748  23.148  -37.841  79.080 0.0000000000
39588  24.198  -39.511  78.441 0.0000000000
38422  24.582  -40.364  78.607 0.0000000000
39600  23.476  -39.410  77.694 0.0000000000
37405  22.877  -40.918  76.836 0.0000000000
53608  45.981  -26.541  68.318 0.0000000000
51481  46.508  -27.697  68.327 0.0000000000
52534  45.523  -27.582  68.741 0.0000000000
51467  45.601  -28.765  69.430 0.0000000000
43009  7.960  -36.953  82.582 0.0000000000
41928  8.178  -37.574  81.989 0.0000000000
38377  8.706  -39.785  80.884 0.0000000000
39519  8.171  -39.757  82.672 0.0000000000
57779  47.740  -22.331  69.553 0.0000000000
56666  47.619  -23.106  69.310 0.0000000000
57758  47.364  -22.191  70.351 0.0000000000
56650  46.722  -23.234  70.507 0.0000000000
55656  45.884  -23.745  70.899 0.0000000000
55607  42.440  -24.088  74.592 0.0000000000
55627  42.749  -24.381  73.514 0.0000000000
54590  42.157  -24.893  72.932 0.0000000000
53567  41.300  -25.841  71.802 0.0000000000
53580  40.674  -26.340  70.731 0.0000000000
53589  40.661  -26.372  69.587 0.0000000000
53581  39.941  -26.797  70.333 0.0000000000
52521  39.212  -27.323  69.864 0.0000000000
52510  37.941  -28.250  69.960 0.0000000000
50366  33.149  -29.929  76.268 0.0000000000
50378  34.381  -28.921  76.174 0.0000000000
50393  32.916  -29.732  74.097 0.0000000000
50402  33.571  -29.200  73.354 0.0000000000
51393  34.212  -28.723  72.728 0.0000000000
51431  34.742  -28.575  71.218 0.0000000000
50429  32.973  -29.348  71.184 0.0000000000
50467  32.604  -30.176  69.823 0.0000000000
49408  32.809  -30.895  68.885 0.0000000000
48381  33.311  -31.668  68.939 0.0000000000
48362  33.045  -31.895  69.727 0.0000000000
47366  33.826  -32.266  70.407 0.0000000000
47350  34.423  -32.397  71.760 0.0000000000
45212  34.552  -34.177  75.849 0.0000000000
45211  35.171  -33.805  75.128 0.0000000000
44174  34.920  -35.371  74.779 0.0000000000
44175  34.579  -35.713  74.346 0.0000000000
43134  32.910  -36.056  73.097 0.0000000000
38419  27.872  -40.372  79.170 0.0000000000
39583  29.720  -39.893  78.522 0.0000000000
38391  30.027  -41.162  79.606 0.0000000000
38362  31.539  -40.869  80.077 0.0000000000
37362  32.418  -41.732  79.218 0.0000000000
36544  29.223  -42.437  76.833 0.0000000000
36552  28.717  -42.170  76.287 0.0000000000
62959  52.924  -17.408  59.014 0.0000000000
61965  52.939  -18.073  58.706 0.0000000000
61977  52.909  -18.538  58.652 0.0000000000
41956  19.480  -37.556  80.393 0.0000000000
41974  19.136  -37.953  79.452 0.0000000000
41941  18.782  -37.378  81.281 0.0000000000
41943  17.058  -37.777  81.400 0.0000000000
40710  16.071  -38.328  82.564 0.0000000000
40689  16.227  -38.083  84.617 0.0000000000
40702  15.488  -38.643  83.409 0.0000000000
40711  15.474  -39.056  82.804 0.0000000000
38328  15.109  -40.060  83.142 0.0000000000
38341  14.286  -40.118  82.372 0.0000000000
38342  13.531  -39.899  82.082 0.0000000000
43992  24.141  -35.231  86.615 0.0000000000
42961  24.426  -35.705  86.004 0.0000000000
42951  23.444  -35.511  86.391 0.0000000000
42963  22.785  -36.212  84.916 0.0000000000
41875  22.075  -36.367  84.319 0.0000000000
41847  20.662  -35.996  85.974 0.0000000000
41876  21.260  -36.559  84.619 0.0000000000
41889  21.502  -36.826  83.794 0.0000000000
41905  21.015  -37.263  83.166 0.0000000000
41940  19.961  -37.408  81.393 0.0000000000
51513  42.898  -28.048  66.942 0.0000000000
51496  43.279  -28.235  67.811 0.0000000000
51497  42.152  -29.223  68.406 0.0000000000
58807  45.567  -21.185  72.599 0.0000000000
56608  43.300  -23.102  74.597 0.0000000000
55590  42.097  -23.826  75.489 0.0000000000
54557  41.003  -24.698  75.487 0.0000000000
53490  40.503  -25.310  74.923 0.0000000000
51317  34.288  -28.447  79.412 0.0000000000
50331  33.590  -29.494  78.602 0.0000000000
49245  32.074  -30.637  79.057 0.0000000000
49271  32.672  -30.437  77.775 0.0000000000
49283  32.568  -30.390  76.875 0.0000000000
49299  31.662  -30.731  75.553 0.0000000000
49315  31.415  -30.709  74.522 0.0000000000
48327  30.462  -32.136  72.287 0.0000000000
47353  30.890  -32.320  71.685 0.0000000000
47317  30.113  -32.715  72.751 0.0000000000
46296  32.067  -33.672  73.909 0.0000000000
46272  32.214  -33.813  74.554 0.0000000000
45242  29.767  -34.658  74.615 0.0000000000
45241  30.988  -34.479  74.808 0.0000000000
45213  33.698  -34.113  76.047 0.0000000000
45197  34.061  -34.716  76.571 0.0000000000
43069  34.183  -36.555  76.480 0.0000000000
43070  33.817  -37.212  76.173 0.0000000000
35635  27.921  -43.232  80.965 0.0000000000
34788  29.741  -43.908  80.408 0.0000000000
33845  29.449  -44.526  80.172 0.0000000000
33862  29.475  -45.021  78.995 0.0000000000
34820  29.214  -44.633  78.455 0.0000000000
32931  28.188  -46.229  78.567 0.0000000000
33885  28.418  -45.653  78.211 0.0000000000
60943  50.662  -18.496  61.799 0.0000000000
61956  51.366  -18.310  60.618 0.0000000000
60944  50.179  -19.070  61.148 0.0000000000
59969  49.801  -19.835  60.387 0.0000000000
59970  48.954  -20.595  60.525 0.0000000000
58932  47.610  -21.653  62.473 0.0000000000
58960  48.055  -21.540  60.718 0.0000000000
40772  18.371  -38.868  78.516 0.0000000000
39589  18.182  -39.604  78.671 0.0000000000
38397  18.336  -40.642  79.804 0.0000000000
38370  17.423  -40.599  80.339 0.0000000000
38369  18.331  -41.264  80.449 0.0000000000
48143  28.492  -31.823  83.987 0.0000000000
47157  29.214  -32.453  83.297 0.0000000000
45115  28.801  -33.421  82.525 0.0000000000
45131  27.822  -34.374  80.863 0.0000000000
44097  26.916  -35.296  78.840 0.0000000000
44066  27.200  -35.553  80.526 0.0000000000
43032  26.684  -36.743  80.287 0.0000000000
40745  26.640  -38.403  79.685 0.0000000000
41933  26.850  -36.721  82.047 0.0000000000
41934  26.491  -37.435  81.295 0.0000000000
39569  26.770  -39.283  79.758 0.0000000000
39548  27.127  -40.444  80.275 0.0000000000
38364  27.111  -40.788  80.609 0.0000000000
37346  27.814  -41.694  80.525 0.0000000000
42975  24.634  -35.561  85.006 0.0000000000
43002  24.973  -36.585  82.408 0.0000000000
41918  25.421  -37.455  81.901 0.0000000000
43035  24.035  -36.862  81.151 0.0000000000
43033  24.970  -37.765  81.296 0.0000000000
40720  25.813  -38.733  81.339 0.0000000000
38348  26.044  -40.155  81.056 0.0000000000
37348  26.454  -40.933  80.778 0.0000000000
36492  27.569  -42.357  80.719 0.0000000000
35650  27.338  -43.073  80.572 0.0000000000
35651  26.779  -43.339  79.953 0.0000000000
34803  26.530  -44.516  79.566 0.0000000000
37386  24.984  -41.351  78.607 0.0000000000
33855  26.088  -45.621  79.280 0.0000000000
33864  25.158  -45.567  78.886 0.0000000000
55721  47.668  -25.054  66.585 0.0000000000
54695  46.951  -25.745  65.474 0.0000000000
53641  47.495  -26.446  66.515 0.0000000000
51494  46.869  -27.886  67.965 0.0000000000
51512  46.147  -28.822  66.972 0.0000000000
50464  43.792  -28.452  69.558 0.0000000000
43964  14.600  -35.579  87.916 0.0000000000
42942  14.103  -36.294  87.451 0.0000000000
40649  14.055  -36.879  86.483 0.0000000000
42954  12.820  -36.092  86.280 0.0000000000
40680  13.721  -37.303  85.541 0.0000000000
40692  13.624  -38.334  83.974 0.0000000000
40712  13.348  -38.553  82.631 0.0000000000
39518  12.511  -38.714  81.556 0.0000000000
44044  10.465  -35.596  83.063 0.0000000000
43022  11.064  -36.810  81.799 0.0000000000
41944  11.659  -37.637  81.309 0.0000000000
39555  12.271  -38.960  80.154 0.0000000000
39591  12.016  -39.563  78.936 0.0000000000
62929  51.492  -16.963  62.165 0.0000000000
61932  51.122  -17.615  62.453 0.0000000000
60932  50.497  -18.409  63.134 0.0000000000
60919  50.027  -19.127  63.792 0.0000000000
61907  50.340  -17.800  64.728 0.0000000000
60906  49.933  -19.091  64.839 0.0000000000
59905  49.195  -20.369  64.878 0.0000000000
58890  48.622  -21.291  64.876 0.0000000000
57821  48.073  -22.574  65.590 0.0000000000
56717  48.097  -23.186  66.486 0.0000000000
58871  48.611  -21.399  66.972 0.0000000000
57810  48.417  -22.349  66.648 0.0000000000
56704  47.982  -24.000  66.912 0.0000000000
55702  47.732  -24.799  67.452 0.0000000000
54645  47.326  -25.592  67.921 0.0000000000
55669  47.270  -23.815  69.013 0.0000000000
55685  46.930  -24.672  68.592 0.0000000000
54646  46.734  -25.618  68.277 0.0000000000
54660  45.736  -26.126  68.007 0.0000000000
53625  45.003  -26.389  67.389 0.0000000000
54678  44.174  -25.840  67.037 0.0000000000
57720  45.554  -22.207  72.612 0.0000000000
55645  45.321  -23.609  72.046 0.0000000000
55657  44.802  -24.251  70.667 0.0000000000
55640  42.997  -24.683  72.379 0.0000000000
55647  43.822  -24.556  71.488 0.0000000000
55672  44.558  -24.454  69.563 0.0000000000
54649  43.573  -24.939  68.158 0.0000000000
54663  42.994  -25.578  67.545 0.0000000000
53627  43.011  -26.287  66.719 0.0000000000
52564  41.131  -28.107  66.370 0.0000000000
53602  39.860  -26.847  67.886 0.0000000000
52549  39.267  -27.422  67.245 0.0000000000
54558  40.259  -25.105  75.804 0.0000000000
53511  39.091  -26.195  74.467 0.0000000000
53458  36.066  -26.105  77.357 0.0000000000
51360  35.289  -27.726  76.775 0.0000000000
52422  35.725  -27.094  76.468 0.0000000000
53475  37.002  -25.938  76.275 0.0000000000
52431  37.493  -26.538  74.930 0.0000000000
53512  38.526  -26.235  74.776 0.0000000000
52443  38.789  -26.705  73.876 0.0000000000
52475  38.584  -27.512  72.705 0.0000000000
51449  37.481  -28.372  70.936 0.0000000000
51471  37.183  -28.491  69.824 0.0000000000
51451  35.479  -28.666  70.434 0.0000000000
51473  35.314  -28.846  69.414 0.0000000000
51487  36.068  -28.691  68.557 0.0000000000
51518  35.552  -29.194  66.969 0.0000000000
47379  34.656  -32.317  69.324 0.0000000000
46330  33.018  -32.761  72.385 0.0000000000
47329  34.298  -32.497  72.962 0.0000000000
47327  35.811  -33.009  72.540 0.0000000000
45238  35.449  -34.005  74.320 0.0000000000
45262  35.677  -34.238  73.445 0.0000000000
43061  26.642  -36.492  77.305 0.0000000000
42005  27.814  -37.324  76.630 0.0000000000
42003  29.876  -37.160  76.895 0.0000000000
40762  30.845  -38.857  78.564 0.0000000000
41981  31.830  -37.845  78.430 0.0000000000
43047  33.139  -37.163  78.630 0.0000000000
43045  34.139  -37.005  78.449 0.0000000000
41990  33.894  -37.910  77.553 0.0000000000
42002  33.071  -38.042  76.196 0.0000000000
35649  30.966  -43.311  79.387 0.0000000000
36518  31.560  -42.552  78.877 0.0000000000
37401  31.763  -41.799  78.155 0.0000000000
36543  30.015  -42.329  77.222 0.0000000000
37414  31.373  -41.436  77.368 0.0000000000
38439  31.898  -40.998  77.586 0.0000000000
39610  32.461  -39.620  77.104 0.0000000000
40794  32.067  -38.898  76.245 0.0000000000
60953  51.711  -18.686  60.132 0.0000000000
60964  52.087  -19.120  59.697 0.0000000000
59980  52.414  -20.090  59.145 0.0000000000
54721  46.376  -25.560  64.906 0.0000000000
46157  28.441  -33.466  80.611 0.0000000000
46156  28.957  -32.724  80.915 0.0000000000
46176  28.561  -33.312  79.421 0.0000000000
46177  27.766  -33.992  79.132 0.0000000000
46192  27.533  -34.129  78.325 0.0000000000
56728  47.296  -23.829  65.108 0.0000000000
55739  47.197  -24.837  65.510 0.0000000000
40770  20.276  -38.174  78.318 0.0000000000
41985  19.780  -37.959  78.992 0.0000000000
38353  13.477  -39.809  81.065 0.0000000000
38374  13.842  -40.133  80.586 0.0000000000
38401  13.625  -40.145  79.697 0.0000000000
38402  13.111  -39.779  79.654 0.0000000000
45011  24.962  -34.563  87.404 0.0000000000
44985  25.354  -34.165  87.758 0.0000000000
43973  25.495  -35.021  87.062 0.0000000000
45034  26.383  -34.830  87.019 0.0000000000
41972  21.306  -37.639  79.574 0.0000000000
41984  20.577  -37.871  78.977 0.0000000000
52547  44.341  -27.488  67.875 0.0000000000
58806  46.107  -21.085  72.025 0.0000000000
53529  39.355  -26.522  73.636 0.0000000000
49366  31.285  -30.926  71.674 0.0000000000
48345  31.218  -31.718  71.264 0.0000000000
47368  31.847  -31.964  70.709 0.0000000000
36490  29.082  -42.290  81.008 0.0000000000
36477  29.324  -42.715  81.127 0.0000000000
62941  51.893  -17.079  61.179 0.0000000000
62950  52.094  -17.375  60.576 0.0000000000
39473  14.495  -38.556  84.269 0.0000000000
43957  21.524  -34.622  87.581 0.0000000000
43978  20.685  -35.369  87.089 0.0000000000
41892  18.828  -37.357  84.439 0.0000000000
50275  32.161  -29.469  81.964 0.0000000000
50288  32.441  -29.326  81.564 0.0000000000
51278  32.838  -28.537  82.032 0.0000000000
49215  32.558  -29.414  81.143 0.0000000000
50287  32.930  -28.974  81.214 0.0000000000
49229  32.646  -29.494  80.842 0.0000000000
48276  29.620  -31.960  76.518 0.0000000000
48288  29.596  -31.944  75.696 0.0000000000
48301  29.500  -32.102  74.754 0.0000000000
47299  29.043  -32.863  74.434 0.0000000000
44136  30.476  -35.799  76.286 0.0000000000
44118  32.367  -36.000  77.151 0.0000000000
34822  22.865  -43.988  77.759 0.0000000000
35676  22.318  -43.519  77.388 0.0000000000
39553  16.704  -38.957  80.843 0.0000000000
37371  17.177  -41.881  80.045 0.0000000000
45069  27.575  -34.356  84.364 0.0000000000
45051  27.747  -34.016  84.597 0.0000000000
45083  28.392  -34.062  83.510 0.0000000000
44030  27.779  -35.037  83.313 0.0000000000
41888  22.268  -36.580  83.477 0.0000000000
42991  23.032  -36.426  82.925 0.0000000000
38395  25.483  -40.304  80.209 0.0000000000
38421  25.239  -40.458  79.454 0.0000000000
35675  23.388  -43.529  77.640 0.0000000000
52543  47.277  -26.826  67.803 0.0000000000
52560  47.410  -26.911  67.511 0.0000000000
44008  11.585  -35.022  85.492 0.0000000000
42965  11.491  -35.516  84.776 0.0000000000
42979  11.169  -35.730  84.140 0.0000000000
41947  8.868  -37.453  81.244 0.0000000000
41962  8.996  -37.744  80.888 0.0000000000
41961  9.322  -37.786  80.762 0.0000000000
39557  8.671  -38.899  80.697 0.0000000000
63895  51.046  -16.160  63.898 0.0000000000
61881  49.376  -18.535  66.348 0.0000000000
60868  49.437  -19.217  66.465 0.0000000000
59861  49.173  -19.797  66.852 0.0000000000
57778  48.073  -21.813  69.022 0.0000000000
57791  48.238  -22.301  68.324 0.0000000000
55625  44.145  -23.447  73.287 0.0000000000
54651  42.202  -25.573  68.623 0.0000000000
52538  37.666  -28.183  67.958 0.0000000000
50348  34.215  -29.093  78.146 0.0000000000
50364  34.327  -29.029  77.188 0.0000000000
51391  35.865  -28.072  73.486 0.0000000000
51406  36.684  -28.131  72.725 0.0000000000
51407  35.785  -28.313  72.443 0.0000000000
50479  33.421  -29.952  68.586 0.0000000000
49419  33.824  -30.441  67.593 0.0000000000
48393  33.526  -31.401  68.228 0.0000000000
47349  35.472  -32.639  71.679 0.0000000000
47364  35.824  -32.872  70.781 0.0000000000
46270  34.021  -33.001  74.562 0.0000000000
46243  34.700  -33.353  75.173 0.0000000000
40764  27.096  -38.900  78.402 0.0000000000
39599  27.590  -39.072  77.968 0.0000000000
38414  33.207  -40.511  79.186 0.0000000000
39564  33.267  -40.152  79.420 0.0000000000
39595  33.395  -39.773  78.470 0.0000000000
38438  32.614  -40.736  78.228 0.0000000000
35672  29.695  -43.681  78.214 0.0000000000
36533  29.483  -43.013  77.645 0.0000000000
41834  17.119  -36.731  87.709 0.0000000000
41833  17.992  -36.754  87.644 0.0000000000
47156  29.566  -31.808  82.827 0.0000000000
47173  29.660  -31.927  82.443 0.0000000000
47189  29.615  -32.135  81.052 0.0000000000
47187  30.755  -31.036  81.470 0.0000000000
48191  31.334  -30.539  81.465 0.0000000000
47204  30.824  -31.108  81.163 0.0000000000
48212  30.966  -30.941  80.109 0.0000000000
47258  28.678  -32.767  77.721 0.0000000000
47257  29.204  -32.278  77.118 0.0000000000
47272  28.552  -32.730  76.715 0.0000000000
46225  28.075  -33.270  76.240 0.0000000000
45201  26.815  -35.192  76.374 0.0000000000
45219  27.325  -34.595  75.715 0.0000000000
43094  27.916  -36.166  75.769 0.0000000000
43093  28.819  -36.019  75.858 0.0000000000
43074  28.390  -36.672  76.258 0.0000000000
31897  26.717  -47.399  79.139 0.0000000000
56729  46.879  -23.981  64.638 0.0000000000
55784  45.819  -24.483  63.495 0.0000000000
38458  21.382  -40.539  76.667 0.0000000000
38460  19.504  -40.060  77.218 0.0000000000
38459  20.240  -40.575  77.026 0.0000000000
38443  19.342  -40.741  77.894 0.0000000000
37390  15.004  -41.473  78.950 0.0000000000
36523  15.315  -41.845  78.935 0.0000000000
36525  13.641  -41.900  78.690 0.0000000000
36512  12.774  -42.650  79.295 0.0000000000
46029  27.224  -33.085  87.485 0.0000000000
43989  26.512  -34.543  85.645 0.0000000000
44018  26.869  -35.023  84.162 0.0000000000
44031  26.107  -35.666  83.715 0.0000000000
41902  25.971  -36.802  83.016 0.0000000000
41921  21.413  -37.207  82.334 0.0000000000
41954  21.751  -37.300  80.632 0.0000000000
41971  22.516  -37.443  79.824 0.0000000000
40747  24.084  -38.193  79.356 0.0000000000
40767  23.653  -38.572  78.417 0.0000000000
39602  21.635  -39.036  76.919 0.0000000000
39601  22.525  -39.381  77.106 0.0000000000
38457  22.356  -40.345  76.701 0.0000000000
52533  46.193  -27.299  68.411 0.0000000000
51483  45.038  -27.988  69.306 0.0000000000
51468  45.033  -28.781  69.764 0.0000000000
40715  8.074  -38.590  82.267 0.0000000000
56651  46.202  -23.306  71.090 0.0000000000
55608  42.075  -24.395  74.239 0.0000000000
55628  41.912  -24.634  73.739 0.0000000000
53546  41.009  -25.956  72.299 0.0000000000
54609  41.554  -25.483  72.439 0.0000000000
53579  41.309  -25.937  71.068 0.0000000000
52508  39.308  -27.378  71.088 0.0000000000
52509  38.515  -27.970  70.660 0.0000000000
50380  33.052  -29.796  75.216 0.0000000000
50411  33.417  -29.082  72.205 0.0000000000
49381  32.018  -30.755  70.357 0.0000000000
49396  32.475  -30.848  69.514 0.0000000000
48382  32.732  -31.374  69.229 0.0000000000
44151  34.665  -35.163  75.805 0.0000000000
44150  35.013  -34.387  75.530 0.0000000000
43121  33.617  -35.998  73.803 0.0000000000
43122  32.930  -36.330  73.674 0.0000000000
38392  29.025  -41.151  79.688 0.0000000000
38418  28.768  -40.619  79.105 0.0000000000
36488  30.835  -42.343  80.389 0.0000000000
37342  31.526  -41.644  80.124 0.0000000000
37341  32.160  -41.734  79.716 0.0000000000
36502  32.037  -42.161  79.394 0.0000000000
61954  52.409  -18.027  59.781 0.0000000000
61966  52.723  -18.459  59.187 0.0000000000
41925  16.984  -37.608  81.988 0.0000000000
41894  16.796  -37.730  84.712 0.0000000000
39499  15.241  -39.480  83.149 0.0000000000
38339  15.308  -39.977  82.759 0.0000000000
38329  14.598  -40.055  83.094 0.0000000000
38330  13.950  -39.841  82.961 0.0000000000
38331  13.208  -40.045  83.024 0.0000000000
45014  22.322  -34.558  87.541 0.0000000000
44988  22.961  -34.115  87.975 0.0000000000
45013  23.191  -34.599  87.541 0.0000000000
45012  24.058  -34.512  87.362 0.0000000000
43975  23.536  -34.937  86.926 0.0000000000
42937  22.975  -35.201  86.791 0.0000000000
42952  22.189  -35.920  85.863 0.0000000000
41863  21.871  -36.209  85.074 0.0000000000
42940  19.700  -35.733  87.007 0.0000000000
41848  19.817  -36.052  86.284 0.0000000000
41877  20.384  -36.640  84.851 0.0000000000
51514  42.105  -28.521  67.100 0.0000000000
55606  42.704  -23.496  74.953 0.0000000000
55589  42.281  -23.326  75.765 0.0000000000
54538  41.458  -24.144  75.913 0.0000000000
50315  33.812  -28.938  79.915 0.0000000000
50330  34.001  -29.026  79.060 0.0000000000
48230  31.611  -30.762  79.772 0.0000000000
48247  31.535  -31.110  78.814 0.0000000000
48274  31.097  -31.248  76.831 0.0000000000
49258  32.103  -30.772  78.250 0.0000000000
49272  32.122  -30.724  77.446 0.0000000000
49298  32.425  -30.344  75.893 0.0000000000
48300  29.953  -31.704  74.129 0.0000000000
49316  30.608  -31.162  74.335 0.0000000000
49332  30.410  -31.413  73.562 0.0000000000
48313  30.572  -31.442  72.789 0.0000000000
46298  30.078  -33.814  73.613 0.0000000000
46313  30.671  -33.486  73.032 0.0000000000
46297  31.031  -33.838  73.597 0.0000000000
45264  31.427  -34.043  74.286 0.0000000000
45243  28.569  -34.423  74.739 0.0000000000
45215  31.573  -34.706  75.712 0.0000000000
45214  32.737  -34.219  75.686 0.0000000000
45198  33.277  -34.735  76.472 0.0000000000
44115  34.124  -36.084  77.749 0.0000000000
44132  34.165  -35.629  76.963 0.0000000000
42000  34.064  -37.243  77.387 0.0000000000
34789  29.096  -44.181  80.782 0.0000000000
33846  28.888  -44.900  80.318 0.0000000000
33851  29.389  -44.993  79.524 0.0000000000
34810  29.414  -44.913  78.796 0.0000000000
32907  27.741  -46.803  78.733 0.0000000000
33886  27.983  -45.635  77.612 0.0000000000
34821  28.424  -44.777  77.826 0.0000000000
59957  49.580  -19.527  61.587 0.0000000000
58949  48.314  -20.954  61.031 0.0000000000
58908  47.567  -22.000  63.216 0.0000000000
58950  47.720  -21.511  61.406 0.0000000000
35683  21.156  -43.214  77.466 0.0000000000
36538  20.853  -42.997  77.622 0.0000000000
41975  18.622  -38.005  79.681 0.0000000000
40751  18.412  -38.220  79.410 0.0000000000
39571  18.008  -40.035  79.304 0.0000000000
38424  18.551  -40.409  78.801 0.0000000000
48126  26.872  -31.984  85.542 0.0000000000
47136  27.877  -32.447  84.487 0.0000000000
48142  29.107  -32.030  83.723 0.0000000000
47158  28.828  -33.031  83.760 0.0000000000
45100  28.510  -34.042  82.788 0.0000000000
45099  28.721  -33.562  83.087 0.0000000000
45116  28.451  -33.832  82.041 0.0000000000
45130  28.259  -33.836  81.353 0.0000000000
45117  27.999  -34.277  81.662 0.0000000000
43016  26.909  -36.342  81.295 0.0000000000
43031  26.864  -36.203  80.658 0.0000000000
41968  26.578  -37.557  79.473 0.0000000000
41950  26.550  -37.662  80.402 0.0000000000
41915  26.919  -36.483  82.659 0.0000000000
39568  27.226  -40.113  79.792 0.0000000000
42976  23.835  -35.869  84.398 0.0000000000
43020  23.557  -36.668  81.679 0.0000000000
40721  25.425  -38.713  81.031 0.0000000000
41936  25.392  -37.996  81.337 0.0000000000
39531  25.919  -39.659  81.216 0.0000000000
40729  25.620  -39.371  81.025 0.0000000000
38366  26.090  -40.548  80.770 0.0000000000
37367  26.794  -41.829  80.665 0.0000000000
37347  26.939  -41.441  80.849 0.0000000000
36504  27.069  -42.196  80.726 0.0000000000
36505  26.783  -42.341  80.395 0.0000000000
37387  24.265  -40.989  78.044 0.0000000000
34811  25.567  -44.570  78.999 0.0000000000
54676  47.669  -25.995  66.728 0.0000000000
54694  47.412  -25.830  66.119 0.0000000000
52561  47.290  -27.361  67.246 0.0000000000
52582  47.024  -27.464  66.497 0.0000000000
50503  45.427  -29.035  66.447 0.0000000000
51485  43.475  -28.494  69.008 0.0000000000
42932  13.908  -35.920  87.683 0.0000000000
42943  13.504  -36.074  87.321 0.0000000000
41855  13.919  -36.609  86.864 0.0000000000
41856  13.394  -36.353  86.839 0.0000000000
40665  13.580  -37.056  85.791 0.0000000000
41883  13.293  -37.154  85.232 0.0000000000
41882  13.531  -37.592  84.736 0.0000000000
41896  13.157  -37.562  84.177 0.0000000000
40704  13.203  -38.133  82.944 0.0000000000
40713  12.932  -38.305  82.329 0.0000000000
39517  13.203  -39.082  81.999 0.0000000000
40714  12.449  -38.324  81.712 0.0000000000
43007  9.566  -36.091  82.140 0.0000000000
44045  9.821  -35.252  82.923 0.0000000000
42993  10.949  -35.968  83.321 0.0000000000
41959  10.922  -37.806  80.635 0.0000000000
40734  11.598  -38.419  80.409 0.0000000000
39574  11.599  -39.083  79.456 0.0000000000
37395  10.813  -40.768  78.651 0.0000000000
63927  51.819  -16.455  61.746 0.0000000000
62930  51.303  -17.039  62.780 0.0000000000
62897  50.048  -17.357  64.980 0.0000000000
60905  50.046  -18.476  65.190 0.0000000000
59904  49.499  -19.727  64.398 0.0000000000
59862  48.754  -20.506  67.276 0.0000000000
58865  48.464  -21.338  67.776 0.0000000000
56691  48.214  -22.955  67.933 0.0000000000
56703  48.240  -23.112  67.211 0.0000000000
54647  46.064  -25.755  68.185 0.0000000000
54661  45.141  -25.620  67.695 0.0000000000
54677  44.719  -26.098  67.165 0.0000000000
55637  45.093  -23.538  72.395 0.0000000000
54619  43.211  -25.036  70.768 0.0000000000
55658  43.918  -24.642  70.317 0.0000000000
55673  43.832  -24.686  69.494 0.0000000000
54636  43.362  -24.914  68.985 0.0000000000
54664  42.472  -25.582  68.006 0.0000000000
52563  42.402  -27.587  66.639 0.0000000000
53613  40.581  -26.844  67.079 0.0000000000
53629  40.849  -27.345  66.450 0.0000000000
52565  40.057  -27.623  66.418 0.0000000000
53590  39.873  -26.750  69.094 0.0000000000
52550  38.259  -27.951  67.139 0.0000000000
52566  38.821  -28.350  66.074 0.0000000000
54541  39.148  -24.971  76.645 0.0000000000
53472  39.503  -25.318  75.941 0.0000000000
53491  39.737  -25.623  75.167 0.0000000000
53492  38.974  -25.752  75.271 0.0000000000
53450  35.531  -26.564  78.846 0.0000000000
53459  35.600  -26.651  77.933 0.0000000000
53449  35.942  -25.869  78.215 0.0000000000
53477  35.735  -26.700  77.146 0.0000000000
51361  34.900  -28.343  76.666 0.0000000000
51370  35.030  -28.328  75.512 0.0000000000
52433  36.059  -27.125  75.553 0.0000000000
52421  36.289  -26.744  75.969 0.0000000000
53476  36.279  -26.387  76.556 0.0000000000
53495  36.723  -26.390  75.947 0.0000000000
53494  37.333  -26.189  75.620 0.0000000000
52432  36.702  -26.646  75.340 0.0000000000
51378  37.518  -27.233  73.920 0.0000000000
52445  37.657  -26.963  74.200 0.0000000000
52462  38.016  -27.102  73.885 0.0000000000
52444  38.354  -26.716  74.200 0.0000000000
52461  38.352  -27.158  73.495 0.0000000000
51404  38.061  -27.619  73.137 0.0000000000
51429  36.594  -28.400  71.724 0.0000000000
51432  33.824  -28.756  71.193 0.0000000000
51452  34.422  -28.782  70.220 0.0000000000
51489  34.412  -29.322  68.527 0.0000000000
51500  35.841  -28.839  67.634 0.0000000000
51501  35.186  -29.153  67.611 0.0000000000
49418  34.309  -30.505  66.886 0.0000000000
48380  33.977  -31.938  68.591 0.0000000000
47377  36.063  -33.216  70.185 0.0000000000
46351  36.030  -33.410  69.524 0.0000000000
47331  31.772  -33.135  72.240 0.0000000000
46331  32.420  -32.876  72.072 0.0000000000
47316  34.305  -32.644  73.679 0.0000000000
47328  35.143  -32.540  72.679 0.0000000000
47314  35.418  -32.854  73.296 0.0000000000
44173  35.200  -34.572  75.001 0.0000000000
45273  35.771  -34.488  72.524 0.0000000000
44098  26.732  -35.882  78.792 0.0000000000
44119  26.563  -35.867  77.780 0.0000000000
43049  26.563  -36.597  78.189 0.0000000000
40795  28.786  -38.125  77.052 0.0000000000
40796  27.994  -38.005  76.945 0.0000000000
41993  29.475  -37.766  77.127 0.0000000000
42004  28.838  -37.341  76.744 0.0000000000
41992  30.454  -37.620  77.502 0.0000000000
39582  30.581  -39.812  79.143 0.0000000000
40744  31.289  -39.219  79.246 0.0000000000
41967  32.973  -38.126  79.574 0.0000000000
40760  32.530  -38.503  79.436 0.0000000000
41980  32.698  -37.882  79.048 0.0000000000
43048  32.546  -37.410  78.507 0.0000000000
43046  33.826  -36.971  78.733 0.0000000000
41978  34.034  -37.773  78.994 0.0000000000
40792  33.510  -38.400  77.291 0.0000000000
42001  33.661  -37.686  76.741 0.0000000000
40793  32.848  -38.702  76.682 0.0000000000
34787  30.427  -43.634  79.894 0.0000000000
34799  30.608  -43.939  79.243 0.0000000000
36519  31.080  -42.783  78.705 0.0000000000
36530  31.402  -42.366  78.552 0.0000000000
37384  31.724  -42.170  78.598 0.0000000000
37416  29.870  -41.888  76.372 0.0000000000
38456  30.639  -41.071  76.189 0.0000000000
37415  30.700  -41.688  76.815 0.0000000000
38454  32.285  -40.330  77.484 0.0000000000
39626  30.879  -39.533  75.484 0.0000000000
39625  31.492  -39.509  76.074 0.0000000000
40806  31.621  -38.572  75.639 0.0000000000
63980  53.065  -16.691  57.844 0.0000000000
60954  51.082  -18.831  60.334 0.0000000000
59981  51.958  -20.273  59.492 0.0000000000
60963  52.660  -19.442  59.037 0.0000000000
55740  46.768  -25.209  65.161 0.0000000000
41835  16.294  -36.665  87.726 0.0000000000
41836  15.513  -36.464  87.628 0.0000000000
46139  29.206  -32.819  81.848 0.0000000000
46138  29.495  -32.354  82.236 0.0000000000
47206  29.524  -32.270  80.217 0.0000000000
47242  28.856  -32.921  78.694 0.0000000000
46226  27.562  -33.843  76.532 0.0000000000
46209  27.536  -33.936  77.509 0.0000000000
45185  26.748  -35.185  77.315 0.0000000000
55763  46.554  -24.650  64.636 0.0000000000
39613  20.837  -39.520  76.741 0.0000000000
40798  20.162  -38.936  76.979 0.0000000000
40799  19.597  -39.079  77.271 0.0000000000
40800  19.366  -39.169  77.434 0.0000000000
38373  14.491  -40.394  80.847 0.0000000000
38400  14.221  -40.331  80.012 0.0000000000
37391  14.453  -41.289  79.000 0.0000000000
38426  12.703  -40.033  78.903 0.0000000000
46011  26.014  -33.285  87.817 0.0000000000
46030  26.543  -33.483  87.532 0.0000000000
45009  26.717  -34.170  87.129 0.0000000000
44005  26.100  -35.037  85.226 0.0000000000
44020  25.572  -35.419  84.619 0.0000000000
40783  22.926  -38.701  77.692 0.0000000000
52546  45.167  -27.223  68.233 0.0000000000
41912  7.640  -38.014  83.703 0.0000000000
58823  47.023  -21.105  70.937 0.0000000000
57739  47.016  -21.698  70.981 0.0000000000
57740  46.545  -22.106  71.472 0.0000000000
56626  45.958  -22.603  71.899 0.0000000000
54591  41.368  -25.127  73.429 0.0000000000
53547  40.415  -26.249  72.468 0.0000000000
52492  39.246  -27.257  72.198 0.0000000000
49330  32.034  -30.246  73.695 0.0000000000
50430  32.282  -29.882  71.500 0.0000000000
49365  31.812  -30.423  71.233 0.0000000000
48364  31.732  -31.416  70.632 0.0000000000
37365  29.332  -41.496  80.173 0.0000000000
37344  29.613  -41.808  80.543 0.0000000000
63949  52.742  -16.940  59.598 0.0000000000
62949  52.381  -17.390  60.108 0.0000000000
41907  19.070  -37.376  83.415 0.0000000000
38317  15.032  -39.624  83.350 0.0000000000
39485  14.677  -39.002  83.679 0.0000000000
38310  14.175  -39.190  83.595 0.0000000000
38311  13.943  -39.491  83.411 0.0000000000
41866  19.321  -36.937  86.079 0.0000000000
41891  19.782  -37.206  84.240 0.0000000000
50276  31.653  -29.815  82.320 0.0000000000
50260  31.863  -29.329  82.501 0.0000000000
51277  33.553  -27.805  81.893 0.0000000000
51289  33.680  -28.031  81.073 0.0000000000
50286  33.338  -28.560  80.940 0.0000000000
50302  33.194  -29.233  80.421 0.0000000000
48249  30.187  -31.803  77.990 0.0000000000
48263  30.624  -31.513  77.429 0.0000000000
49285  31.162  -31.083  76.125 0.0000000000
48287  30.125  -31.545  75.089 0.0000000000
44154  29.375  -35.469  75.405 0.0000000000
45217  29.961  -35.150  75.209 0.0000000000
44153  30.174  -35.427  75.654 0.0000000000
44152  30.812  -35.160  76.011 0.0000000000
44134  32.802  -35.422  76.830 0.0000000000
44116  33.878  -35.903  77.718 0.0000000000
43057  34.049  -36.417  78.197 0.0000000000
34801  27.942  -44.902  80.463 0.0000000000
33847  28.302  -45.116  80.343 0.0000000000
32906  28.159  -46.157  79.123 0.0000000000
58931  48.155  -20.922  62.145 0.0000000000
57864  46.621  -22.855  62.407 0.0000000000
37407  20.149  -41.675  77.909 0.0000000000
40732  17.461  -38.387  80.254 0.0000000000
46059  27.509  -33.618  85.088 0.0000000000
47110  27.495  -32.945  85.250 0.0000000000
46076  27.959  -33.563  84.487 0.0000000000
46099  28.467  -33.475  83.973 0.0000000000
44029  28.255  -34.639  82.982 0.0000000000
44042  28.135  -34.531  82.418 0.0000000000
41901  26.292  -36.782  82.957 0.0000000000
41969  24.387  -37.955  80.088 0.0000000000
39551  25.501  -39.810  80.635 0.0000000000
38394  25.793  -40.781  80.330 0.0000000000
36521  25.457  -42.393  78.972 0.0000000000
37404  23.566  -41.246  77.289 0.0000000000
35674  24.192  -43.197  77.940 0.0000000000
34812  24.595  -44.651  78.487 0.0000000000
53623  47.632  -26.599  67.054 0.0000000000
50475  45.654  -29.490  68.552 0.0000000000
42964  12.184  -35.729  85.128 0.0000000000
41897  12.467  -36.607  84.538 0.0000000000
43005  11.508  -36.693  82.712 0.0000000000
44047  8.103  -36.097  82.784 0.0000000000
43023  10.153  -36.614  81.617 0.0000000000
41946  9.710  -37.202  81.066 0.0000000000
41960  10.085  -37.789  80.608 0.0000000000
40735  10.511  -38.292  80.130 0.0000000000
40754  10.136  -38.806  79.684 0.0000000000
39576  9.734  -39.218  79.662 0.0000000000
62916  51.157  -17.035  63.364 0.0000000000
62906  51.181  -16.504  63.593 0.0000000000
62907  50.815  -16.925  64.211 0.0000000000
61894  49.847  -18.145  65.593 0.0000000000
61895  49.699  -18.511  65.854 0.0000000000
55704  44.303  -24.827  68.133 0.0000000000
56618  44.967  -22.670  73.124 0.0000000000
55638  44.632  -23.575  72.780 0.0000000000
54621  41.812  -25.553  71.507 0.0000000000
54629  42.603  -25.334  70.207 0.0000000000
54637  42.710  -25.286  69.282 0.0000000000
53612  41.912  -26.016  67.575 0.0000000000
51515  37.663  -28.715  66.216 0.0000000000
52568  37.436  -28.481  66.802 0.0000000000
51516  37.049  -28.729  66.654 0.0000000000
51316  34.728  -27.882  78.937 0.0000000000
52393  34.975  -27.141  79.316 0.0000000000
51335  34.858  -27.928  78.074 0.0000000000
51350  35.007  -28.001  77.333 0.0000000000
52446  36.854  -26.906  74.596 0.0000000000
51405  37.497  -27.903  72.957 0.0000000000
50446  33.722  -29.209  69.711 0.0000000000
50465  33.845  -29.455  68.917 0.0000000000
50478  33.993  -29.644  68.205 0.0000000000
50477  34.613  -29.390  67.890 0.0000000000
50489  34.202  -29.875  67.459 0.0000000000
48404  34.481  -31.401  66.831 0.0000000000
47386  34.655  -32.236  68.105 0.0000000000
47298  34.184  -32.773  74.061 0.0000000000
44196  35.046  -35.418  73.912 0.0000000000
44208  34.856  -35.393  73.089 0.0000000000
41983  26.576  -37.378  78.497 0.0000000000
40782  26.660  -37.838  77.899 0.0000000000
40781  27.171  -38.396  77.594 0.0000000000
40780  28.187  -38.682  77.400 0.0000000000
40779  29.356  -38.596  77.569 0.0000000000
39566  31.840  -40.045  79.952 0.0000000000
40743  31.951  -39.182  79.518 0.0000000000
39565  32.790  -40.006  79.842 0.0000000000
40741  33.548  -39.080  79.314 0.0000000000
40740  33.835  -38.659  79.121 0.0000000000
40775  34.023  -38.310  78.657 0.0000000000
40759  33.802  -39.043  78.788 0.0000000000
34809  30.024  -44.401  78.877 0.0000000000
34808  30.620  -43.925  78.892 0.0000000000
35671  30.336  -43.559  78.445 0.0000000000
37425  29.618  -41.457  75.518 0.0000000000
59968  50.549  -19.456  60.140 0.0000000000
53643  46.385  -26.711  65.424 0.0000000000
53660  45.960  -26.253  64.901 0.0000000000
52598  45.754  -27.007  65.147 0.0000000000
41880  17.409  -37.508  85.650 0.0000000000
40660  16.763  -37.638  86.117 0.0000000000
40661  16.076  -37.700  86.161 0.0000000000
40662  15.388  -37.657  86.093 0.0000000000
40663  14.664  -37.498  85.981 0.0000000000
42941  18.980  -36.352  87.185 0.0000000000
41832  18.626  -36.680  87.405 0.0000000000
49156  29.165  -30.972  83.557 0.0000000000
49178  29.841  -30.555  83.141 0.0000000000
49177  30.500  -30.541  82.659 0.0000000000
48173  30.673  -30.927  82.024 0.0000000000
49199  30.993  -30.473  82.216 0.0000000000
49198  31.480  -30.251  81.950 0.0000000000
49217  31.723  -30.108  81.624 0.0000000000
48190  31.780  -30.175  81.284 0.0000000000
47221  30.068  -31.900  79.269 0.0000000000
47240  30.136  -31.873  78.504 0.0000000000
47271  29.067  -32.327  76.199 0.0000000000
47300  28.616  -32.980  75.133 0.0000000000
45218  27.921  -34.010  75.118 0.0000000000
45244  27.800  -34.623  74.962 0.0000000000
44178  27.572  -34.986  75.156 0.0000000000
44177  28.071  -35.110  74.939 0.0000000000
43092  29.369  -35.913  75.900 0.0000000000
43072  30.926  -36.565  77.009 0.0000000000
31915  27.260  -47.255  78.462 0.0000000000
57845  47.711  -22.065  63.686 0.0000000000
56761  46.154  -23.711  62.800 0.0000000000
36548  21.999  -42.551  76.796 0.0000000000
37421  20.324  -41.260  77.289 0.0000000000
38423  19.147  -41.139  79.150 0.0000000000
38349  15.805  -39.678  81.692 0.0000000000
37354  15.986  -40.713  80.606 0.0000000000
36524  14.575  -41.964  78.742 0.0000000000
46045  27.450  -33.487  86.933 0.0000000000
46046  27.622  -33.255  86.448 0.0000000000
46060  27.353  -33.417  86.044 0.0000000000
45052  27.404  -34.200  84.864 0.0000000000
44017  27.293  -34.901  83.899 0.0000000000
42972  26.999  -35.304  83.789 0.0000000000
42987  26.547  -36.128  83.344 0.0000000000
42974  26.345  -35.731  83.617 0.0000000000
41917  25.858  -37.325  82.395 0.0000000000
41920  22.166  -36.935  82.361 0.0000000000
41919  22.697  -36.707  82.459 0.0000000000
41970  23.633  -37.479  79.896 0.0000000000
40766  24.387  -38.910  79.041 0.0000000000
38440  23.939  -40.283  77.819 0.0000000000
38441  23.199  -40.237  77.131 0.0000000000
37418  22.914  -41.392  76.830 0.0000000000
36547  22.946  -42.010  76.844 0.0000000000
53599  46.546  -26.467  68.265 0.0000000000
40725  8.404  -38.291  81.360 0.0000000000
39536  8.386  -39.315  81.562 0.0000000000
56649  47.374  -22.918  69.928 0.0000000000
54500  37.190  -24.528  78.060 0.0000000000
50379  33.751  -29.345  75.691 0.0000000000
50392  33.842  -29.171  74.506 0.0000000000
51382  34.296  -28.779  73.611 0.0000000000
51408  34.911  -28.435  72.140 0.0000000000
51409  34.199  -28.647  71.901 0.0000000000
50447  33.009  -29.512  70.183 0.0000000000
49395  32.911  -30.368  69.037 0.0000000000
48394  33.080  -31.205  68.671 0.0000000000
44197  34.214  -35.670  73.710 0.0000000000
39584  28.502  -40.032  78.465 0.0000000000
38417  29.842  -40.688  79.099 0.0000000000
38416  30.558  -40.482  79.452 0.0000000000
37364  30.204  -41.373  80.036 0.0000000000
38363  31.020  -40.962  80.002 0.0000000000
38389  31.326  -40.620  79.970 0.0000000000
39546  32.531  -40.572  79.914 0.0000000000
38388  32.809  -40.843  79.560 0.0000000000
38415  32.749  -41.131  78.889 0.0000000000
36534  28.810  -43.132  77.386 0.0000000000
36545  28.276  -42.803  76.813 0.0000000000
37426  28.721  -41.703  75.535 0.0000000000
63963  53.128  -16.623  58.587 0.0000000000
60974  52.912  -19.161  58.442 0.0000000000
41957  18.313  -37.804  80.166 0.0000000000
41942  17.541  -37.699  81.069 0.0000000000
41958  17.708  -37.893  80.445 0.0000000000
40723  16.798  -38.202  81.218 0.0000000000
40701  16.171  -38.094  83.877 0.0000000000
39514  15.644  -39.127  82.322 0.0000000000
39515  15.457  -39.586  82.558 0.0000000000
38340  14.932  -40.162  82.573 0.0000000000
39534  13.203  -39.391  81.328 0.0000000000
44987  23.789  -34.288  88.005 0.0000000000
43974  24.513  -34.866  86.888 0.0000000000
42950  24.256  -35.465  86.404 0.0000000000
41864  21.101  -36.198  85.452 0.0000000000
41904  21.806  -37.018  83.026 0.0000000000
41922  20.485  -37.374  82.342 0.0000000000
57708  44.455  -22.269  73.745 0.0000000000
56607  43.818  -22.690  74.215 0.0000000000
56620  43.780  -23.184  74.043 0.0000000000
54571  41.901  -24.358  74.664 0.0000000000
54556  41.726  -24.319  75.155 0.0000000000
51300  34.506  -27.754  79.744 0.0000000000
50349  33.762  -29.569  77.684 0.0000000000
49230  32.293  -29.940  80.609 0.0000000000
49244  32.446  -30.116  79.684 0.0000000000
49257  32.582  -30.305  78.653 0.0000000000
50317  32.974  -29.793  78.933 0.0000000000
50332  33.207  -30.032  78.168 0.0000000000
50350  33.232  -30.038  77.244 0.0000000000
49331  31.060  -30.795  73.383 0.0000000000
47332  30.813  -33.009  72.265 0.0000000000
46312  31.451  -33.464  72.932 0.0000000000
47333  30.169  -33.266  72.932 0.0000000000
46271  32.905  -33.697  74.882 0.0000000000
45240  32.029  -34.087  74.956 0.0000000000
45239  32.548  -33.959  75.208 0.0000000000
46245  33.344  -33.857  75.573 0.0000000000
45196  34.453  -34.865  76.355 0.0000000000
35634  28.674  -43.391  81.148 0.0000000000
35633  29.380  -43.484  81.005 0.0000000000
61944  51.218  -18.103  61.176 0.0000000000
58958  49.432  -20.859  59.871 0.0000000000
35682  21.560  -43.196  77.289 0.0000000000
35677  21.231  -43.699  78.129 0.0000000000
40771  19.217  -38.273  78.657 0.0000000000
40787  19.070  -39.019  77.764 0.0000000000
40788  18.677  -39.081  78.092 0.0000000000
39590  17.905  -39.075  78.818 0.0000000000
38444  18.682  -40.013  78.156 0.0000000000
38396  18.981  -41.299  80.192 0.0000000000
48125  27.357  -32.204  85.026 0.0000000000
49157  28.324  -30.806  83.948 0.0000000000
47174  29.358  -32.466  82.749 0.0000000000
46098  28.778  -33.307  83.425 0.0000000000
46121  29.180  -32.899  82.736 0.0000000000
45168  27.188  -34.724  78.825 0.0000000000
45150  27.455  -34.631  79.828 0.0000000000
44081  27.031  -35.358  79.452 0.0000000000
44082  26.774  -36.057  79.795 0.0000000000
44067  26.831  -36.141  80.354 0.0000000000
39586  26.871  -38.935  79.066 0.0000000000
38393  27.844  -40.938  79.904 0.0000000000
42989  25.092  -35.744  83.652 0.0000000000
41935  25.746  -37.874  81.660 0.0000000000
43004  23.176  -36.572  82.248 0.0000000000
43034  24.599  -37.383  81.226 0.0000000000
43018  24.980  -37.353  81.666 0.0000000000
38347  26.129  -39.936  81.132 0.0000000000
39550  25.803  -39.980  80.985 0.0000000000
34791  27.739  -43.746  80.673 0.0000000000
34802  27.440  -44.400  80.272 0.0000000000
32886  25.501  -46.577  79.148 0.0000000000
53642  47.084  -26.656  65.913 0.0000000000
51534  45.961  -28.285  66.164 0.0000000000
43963  15.343  -35.656  87.748 0.0000000000
41837  14.991  -36.329  87.747 0.0000000000
42931  14.488  -36.065  87.805 0.0000000000
41854  14.817  -36.625  87.322 0.0000000000
40648  14.468  -36.977  86.579 0.0000000000
40664  13.951  -37.157  86.041 0.0000000000
42944  12.970  -35.967  86.803 0.0000000000
41870  13.326  -36.596  86.205 0.0000000000
40679  14.020  -37.810  84.943 0.0000000000
39486  13.816  -39.277  83.343 0.0000000000
40703  13.541  -38.566  83.154 0.0000000000
39501  13.529  -39.795  82.966 0.0000000000
44033  10.464  -35.217  83.693 0.0000000000
43021  11.667  -37.096  81.978 0.0000000000
40724  12.213  -38.364  81.211 0.0000000000
39535  12.616  -38.795  81.028 0.0000000000
39554  13.007  -39.347  80.429 0.0000000000
39573  12.507  -39.366  79.522 0.0000000000
37393  12.283  -40.841  78.550 0.0000000000
39593  10.942  -39.740  78.845 0.0000000000
37394  11.395  -40.786  78.480 0.0000000000
38376  9.076  -40.580  80.534 0.0000000000
61931  51.365  -17.356  62.074 0.0000000000
53597  47.258  -26.422  67.860 0.0000000000
53598  47.048  -26.356  68.096 0.0000000000
53609  45.474  -26.581  67.899 0.0000000000
53626  44.253  -26.661  67.182 0.0000000000
56627  45.291  -23.163  72.434 0.0000000000
56639  45.846  -23.280  71.611 0.0000000000
55648  42.994  -24.986  71.570 0.0000000000
55688  44.113  -24.652  68.777 0.0000000000
54662  44.066  -25.227  67.537 0.0000000000
54679  43.546  -25.660  67.123 0.0000000000
53614  39.915  -27.067  67.254 0.0000000000
54522  36.625  -25.422  77.495 0.0000000000
54544  36.642  -25.833  76.877 0.0000000000
54543  37.338  -25.443  76.811 0.0000000000
53474  37.842  -25.712  76.117 0.0000000000
53493  38.161  -26.059  75.327 0.0000000000
52430  38.066  -26.551  74.693 0.0000000000
52474  39.017  -27.035  73.071 0.0000000000
51427  38.095  -27.965  72.409 0.0000000000
51448  38.073  -28.149  71.587 0.0000000000
51486  37.009  -28.530  68.748 0.0000000000
51472  36.260  -28.653  69.611 0.0000000000
51517  36.348  -28.887  66.798 0.0000000000
50488  34.865  -29.485  67.190 0.0000000000
47385  35.377  -32.678  68.466 0.0000000000
46310  33.480  -32.746  73.100 0.0000000000
47330  33.680  -32.560  72.351 0.0000000000
46242  35.127  -33.258  74.902 0.0000000000
46268  35.293  -33.357  74.432 0.0000000000
46292  35.562  -33.435  73.535 0.0000000000
46308  35.874  -33.756  72.715 0.0000000000
45169  26.793  -35.231  78.246 0.0000000000
43076  26.775  -36.536  76.488 0.0000000000
41995  26.687  -37.173  77.576 0.0000000000
42006  26.981  -37.256  76.805 0.0000000000
43075  27.446  -36.781  76.197 0.0000000000
39597  29.175  -39.439  78.038 0.0000000000
40763  29.916  -39.065  78.082 0.0000000000
40761  31.903  -38.572  79.067 0.0000000000
41982  30.963  -38.010  78.084 0.0000000000
41991  31.363  -37.455  77.880 0.0000000000
43060  31.270  -37.099  77.534 0.0000000000
43059  32.218  -36.764  77.848 0.0000000000
43058  33.500  -36.484  78.164 0.0000000000
41989  34.163  -37.627  78.167 0.0000000000
35632  30.079  -43.100  80.746 0.0000000000
35631  31.011  -42.968  79.949 0.0000000000
35648  31.355  -42.847  79.490 0.0000000000
35662  30.934  -43.316  78.933 0.0000000000
35661  31.205  -43.143  79.020 0.0000000000
36503  31.719  -42.577  79.246 0.0000000000
36517  32.048  -42.250  79.062 0.0000000000
37383  32.133  -41.918  78.742 0.0000000000
37400  32.374  -41.458  78.496 0.0000000000
36542  30.575  -42.289  77.593 0.0000000000
37402  31.037  -41.951  77.673 0.0000000000
39611  32.042  -39.441  76.563 0.0000000000
40805  32.449  -38.367  76.096 0.0000000000
58969  50.810  -21.363  59.577 0.0000000000
54722  45.798  -25.677  64.448 0.0000000000
54746  45.940  -25.136  64.282 0.0000000000
35612  29.782  -43.019  81.050 0.0000000000
35613  29.540  -43.038  81.133 0.0000000000
35614  29.133  -43.084  81.244 0.0000000000
35630  31.357  -42.756  79.728 0.0000000000
35663  30.576  -43.718  78.744 0.0000000000
36476  29.677  -42.794  81.039 0.0000000000
36478  28.867  -42.775  81.226 0.0000000000
36486  32.095  -41.916  79.725 0.0000000000
37363  30.696  -41.160  79.970 0.0000000000
38320  13.195  -40.139  83.497 0.0000000000
38361  32.185  -41.025  80.032 0.0000000000
38390  30.884  -40.715  79.818 0.0000000000
38427  11.781  -40.155  78.636 0.0000000000
38428  10.990  -40.125  78.680 0.0000000000
39487  13.373  -40.025  83.601 0.0000000000
39500  13.527  -38.992  82.645 0.0000000000
39516  13.287  -38.755  82.328 0.0000000000
39533  15.639  -39.520  82.058 0.0000000000
39547  32.206  -40.479  80.036 0.0000000000
39592  11.307  -39.636  78.849 0.0000000000
39604  18.641  -39.390  78.098 0.0000000000
39615  19.398  -39.437  77.324 0.0000000000
40693  13.321  -38.070  83.531 0.0000000000
40722  17.216  -38.043  80.814 0.0000000000
40750  18.916  -38.137  79.163 0.0000000000
40752  17.870  -38.744  79.135 0.0000000000
40755  9.761  -38.836  79.788 0.0000000000
40758  33.966  -38.498  79.028 0.0000000000
40773  18.016  -38.856  78.782 0.0000000000
40797  27.363  -37.734  77.070 0.0000000000
41869  13.818  -36.813  86.415 0.0000000000
41871  12.838  -36.245  85.992 0.0000000000
41881  16.818  -37.732  85.366 0.0000000000
41895  13.597  -37.835  84.481 0.0000000000
41910  12.968  -37.730  83.382 0.0000000000
41926  12.739  -37.766  82.856 0.0000000000
41965  33.814  -38.412  79.152 0.0000000000
41966  33.446  -38.263  79.359 0.0000000000
41986  19.379  -38.059  79.030 0.0000000000
42007  26.769  -36.867  77.034 0.0000000000
44138  26.627  -35.857  76.842 0.0000000000
44156  27.451  -35.508  75.458 0.0000000000
44157  26.721  -35.822  75.968 0.0000000000
45220  26.943  -35.257  75.770 0.0000000000
45263  31.912  -33.882  74.430 0.0000000000
46031  25.837  -33.760  87.690 0.0000000000
46246  28.211  -33.380  75.461 0.0000000000
46294  33.848  -32.780  73.798 0.0000000000
47079  26.835  -32.676  87.821 0.0000000000
47091  27.441  -32.580  87.510 0.0000000000
47134  29.035  -32.456  83.763 0.0000000000
47223  28.914  -32.998  79.143 0.0000000000
47297  34.499  -32.776  74.110 0.0000000000
47315  34.894  -32.650  73.633 0.0000000000
48172  31.167  -30.535  81.797 0.0000000000
48210  31.820  -30.269  80.991 0.0000000000
48346  30.755  -31.904  71.752 0.0000000000
49176  31.238  -30.180  82.393 0.0000000000
50274  32.572  -29.088  81.690 0.0000000000
51388  38.025  -27.428  73.433 0.0000000000
51470  43.930  -28.283  69.307 0.0000000000
52460  38.858  -26.858  73.526 0.0000000000
52531  47.134  -26.708  67.996 0.0000000000
60886  49.831  -18.506  65.624 0.0000000000
