#!ascii label  , from subject A00073296 vox2ras=TkReg
236
17133  43.039  -63.311  42.948 0.0000000000
12222  35.574  -68.934  39.706 0.0000000000
15190  41.145  -66.036  44.439 0.0000000000
14466  41.115  -66.573  40.754 0.0000000000
11312  37.486  -70.515  43.763 0.0000000000
13664  38.680  -67.979  42.537 0.0000000000
12142  36.377  -69.879  44.154 0.0000000000
12218  38.060  -69.020  39.857 0.0000000000
13726  40.482  -67.616  37.213 0.0000000000
16075  43.597  -64.720  44.489 0.0000000000
13661  41.258  -67.001  42.424 0.0000000000
12955  39.485  -68.564  41.618 0.0000000000
11350  36.502  -70.769  41.821 0.0000000000
9891  34.711  -72.979  43.304 0.0000000000
17114  39.031  -63.363  43.558 0.0000000000
17030  41.649  -63.926  46.230 0.0000000000
14389  41.398  -65.929  47.003 0.0000000000
15260  43.362  -65.372  38.407 0.0000000000
13666  36.721  -67.961  42.416 0.0000000000
12220  37.202  -69.439  39.402 0.0000000000
12275  38.143  -69.647  37.731 0.0000000000
15189  42.095  -65.681  44.628 0.0000000000
14421  40.893  -66.635  43.168 0.0000000000
12139  38.058  -69.491  43.022 0.0000000000
12933  38.566  -68.797  42.556 0.0000000000
11327  38.116  -70.031  42.670 0.0000000000
11348  38.098  -69.983  41.546 0.0000000000
10571  36.882  -71.325  42.751 0.0000000000
10574  34.222  -72.583  42.785 0.0000000000
16043  40.754  -64.316  47.726 0.0000000000
16059  41.748  -64.423  46.717 0.0000000000
15120  40.835  -65.133  48.603 0.0000000000
14464  42.574  -65.562  40.894 0.0000000000
14470  42.409  -65.773  39.660 0.0000000000
13063  40.787  -68.284  35.642 0.0000000000
14491  41.579  -66.750  36.173 0.0000000000
15209  39.656  -66.160  43.324 0.0000000000
14422  40.134  -66.628  42.988 0.0000000000
14440  38.379  -67.167  42.532 0.0000000000
12917  37.552  -69.455  43.351 0.0000000000
12127  36.818  -70.407  44.427 0.0000000000
12986  38.766  -68.007  39.277 0.0000000000
14476  40.966  -66.695  38.763 0.0000000000
13010  38.739  -68.071  37.868 0.0000000000
13052  39.603  -69.112  36.712 0.0000000000
12223  33.728  -69.153  40.411 0.0000000000
17110  43.269  -63.566  43.967 0.0000000000
14435  42.830  -65.692  42.465 0.0000000000
13683  41.119  -67.102  41.647 0.0000000000
13662  40.513  -67.235  42.545 0.0000000000
12954  40.406  -67.759  41.737 0.0000000000
12966  39.825  -68.026  41.196 0.0000000000
12191  38.613  -69.129  40.815 0.0000000000
12193  37.527  -69.603  40.389 0.0000000000
11376  35.883  -70.168  41.270 0.0000000000
10557  36.308  -72.163  44.040 0.0000000000
10592  35.472  -71.716  42.350 0.0000000000
11352  34.737  -71.221  41.763 0.0000000000
11378  33.899  -70.599  41.382 0.0000000000
17157  40.188  -63.638  41.711 0.0000000000
17135  40.756  -63.495  42.692 0.0000000000
17087  39.631  -63.493  44.559 0.0000000000
17085  41.779  -63.594  44.655 0.0000000000
17056  42.774  -63.964  45.515 0.0000000000
15163  42.667  -65.125  45.408 0.0000000000
15164  41.523  -65.705  45.839 0.0000000000
14391  39.888  -66.243  46.413 0.0000000000
15166  39.590  -65.999  45.380 0.0000000000
14482  41.824  -66.534  37.364 0.0000000000
17155  42.656  -63.312  41.750 0.0000000000
17179  41.846  -63.555  40.901 0.0000000000
12221  36.421  -69.201  39.268 0.0000000000
12247  36.946  -69.422  38.322 0.0000000000
14410  41.614  -66.151  43.806 0.0000000000
14411  41.243  -66.253  43.767 0.0000000000
11311  37.977  -69.968  43.401 0.0000000000
11328  37.432  -70.881  43.007 0.0000000000
9153  32.851  -73.876  41.892 0.0000000000
16020  40.909  -64.903  48.480 0.0000000000
15247  42.674  -65.546  40.277 0.0000000000
14471  41.202  -66.365  39.869 0.0000000000
13764  41.169  -67.497  35.302 0.0000000000
15227  38.949  -66.491  42.779 0.0000000000
12936  36.204  -68.725  42.881 0.0000000000
12935  37.198  -68.848  42.826 0.0000000000
12918  36.757  -69.389  43.530 0.0000000000
12141  37.209  -69.843  44.025 0.0000000000
12987  38.363  -68.641  39.616 0.0000000000
13713  39.405  -67.376  38.675 0.0000000000
13011  38.244  -68.393  38.655 0.0000000000
12274  38.842  -69.315  37.408 0.0000000000
12303  39.358  -69.693  36.493 0.0000000000
12302  39.854  -69.285  36.012 0.0000000000
17109  43.776  -63.951  44.064 0.0000000000
17131  43.916  -64.005  43.306 0.0000000000
15186  43.666  -64.837  43.832 0.0000000000
14457  42.024  -66.409  41.990 0.0000000000
12953  40.991  -67.513  42.009 0.0000000000
13663  39.555  -67.721  42.413 0.0000000000
14438  40.135  -66.977  42.699 0.0000000000
12155  38.817  -69.153  42.198 0.0000000000
12932  39.759  -68.155  42.224 0.0000000000
12967  39.055  -68.504  40.606 0.0000000000
12172  38.704  -69.284  41.398 0.0000000000
11349  37.368  -70.692  41.992 0.0000000000
11373  37.801  -69.783  40.978 0.0000000000
11374  37.416  -70.000  41.098 0.0000000000
12194  36.938  -69.728  40.282 0.0000000000
11375  36.749  -70.209  41.141 0.0000000000
8326  32.674  -74.779  43.773 0.0000000000
9137  34.283  -73.778  43.902 0.0000000000
8325  34.016  -74.068  44.342 0.0000000000
9880  34.921  -73.300  43.910 0.0000000000
9890  35.486  -72.805  43.603 0.0000000000
10572  36.145  -72.068  43.187 0.0000000000
10573  35.152  -72.408  42.888 0.0000000000
10594  33.427  -72.315  42.142 0.0000000000
10593  34.482  -71.932  42.305 0.0000000000
11353  33.721  -71.427  41.738 0.0000000000
11377  34.908  -70.345  41.334 0.0000000000
17158  39.045  -63.760  41.593 0.0000000000
17136  39.595  -63.462  42.599 0.0000000000
17031  40.835  -63.835  46.289 0.0000000000
17059  40.254  -63.688  45.485 0.0000000000
17086  40.723  -63.539  44.582 0.0000000000
17058  41.253  -63.732  45.481 0.0000000000
17084  42.697  -63.647  44.766 0.0000000000
17057  42.132  -63.805  45.497 0.0000000000
15140  41.684  -65.186  46.832 0.0000000000
15139  42.363  -64.644  46.081 0.0000000000
15141  38.180  -66.125  46.257 0.0000000000
14392  39.063  -66.166  46.115 0.0000000000
13712  40.312  -67.143  38.199 0.0000000000
13711  41.104  -66.878  37.811 0.0000000000
14490  42.462  -66.048  36.778 0.0000000000
12219  37.710  -69.237  39.625 0.0000000000
12245  38.074  -69.015  38.642 0.0000000000
15188  42.910  -65.427  44.412 0.0000000000
15187  43.413  -65.179  44.085 0.0000000000
14409  42.365  -65.853  43.827 0.0000000000
13648  41.390  -66.779  42.752 0.0000000000
12915  38.128  -69.172  42.874 0.0000000000
12156  38.409  -69.365  42.678 0.0000000000
11326  38.508  -69.706  41.917 0.0000000000
11347  38.441  -69.693  41.590 0.0000000000
10590  36.807  -71.072  42.240 0.0000000000
10575  33.695  -72.840  42.615 0.0000000000
9902  33.314  -73.223  42.350 0.0000000000
16060  41.189  -64.037  46.875 0.0000000000
16042  41.373  -64.851  47.751 0.0000000000
14363  41.229  -65.688  47.629 0.0000000000
15254  42.808  -65.578  39.835 0.0000000000
14474  42.777  -65.757  38.922 0.0000000000
13743  40.726  -67.793  36.588 0.0000000000
13725  41.109  -67.179  36.876 0.0000000000
13742  40.988  -67.590  36.141 0.0000000000
15208  40.555  -66.255  43.652 0.0000000000
14423  39.739  -66.611  42.871 0.0000000000
14439  39.441  -67.053  42.619 0.0000000000
13665  37.754  -68.010  42.554 0.0000000000
12934  38.011  -68.806  42.804 0.0000000000
12140  37.825  -69.807  43.724 0.0000000000
13702  39.512  -67.571  39.992 0.0000000000
13701  40.203  -66.867  39.404 0.0000000000
13727  39.757  -67.788  37.638 0.0000000000
12244  38.280  -68.695  37.991 0.0000000000
13036  39.596  -68.544  37.212 0.0000000000
13035  40.071  -68.141  37.130 0.0000000000
13051  40.291  -68.462  36.499 0.0000000000
13064  40.375  -68.906  35.664 0.0000000000
12970  34.298  -69.106  40.335 0.0000000000
17154  43.706  -63.357  42.083 0.0000000000
17132  43.697  -63.679  43.126 0.0000000000
14465  41.797  -66.073  40.922 0.0000000000
13692  41.115  -66.752  41.123 0.0000000000
12931  40.669  -67.529  42.199 0.0000000000
12930  41.005  -67.417  42.233 0.0000000000
13684  40.673  -67.418  41.525 0.0000000000
13693  40.416  -67.171  40.903 0.0000000000
13694  39.698  -67.854  40.736 0.0000000000
12173  38.353  -69.637  41.353 0.0000000000
12192  38.165  -69.469  40.732 0.0000000000
12195  36.173  -69.517  40.450 0.0000000000
11298  36.421  -71.240  44.782 0.0000000000
10540  36.332  -71.971  44.676 0.0000000000
10556  36.837  -71.473  43.722 0.0000000000
10591  36.285  -71.332  42.382 0.0000000000
11351  35.664  -70.936  41.846 0.0000000000
12196  35.114  -69.477  40.603 0.0000000000
12197  34.029  -69.709  40.885 0.0000000000
16126  39.354  -64.158  39.946 0.0000000000
17181  39.675  -63.898  40.770 0.0000000000
17156  41.370  -63.508  41.783 0.0000000000
17134  41.955  -63.402  42.783 0.0000000000
17060  39.197  -63.637  45.554 0.0000000000
17113  40.161  -63.404  43.607 0.0000000000
17112  41.301  -63.441  43.691 0.0000000000
17111  42.394  -63.434  43.821 0.0000000000
17083  43.386  -63.877  44.858 0.0000000000
16089  43.448  -63.988  45.126 0.0000000000
16058  42.468  -64.285  45.959 0.0000000000
16077  43.041  -64.369  45.448 0.0000000000
16076  43.385  -64.621  44.937 0.0000000000
14390  40.805  -66.177  46.680 0.0000000000
15165  40.573  -66.029  45.565 0.0000000000
15191  40.160  -65.917  44.444 0.0000000000
14475  41.907  -66.330  38.617 0.0000000000
14481  42.619  -65.903  37.901 0.0000000000
9881  34.349  -73.449  43.517 0.0000000000
9889  35.974  -72.591  43.963 0.0000000000
12224  32.911  -69.540  40.446 0.0000000000
12916  37.954  -69.310  43.046 0.0000000000
12968  38.432  -68.982  40.380 0.0000000000
12969  34.761  -68.868  39.900 0.0000000000
13050  40.760  -68.082  36.246 0.0000000000
13649  41.164  -66.857  42.783 0.0000000000
14330  41.009  -65.386  48.278 0.0000000000
14331  40.740  -65.457  48.431 0.0000000000
14342  41.081  -65.513  48.109 0.0000000000
14420  41.698  -66.487  43.101 0.0000000000
14469  42.838  -65.640  39.374 0.0000000000
15119  41.065  -65.223  48.320 0.0000000000
15130  41.310  -65.259  47.877 0.0000000000
15161  43.620  -65.199  44.044 0.0000000000
15162  43.358  -65.049  44.618 0.0000000000
15207  40.999  -66.319  43.748 0.0000000000
15226  39.491  -66.578  42.833 0.0000000000
16019  41.227  -65.067  48.182 0.0000000000
16087  43.698  -64.573  44.127 0.0000000000
16088  43.659  -64.308  44.489 0.0000000000
16095  43.793  -64.355  43.609 0.0000000000
16096  43.782  -64.245  44.029 0.0000000000
17007  40.548  -63.914  46.997 0.0000000000
17029  42.256  -64.060  46.061 0.0000000000
17082  43.604  -63.736  44.795 0.0000000000
17108  43.819  -64.107  43.766 0.0000000000
