#!ascii label  , from subject A00073296 vox2ras=TkReg
677
52059  19.452  -29.096  14.977 0.1428571492
51027  18.247  -29.364  15.047 0.1428571492
52091  19.656  -28.554  14.598 0.1428571492
51025  19.970  -29.568  15.350 0.1428571492
52092  18.734  -28.765  14.617 0.1428571492
52058  20.298  -28.961  15.043 0.1428571492
53189  20.048  -27.415  13.568 0.5714285970
53159  20.853  -27.874  14.137 0.1428571492
53158  21.898  -27.753  14.190 0.2857142985
53186  23.160  -27.021  13.646 0.1428571492
53157  22.954  -27.626  14.164 0.2857142985
55314  23.963  -25.526  12.033 0.2857142985
54287  23.645  -25.943  12.633 0.1428571492
55352  25.484  -24.711  10.327 0.2857142985
55313  24.966  -25.745  11.950 0.2857142985
56343  25.689  -24.479  9.487 0.2857142985
56344  24.729  -24.517  9.654 0.2857142985
57430  25.841  -23.972  7.769 0.2857142985
59570  27.170  -21.985  7.195 0.8571428657
58527  26.570  -22.904  7.086 0.4285714328
56361  25.931  -24.233  8.564 0.2857142985
60608  28.620  -20.731  5.195 0.7142857313
59597  28.238  -21.475  5.642 0.7142857313
59598  27.784  -21.507  5.913 0.7142857313
61585  29.231  -19.793  4.890 0.8571428657
61586  28.175  -19.747  5.255 0.8571428657
60609  27.496  -20.854  5.874 0.7142857313
63583  31.267  -17.470  4.601 0.4285714328
62577  29.798  -18.829  4.867 0.7142857313
62578  28.797  -18.881  4.907 0.8571428657
65580  31.826  -15.792  3.339 0.2857142985
66569  31.387  -15.418  3.182 0.5714285970
63584  30.354  -17.366  4.510 0.8571428657
64574  30.719  -16.616  4.516 0.7142857313
63585  29.584  -17.469  4.431 0.8571428657
66602  32.289  -14.551  1.856 0.1428571492
65592  32.669  -15.485  2.519 0.1428571492
66591  31.616  -15.243  2.768 0.4285714328
65581  30.981  -15.804  4.165 0.5714285970
64551  30.161  -16.018  4.464 0.8571428657
68580  33.076  -12.887  0.598 0.1428571492
66605  33.152  -14.275  1.292 0.1428571492
66606  32.689  -14.159  1.228 0.1428571492
67580  31.720  -14.184  1.484 0.4285714328
66549  30.023  -15.256  3.797 0.8571428657
69640  32.495  -11.690  -0.618 0.1428571492
69631  33.101  -11.804  0.328 0.1428571492
68588  32.444  -12.353  0.152 0.1428571492
67586  32.160  -13.765  1.154 0.1428571492
67587  31.143  -13.662  0.947 0.4285714328
66603  31.117  -14.293  1.676 0.5714285970
66592  30.962  -14.726  2.502 0.7142857313
66550  29.448  -14.971  4.160 0.8571428657
69651  32.245  -11.402  -1.609 0.1428571492
68589  31.632  -12.387  -0.208 0.1428571492
68582  30.868  -12.999  0.457 0.5714285970
66593  30.263  -14.248  2.118 0.8571428657
66571  29.801  -14.738  3.144 0.8571428657
67568  29.658  -13.841  2.565 0.8571428657
70567  32.266  -10.298  -1.567 0.1428571492
70575  31.819  -10.445  -2.187 0.2857142985
69652  31.916  -12.018  -1.428 0.1428571492
68593  30.767  -11.968  -1.158 0.8571428657
67588  30.402  -13.572  1.005 0.8571428657
66608  30.699  -13.859  1.127 0.7142857313
68583  29.824  -12.707  0.919 0.8571428657
71448  31.188  -9.391  -2.896 0.1428571492
73331  31.243  -7.969  -2.736 0.1428571492
69654  30.073  -10.934  -0.894 0.8571428657
69642  30.300  -11.592  -0.604 0.8571428657
69622  29.396  -11.887  2.204 0.8571428657
70579  30.990  -9.836  -2.715 0.4285714328
69643  29.819  -11.117  -0.129 0.8571428657
68591  30.035  -11.855  0.169 0.8571428657
69632  29.654  -11.431  0.905 0.8571428657
72369  31.183  -8.597  -3.212 0.1428571492
73335  30.589  -7.715  -3.912 0.2857142985
71449  30.544  -9.523  -3.054 0.5714285970
71447  29.788  -9.505  -2.641 0.8571428657
71446  30.392  -9.834  -2.567 0.8571428657
70569  30.205  -10.291  -1.646 0.8571428657
70558  29.649  -10.309  -0.691 0.8571428657
71436  29.351  -9.528  -1.530 0.8571428657
70549  29.489  -10.356  0.456 0.8571428657
73338  30.234  -7.357  -4.290 0.2857142985
72372  30.210  -8.152  -4.215 0.7142857313
71452  30.371  -8.811  -3.741 0.5714285970
71450  29.877  -8.994  -3.654 0.8571428657
72357  29.008  -8.507  -1.215 0.8571428657
72373  29.659  -8.205  -4.174 0.8571428657
73332  28.718  -7.518  -3.139 0.8571428657
73318  28.891  -7.429  -0.862 0.7142857313
73336  29.154  -7.332  -4.029 0.8571428657
73337  28.765  -6.971  -3.841 0.8571428657
72366  29.073  -8.562  -2.376 0.8571428657
74270  28.465  -6.850  -2.781 0.8571428657
114301  28.205  -6.114  -3.016 0.8571428657
73327  28.797  -7.023  -1.525 0.7142857313
114304  29.067  -5.190  -5.836 0.7142857313
114297  28.686  -6.437  -4.094 0.8571428657
114306  28.289  -5.209  -5.521 0.8571428657
114299  27.990  -5.115  -4.898 0.8571428657
77172  27.811  -3.977  -5.522 0.7142857313
74269  28.647  -7.232  -2.612 0.8571428657
114298  28.262  -5.738  -3.953 0.8571428657
79947  29.159  -1.146  -3.269 0.1428571492
114300  27.925  -5.001  -5.420 0.8571428657
76238  28.550  -4.220  -5.873 0.7142857313
77179  28.253  -3.586  -5.801 0.7142857313
114307  27.778  -4.620  -5.296 0.8571428657
80886  28.599  0.386  -3.133 0.1428571492
78116  28.510  -2.796  -5.808 0.5714285970
79039  28.225  -1.627  -6.085 0.5714285970
79043  27.274  -1.348  -6.882 0.5714285970
79957  28.231  -0.717  -5.695 0.1428571492
81815  28.779  1.428  -2.434 0.1428571492
79965  27.428  -0.476  -6.945 0.5714285970
82774  28.537  2.795  -2.598 0.1428571492
83696  29.479  3.610  -2.405 0.1428571492
80906  27.819  0.072  -5.670 0.1428571492
84451  29.433  4.701  -3.077 0.1428571492
79958  27.773  -0.315  -6.215 0.5714285970
82763  28.450  3.338  -2.865 0.1428571492
82775  27.968  2.797  -3.194 0.1428571492
83687  28.157  3.315  -3.144 0.1428571492
50049  19.440  -30.143  15.644 0.1428571492
50050  18.491  -30.038  15.577 0.1428571492
52090  20.569  -28.435  14.610 0.2857142985
52057  21.055  -28.865  15.004 0.1428571492
51055  22.445  -29.111  14.936 0.2857142985
52089  21.617  -28.508  14.640 0.2857142985
54260  24.360  -26.495  13.069 0.2857142985
54261  23.385  -26.456  13.160 0.2857142985
56362  24.931  -24.364  8.794 0.2857142985
57458  26.066  -23.263  6.891 0.5714285970
60588  27.152  -21.426  6.766 0.7142857313
64573  31.715  -16.487  4.210 0.1428571492
64576  29.202  -16.945  4.246 0.8571428657
66570  30.792  -15.278  3.431 0.7142857313
70556  32.445  -10.531  -0.391 0.1428571492
68590  30.601  -12.372  -0.272 0.8571428657
68571  29.453  -13.052  2.223 0.8571428657
73339  29.695  -7.304  -4.367 0.8571428657
74281  28.972  -5.944  -4.849 0.8571428657
79033  28.553  -1.722  -5.360 0.2857142985
80900  28.122  0.111  -5.003 0.1428571492
81816  28.011  1.535  -3.315 0.1428571492
84463  30.212  4.987  -3.967 0.1428571492
53187  22.125  -27.090  13.701 0.2857142985
53188  21.092  -27.306  13.578 0.4285714328
55334  25.762  -25.395  11.444 0.2857142985
55335  24.350  -25.128  11.402 0.2857142985
56328  24.598  -24.698  10.604 0.2857142985
59571  26.220  -22.152  6.956 0.7142857313
70548  32.792  -10.732  0.455 0.1428571492
71435  31.885  -9.795  -1.762 0.1428571492
71445  31.521  -9.578  -2.238 0.2857142985
72365  31.350  -8.769  -2.445 0.1428571492
69660  30.897  -11.124  -1.892 0.8571428657
67549  29.380  -13.899  3.416 1.0000000000
74276  31.123  -7.281  -2.941 0.1428571492
74277  30.572  -6.741  -3.469 0.1428571492
74280  29.927  -6.303  -4.342 0.2857142985
72350  28.864  -8.405  -0.018 0.8571428657
75292  29.653  -5.185  -4.648 0.5714285970
114310  29.422  -4.750  -5.354 0.5714285970
77178  28.899  -4.247  -5.940 0.7142857313
78103  29.249  -2.498  -4.482 0.2857142985
78109  29.037  -2.654  -5.139 0.2857142985
79028  28.911  -1.685  -4.593 0.1428571492
79952  28.555  -0.714  -4.784 0.1428571492
80894  28.165  0.287  -4.039 0.1428571492
81833  27.192  1.657  -5.434 0.2857142985
81817  27.667  2.183  -3.588 0.1428571492
81824  27.532  1.643  -4.281 0.1428571492
82784  27.420  2.782  -3.737 0.1428571492
83698  27.991  3.703  -3.222 0.1428571492
84464  29.429  5.489  -3.896 0.1428571492
114316  29.712  -4.533  -4.893 0.4285714328
78108  29.631  -3.638  -4.762 0.4285714328
77177  29.389  -4.071  -5.544 0.5714285970
78115  29.141  -3.517  -5.524 0.5714285970
51026  19.094  -29.572  15.251 0.1428571492
53160  19.857  -27.977  14.130 0.4285714328
53161  18.979  -28.172  14.182 0.2857142985
54262  22.361  -26.548  13.131 0.1428571492
61587  27.206  -19.561  5.775 0.7142857313
62589  30.108  -18.003  4.689 0.8571428657
62590  29.262  -18.148  4.633 0.8571428657
68581  31.870  -12.990  0.562 0.2857142985
67585  33.129  -13.770  0.959 0.1428571492
67581  31.384  -14.044  1.265 0.1428571492
69659  31.542  -11.319  -1.915 0.5714285970
67582  29.896  -13.651  1.641 0.8571428657
70568  30.650  -10.767  -1.799 0.8571428657
71426  29.177  -9.438  -0.329 0.8571428657
74278  28.957  -6.678  -4.171 0.8571428657
79948  28.774  -0.736  -3.804 0.1428571492
79964  27.961  -0.923  -6.383 0.5714285970
78121  27.587  -1.924  -6.431 0.5714285970
84450  30.522  4.260  -2.806 0.1428571492
80907  27.346  0.588  -6.220 0.4285714328
81823  27.780  1.011  -3.981 0.1428571492
80901  27.599  0.775  -5.172 0.1428571492
83697  28.642  3.806  -2.767 0.1428571492
56329  23.564  -24.981  10.552 0.5714285970
56330  22.612  -25.294  10.443 0.5714285970
56331  21.635  -25.277  10.429 0.2857142985
56364  23.165  -24.638  9.179 0.5714285970
56365  22.522  -24.572  9.498 0.5714285970
55338  21.281  -25.694  10.979 0.4285714328
56346  22.921  -25.095  9.751 0.5714285970
56348  21.127  -24.520  10.336 0.2857142985
57417  21.435  -23.760  9.934 0.4285714328
57432  24.287  -24.186  8.327 0.4285714328
57433  23.493  -23.897  8.679 0.5714285970
58502  22.957  -23.099  8.957 0.5714285970
57448  24.515  -23.629  7.960 0.5714285970
58515  24.733  -22.922  7.687 0.5714285970
58501  23.422  -23.377  8.669 0.4285714328
59559  24.414  -22.184  7.991 0.4285714328
59558  25.192  -22.205  7.369 0.4285714328
57416  22.060  -24.183  9.587 0.4285714328
57418  20.441  -23.748  10.602 0.2857142985
58514  25.210  -22.884  7.277 0.7142857313
60576  25.735  -21.212  7.294 0.7142857313
61556  25.201  -20.149  7.707 0.4285714328
61567  25.934  -19.364  6.630 0.7142857313
62559  24.834  -18.802  6.905 0.5714285970
62581  26.075  -18.523  6.274 0.7142857313
63546  25.326  -18.179  6.357 0.2857142985
60575  26.674  -21.562  7.016 0.5714285970
60589  26.736  -20.889  6.739 0.5714285970
60590  26.272  -20.285  6.733 0.7142857313
62580  26.821  -18.524  5.913 0.7142857313
63566  26.077  -17.578  5.982 0.7142857313
64555  26.561  -16.618  5.550 0.7142857313
64556  25.483  -16.552  5.673 0.7142857313
65563  25.990  -15.699  5.559 0.4285714328
62579  27.834  -18.564  5.283 0.5714285970
63565  27.172  -17.566  5.472 0.5714285970
64554  27.540  -16.627  5.052 0.7142857313
65562  27.042  -15.700  5.358 0.7142857313
66552  27.508  -14.822  5.090 0.7142857313
66553  26.434  -14.768  5.362 0.7142857313
68517  26.893  -13.439  5.057 0.5714285970
64575  29.876  -16.785  4.347 0.7142857313
64553  28.520  -16.609  4.498 0.5714285970
65561  28.005  -15.688  4.812 0.7142857313
67551  28.522  -13.812  4.532 0.8571428657
66554  25.445  -14.972  5.305 0.4285714328
68533  28.842  -13.129  4.341 0.7142857313
68534  27.823  -13.106  4.787 0.7142857313
69585  29.217  -12.748  4.028 0.7142857313
68535  26.709  -12.707  4.890 0.5714285970
69587  27.526  -12.068  4.612 0.7142857313
64552  29.379  -16.252  4.317 0.5714285970
67550  29.137  -13.755  4.147 0.8571428657
68532  29.290  -13.247  3.732 0.8571428657
69586  28.777  -12.134  4.370 0.7142857313
70508  28.028  -11.655  4.240 0.5714285970
70524  27.378  -10.356  3.738 0.2857142985
66572  29.288  -14.341  4.033 0.7142857313
69604  29.339  -12.585  3.292 0.7142857313
70541  28.056  -9.774  3.420 0.7142857313
68553  29.415  -13.343  3.028 0.7142857313
69605  29.224  -11.709  3.402 0.8571428657
70523  28.455  -11.133  3.810 0.8571428657
69623  29.186  -11.042  2.936 0.8571428657
70540  28.652  -10.188  3.089 0.5714285970
71405  28.888  -9.649  2.250 0.8571428657
71406  28.411  -9.146  3.000 0.7142857313
70539  29.289  -10.537  1.867 0.8571428657
71418  28.761  -9.152  2.090 0.8571428657
71417  29.060  -9.275  1.159 0.8571428657
72343  28.639  -8.538  1.972 0.7142857313
74260  28.577  -6.324  -1.912 0.7142857313
75280  28.471  -5.680  -0.990 0.7142857313
75272  28.586  -5.563  -0.210 0.7142857313
114312  28.475  -4.926  -1.512 0.7142857313
114315  28.287  -4.753  -2.883 0.7142857313
114302  27.687  -4.728  -4.059 0.8571428657
78104  27.395  -3.483  -3.726 0.7142857313
77163  28.412  -4.021  -0.786 0.7142857313
78097  27.851  -3.115  -2.591 0.7142857313
79029  27.135  -2.340  -3.177 0.7142857313
78089  27.958  -2.746  -1.384 0.5714285970
78110  27.416  -4.034  -4.806 0.7142857313
78105  26.870  -3.003  -4.544 0.7142857313
79022  27.196  -1.888  -2.343 0.5714285970
79034  26.425  -2.000  -4.874 0.4285714328
79949  26.783  -1.604  -3.457 0.5714285970
79942  27.024  -1.628  -3.006 0.5714285970
78111  27.052  -2.915  -5.401 0.5714285970
79016  27.220  -1.365  -1.321 0.5714285970
79953  25.841  -0.889  -5.294 0.5714285970
79950  26.371  -0.998  -4.184 0.5714285970
79943  26.839  -0.770  -3.000 0.5714285970
79023  26.908  -1.051  -2.073 0.4285714328
79009  26.882  -1.330  -0.392 0.5714285970
79935  26.768  -0.337  -2.082 0.5714285970
79017  26.945  -0.789  -1.707 0.5714285970
79927  26.739  -0.425  -0.417 0.4285714328
78075  24.469  -2.115  1.087 0.4285714328
80879  27.050  0.094  -1.029 0.5714285970
79926  27.053  -0.555  -0.869 0.5714285970
80855  26.145  0.583  0.366 0.4285714328
58543  28.043  -22.205  6.686 0.2857142985
63564  28.062  -17.512  4.885 0.5714285970
80872  26.581  0.584  -0.535 0.2857142985
55337  22.282  -25.577  11.101 0.5714285970
56363  24.032  -24.656  8.921 0.2857142985
56345  23.811  -24.773  9.755 0.4285714328
56332  20.759  -25.035  10.617 0.2857142985
57435  21.939  -23.722  9.566 0.4285714328
58517  23.057  -22.350  8.642 0.4285714328
59560  23.525  -21.919  8.308 0.5714285970
58486  21.323  -23.224  9.820 0.2857142985
58503  21.734  -22.992  9.477 0.2857142985
60577  24.757  -20.756  8.051 0.5714285970
58560  28.628  -22.084  6.015 0.2857142985
62548  24.023  -19.319  7.149 0.2857142985
74250  29.037  -7.054  -0.294 0.7142857313
74251  28.777  -6.481  -0.617 0.7142857313
74236  28.906  -6.521  0.816 0.7142857313
78082  27.460  -2.313  -0.423 0.5714285970
78997  26.205  -1.217  0.358 0.2857142985
77173  27.666  -3.136  -5.766 0.5714285970
78118  27.307  -2.286  -6.131 0.5714285970
79040  26.373  -1.628  -5.908 0.5714285970
80896  26.189  0.397  -3.870 0.5714285970
62591  28.542  -18.133  4.781 0.7142857313
60610  26.745  -20.161  6.313 0.5714285970
65559  29.724  -15.542  4.315 0.7142857313
65560  28.928  -15.626  4.419 0.7142857313
58528  25.692  -22.846  6.926 0.5714285970
59572  25.673  -22.136  7.048 0.5714285970
72342  29.079  -8.054  1.050 0.7142857313
56347  21.979  -24.781  9.872 0.5714285970
57434  22.550  -23.903  9.272 0.4285714328
55317  20.877  -26.101  11.592 0.5714285970
57449  24.001  -23.751  8.284 0.5714285970
58516  23.827  -23.032  8.400 0.5714285970
59544  22.261  -22.200  8.916 0.4285714328
60561  24.976  -21.597  7.802 0.5714285970
60562  24.095  -21.330  8.159 0.4285714328
60560  25.303  -21.696  7.454 0.5714285970
61568  25.716  -19.708  6.947 0.5714285970
62547  24.856  -19.500  7.411 0.4285714328
61557  24.316  -20.000  7.615 0.4285714328
60611  26.398  -19.923  6.500 0.7142857313
61588  26.328  -19.400  6.392 0.7142857313
67535  27.043  -14.097  5.106 0.7142857313
66551  28.575  -14.682  4.580 0.5714285970
68516  27.377  -13.664  4.947 0.7142857313
68518  26.167  -13.268  5.078 0.2857142985
70509  27.384  -11.316  4.220 0.5714285970
70510  26.537  -11.019  4.195 0.2857142985
80902  25.730  0.110  -4.745 0.7142857313
80887  26.223  0.451  -2.661 0.5714285970
79912  26.392  -0.282  0.090 0.4285714328
59561  22.628  -21.582  8.435 0.4285714328
53190  19.070  -27.612  13.596 0.4285714328
57446  26.311  -23.529  7.342 0.1428571492
58513  26.994  -23.174  7.585 0.1428571492
55364  26.516  -24.533  9.308 0.1428571492
55351  26.531  -25.049  10.187 0.1428571492
57445  27.453  -23.599  7.867 0.1428571492
56377  26.618  -23.940  8.068 0.1428571492
56360  26.985  -24.339  8.747 0.1428571492
58526  27.831  -22.860  7.591 0.1428571492
59596  29.145  -21.525  5.415 0.2857142985
61584  30.368  -19.711  4.896 0.1428571492
73312  29.004  -7.489  0.172 0.5714285970
85207  29.292  5.737  -3.216 0.1428571492
72327  28.354  -7.999  2.859 0.4285714328
74237  28.375  -6.199  1.540 0.4285714328
74244  28.802  -6.122  0.412 0.5714285970
76216  28.230  -4.605  0.806 0.4285714328
83710  26.573  3.405  -3.652 0.2857142985
82817  24.732  1.980  -6.378 0.2857142985
80903  25.343  0.156  -5.610 0.2857142985
80932  24.737  2.068  -8.130 0.2857142985
75246  24.235  -5.277  2.172 0.1428571492
78096  28.448  -3.776  -1.764 0.5714285970
82776  25.606  2.381  -3.477 0.2857142985
79045  26.058  -1.185  -6.578 0.4285714328
77120  26.054  -4.137  1.771 0.4285714328
77149  27.569  -3.194  0.399 0.5714285970
82786  25.490  2.224  -4.508 0.2857142985
77122  24.785  -3.749  1.343 0.4285714328
77138  25.125  -3.165  1.333 0.2857142985
81809  25.955  1.522  -1.460 0.1428571492
80888  25.838  0.965  -3.375 0.1428571492
81819  25.685  1.540  -2.673 0.1428571492
77140  23.722  -3.037  1.662 0.1428571492
78073  25.831  -2.091  0.650 0.4285714328
81810  25.578  2.053  -2.065 0.1428571492
82766  25.561  2.517  -2.515 0.1428571492
77151  24.697  -2.485  1.155 0.2857142985
81785  26.164  1.242  0.036 0.2857142985
80841  24.983  1.048  1.224 0.1428571492
81800  26.062  1.612  -0.479 0.1428571492
82765  25.677  2.605  -1.731 0.1428571492
81801  25.821  1.714  -0.006 0.1428571492
82739  25.763  2.230  0.162 0.1428571492
82753  25.786  2.035  -0.277 0.1428571492
82732  25.866  2.309  0.982 0.1428571492
54265  19.280  -27.082  12.948 0.4285714328
54291  19.520  -26.498  12.456 0.2857142985
58525  28.502  -23.136  7.245 0.1428571492
73275  27.715  -6.474  3.169 0.2857142985
78117  27.930  -2.633  -6.155 0.4285714328
80923  26.633  0.565  -7.931 0.2857142985
114380  24.874  3.709  -6.580 0.2857142985
83689  25.667  3.085  -2.225 0.2857142985
54292  18.891  -26.606  12.732 0.2857142985
53185  24.123  -27.069  13.456 0.1428571492
55312  25.470  -25.800  11.975 0.1428571492
60607  29.733  -20.720  4.987 0.1428571492
58561  28.012  -21.849  6.062 0.1428571492
76210  23.407  -3.589  1.651 0.1428571492
73305  28.567  -7.480  1.802 0.4285714328
76196  24.723  -4.443  1.776 0.2857142985
79044  26.680  -1.468  -6.808 0.4285714328
83700  26.025  3.110  -2.935 0.2857142985
114379  25.409  3.472  -5.538 0.2857142985
81857  26.383  2.149  -7.718 0.2857142985
82816  26.002  3.126  -7.184 0.2857142985
84465  26.936  4.050  -3.346 0.1428571492
84453  27.585  4.652  -2.769 0.1428571492
84452  28.555  4.662  -2.762 0.1428571492
82752  26.077  2.546  -0.698 0.2857142985
83709  27.202  3.639  -3.485 0.1428571492
82796  27.113  2.502  -4.669 0.1428571492
82785  26.862  2.980  -3.983 0.1428571492
80915  26.906  0.696  -7.305 0.4285714328
83699  26.447  3.905  -2.712 0.2857142985
82807  26.749  2.481  -5.558 0.2857142985
82797  26.640  3.104  -4.879 0.1428571492
54264  20.271  -26.870  12.990 0.4285714328
78122  27.218  -1.775  -6.594 0.4285714328
79966  26.829  -0.754  -7.459 0.2857142985
81856  26.660  1.465  -7.426 0.2857142985
75255  28.218  -5.195  1.334 0.4285714328
76225  28.431  -4.993  -0.701 0.5714285970
77157  28.206  -3.898  0.216 0.5714285970
79967  25.944  -0.468  -7.243 0.2857142985
80880  26.533  0.427  -1.607 0.4285714328
80856  25.439  0.644  0.865 0.2857142985
81818  26.013  0.959  -2.076 0.2857142985
73304  29.032  -7.072  0.992 0.5714285970
77164  28.241  -3.329  -0.949 0.5714285970
78060  26.181  -2.801  1.052 0.5714285970
81835  25.145  1.250  -5.102 0.2857142985
57457  28.134  -23.488  7.705 0.1428571492
74224  27.409  -5.644  2.809 0.2857142985
83711  25.741  3.041  -4.407 0.2857142985
114377  25.115  2.737  -5.565 0.2857142985
81859  24.333  1.101  -6.696 0.2857142985
80917  25.167  0.459  -7.467 0.2857142985
76195  25.540  -4.568  2.179 0.2857142985
77135  27.394  -4.308  1.325 0.4285714328
77136  26.790  -3.827  1.263 0.4285714328
77121  25.360  -3.952  1.539 0.2857142985
77137  25.860  -3.382  1.454 0.5714285970
78062  25.139  -2.660  1.158 0.4285714328
57456  28.625  -23.641  7.172 0.1428571492
73276  27.153  -6.680  3.702 0.2857142985
83723  25.999  3.402  -5.118 0.2857142985
67536  26.284  -13.912  5.195 0.4285714328
84438  26.767  4.725  -0.876 0.1428571492
82738  26.306  3.021  0.403 0.1428571492
83688  26.198  3.615  -1.717 0.1428571492
83679  26.493  3.705  -0.448 0.1428571492
84431  26.822  4.429  -0.115 0.1428571492
85192  27.062  5.649  -1.036 0.1428571492
84430  27.201  4.723  0.534 0.1428571492
84437  27.092  5.038  -0.183 0.1428571492
69588  26.369  -11.852  4.476 0.2857142985
83672  26.829  3.855  0.375 0.1428571492
85191  27.059  5.665  -0.453 0.1428571492
85199  27.438  5.727  -1.350 0.1428571492
57447  25.374  -23.450  7.429 0.2857142985
84443  27.014  4.827  -2.022 0.1428571492
57431  25.101  -24.117  8.019 0.4285714328
55316  21.952  -25.996  11.697 0.4285714328
54288  22.628  -26.094  12.525 0.2857142985
55336  23.263  -25.295  11.270 0.2857142985
54289  21.616  -26.368  12.350 0.2857142985
78072  26.748  -2.227  0.453 0.4285714328
55315  22.927  -25.651  11.925 0.1428571492
76207  27.246  -4.730  1.661 0.2857142985
54290  20.534  -26.482  12.293 0.2857142985
60578  23.736  -20.551  7.816 0.2857142985
61558  23.412  -19.881  7.354 0.2857142985
63567  24.900  -17.324  5.921 0.1428571492
64557  24.416  -16.439  5.514 0.1428571492
66574  25.715  -14.326  5.232 0.1428571492
69606  25.772  -11.278  4.234 0.1428571492
70525  25.846  -10.438  4.047 0.1428571492
71407  27.532  -9.489  3.548 0.1428571492
71391  26.489  -9.499  3.678 0.1428571492
72328  26.886  -8.884  3.462 0.1428571492
72329  26.148  -8.328  3.428 0.1428571492
74214  25.604  -5.923  3.654 0.1428571492
75242  27.139  -5.245  2.241 0.1428571492
74226  25.308  -5.556  3.080 0.1428571492
78996  26.555  -1.445  0.050 0.1428571492
78999  24.656  -1.224  0.928 0.1428571492
78983  22.994  -1.559  2.096 0.1428571492
79914  25.122  -0.337  0.902 0.1428571492
79915  24.488  -0.299  1.142 0.1428571492
54263  21.323  -26.736  13.030 0.1428571492
75245  25.007  -5.088  2.623 0.1428571492
60563  23.121  -21.092  7.984 0.2857142985
60579  22.837  -20.368  7.613 0.2857142985
67552  25.533  -13.694  5.044 0.1428571492
68536  25.554  -12.786  4.748 0.1428571492
69607  24.995  -11.228  3.999 0.1428571492
71392  25.296  -9.694  3.549 0.1428571492
73289  27.977  -7.426  2.950 0.1428571492
74227  24.855  -6.027  2.890 0.1428571492
78982  23.615  -1.130  1.672 0.1428571492
78981  24.156  -1.512  1.226 0.1428571492
65564  25.000  -15.715  5.302 0.1428571492
78064  23.409  -2.267  1.914 0.1428571492
74211  27.474  -5.919  3.141 0.1428571492
61559  22.546  -19.757  7.261 0.1428571492
72314  26.401  -8.873  3.568 0.1428571492
70526  24.681  -10.494  3.660 0.1428571492
54266  18.296  -26.920  13.287 0.1428571492
54243  17.760  -26.634  14.390 0.1428571492
55318  19.734  -25.801  11.799 0.1428571492
62576  31.046  -18.484  4.713 0.1428571492
61583  31.531  -19.645  5.236 0.1428571492
75290  30.186  -5.015  -3.705 0.1428571492
53191  18.184  -27.980  13.856 0.1428571492
55319  18.776  -25.793  12.645 0.1428571492
55339  20.335  -25.408  11.138 0.1428571492
56349  20.594  -24.446  10.653 0.1428571492
114314  29.872  -4.214  -3.895 0.1428571492
63563  31.391  -17.960  4.699 0.1428571492
55340  19.701  -24.991  11.439 0.1428571492
53162  18.461  -28.346  14.234 0.1428571492
57459  25.818  -23.348  7.024 0.5714285970
58512  27.356  -23.175  7.771 0.1428571492
59581  27.587  -21.669  6.389 0.7142857313
60574  27.030  -21.626  7.101 0.7142857313
61589  26.192  -19.832  6.626 0.7142857313
62558  25.728  -18.982  6.606 0.7142857313
62588  30.687  -17.832  4.611 0.4285714328
63562  31.880  -17.911  4.837 0.1428571492
63586  28.823  -17.502  4.450 0.8571428657
65558  30.332  -15.477  4.037 0.8571428657
66548  30.366  -15.336  3.767 0.8571428657
66573  28.910  -14.155  4.358 0.8571428657
66575  25.032  -14.393  4.928 0.1428571492
66604  30.503  -13.983  1.433 0.7142857313
66607  30.923  -14.052  1.230 0.1428571492
67534  27.788  -14.036  4.806 0.7142857313
68592  31.350  -12.330  -0.994 0.1428571492
68594  31.308  -11.957  -1.526 0.8571428657
68595  30.978  -11.612  -1.673 0.8571428657
69641  31.929  -12.279  -0.882 0.1428571492
69653  30.565  -11.205  -1.372 0.8571428657
69658  32.072  -11.114  -2.065 0.5714285970
70557  32.349  -10.211  -0.929 0.1428571492
70566  32.518  -10.864  -1.213 0.1428571492
70574  32.318  -10.864  -1.834 0.1428571492
70576  30.877  -10.341  -2.280 0.8571428657
70577  30.318  -9.991  -2.286 0.8571428657
70578  31.264  -9.926  -2.437 0.2857142985
71425  31.939  -9.669  -1.051 0.1428571492
71451  30.866  -9.022  -3.441 0.5714285970
71453  30.019  -8.625  -4.072 0.7142857313
72370  29.259  -8.455  -3.434 0.8571428657
72371  30.754  -8.392  -3.757 0.5714285970
72374  30.006  -7.734  -4.424 0.8571428657
72375  29.871  -7.920  -4.371 0.7142857313
73288  28.050  -6.961  2.207 0.4285714328
73290  26.636  -7.838  3.374 0.1428571492
73319  28.743  -6.833  -1.238 0.7142857313
73326  28.848  -7.461  -2.031 0.8571428657
73333  28.461  -6.652  -3.516 0.8571428657
73334  30.981  -7.798  -3.410 0.1428571492
74212  27.225  -5.969  3.601 0.1428571492
74213  26.803  -6.195  3.888 0.1428571492
74215  25.236  -6.316  3.244 0.1428571492
74223  27.790  -6.177  2.563 0.1428571492
74225  27.075  -5.569  3.440 0.2857142985
74228  23.985  -6.327  2.158 0.1428571492
74238  27.809  -5.847  2.217 0.4285714328
74243  29.064  -6.780  0.237 0.7142857313
74259  28.655  -6.981  -2.369 0.7142857313
75226  26.859  -5.881  3.560 0.2857142985
75227  26.287  -5.841  3.584 0.1428571492
75243  26.759  -5.343  2.985 0.1428571492
75244  25.837  -5.225  2.974 0.1428571492
75256  27.685  -5.378  1.875 0.4285714328
75264  28.493  -5.384  0.665 0.4285714328
76193  26.724  -4.833  1.963 0.2857142985
76194  26.245  -4.751  2.296 0.2857142985
76197  23.881  -4.510  1.664 0.2857142985
76206  27.823  -4.637  1.422 0.2857142985
76208  24.302  -3.951  1.336 0.2857142985
76209  23.788  -3.749  1.510 0.1428571492
76220  28.374  -4.745  -0.001 0.5714285970
77119  26.433  -4.446  1.774 0.2857142985
77139  24.425  -3.033  1.353 0.1428571492
77148  27.696  -4.053  0.932 0.4285714328
77150  24.873  -2.683  1.199 0.4285714328
77158  28.068  -3.197  -0.453 0.5714285970
77180  27.791  -2.936  -6.010 0.4285714328
78061  25.536  -2.685  1.118 0.4285714328
78063  24.029  -2.185  1.526 0.4285714328
78074  25.052  -2.174  0.897 0.4285714328
78088  28.307  -3.451  -1.218 0.5714285970
78120  28.038  -2.107  -6.299 0.5714285970
78998  25.439  -1.231  0.678 0.2857142985
79010  26.517  -0.946  -0.093 0.2857142985
79030  26.675  -2.293  -3.951 0.7142857313
79041  25.907  -1.207  -6.224 0.4285714328
79042  27.757  -1.421  -6.541 0.5714285970
79899  23.934  -0.150  1.419 0.1428571492
79913  25.851  -0.306  0.614 0.4285714328
79934  27.015  -0.393  -1.441 0.5714285970
79954  25.515  -0.502  -5.951 0.5714285970
79959  25.724  -1.093  -5.946 0.5714285970
79960  25.670  -0.759  -6.428 0.5714285970
79971  26.985  -0.051  -7.734 0.4285714328
79972  26.393  0.077  -7.895 0.2857142985
79973  25.743  0.406  -7.946 0.2857142985
80871  26.949  -0.049  -0.684 0.5714285970
80895  27.781  0.729  -4.475 0.1428571492
80897  25.838  0.987  -3.838 0.1428571492
80908  25.226  0.160  -6.533 0.2857142985
80909  24.640  0.635  -6.984 0.2857142985
80916  26.532  1.173  -7.803 0.2857142985
80918  24.436  1.001  -7.594 0.2857142985
80924  26.071  1.138  -8.315 0.2857142985
80925  25.101  1.078  -8.270 0.2857142985
80926  24.589  1.672  -8.019 0.2857142985
80930  25.401  1.749  -8.437 0.2857142985
80931  24.928  1.907  -8.365 0.2857142985
81786  25.710  1.480  0.519 0.1428571492
81825  25.685  0.990  -4.233 0.2857142985
81826  25.666  1.516  -3.896 0.1428571492
81834  25.650  0.697  -4.469 0.2857142985
81843  26.763  1.880  -6.640 0.2857142985
81844  26.423  2.668  -6.984 0.2857142985
81845  24.813  0.765  -6.099 0.2857142985
81846  24.690  0.685  -6.592 0.2857142985
81858  24.720  1.255  -6.093 0.2857142985
81865  25.724  2.208  -8.289 0.2857142985
81866  24.423  1.797  -7.315 0.2857142985
81871  25.214  2.361  -8.271 0.2857142985
81872  24.888  2.399  -8.063 0.2857142985
81873  24.649  2.240  -7.783 0.2857142985
82764  28.297  3.165  -2.992 0.1428571492
82808  26.280  3.151  -6.169 0.2857142985
82823  25.641  2.821  -7.769 0.2857142985
82827  25.380  2.585  -8.035 0.2857142985
82828  25.073  2.950  -7.696 0.2857142985
82829  24.807  2.623  -7.713 0.2857142985
83686  28.336  3.487  -3.055 0.1428571492
83742  25.422  3.492  -7.301 0.2857142985
114303  27.979  -4.754  -5.630 0.8571428657
114305  28.671  -5.326  -5.817 0.8571428657
114308  29.830  -4.437  -4.404 0.4285714328
114309  28.406  -4.613  -5.895 0.8571428657
114311  28.788  -4.974  -6.149 0.8571428657
114313  29.777  -3.935  -4.110 0.1428571492
114378  24.759  2.874  -6.433 0.2857142985
114381  24.569  2.729  -7.184 0.2857142985
114382  25.612  3.667  -6.032 0.2857142985
114383  25.606  3.568  -6.687 0.2857142985
