#!ascii label  , from subject A00073296 vox2ras=TkReg
278
66551  28.575  -14.682  4.580 0.0000000000
57432  24.287  -24.186  8.327 0.0000000000
70541  28.056  -9.774  3.420 0.0000000000
79943  26.839  -0.770  -3.000 0.0000000000
56346  22.921  -25.095  9.751 0.0000000000
71436  29.351  -9.528  -1.530 0.0000000000
74270  28.465  -6.850  -2.781 0.0000000000
64556  25.483  -16.552  5.673 0.0000000000
60611  26.398  -19.923  6.500 0.0000000000
62591  28.542  -18.133  4.781 0.0000000000
66593  30.263  -14.248  2.118 0.0000000000
64574  30.719  -16.616  4.516 0.0000000000
69586  28.777  -12.134  4.370 0.0000000000
68591  30.035  -11.855  0.169 0.0000000000
78089  27.958  -2.746  -1.384 0.0000000000
114307  27.778  -4.620  -5.296 0.0000000000
57458  26.066  -23.263  6.891 0.0000000000
74250  29.037  -7.054  -0.294 0.0000000000
75280  28.471  -5.680  -0.990 0.0000000000
65562  27.042  -15.700  5.358 0.0000000000
63565  27.172  -17.566  5.472 0.0000000000
64553  28.520  -16.609  4.498 0.0000000000
56364  23.165  -24.638  9.179 0.0000000000
69623  29.186  -11.042  2.936 0.0000000000
69622  29.396  -11.887  2.204 0.0000000000
70539  29.289  -10.537  1.867 0.0000000000
71450  29.877  -8.994  -3.654 0.0000000000
71446  30.392  -9.834  -2.567 0.0000000000
79926  27.053  -0.555  -0.869 0.0000000000
78060  26.181  -2.801  1.052 0.0000000000
79022  27.196  -1.888  -2.343 0.0000000000
79958  27.773  -0.315  -6.215 0.0000000000
79039  28.225  -1.627  -6.085 0.0000000000
77173  27.666  -3.136  -5.766 0.0000000000
78116  28.510  -2.796  -5.808 0.0000000000
114304  29.067  -5.190  -5.836 0.0000000000
60609  27.496  -20.854  5.874 0.0000000000
60575  26.674  -21.562  7.016 0.0000000000
56331  21.635  -25.277  10.429 0.0000000000
71417  29.060  -9.275  1.159 0.0000000000
72350  28.864  -8.405  -0.018 0.0000000000
72366  29.073  -8.562  -2.376 0.0000000000
73336  29.154  -7.332  -4.029 0.0000000000
62559  24.834  -18.802  6.905 0.0000000000
62581  26.075  -18.523  6.274 0.0000000000
61587  27.206  -19.561  5.775 0.0000000000
60608  28.620  -20.731  5.195 0.0000000000
66572  29.288  -14.341  4.033 0.0000000000
65559  29.724  -15.542  4.315 0.0000000000
66570  30.792  -15.278  3.431 0.0000000000
67535  27.043  -14.097  5.106 0.0000000000
68535  26.709  -12.707  4.890 0.0000000000
68533  28.842  -13.129  4.341 0.0000000000
68553  29.415  -13.343  3.028 0.0000000000
68583  29.824  -12.707  0.919 0.0000000000
68590  30.601  -12.372  -0.272 0.0000000000
70558  29.649  -10.309  -0.691 0.0000000000
69660  30.897  -11.124  -1.892 0.0000000000
77157  28.206  -3.898  0.216 0.0000000000
79953  25.841  -0.889  -5.294 0.0000000000
78105  26.870  -3.003  -4.544 0.0000000000
78104  27.395  -3.483  -3.726 0.0000000000
114315  28.287  -4.753  -2.883 0.0000000000
114298  28.262  -5.738  -3.953 0.0000000000
74281  28.972  -5.944  -4.849 0.0000000000
58515  24.733  -22.922  7.687 0.0000000000
61556  25.201  -20.149  7.707 0.0000000000
63585  29.584  -17.469  4.431 0.0000000000
61585  29.231  -19.793  4.890 0.0000000000
74244  28.802  -6.122  0.412 0.0000000000
75272  28.586  -5.563  -0.210 0.0000000000
65561  28.005  -15.688  4.812 0.0000000000
55317  20.877  -26.101  11.592 0.0000000000
55338  21.281  -25.694  10.979 0.0000000000
56363  24.032  -24.656  8.921 0.0000000000
70540  28.652  -10.188  3.089 0.0000000000
71405  28.888  -9.649  2.250 0.0000000000
72372  30.210  -8.152  -4.215 0.0000000000
71452  30.371  -8.811  -3.741 0.0000000000
79017  26.945  -0.789  -1.707 0.0000000000
79009  26.882  -1.330  -0.392 0.0000000000
79016  27.220  -1.365  -1.321 0.0000000000
79942  27.024  -1.628  -3.006 0.0000000000
78115  29.141  -3.517  -5.524 0.0000000000
59598  27.784  -21.507  5.913 0.0000000000
59570  27.170  -21.985  7.195 0.0000000000
58502  22.957  -23.099  8.957 0.0000000000
72343  28.639  -8.538  1.972 0.0000000000
72342  29.079  -8.054  1.050 0.0000000000
73327  28.797  -7.023  -1.525 0.0000000000
73318  28.891  -7.429  -0.862 0.0000000000
74269  28.647  -7.232  -2.612 0.0000000000
73332  28.718  -7.518  -3.139 0.0000000000
73337  28.765  -6.971  -3.841 0.0000000000
80887  26.223  0.451  -2.661 0.0000000000
63566  26.077  -17.578  5.982 0.0000000000
63564  28.062  -17.512  4.885 0.0000000000
62579  27.834  -18.564  5.283 0.0000000000
61586  28.175  -19.747  5.255 0.0000000000
56330  22.612  -25.294  10.443 0.0000000000
55337  22.282  -25.577  11.101 0.0000000000
67568  29.658  -13.841  2.565 0.0000000000
66571  29.801  -14.738  3.144 0.0000000000
66592  30.962  -14.726  2.502 0.0000000000
66553  26.434  -14.768  5.362 0.0000000000
70508  28.028  -11.655  4.240 0.0000000000
69587  27.526  -12.068  4.612 0.0000000000
68534  27.823  -13.106  4.787 0.0000000000
69585  29.217  -12.748  4.028 0.0000000000
68532  29.290  -13.247  3.732 0.0000000000
69604  29.339  -12.585  3.292 0.0000000000
69632  29.654  -11.431  0.905 0.0000000000
71426  29.177  -9.438  -0.329 0.0000000000
70549  29.489  -10.356  0.456 0.0000000000
70568  30.650  -10.767  -1.799 0.0000000000
69659  31.542  -11.319  -1.915 0.0000000000
77137  25.860  -3.382  1.454 0.0000000000
77149  27.569  -3.194  0.399 0.0000000000
77136  26.790  -3.827  1.263 0.0000000000
77164  28.241  -3.329  -0.949 0.0000000000
79043  27.274  -1.348  -6.882 0.0000000000
79965  27.428  -0.476  -6.945 0.0000000000
79040  26.373  -1.628  -5.908 0.0000000000
78111  27.052  -2.915  -5.401 0.0000000000
77172  27.811  -3.977  -5.522 0.0000000000
78110  27.416  -4.034  -4.806 0.0000000000
114302  27.687  -4.728  -4.059 0.0000000000
114299  27.990  -5.115  -4.898 0.0000000000
114310  29.422  -4.750  -5.354 0.0000000000
75292  29.653  -5.185  -4.648 0.0000000000
59560  23.525  -21.919  8.308 0.0000000000
61567  25.934  -19.364  6.630 0.0000000000
61568  25.716  -19.708  6.947 0.0000000000
60590  26.272  -20.285  6.733 0.0000000000
59571  26.220  -22.152  6.956 0.0000000000
59572  25.673  -22.136  7.048 0.0000000000
58528  25.692  -22.846  6.926 0.0000000000
58514  25.210  -22.884  7.277 0.0000000000
64551  30.161  -16.018  4.464 0.0000000000
64575  29.876  -16.785  4.347 0.0000000000
63584  30.354  -17.366  4.510 0.0000000000
73304  29.032  -7.072  0.992 0.0000000000
74236  28.906  -6.521  0.816 0.0000000000
74251  28.777  -6.481  -0.617 0.0000000000
74260  28.577  -6.324  -1.912 0.0000000000
64555  26.561  -16.618  5.550 0.0000000000
64554  27.540  -16.627  5.052 0.0000000000
56329  23.564  -24.981  10.552 0.0000000000
56345  23.811  -24.773  9.755 0.0000000000
56328  24.598  -24.698  10.604 0.0000000000
66608  30.699  -13.859  1.127 0.0000000000
66603  31.117  -14.293  1.676 0.0000000000
70509  27.384  -11.316  4.220 0.0000000000
70523  28.455  -11.133  3.810 0.0000000000
69605  29.224  -11.709  3.402 0.0000000000
71447  29.788  -9.505  -2.641 0.0000000000
71449  30.544  -9.523  -3.054 0.0000000000
78082  27.460  -2.313  -0.423 0.0000000000
79964  27.961  -0.923  -6.383 0.0000000000
78121  27.587  -1.924  -6.431 0.0000000000
78118  27.307  -2.286  -6.131 0.0000000000
77179  28.253  -3.586  -5.801 0.0000000000
76238  28.550  -4.220  -5.873 0.0000000000
114300  27.925  -5.001  -5.420 0.0000000000
77178  28.899  -4.247  -5.940 0.0000000000
77177  29.389  -4.071  -5.544 0.0000000000
60610  26.745  -20.161  6.313 0.0000000000
60589  26.736  -20.889  6.739 0.0000000000
60588  27.152  -21.426  6.766 0.0000000000
56347  21.979  -24.781  9.872 0.0000000000
56365  22.522  -24.572  9.498 0.0000000000
57433  23.493  -23.897  8.679 0.0000000000
71406  28.411  -9.146  3.000 0.0000000000
71418  28.761  -9.152  2.090 0.0000000000
72357  29.008  -8.507  -1.215 0.0000000000
73312  29.004  -7.489  0.172 0.0000000000
72373  29.659  -8.205  -4.174 0.0000000000
73339  29.695  -7.304  -4.367 0.0000000000
80879  27.050  0.094  -1.029 0.0000000000
79935  26.768  -0.337  -2.082 0.0000000000
80896  26.189  0.397  -3.870 0.0000000000
61588  26.328  -19.400  6.392 0.0000000000
62580  26.821  -18.524  5.913 0.0000000000
59597  28.238  -21.475  5.642 0.0000000000
65560  28.928  -15.626  4.419 0.0000000000
66550  29.448  -14.971  4.160 0.0000000000
66549  30.023  -15.256  3.797 0.0000000000
65581  30.981  -15.804  4.165 0.0000000000
66569  31.387  -15.418  3.182 0.0000000000
64573  31.715  -16.487  4.210 0.0000000000
66552  27.508  -14.822  5.090 0.0000000000
68517  26.893  -13.439  5.057 0.0000000000
68516  27.377  -13.664  4.947 0.0000000000
67551  28.522  -13.812  4.532 0.0000000000
67550  29.137  -13.755  4.147 0.0000000000
67549  29.380  -13.899  3.416 0.0000000000
68571  29.453  -13.052  2.223 0.0000000000
67582  29.896  -13.651  1.641 0.0000000000
67588  30.402  -13.572  1.005 0.0000000000
68582  30.868  -12.999  0.457 0.0000000000
69643  29.819  -11.117  -0.129 0.0000000000
70569  30.205  -10.291  -1.646 0.0000000000
69654  30.073  -10.934  -0.894 0.0000000000
69642  30.300  -11.592  -0.604 0.0000000000
68593  30.767  -11.968  -1.158 0.0000000000
76216  28.230  -4.605  0.806 0.0000000000
80902  25.730  0.110  -4.745 0.0000000000
79950  26.371  -0.998  -4.184 0.0000000000
79949  26.783  -1.604  -3.457 0.0000000000
79029  27.135  -2.340  -3.177 0.0000000000
78097  27.851  -3.115  -2.591 0.0000000000
78096  28.448  -3.776  -1.764 0.0000000000
77163  28.412  -4.021  -0.786 0.0000000000
76225  28.431  -4.993  -0.701 0.0000000000
114312  28.475  -4.926  -1.512 0.0000000000
114301  28.205  -6.114  -3.016 0.0000000000
114306  28.289  -5.209  -5.521 0.0000000000
114297  28.686  -6.437  -4.094 0.0000000000
74278  28.957  -6.678  -4.171 0.0000000000
74280  29.927  -6.303  -4.342 0.0000000000
58516  23.827  -23.032  8.400 0.0000000000
57449  24.001  -23.751  8.284 0.0000000000
60577  24.757  -20.756  8.051 0.0000000000
60576  25.735  -21.212  7.294 0.0000000000
60560  25.303  -21.696  7.454 0.0000000000
60561  24.976  -21.597  7.802 0.0000000000
57448  24.515  -23.629  7.960 0.0000000000
64552  29.379  -16.252  4.317 0.0000000000
64576  29.202  -16.945  4.246 0.0000000000
62590  29.262  -18.148  4.633 0.0000000000
62589  30.108  -18.003  4.689 0.0000000000
62577  29.798  -18.829  4.867 0.0000000000
62578  28.797  -18.881  4.907 0.0000000000
57459  25.818  -23.348  7.024 0.0000000000
59581  27.587  -21.669  6.389 0.0000000000
60574  27.030  -21.626  7.101 0.0000000000
61589  26.192  -19.832  6.626 0.0000000000
62558  25.728  -18.982  6.606 0.0000000000
63586  28.823  -17.502  4.450 0.0000000000
65558  30.332  -15.477  4.037 0.0000000000
66548  30.366  -15.336  3.767 0.0000000000
66573  28.910  -14.155  4.358 0.0000000000
66604  30.503  -13.983  1.433 0.0000000000
67534  27.788  -14.036  4.806 0.0000000000
68594  31.308  -11.957  -1.526 0.0000000000
68595  30.978  -11.612  -1.673 0.0000000000
69653  30.565  -11.205  -1.372 0.0000000000
69658  32.072  -11.114  -2.065 0.0000000000
70576  30.877  -10.341  -2.280 0.0000000000
70577  30.318  -9.991  -2.286 0.0000000000
71451  30.866  -9.022  -3.441 0.0000000000
71453  30.019  -8.625  -4.072 0.0000000000
72370  29.259  -8.455  -3.434 0.0000000000
72371  30.754  -8.392  -3.757 0.0000000000
72374  30.006  -7.734  -4.424 0.0000000000
72375  29.871  -7.920  -4.371 0.0000000000
73319  28.743  -6.833  -1.238 0.0000000000
73326  28.848  -7.461  -2.031 0.0000000000
73333  28.461  -6.652  -3.516 0.0000000000
74243  29.064  -6.780  0.237 0.0000000000
74259  28.655  -6.981  -2.369 0.0000000000
76220  28.374  -4.745  -0.001 0.0000000000
77158  28.068  -3.197  -0.453 0.0000000000
78088  28.307  -3.451  -1.218 0.0000000000
78120  28.038  -2.107  -6.299 0.0000000000
79030  26.675  -2.293  -3.951 0.0000000000
79042  27.757  -1.421  -6.541 0.0000000000
79927  26.739  -0.425  -0.417 0.0000000000
79934  27.015  -0.393  -1.441 0.0000000000
79954  25.515  -0.502  -5.951 0.0000000000
79959  25.724  -1.093  -5.946 0.0000000000
79960  25.670  -0.759  -6.428 0.0000000000
80871  26.949  -0.049  -0.684 0.0000000000
80880  26.533  0.427  -1.607 0.0000000000
114303  27.979  -4.754  -5.630 0.0000000000
114305  28.671  -5.326  -5.817 0.0000000000
114309  28.406  -4.613  -5.895 0.0000000000
114311  28.788  -4.974  -6.149 0.0000000000
