#!ascii label  , from subject A00073942 vox2ras=TkReg
854
54185  -38.503  -19.661  57.105 0.0000000000
51130  -23.799  -23.138  61.044 0.0000000000
55297  -30.110  -19.009  58.467 0.0000000000
71760  -46.483  -3.102  37.772 0.0000000000
70629  -51.017  -4.538  33.240 0.0000000000
50059  -17.207  -22.739  65.932 0.0000000000
71717  -43.404  -3.011  41.168 0.0000000000
56444  -41.444  -17.227  56.478 0.0000000000
53089  -33.227  -20.371  57.710 0.0000000000
50093  -20.545  -23.485  63.523 0.0000000000
47788  -21.294  -28.791  67.399 0.0000000000
55352  -34.749  -18.504  54.697 0.0000000000
57685  -36.694  -16.585  53.980 0.0000000000
54154  -27.241  -19.344  58.616 0.0000000000
57649  -31.832  -16.782  56.509 0.0000000000
63955  -40.331  -10.211  44.258 0.0000000000
67199  -42.284  -7.446  42.423 0.0000000000
67234  -45.789  -7.712  39.854 0.0000000000
44559  -14.364  -29.149  68.945 0.0000000000
42359  -10.934  -30.498  71.252 0.0000000000
60735  -37.202  -13.908  53.188 0.0000000000
61765  -36.804  -13.189  50.414 0.0000000000
60807  -38.975  -13.721  46.426 0.0000000000
45750  -17.771  -28.853  68.349 0.0000000000
48997  -25.000  -24.985  63.837 0.0000000000
50082  -26.357  -23.085  63.823 0.0000000000
53108  -36.090  -20.581  57.592 0.0000000000
53031  -23.452  -20.135  62.634 0.0000000000
50106  -22.217  -24.027  62.187 0.0000000000
47845  -23.257  -26.203  63.777 0.0000000000
56440  -35.238  -17.449  56.353 0.0000000000
56454  -33.394  -17.799  55.568 0.0000000000
67186  -39.431  -7.325  44.022 0.0000000000
66116  -41.563  -8.370  43.184 0.0000000000
69404  -40.407  -5.848  43.190 0.0000000000
70579  -44.176  -5.454  39.719 0.0000000000
69461  -45.896  -5.740  38.505 0.0000000000
67236  -47.603  -7.897  39.191 0.0000000000
69470  -47.131  -6.058  37.551 0.0000000000
69479  -48.335  -5.529  36.095 0.0000000000
59723  -37.067  -14.507  55.494 0.0000000000
58751  -37.433  -15.358  53.185 0.0000000000
60711  -36.431  -13.804  55.055 0.0000000000
62819  -35.134  -11.804  51.303 0.0000000000
62848  -35.624  -11.654  49.383 0.0000000000
60774  -37.311  -13.934  48.778 0.0000000000
62870  -37.089  -11.136  47.182 0.0000000000
63927  -37.912  -10.234  46.256 0.0000000000
56357  -28.481  -19.635  58.845 0.0000000000
46812  -15.087  -26.596  67.493 0.0000000000
46824  -16.930  -26.964  66.307 0.0000000000
41312  -11.364  -31.651  73.922 0.0000000000
40191  -9.568  -32.866  74.916 0.0000000000
71703  -42.022  -3.240  42.805 0.0000000000
58733  -41.975  -15.213  54.775 0.0000000000
54155  -31.574  -19.359  58.275 0.0000000000
51102  -18.922  -22.751  64.398 0.0000000000
47825  -19.069  -26.482  65.113 0.0000000000
47827  -21.012  -27.430  64.612 0.0000000000
70648  -52.545  -4.852  31.976 0.0000000000
54201  -36.548  -19.902  55.757 0.0000000000
54220  -38.251  -18.824  55.133 0.0000000000
56469  -36.225  -17.345  54.241 0.0000000000
53045  -24.280  -19.750  61.317 0.0000000000
51138  -25.965  -22.234  60.197 0.0000000000
55276  -25.287  -18.150  59.445 0.0000000000
57604  -26.650  -16.680  58.052 0.0000000000
57628  -28.315  -16.105  57.240 0.0000000000
59692  -30.993  -14.634  57.954 0.0000000000
56435  -30.329  -17.158  56.521 0.0000000000
54181  -31.769  -19.410  55.970 0.0000000000
53139  -33.438  -20.030  55.015 0.0000000000
61820  -42.543  -12.835  46.398 0.0000000000
69426  -41.685  -5.514  41.205 0.0000000000
67218  -43.554  -7.505  40.957 0.0000000000
68399  -49.819  -6.338  35.292 0.0000000000
43419  -12.208  -29.889  69.961 0.0000000000
42348  -12.905  -30.749  72.782 0.0000000000
56470  -39.121  -17.672  54.315 0.0000000000
57689  -40.185  -15.806  53.483 0.0000000000
60737  -39.400  -13.650  53.076 0.0000000000
61706  -34.922  -12.413  53.626 0.0000000000
61735  -37.377  -13.281  52.255 0.0000000000
61737  -39.534  -12.548  52.882 0.0000000000
61767  -39.074  -12.807  50.755 0.0000000000
60777  -40.342  -13.749  49.193 0.0000000000
61803  -41.548  -13.703  48.009 0.0000000000
61829  -39.638  -12.656  45.615 0.0000000000
66085  -38.705  -8.287  45.234 0.0000000000
53033  -27.933  -21.152  62.721 0.0000000000
46801  -13.962  -26.614  68.397 0.0000000000
45738  -16.362  -29.104  69.016 0.0000000000
45762  -19.630  -28.768  68.075 0.0000000000
39161  -7.953  -33.336  74.740 0.0000000000
50108  -24.805  -24.320  62.269 0.0000000000
50080  -25.557  -24.181  64.328 0.0000000000
50109  -25.449  -23.804  62.335 0.0000000000
53128  -37.607  -20.282  57.260 0.0000000000
52097  -23.583  -21.775  61.108 0.0000000000
52089  -22.635  -22.065  61.997 0.0000000000
50119  -23.458  -23.947  61.533 0.0000000000
49019  -23.825  -25.270  62.637 0.0000000000
68280  -39.789  -5.944  44.516 0.0000000000
68289  -40.017  -6.543  43.520 0.0000000000
69403  -40.194  -5.390  43.872 0.0000000000
71747  -45.857  -2.804  38.837 0.0000000000
71746  -45.239  -4.033  39.082 0.0000000000
71759  -45.885  -3.996  38.227 0.0000000000
69462  -46.441  -5.832  38.036 0.0000000000
70593  -46.627  -4.672  37.553 0.0000000000
70602  -47.341  -4.364  36.601 0.0000000000
60712  -36.856  -13.833  55.832 0.0000000000
63873  -35.679  -10.319  50.570 0.0000000000
62856  -36.032  -11.553  48.461 0.0000000000
63893  -37.367  -9.766  47.871 0.0000000000
56379  -29.434  -19.152  58.666 0.0000000000
56340  -29.462  -20.546  60.292 0.0000000000
55261  -30.455  -20.120  60.551 0.0000000000
48953  -15.833  -24.328  66.639 0.0000000000
48954  -16.560  -24.635  65.804 0.0000000000
69510  -50.644  -5.822  33.248 0.0000000000
40203  -10.314  -32.279  73.928 0.0000000000
56426  -41.571  -17.515  57.517 0.0000000000
57664  -41.445  -16.421  55.181 0.0000000000
54156  -32.336  -19.866  57.932 0.0000000000
53074  -33.648  -20.333  59.182 0.0000000000
52079  -21.039  -22.400  63.189 0.0000000000
52064  -20.100  -22.067  63.988 0.0000000000
52051  -19.144  -21.572  64.763 0.0000000000
50078  -20.195  -24.006  63.791 0.0000000000
48992  -19.548  -24.742  64.276 0.0000000000
50079  -20.848  -24.748  63.745 0.0000000000
47830  -24.209  -26.305  65.000 0.0000000000
47829  -23.262  -26.825  64.932 0.0000000000
54217  -35.086  -19.235  54.609 0.0000000000
54218  -36.120  -19.253  54.652 0.0000000000
56468  -35.344  -17.651  54.643 0.0000000000
55244  -24.774  -18.167  61.137 0.0000000000
54121  -24.734  -19.119  60.565 0.0000000000
56337  -24.885  -17.366  60.793 0.0000000000
58657  -26.042  -15.471  59.285 0.0000000000
59688  -27.542  -14.380  58.811 0.0000000000
57627  -27.831  -16.080  57.409 0.0000000000
58686  -28.223  -14.650  57.744 0.0000000000
57608  -32.441  -16.154  58.453 0.0000000000
58706  -31.619  -15.594  57.470 0.0000000000
58720  -30.405  -15.589  56.452 0.0000000000
57648  -31.127  -16.153  56.318 0.0000000000
56436  -31.285  -17.362  56.313 0.0000000000
56437  -32.041  -17.265  56.040 0.0000000000
55337  -33.660  -18.332  55.040 0.0000000000
55336  -32.769  -18.558  55.003 0.0000000000
54216  -34.250  -19.240  54.683 0.0000000000
53141  -34.670  -20.285  55.526 0.0000000000
63943  -41.249  -11.311  44.761 0.0000000000
61833  -43.461  -11.794  45.567 0.0000000000
62925  -42.197  -11.010  44.633 0.0000000000
67189  -41.968  -7.892  42.847 0.0000000000
66104  -42.838  -9.042  43.576 0.0000000000
71704  -42.811  -2.624  42.399 0.0000000000
71715  -41.470  -3.755  42.235 0.0000000000
71731  -42.541  -4.264  40.682 0.0000000000
68325  -44.742  -6.944  39.964 0.0000000000
68324  -43.815  -6.885  40.362 0.0000000000
67219  -44.448  -7.616  40.783 0.0000000000
67202  -44.811  -7.874  42.231 0.0000000000
69480  -49.013  -6.155  36.006 0.0000000000
70617  -48.906  -4.666  35.277 0.0000000000
69498  -49.738  -5.703  34.679 0.0000000000
45736  -13.195  -27.331  68.942 0.0000000000
45734  -11.870  -27.594  69.739 0.0000000000
43425  -12.924  -29.570  69.308 0.0000000000
43409  -13.492  -30.445  71.928 0.0000000000
42325  -13.024  -30.631  74.585 0.0000000000
55367  -37.581  -17.882  53.869 0.0000000000
55356  -38.967  -18.184  54.736 0.0000000000
56485  -37.931  -17.271  53.530 0.0000000000
59755  -37.617  -14.902  52.874 0.0000000000
57699  -38.737  -15.999  52.926 0.0000000000
59745  -38.940  -14.626  52.712 0.0000000000
58753  -40.177  -15.223  53.420 0.0000000000
60736  -38.419  -13.805  52.808 0.0000000000
63818  -34.941  -10.905  53.684 0.0000000000
61748  -36.051  -12.929  51.098 0.0000000000
61734  -35.975  -13.220  52.157 0.0000000000
61749  -37.012  -12.946  51.358 0.0000000000
61736  -38.607  -12.794  52.428 0.0000000000
61750  -38.222  -12.715  51.576 0.0000000000
61751  -39.682  -12.408  51.965 0.0000000000
61766  -37.857  -12.961  50.560 0.0000000000
60785  -38.117  -14.181  47.996 0.0000000000
60776  -39.398  -13.930  49.111 0.0000000000
60786  -39.128  -14.424  48.239 0.0000000000
60788  -40.832  -13.772  48.562 0.0000000000
60808  -39.882  -14.034  46.778 0.0000000000
61819  -41.150  -13.669  46.598 0.0000000000
61817  -38.913  -12.832  45.909 0.0000000000
64992  -38.253  -9.064  46.720 0.0000000000
65004  -38.111  -9.397  45.792 0.0000000000
66071  -39.022  -7.589  46.472 0.0000000000
53071  -26.407  -20.693  59.089 0.0000000000
52099  -27.085  -21.554  61.261 0.0000000000
53058  -27.481  -21.019  60.785 0.0000000000
45758  -15.923  -27.766  67.414 0.0000000000
45749  -16.631  -28.730  68.165 0.0000000000
47807  -20.142  -27.961  65.796 0.0000000000
46826  -19.104  -27.845  66.515 0.0000000000
46816  -20.636  -28.712  67.503 0.0000000000
47831  -24.926  -25.572  65.092 0.0000000000
50068  -25.519  -24.195  65.313 0.0000000000
51105  -26.283  -23.061  64.945 0.0000000000
52056  -27.137  -22.219  64.799 0.0000000000
53107  -35.097  -20.501  57.367 0.0000000000
53075  -34.929  -20.491  59.392 0.0000000000
52081  -22.356  -20.602  63.115 0.0000000000
52080  -21.590  -21.981  62.854 0.0000000000
50095  -21.684  -24.047  62.702 0.0000000000
48994  -21.550  -25.408  63.512 0.0000000000
49018  -22.514  -25.170  62.695 0.0000000000
47846  -24.468  -25.851  63.906 0.0000000000
56456  -35.297  -17.423  55.435 0.0000000000
56401  -33.392  -16.957  58.368 0.0000000000
56438  -33.046  -17.207  56.442 0.0000000000
56439  -34.232  -17.434  56.423 0.0000000000
65018  -40.048  -9.267  44.149 0.0000000000
65019  -40.973  -9.716  43.827 0.0000000000
66115  -40.676  -8.342  43.382 0.0000000000
67188  -40.791  -7.542  42.906 0.0000000000
67198  -41.432  -7.175  42.578 0.0000000000
71732  -43.156  -4.037  40.511 0.0000000000
71745  -44.680  -4.518  39.483 0.0000000000
69451  -45.033  -5.896  39.347 0.0000000000
68339  -45.592  -6.864  39.219 0.0000000000
67235  -46.522  -7.780  39.588 0.0000000000
68340  -46.641  -7.296  38.817 0.0000000000
68353  -47.568  -7.219  37.961 0.0000000000
67257  -48.506  -7.355  37.748 0.0000000000
69471  -47.627  -5.834  36.891 0.0000000000
44549  -15.656  -29.501  70.222 0.0000000000
43421  -14.456  -29.755  70.252 0.0000000000
44530  -15.428  -29.840  72.336 0.0000000000
58731  -37.085  -15.015  55.274 0.0000000000
57686  -37.275  -16.272  53.371 0.0000000000
59733  -36.993  -14.570  54.762 0.0000000000
60723  -36.860  -14.128  54.445 0.0000000000
60722  -36.243  -13.779  54.326 0.0000000000
63844  -35.364  -10.143  52.276 0.0000000000
63858  -35.528  -10.224  51.445 0.0000000000
62838  -35.303  -11.773  50.520 0.0000000000
61764  -35.960  -12.923  50.186 0.0000000000
61780  -37.572  -13.593  49.708 0.0000000000
61778  -35.805  -12.626  49.224 0.0000000000
60783  -36.559  -13.097  47.813 0.0000000000
61802  -37.396  -12.718  46.856 0.0000000000
61816  -37.964  -12.494  46.311 0.0000000000
63910  -37.605  -10.373  46.877 0.0000000000
55278  -27.984  -19.147  58.607 0.0000000000
54123  -28.253  -20.314  60.151 0.0000000000
56339  -28.780  -20.412  59.835 0.0000000000
46813  -16.005  -26.776  66.839 0.0000000000
45767  -17.666  -27.817  66.627 0.0000000000
41341  -10.816  -31.392  72.057 0.0000000000
42345  -9.723  -30.214  71.902 0.0000000000
41327  -10.305  -31.793  72.853 0.0000000000
40211  -9.209  -32.329  73.440 0.0000000000
41325  -8.616  -31.689  73.400 0.0000000000
59725  -42.121  -14.420  54.694 0.0000000000
55298  -30.822  -18.918  58.451 0.0000000000
55280  -30.682  -19.269  59.334 0.0000000000
51083  -18.397  -21.440  65.939 0.0000000000
50067  -17.753  -23.557  65.006 0.0000000000
48972  -17.495  -24.843  65.242 0.0000000000
48973  -18.594  -24.969  64.638 0.0000000000
47826  -19.964  -27.341  65.152 0.0000000000
47808  -20.870  -28.319  66.055 0.0000000000
47843  -21.523  -26.516  64.112 0.0000000000
47809  -22.212  -28.356  65.651 0.0000000000
47771  -23.395  -28.121  68.163 0.0000000000
70638  -51.407  -5.032  32.694 0.0000000000
54184  -37.352  -20.076  56.434 0.0000000000
54202  -37.850  -19.564  55.772 0.0000000000
54219  -37.241  -19.126  54.884 0.0000000000
55354  -36.803  -18.312  54.168 0.0000000000
56457  -35.940  -16.898  55.101 0.0000000000
57672  -36.444  -16.369  54.737 0.0000000000
57673  -36.771  -15.755  54.391 0.0000000000
58732  -37.160  -14.885  55.976 0.0000000000
51136  -24.368  -22.591  60.588 0.0000000000
51137  -25.225  -22.469  60.348 0.0000000000
53057  -24.748  -20.402  60.063 0.0000000000
53070  -25.614  -20.488  59.288 0.0000000000
54152  -25.920  -19.046  58.696 0.0000000000
57575  -25.425  -16.333  59.747 0.0000000000
56376  -25.848  -17.120  58.854 0.0000000000
55295  -27.164  -18.670  58.308 0.0000000000
55296  -27.762  -18.393  58.200 0.0000000000
57606  -28.135  -16.918  57.491 0.0000000000
56419  -29.092  -17.218  57.204 0.0000000000
59690  -29.340  -13.851  58.226 0.0000000000
59702  -29.483  -14.424  57.472 0.0000000000
56434  -29.573  -16.674  56.682 0.0000000000
56420  -29.684  -17.482  57.099 0.0000000000
55313  -31.030  -18.655  57.368 0.0000000000
54168  -31.559  -19.396  57.047 0.0000000000
54169  -32.347  -20.000  56.774 0.0000000000
56453  -32.401  -17.776  55.514 0.0000000000
54182  -32.510  -19.979  55.715 0.0000000000
53105  -33.165  -20.430  56.412 0.0000000000
53125  -34.827  -20.478  56.378 0.0000000000
53143  -36.096  -20.264  56.249 0.0000000000
53044  -23.734  -20.510  61.727 0.0000000000
65020  -42.135  -9.700  43.868 0.0000000000
70545  -40.774  -4.404  42.598 0.0000000000
69425  -41.060  -5.424  41.812 0.0000000000
68299  -42.126  -6.967  41.955 0.0000000000
70568  -42.814  -4.909  40.299 0.0000000000
68323  -42.859  -6.821  40.551 0.0000000000
67206  -42.618  -7.397  41.844 0.0000000000
67201  -44.250  -7.792  42.440 0.0000000000
68400  -50.439  -6.632  34.717 0.0000000000
69499  -50.239  -5.787  33.955 0.0000000000
70625  -50.466  -4.413  33.751 0.0000000000
44546  -11.108  -28.426  70.270 0.0000000000
42371  -11.198  -29.970  70.770 0.0000000000
43420  -13.519  -30.208  70.365 0.0000000000
42373  -12.664  -30.628  70.962 0.0000000000
42360  -12.011  -30.977  71.418 0.0000000000
42335  -12.438  -31.086  73.444 0.0000000000
54203  -38.849  -18.852  55.945 0.0000000000
55340  -39.737  -18.154  55.725 0.0000000000
56458  -39.965  -17.764  55.122 0.0000000000
57687  -38.403  -16.618  53.184 0.0000000000
57674  -39.861  -16.900  53.933 0.0000000000
57663  -40.756  -16.849  54.868 0.0000000000
57676  -41.252  -15.729  54.419 0.0000000000
59734  -40.733  -14.432  53.879 0.0000000000
60724  -40.674  -13.730  54.010 0.0000000000
61707  -35.354  -13.182  54.216 0.0000000000
60734  -36.015  -13.710  53.412 0.0000000000
62783  -34.833  -11.723  53.092 0.0000000000
60747  -35.882  -13.536  52.839 0.0000000000
60748  -36.463  -13.626  52.727 0.0000000000
61720  -38.139  -13.403  52.640 0.0000000000
61722  -39.859  -12.851  53.468 0.0000000000
61781  -38.668  -13.454  49.842 0.0000000000
61782  -39.803  -13.414  49.984 0.0000000000
61804  -42.424  -13.190  47.540 0.0000000000
61830  -40.508  -12.777  45.547 0.0000000000
63942  -40.508  -11.095  44.650 0.0000000000
62888  -38.510  -11.568  45.662 0.0000000000
62905  -38.986  -11.051  45.212 0.0000000000
65017  -39.239  -9.277  44.596 0.0000000000
67174  -39.130  -7.448  44.648 0.0000000000
68268  -39.294  -6.472  45.087 0.0000000000
51132  -26.022  -22.742  60.971 0.0000000000
52083  -26.838  -22.253  62.793 0.0000000000
54094  -28.552  -20.763  61.944 0.0000000000
45746  -13.723  -27.374  68.617 0.0000000000
46811  -14.352  -25.958  68.051 0.0000000000
46802  -14.586  -27.030  67.997 0.0000000000
44560  -15.271  -29.206  69.075 0.0000000000
44561  -16.042  -29.316  69.631 0.0000000000
47824  -18.104  -26.134  65.203 0.0000000000
45768  -18.487  -27.996  66.827 0.0000000000
45751  -18.726  -28.935  68.471 0.0000000000
40182  -8.928  -33.422  76.229 0.0000000000
39162  -8.454  -33.291  74.922 0.0000000000
41310  -8.044  -31.622  73.739 0.0000000000
50120  -24.297  -24.024  61.592 0.0000000000
50121  -24.932  -23.920  61.840 0.0000000000
53129  -38.108  -20.097  57.629 0.0000000000
52096  -23.205  -22.530  61.324 0.0000000000
49054  -23.727  -24.309  61.765 0.0000000000
69395  -40.470  -5.271  44.978 0.0000000000
70521  -40.519  -4.489  44.356 0.0000000000
70594  -46.900  -3.597  37.151 0.0000000000
63892  -36.517  -10.220  48.642 0.0000000000
55279  -30.311  -19.747  59.459 0.0000000000
50058  -16.456  -23.276  66.477 0.0000000000
50066  -17.030  -23.788  65.613 0.0000000000
70637  -50.872  -5.238  33.006 0.0000000000
68428  -50.984  -6.412  33.011 0.0000000000
69524  -51.132  -5.794  32.661 0.0000000000
57654  -41.634  -16.760  55.890 0.0000000000
56460  -41.302  -16.973  55.733 0.0000000000
53073  -32.906  -20.168  58.537 0.0000000000
51116  -20.674  -22.877  63.344 0.0000000000
52065  -20.642  -21.769  63.759 0.0000000000
51104  -20.286  -22.472  63.734 0.0000000000
51103  -19.726  -22.662  64.014 0.0000000000
51115  -20.260  -23.086  63.633 0.0000000000
55353  -35.705  -18.405  54.436 0.0000000000
59672  -28.041  -13.770  59.365 0.0000000000
58685  -27.484  -15.185  57.793 0.0000000000
59689  -28.288  -14.140  58.374 0.0000000000
57609  -32.762  -16.672  57.955 0.0000000000
57631  -31.880  -16.128  57.244 0.0000000000
57630  -31.470  -15.890  56.760 0.0000000000
55338  -34.269  -18.248  54.952 0.0000000000
55351  -33.962  -18.762  54.792 0.0000000000
62908  -41.994  -11.546  44.919 0.0000000000
63956  -41.522  -10.669  44.409 0.0000000000
66118  -43.099  -8.582  43.405 0.0000000000
67200  -43.304  -7.854  42.475 0.0000000000
71705  -43.748  -2.135  42.165 0.0000000000
71716  -42.245  -3.606  41.385 0.0000000000
68326  -45.348  -7.380  39.857 0.0000000000
67220  -45.375  -7.843  40.532 0.0000000000
67210  -46.094  -8.263  41.474 0.0000000000
44568  -13.553  -27.835  68.815 0.0000000000
44558  -13.277  -28.472  68.993 0.0000000000
43426  -13.910  -29.689  69.324 0.0000000000
56484  -37.071  -17.302  53.773 0.0000000000
59744  -37.886  -14.429  52.772 0.0000000000
59756  -38.215  -14.972  52.654 0.0000000000
60794  -37.985  -13.528  46.994 0.0000000000
60795  -38.972  -14.262  47.261 0.0000000000
60796  -39.879  -14.351  47.544 0.0000000000
54138  -27.249  -20.082  58.994 0.0000000000
53072  -27.085  -20.970  59.757 0.0000000000
54122  -27.849  -20.442  60.235 0.0000000000
45759  -16.928  -28.085  67.124 0.0000000000
45739  -17.603  -29.357  69.675 0.0000000000
46828  -20.679  -28.509  66.844 0.0000000000
46827  -20.044  -28.180  66.431 0.0000000000
43407  -10.035  -29.400  71.299 0.0000000000
55316  -41.051  -17.998  57.598 0.0000000000
47847  -25.058  -25.363  64.438 0.0000000000
50060  -25.406  -24.470  65.661 0.0000000000
48976  -25.297  -24.814  64.983 0.0000000000
50097  -25.729  -23.795  63.370 0.0000000000
50081  -26.097  -23.417  64.216 0.0000000000
51095  -26.704  -22.680  65.259 0.0000000000
51106  -26.620  -22.792  64.338 0.0000000000
53091  -35.517  -20.564  58.440 0.0000000000
53021  -23.572  -19.550  63.081 0.0000000000
52082  -23.041  -20.350  62.852 0.0000000000
51123  -22.400  -23.134  61.999 0.0000000000
52088  -22.114  -22.570  62.312 0.0000000000
51122  -21.893  -23.131  62.515 0.0000000000
48996  -24.495  -25.404  63.224 0.0000000000
47863  -24.119  -25.651  63.190 0.0000000000
56421  -33.312  -16.992  57.614 0.0000000000
56423  -35.158  -17.553  57.378 0.0000000000
56455  -34.378  -17.784  55.502 0.0000000000
67175  -39.550  -7.849  44.096 0.0000000000
66103  -40.016  -8.419  43.864 0.0000000000
67187  -39.896  -7.597  43.532 0.0000000000
68290  -40.731  -6.528  42.749 0.0000000000
71733  -44.269  -3.786  40.081 0.0000000000
71734  -45.108  -2.743  39.942 0.0000000000
70591  -45.623  -5.017  38.803 0.0000000000
70581  -45.144  -5.073  39.245 0.0000000000
69460  -45.506  -5.808  38.960 0.0000000000
68350  -45.782  -6.242  38.768 0.0000000000
68351  -46.200  -6.503  38.526 0.0000000000
68352  -46.961  -6.871  38.157 0.0000000000
68360  -47.355  -6.804  37.737 0.0000000000
68361  -47.874  -6.944  37.437 0.0000000000
58740  -37.031  -15.186  54.014 0.0000000000
63883  -35.852  -10.623  49.541 0.0000000000
63872  -35.478  -11.119  50.200 0.0000000000
62847  -35.458  -11.725  49.912 0.0000000000
61763  -35.537  -12.318  50.044 0.0000000000
61777  -35.544  -12.111  49.628 0.0000000000
62869  -36.565  -11.626  47.669 0.0000000000
61800  -36.428  -12.339  47.789 0.0000000000
60793  -37.063  -13.085  47.321 0.0000000000
61801  -36.823  -12.262  47.197 0.0000000000
61815  -37.273  -11.991  46.667 0.0000000000
63911  -38.197  -9.388  47.254 0.0000000000
56377  -28.215  -18.746  58.376 0.0000000000
55260  -28.245  -20.083  59.413 0.0000000000
56341  -30.077  -20.336  60.796 0.0000000000
47805  -16.192  -25.700  66.237 0.0000000000
41328  -11.123  -31.676  73.022 0.0000000000
41311  -10.699  -31.883  73.613 0.0000000000
40192  -10.240  -32.492  74.736 0.0000000000
40212  -9.886  -32.212  73.359 0.0000000000
40202  -9.677  -32.616  74.060 0.0000000000
40201  -8.667  -32.822  74.156 0.0000000000
57665  -42.337  -15.732  55.410 0.0000000000
58734  -42.604  -15.191  55.257 0.0000000000
54139  -31.376  -19.454  59.550 0.0000000000
51092  -18.606  -21.914  64.923 0.0000000000
51091  -17.896  -22.313  65.455 0.0000000000
51101  -18.270  -22.791  64.758 0.0000000000
48991  -19.034  -24.233  64.417 0.0000000000
48975  -20.194  -26.708  64.400 0.0000000000
48974  -19.579  -26.026  64.469 0.0000000000
48995  -22.364  -25.853  63.444 0.0000000000
47844  -22.354  -26.423  64.003 0.0000000000
46829  -23.520  -26.775  66.886 0.0000000000
47810  -23.114  -27.350  66.108 0.0000000000
47790  -23.074  -28.173  66.814 0.0000000000
56441  -36.292  -17.063  56.198 0.0000000000
57651  -36.877  -16.595  56.204 0.0000000000
57652  -37.186  -16.023  56.478 0.0000000000
57662  -36.913  -15.759  55.422 0.0000000000
53056  -24.125  -20.839  60.833 0.0000000000
52102  -24.543  -21.646  60.322 0.0000000000
55258  -24.943  -18.234  60.164 0.0000000000
54136  -25.240  -19.229  59.361 0.0000000000
54137  -26.112  -19.850  58.765 0.0000000000
55293  -25.657  -18.401  58.905 0.0000000000
58669  -26.550  -15.717  58.364 0.0000000000
57590  -25.973  -16.516  58.785 0.0000000000
56396  -26.276  -17.570  58.445 0.0000000000
56397  -27.186  -17.672  57.896 0.0000000000
56399  -28.773  -17.801  57.900 0.0000000000
57607  -28.579  -16.864  57.268 0.0000000000
58671  -31.608  -14.942  58.490 0.0000000000
58659  -31.852  -14.665  59.428 0.0000000000
59675  -31.053  -14.257  58.823 0.0000000000
59674  -30.201  -13.604  58.982 0.0000000000
59691  -30.279  -14.156  58.115 0.0000000000
59703  -30.376  -14.636  57.342 0.0000000000
57647  -30.132  -16.163  56.345 0.0000000000
58719  -29.948  -15.682  56.466 0.0000000000
55312  -30.222  -18.222  57.440 0.0000000000
55325  -31.224  -18.485  56.238 0.0000000000
54197  -33.018  -19.581  54.915 0.0000000000
54196  -32.281  -19.272  55.286 0.0000000000
53123  -33.257  -20.276  55.456 0.0000000000
53124  -33.957  -20.529  55.949 0.0000000000
54200  -35.386  -19.835  55.175 0.0000000000
53142  -35.531  -20.279  55.910 0.0000000000
54183  -36.841  -20.128  56.290 0.0000000000
54092  -24.215  -18.850  62.256 0.0000000000
62909  -43.006  -11.272  45.041 0.0000000000
65031  -41.338  -9.039  43.472 0.0000000000
71687  -41.630  -3.271  43.979 0.0000000000
70531  -40.853  -3.718  43.754 0.0000000000
71702  -41.269  -3.542  43.131 0.0000000000
70557  -41.448  -4.504  41.583 0.0000000000
68307  -41.500  -6.039  41.558 0.0000000000
70569  -43.765  -4.924  39.848 0.0000000000
67217  -42.807  -7.359  41.200 0.0000000000
67207  -43.427  -7.734  41.736 0.0000000000
67208  -44.260  -7.819  41.622 0.0000000000
68301  -45.574  -7.723  42.663 0.0000000000
68371  -49.101  -6.725  36.611 0.0000000000
68382  -49.559  -6.560  35.928 0.0000000000
68383  -50.397  -6.931  35.762 0.0000000000
71799  -49.585  -4.290  34.503 0.0000000000
70624  -49.865  -4.846  34.102 0.0000000000
70628  -50.433  -5.089  33.477 0.0000000000
44557  -12.056  -28.569  69.509 0.0000000000
44556  -11.567  -27.944  69.890 0.0000000000
44547  -11.564  -29.174  69.832 0.0000000000
43418  -11.350  -29.597  70.304 0.0000000000
43410  -14.416  -29.943  71.446 0.0000000000
43396  -13.611  -30.543  73.221 0.0000000000
42361  -12.679  -30.780  71.910 0.0000000000
42347  -12.205  -31.183  72.433 0.0000000000
42312  -12.517  -30.934  75.441 0.0000000000
55369  -38.827  -17.745  54.240 0.0000000000
55357  -39.626  -17.925  54.985 0.0000000000
56471  -39.791  -17.433  54.463 0.0000000000
57698  -37.943  -15.934  52.821 0.0000000000
57700  -39.196  -15.839  53.030 0.0000000000
57688  -39.486  -16.443  53.407 0.0000000000
57675  -40.506  -16.489  54.186 0.0000000000
59746  -40.103  -14.443  53.348 0.0000000000
60738  -40.069  -13.503  53.567 0.0000000000
62767  -35.167  -11.663  54.735 0.0000000000
63843  -35.201  -10.988  51.810 0.0000000000
63831  -35.059  -10.916  52.697 0.0000000000
62800  -35.021  -11.787  52.184 0.0000000000
61721  -38.917  -13.057  53.009 0.0000000000
62784  -40.216  -12.587  53.587 0.0000000000
61792  -41.459  -13.474  49.006 0.0000000000
61793  -42.318  -13.170  48.692 0.0000000000
62907  -40.950  -11.897  45.046 0.0000000000
62906  -39.705  -11.742  45.228 0.0000000000
62887  -37.681  -11.212  46.443 0.0000000000
66084  -38.299  -8.873  45.510 0.0000000000
63940  -38.487  -10.374  45.394 0.0000000000
65005  -38.546  -9.439  45.085 0.0000000000
63941  -39.356  -10.428  44.711 0.0000000000
67158  -39.045  -7.144  45.724 0.0000000000
52092  -27.246  -21.594  62.271 0.0000000000
52084  -27.448  -21.653  63.296 0.0000000000
53022  -28.028  -21.296  63.750 0.0000000000
55233  -28.964  -20.677  61.575 0.0000000000
54109  -28.395  -20.546  60.976 0.0000000000
55217  -29.001  -20.884  62.320 0.0000000000
55262  -30.987  -19.525  60.410 0.0000000000
46800  -13.463  -26.598  68.856 0.0000000000
47786  -14.804  -24.899  68.080 0.0000000000
45748  -15.341  -28.308  68.103 0.0000000000
44570  -14.622  -28.567  68.482 0.0000000000
45737  -15.775  -29.062  68.890 0.0000000000
46814  -19.253  -28.239  67.150 0.0000000000
45769  -18.984  -28.133  67.007 0.0000000000
45761  -19.072  -28.431  67.649 0.0000000000
70639  -52.110  -4.687  32.471 0.0000000000
39151  -8.321  -33.595  75.490 0.0000000000
40200  -7.660  -32.570  74.065 0.0000000000
49020  -24.618  -24.877  62.838 0.0000000000
50096  -25.204  -24.339  63.164 0.0000000000
50110  -25.880  -23.556  62.809 0.0000000000
53109  -37.049  -20.586  57.816 0.0000000000
52090  -23.098  -20.875  62.180 0.0000000000
51129  -22.961  -23.137  61.464 0.0000000000
50107  -22.766  -23.930  61.742 0.0000000000
49036  -22.671  -24.460  62.113 0.0000000000
49037  -23.297  -24.556  61.982 0.0000000000
49038  -24.124  -24.656  62.094 0.0000000000
56404  -36.007  -18.071  58.066 0.0000000000
68279  -39.405  -6.736  44.212 0.0000000000
68288  -39.571  -7.018  43.742 0.0000000000
69412  -40.393  -5.266  43.195 0.0000000000
71758  -45.693  -4.511  38.578 0.0000000000
70592  -46.024  -4.972  38.267 0.0000000000
70601  -47.170  -5.258  37.152 0.0000000000
61698  -36.512  -13.061  56.053 0.0000000000
62857  -36.645  -10.825  47.899 0.0000000000
56378  -28.677  -18.835  58.462 0.0000000000
56358  -29.093  -19.959  59.200 0.0000000000
56359  -29.869  -20.289  59.725 0.0000000000
47806  -17.113  -25.969  65.614 0.0000000000
68416  -50.718  -6.551  33.714 0.0000000000
41298  -11.672  -31.585  75.027 0.0000000000
41297  -10.797  -31.939  74.489 0.0000000000
40184  -10.077  -32.602  75.423 0.0000000000
57655  -42.300  -16.331  56.189 0.0000000000
54140  -32.532  -19.882  59.324 0.0000000000
53059  -33.668  -20.216  60.017 0.0000000000
52066  -21.293  -20.647  63.901 0.0000000000
52053  -20.447  -20.501  64.779 0.0000000000
52052  -19.753  -21.471  64.542 0.0000000000
50077  -19.337  -23.657  64.216 0.0000000000
48993  -20.534  -25.693  64.084 0.0000000000
47811  -23.925  -26.502  66.321 0.0000000000
54107  -24.582  -18.820  61.485 0.0000000000
56355  -25.162  -17.319  59.858 0.0000000000
58658  -26.453  -14.660  59.903 0.0000000000
58670  -26.821  -14.855  58.929 0.0000000000
58684  -26.956  -16.017  57.827 0.0000000000
58701  -28.039  -15.602  57.393 0.0000000000
58702  -28.561  -15.143  57.269 0.0000000000
58672  -32.190  -15.480  58.973 0.0000000000
58688  -31.858  -15.597  58.065 0.0000000000
58687  -31.438  -15.162  57.685 0.0000000000
59704  -31.009  -14.917  57.290 0.0000000000
58705  -31.309  -15.499  56.935 0.0000000000
55324  -30.815  -17.919  56.767 0.0000000000
56452  -31.636  -17.834  55.724 0.0000000000
54215  -33.635  -19.260  54.702 0.0000000000
54198  -33.758  -19.737  54.828 0.0000000000
54199  -34.486  -19.805  54.940 0.0000000000
61831  -41.683  -12.592  45.563 0.0000000000
61832  -42.744  -12.161  45.510 0.0000000000
62926  -42.490  -11.121  44.780 0.0000000000
65032  -42.088  -8.945  43.402 0.0000000000
66117  -42.491  -8.494  43.218 0.0000000000
70558  -42.084  -4.712  40.833 0.0000000000
69450  -44.479  -5.998  39.677 0.0000000000
69449  -43.957  -5.719  39.853 0.0000000000
69442  -44.065  -6.296  39.998 0.0000000000
67209  -45.175  -8.022  41.638 0.0000000000
68309  -45.893  -8.099  42.135 0.0000000000
69487  -48.678  -5.129  35.574 0.0000000000
69488  -49.152  -5.630  35.454 0.0000000000
70623  -49.323  -4.800  34.783 0.0000000000
45735  -12.472  -27.372  69.376 0.0000000000
42336  -13.003  -30.721  73.743 0.0000000000
55355  -37.862  -18.421  54.393 0.0000000000
55368  -38.345  -17.824  54.065 0.0000000000
56486  -38.939  -17.297  53.839 0.0000000000
58762  -37.850  -15.356  52.748 0.0000000000
58763  -38.387  -15.491  52.730 0.0000000000
58764  -38.928  -15.431  52.801 0.0000000000
58752  -39.597  -15.412  53.113 0.0000000000
62766  -34.895  -11.678  53.807 0.0000000000
61733  -35.324  -12.547  51.662 0.0000000000
60775  -38.349  -14.083  48.988 0.0000000000
60787  -40.061  -14.135  48.395 0.0000000000
60778  -40.908  -13.589  49.150 0.0000000000
60797  -40.650  -13.989  47.682 0.0000000000
60809  -40.403  -14.099  47.118 0.0000000000
61818  -39.844  -13.471  45.961 0.0000000000
66070  -38.339  -8.492  46.119 0.0000000000
52114  -26.356  -21.305  59.505 0.0000000000
52098  -26.541  -22.049  60.699 0.0000000000
52105  -26.898  -21.468  60.363 0.0000000000
53046  -27.683  -21.106  61.755 0.0000000000
46835  -19.455  -27.449  65.732 0.0000000000
46834  -18.745  -27.020  65.665 0.0000000000
46815  -19.812  -28.580  67.508 0.0000000000
55328  -41.173  -17.698  57.061 0.0000000000
56443  -40.811  -17.643  56.112 0.0000000000
48934  -25.133  -25.507  66.703 0.0000000000
48955  -25.245  -24.931  66.095 0.0000000000
50061  -25.565  -23.996  66.204 0.0000000000
50069  -25.883  -23.567  65.273 0.0000000000
53090  -34.406  -20.516  58.176 0.0000000000
51117  -21.276  -23.066  62.914 0.0000000000
50094  -21.041  -24.030  63.319 0.0000000000
49017  -21.643  -24.687  63.023 0.0000000000
47862  -23.608  -25.746  63.174 0.0000000000
47812  -24.730  -25.844  66.095 0.0000000000
56467  -34.748  -17.871  54.966 0.0000000000
57632  -32.507  -16.806  57.012 0.0000000000
65030  -40.594  -8.978  43.683 0.0000000000
70570  -44.287  -4.581  39.677 0.0000000000
70580  -44.511  -5.199  39.551 0.0000000000
68338  -44.965  -6.427  39.552 0.0000000000
68341  -47.154  -7.438  38.613 0.0000000000
67247  -47.488  -7.487  38.408 0.0000000000
68370  -48.310  -6.501  36.829 0.0000000000
70609  -47.969  -4.294  35.855 0.0000000000
44548  -14.936  -29.446  69.849 0.0000000000
43427  -14.502  -29.549  69.567 0.0000000000
44540  -15.167  -29.652  70.911 0.0000000000
59743  -37.212  -14.609  53.539 0.0000000000
63857  -35.278  -11.025  50.958 0.0000000000
61747  -35.499  -12.430  50.798 0.0000000000
61779  -36.539  -13.500  49.519 0.0000000000
60773  -36.417  -13.473  48.540 0.0000000000
61791  -36.150  -12.663  48.311 0.0000000000
60784  -37.121  -13.785  47.819 0.0000000000
60806  -38.444  -13.208  46.356 0.0000000000
63926  -37.742  -10.621  46.521 0.0000000000
64981  -38.453  -9.160  47.083 0.0000000000
64993  -38.856  -8.242  47.049 0.0000000000
55277  -27.741  -19.534  58.829 0.0000000000
55259  -27.962  -20.095  59.513 0.0000000000
55245  -28.559  -20.535  60.501 0.0000000000
56321  -29.193  -20.596  60.899 0.0000000000
47787  -15.398  -25.360  67.042 0.0000000000
47770  -22.264  -28.808  68.459 0.0000000000
41351  -10.354  -30.797  71.685 0.0000000000
42358  -10.095  -30.244  71.514 0.0000000000
41340  -9.860  -31.024  72.122 0.0000000000
41339  -9.340  -30.863  72.479 0.0000000000
40213  -10.305  -32.044  73.441 0.0000000000
41326  -9.323  -31.482  72.860 0.0000000000
42333  -8.649  -30.717  73.150 0.0000000000
71688  -42.508  -2.598  43.759 0.0000000000
71689  -43.405  -2.164  43.502 0.0000000000
60714  -42.002  -13.724  54.952 0.0000000000
54124  -31.384  -19.486  60.247 0.0000000000
47828  -22.349  -27.419  64.650 0.0000000000
47789  -22.206  -28.813  67.063 0.0000000000
57661  -36.644  -16.438  55.668 0.0000000000
58723  -37.227  -14.798  56.654 0.0000000000
52103  -25.553  -21.476  59.780 0.0000000000
52113  -25.933  -21.063  59.280 0.0000000000
54153  -26.663  -19.237  58.562 0.0000000000
56356  -25.040  -16.659  60.520 0.0000000000
57574  -25.444  -17.019  59.457 0.0000000000
57589  -25.638  -16.899  59.177 0.0000000000
56375  -25.602  -17.540  59.065 0.0000000000
56395  -25.962  -17.982  58.747 0.0000000000
55294  -26.259  -18.471  58.537 0.0000000000
57605  -27.424  -16.644  57.617 0.0000000000
56398  -28.040  -17.865  57.933 0.0000000000
56400  -29.560  -18.025  57.920 0.0000000000
59701  -28.729  -14.336  57.730 0.0000000000
58703  -29.699  -15.217  56.770 0.0000000000
57629  -28.951  -16.136  56.860 0.0000000000
55335  -31.834  -18.566  55.393 0.0000000000
53106  -34.096  -20.495  56.987 0.0000000000
53126  -35.706  -20.443  56.683 0.0000000000
53127  -36.664  -20.376  56.721 0.0000000000
53032  -23.880  -19.626  62.407 0.0000000000
61821  -43.480  -12.278  46.176 0.0000000000
63957  -42.748  -10.587  44.574 0.0000000000
65021  -43.338  -9.680  44.237 0.0000000000
70530  -40.445  -4.647  43.441 0.0000000000
70544  -40.474  -4.940  42.925 0.0000000000
69413  -40.668  -5.556  42.603 0.0000000000
68298  -41.445  -6.492  42.101 0.0000000000
69440  -42.379  -5.775  40.590 0.0000000000
69441  -43.328  -5.934  40.095 0.0000000000
68308  -42.076  -6.624  41.304 0.0000000000
67191  -44.220  -7.782  43.161 0.0000000000
71801  -51.149  -3.795  33.971 0.0000000000
43408  -10.735  -29.421  70.738 0.0000000000
42372  -11.705  -30.360  70.696 0.0000000000
42346  -11.556  -31.256  71.841 0.0000000000
41329  -11.820  -31.453  73.239 0.0000000000
41313  -12.002  -31.309  74.124 0.0000000000
42324  -12.535  -30.966  74.349 0.0000000000
54221  -38.778  -18.607  55.281 0.0000000000
55339  -39.084  -18.481  55.397 0.0000000000
55341  -40.453  -17.811  55.968 0.0000000000
56459  -40.637  -17.377  55.414 0.0000000000
56487  -39.528  -17.049  53.881 0.0000000000
56472  -40.447  -17.075  54.704 0.0000000000
58741  -40.746  -15.216  53.882 0.0000000000
58742  -41.385  -15.148  54.294 0.0000000000
59735  -41.429  -14.395  54.282 0.0000000000
61697  -35.963  -13.036  55.412 0.0000000000
62755  -36.017  -11.749  55.905 0.0000000000
61718  -35.000  -12.612  52.592 0.0000000000
61719  -35.339  -13.279  53.124 0.0000000000
61723  -40.348  -13.075  53.948 0.0000000000
61708  -40.858  -12.964  54.422 0.0000000000
62820  -40.130  -12.187  52.883 0.0000000000
62889  -39.188  -12.228  45.581 0.0000000000
63954  -39.722  -9.810  44.386 0.0000000000
66102  -39.415  -8.430  44.415 0.0000000000
69384  -40.568  -5.434  45.489 0.0000000000
51131  -25.139  -23.423  61.269 0.0000000000
51125  -26.130  -23.170  62.234 0.0000000000
52091  -26.677  -22.249  61.687 0.0000000000
51118  -26.550  -22.816  63.390 0.0000000000
52068  -27.046  -22.223  63.831 0.0000000000
54108  -28.045  -20.706  61.326 0.0000000000
54093  -28.163  -20.893  62.073 0.0000000000
54077  -28.784  -21.060  62.699 0.0000000000
53034  -28.417  -20.971  62.532 0.0000000000
44569  -13.948  -28.193  68.626 0.0000000000
45747  -14.327  -27.685  68.274 0.0000000000
44562  -16.736  -29.393  69.938 0.0000000000
46825  -17.982  -27.202  65.958 0.0000000000
45760  -18.113  -28.385  67.465 0.0000000000
47769  -21.396  -28.910  68.479 0.0000000000
46804  -20.719  -28.886  68.469 0.0000000000
45752  -19.504  -29.039  68.619 0.0000000000
45740  -18.630  -29.218  69.519 0.0000000000
40183  -9.631  -32.861  75.901 0.0000000000
40190  -8.942  -33.225  75.268 0.0000000000
39160  -7.308  -33.465  74.400 0.0000000000
41299  -12.219  -31.236  74.741 0.0000000000
41342  -11.553  -31.482  72.500 0.0000000000
41350  -10.010  -30.597  71.768 0.0000000000
46830  -23.866  -26.598  66.947 0.0000000000
46836  -19.878  -27.756  65.742 0.0000000000
49053  -23.483  -24.265  61.766 0.0000000000
50076  -18.631  -23.646  64.526 0.0000000000
50098  -26.155  -23.335  63.309 0.0000000000
51093  -19.209  -22.023  64.453 0.0000000000
51124  -25.605  -23.526  61.901 0.0000000000
52040  -19.049  -21.130  65.314 0.0000000000
52104  -26.372  -21.755  59.953 0.0000000000
52115  -26.690  -21.391  59.859 0.0000000000
53023  -28.492  -21.170  63.212 0.0000000000
53140  -33.903  -20.201  55.214 0.0000000000
55350  -33.362  -18.889  54.765 0.0000000000
57646  -29.614  -15.933  56.550 0.0000000000
57650  -32.310  -17.048  56.474 0.0000000000
58704  -30.650  -15.101  56.759 0.0000000000
58721  -30.900  -15.514  56.506 0.0000000000
59757  -38.616  -15.132  52.689 0.0000000000
60792  -36.692  -12.724  47.506 0.0000000000
62890  -44.040  -11.684  45.957 0.0000000000
63882  -35.582  -11.279  49.753 0.0000000000
68300  -44.871  -7.647  42.604 0.0000000000
69526  -52.259  -5.158  31.994 0.0000000000
71686  -41.261  -3.492  43.615 0.0000000000
