#!ascii label  , from subject A00073942 vox2ras=TkReg
1835
7876  -36.895  -70.917  13.172 0.1000000015
7142  -35.839  -71.964  12.984 0.1000000015
5795  -34.618  -73.390  12.965 0.1000000015
6461  -34.860  -72.827  12.115 0.1000000015
5810  -34.014  -73.308  12.042 0.1000000015
6476  -35.506  -72.865  11.158 0.1000000015
5845  -32.958  -73.836  10.971 0.1000000015
5848  -35.420  -73.491  10.249 0.1000000015
5868  -34.741  -74.064  9.530 0.1000000015
5867  -33.689  -73.948  9.803 0.1000000015
5239  -33.982  -74.332  8.823 0.1000000015
5869  -35.825  -74.260  9.404 0.1000000015
5240  -35.114  -74.582  8.635 0.1000000015
5261  -34.425  -74.714  7.911 0.1000000015
5304  -35.837  -74.222  6.998 0.1000000015
5260  -33.292  -74.472  8.074 0.1000000015
5282  -33.777  -74.562  7.278 0.1000000015
7879  -38.871  -70.094  12.083 0.1000000015
7143  -36.642  -71.523  12.612 0.1000000015
7878  -38.208  -70.402  12.375 0.1000000015
6462  -35.758  -72.295  12.244 0.1000000015
7169  -38.661  -71.558  11.649 0.1000000015
7168  -37.417  -71.869  11.770 0.1000000015
6463  -36.420  -72.038  11.966 0.1000000015
6478  -38.057  -72.653  11.255 0.1000000015
6497  -35.976  -73.229  10.572 0.1000000015
5829  -37.550  -73.297  10.744 0.1000000015
5241  -36.115  -74.572  8.470 0.1000000015
8706  -38.124  -69.655  9.449 0.1000000015
7226  -37.566  -71.423  8.880 0.1000000015
7227  -38.466  -71.300  8.758 0.1000000015
7249  -38.170  -71.977  8.266 0.1000000015
6545  -37.431  -73.238  7.688 0.1000000015
5907  -37.133  -73.713  7.494 0.1000000015
5285  -36.333  -74.218  7.310 0.1000000015
5263  -36.335  -74.473  7.743 0.1000000015
5284  -35.707  -74.497  7.216 0.1000000015
5262  -35.467  -74.688  7.774 0.1000000015
9384  -39.508  -68.782  12.635 0.1000000015
9401  -40.682  -69.135  11.495 0.2000000030
8652  -39.461  -69.418  12.153 0.1000000015
8674  -41.081  -69.734  11.060 0.1000000015
7900  -40.617  -70.757  11.166 0.1000000015
7899  -39.571  -70.498  11.655 0.1000000015
14084  -34.747  -63.067  8.443 0.1000000015
12510  -34.695  -64.329  8.134 0.1000000015
7170  -39.988  -71.735  11.209 0.1000000015
12525  -34.376  -64.788  7.610 0.1000000015
11756  -35.535  -65.911  7.086 0.1000000015
11735  -35.566  -65.418  7.826 0.1000000015
10993  -36.926  -67.120  6.063 0.1000000015
10201  -37.736  -67.761  6.326 0.1000000015
9462  -38.226  -68.807  6.930 0.1000000015
6480  -40.130  -72.441  10.442 0.1000000015
5851  -39.200  -73.431  10.039 0.1000000015
5870  -36.705  -74.429  9.171 0.1000000015
10979  -36.156  -66.636  6.269 0.1000000015
10200  -36.681  -67.853  6.133 0.1000000015
9472  -37.518  -68.356  6.550 0.1000000015
8718  -39.118  -69.691  7.674 0.1000000015
7985  -39.844  -70.159  7.417 0.1000000015
7251  -39.646  -71.267  8.337 0.1000000015
5871  -37.588  -74.257  9.229 0.1000000015
5242  -37.026  -74.487  8.413 0.1000000015
9461  -37.368  -68.575  7.193 0.1000000015
9453  -38.266  -68.989  7.758 0.1000000015
8707  -38.660  -69.612  8.502 0.1000000015
7947  -39.283  -70.716  8.332 0.1000000015
5888  -38.413  -73.459  8.286 0.1000000015
5887  -37.603  -73.876  7.752 0.1000000015
7946  -38.778  -70.467  8.857 0.1000000015
7228  -39.090  -71.154  8.530 0.1000000015
7250  -38.987  -71.854  8.425 0.1000000015
6546  -38.022  -73.189  8.001 0.1000000015
5265  -37.949  -73.994  8.025 0.1000000015
9402  -41.639  -68.468  11.232 0.1000000015
9386  -41.336  -67.871  12.059 0.1000000015
10097  -42.289  -67.521  12.229 0.2000000030
10079  -42.145  -67.493  13.584 0.2000000030
9425  -41.939  -68.748  10.550 0.1000000015
8692  -41.709  -69.414  10.346 0.1000000015
15654  -35.458  -60.921  7.715 0.1000000015
14852  -34.840  -61.923  8.225 0.1000000015
7901  -41.216  -70.569  10.518 0.1000000015
7171  -40.761  -71.639  10.384 0.1000000015
7200  -41.074  -71.351  9.614 0.1000000015
12511  -35.412  -64.760  8.396 0.1000000015
10980  -36.871  -66.567  6.762 0.1000000015
11757  -36.923  -66.076  7.521 0.1000000015
6481  -40.459  -72.370  10.027 0.1000000015
10981  -37.875  -66.447  7.301 0.1000000015
9473  -38.563  -68.462  6.591 0.1000000015
8762  -39.133  -68.960  6.509 0.1000000015
7986  -40.299  -70.037  7.400 0.1000000015
7252  -40.391  -71.418  8.588 0.1000000015
5889  -39.178  -73.333  8.756 0.1000000015
5852  -39.680  -73.077  9.852 0.1000000015
5243  -37.835  -74.167  8.416 0.1000000015
11700  -42.923  -65.882  10.917 0.1000000015
11682  -43.380  -65.845  11.384 0.1000000015
10153  -43.288  -66.888  10.124 0.1000000015
10128  -43.422  -66.901  10.881 0.1000000015
10110  -42.980  -67.554  11.293 0.2000000030
10111  -43.740  -66.762  11.880 0.2000000030
9403  -42.393  -68.060  11.064 0.2000000030
10098  -43.516  -67.173  12.476 0.2000000030
8693  -42.006  -68.811  10.281 0.1000000015
10127  -43.017  -67.552  10.215 0.1000000015
9446  -42.387  -68.281  9.372 0.1000000015
8708  -41.834  -69.438  9.330 0.1000000015
13272  -35.462  -63.672  9.021 0.1000000015
12492  -36.185  -64.277  9.216 0.1000000015
8709  -42.110  -68.874  9.945 0.1000000015
7923  -41.496  -70.459  9.830 0.1000000015
15655  -35.994  -60.122  7.795 0.1000000015
13286  -34.868  -63.931  8.449 0.1000000015
11758  -37.531  -66.109  7.733 0.1000000015
10958  -37.824  -66.134  7.851 0.1000000015
10188  -38.973  -67.216  7.033 0.1000000015
10190  -40.686  -67.614  7.328 0.1000000015
8741  -40.952  -69.152  7.363 0.1000000015
8720  -41.456  -69.416  8.175 0.1000000015
15662  -35.931  -60.463  6.865 0.1000000015
10202  -38.855  -67.645  6.607 0.1000000015
9475  -40.099  -68.283  6.662 0.1000000015
7987  -40.825  -69.722  7.568 0.1000000015
7968  -40.807  -70.446  8.113 0.1000000015
6513  -40.291  -72.327  9.313 0.1000000015
16518  -36.416  -60.373  6.275 0.1000000015
16520  -38.171  -60.548  6.329 0.1000000015
16519  -37.192  -60.395  6.093 0.1000000015
15674  -38.705  -61.255  5.863 0.1000000015
11680  -41.768  -65.478  11.178 0.1000000015
10918  -43.090  -66.296  10.567 0.1000000015
11698  -41.328  -65.486  10.532 0.1000000015
11719  -42.189  -66.033  10.077 0.1000000015
10902  -43.740  -66.298  11.522 0.1000000015
11718  -41.697  -65.895  9.893 0.1000000015
10938  -42.458  -66.329  9.837 0.1000000015
10939  -43.033  -66.623  9.928 0.1000000015
10884  -44.388  -66.308  12.347 0.2000000030
11717  -40.434  -65.271  9.952 0.1000000015
10937  -41.922  -66.212  9.570 0.1000000015
17390  -39.086  -58.811  7.415 0.1000000015
17388  -37.433  -59.115  7.637 0.1000000015
16496  -36.340  -59.570  8.273 0.1000000015
15648  -35.432  -61.191  8.798 0.1000000015
14845  -35.324  -61.726  9.095 0.1000000015
14075  -35.437  -62.517  9.334 0.1000000015
12497  -39.939  -64.766  10.199 0.1000000015
11740  -41.109  -65.918  9.240 0.1000000015
10173  -42.331  -67.008  8.852 0.1000000015
12493  -37.095  -64.379  9.590 0.1000000015
12513  -37.748  -64.974  9.165 0.1000000015
10959  -38.409  -66.130  8.037 0.1000000015
10191  -41.482  -67.899  7.722 0.1000000015
10172  -41.595  -67.292  8.225 0.1000000015
9445  -41.928  -68.865  8.782 0.1000000015
17391  -40.103  -58.921  7.368 0.1000000015
12512  -36.674  -65.003  8.851 0.1000000015
11737  -37.507  -65.709  8.300 0.1000000015
11738  -38.765  -65.405  9.013 0.1000000015
10983  -40.032  -66.892  7.684 0.1000000015
10984  -40.620  -67.014  7.777 0.1000000015
9454  -41.904  -68.286  8.290 0.1000000015
17389  -38.172  -58.992  7.470 0.1000000015
16501  -37.700  -59.771  6.937 0.1000000015
16503  -39.610  -59.761  6.906 0.1000000015
16502  -38.632  -59.753  6.891 0.1000000015
16521  -39.136  -60.646  6.418 0.1000000015
14866  -39.832  -62.153  6.065 0.1000000015
15690  -39.221  -61.755  5.461 0.1000000015
11681  -42.683  -65.613  11.306 0.1000000015
11697  -40.647  -65.156  10.657 0.1000000015
12457  -40.352  -64.919  11.219 0.1000000015
11661  -40.935  -65.356  11.794 0.1000000015
11663  -43.212  -65.522  12.081 0.1000000015
12477  -40.130  -64.780  10.548 0.1000000015
13251  -38.973  -63.990  11.265 0.1000000015
11662  -42.160  -65.418  11.979 0.1000000015
11664  -44.166  -65.780  12.215 0.1000000015
12475  -39.029  -64.148  10.192 0.1000000015
12476  -39.581  -64.456  10.406 0.1000000015
17376  -38.489  -58.333  7.852 0.1000000015
15649  -35.984  -60.196  8.989 0.1000000015
12495  -38.854  -64.686  9.652 0.1000000015
11739  -40.034  -65.662  8.999 0.1000000015
11640  -43.761  -65.627  13.038 0.1000000015
17374  -36.901  -58.806  8.373 0.1000000015
13273  -36.444  -63.391  9.867 0.1000000015
12514  -38.363  -64.869  9.403 0.1000000015
16504  -40.590  -59.850  7.082 0.1000000015
16523  -41.100  -60.768  6.865 0.1000000015
15677  -41.639  -61.491  6.512 0.1000000015
15676  -40.626  -61.547  6.406 0.1000000015
14868  -41.121  -61.965  6.059 0.1000000015
14878  -40.510  -61.905  5.574 0.1000000015
13250  -38.345  -63.343  11.608 0.1000000015
13244  -38.771  -63.984  11.879 0.1000000015
12437  -39.670  -64.616  11.875 0.1000000015
14068  -38.012  -62.872  11.299 0.1000000015
12456  -39.670  -64.416  10.978 0.1000000015
11660  -40.314  -65.046  11.984 0.1000000015
13261  -39.109  -64.097  10.687 0.1000000015
11637  -40.303  -65.269  12.625 0.1000000015
13275  -38.396  -64.086  10.076 0.1000000015
13260  -38.310  -63.488  10.712 0.1000000015
11638  -41.474  -65.470  12.776 0.1000000015
18307  -38.982  -58.019  7.872 0.1000000015
18292  -38.474  -57.629  8.339 0.1000000015
17360  -37.301  -57.987  8.920 0.1000000015
16487  -36.425  -59.157  9.034 0.1000000015
14846  -35.861  -61.417  9.894 0.1000000015
14076  -36.196  -62.453  10.076 0.1000000015
13258  -36.684  -62.754  10.285 0.1000000015
13259  -37.256  -63.028  10.459 0.1000000015
11639  -42.647  -65.524  12.915 0.1000000015
18308  -39.685  -58.102  7.775 0.1000000015
11618  -43.097  -65.630  14.024 0.1000000015
17392  -41.049  -59.042  7.544 0.1000000015
16505  -41.570  -59.903  7.279 0.1000000015
16524  -42.127  -60.769  7.021 0.1000000015
15679  -43.713  -61.246  6.478 0.1000000015
14869  -42.169  -62.014  6.053 0.1000000015
15694  -43.986  -60.534  5.178 0.1000000015
14056  -37.965  -63.051  12.019 0.1000000015
13243  -38.071  -63.637  12.387 0.1000000015
12436  -38.814  -64.350  12.412 0.1000000015
14061  -37.902  -62.809  11.752 0.1000000015
14834  -37.086  -61.845  11.668 0.1000000015
12418  -39.283  -64.937  12.896 0.1000000015
14067  -37.619  -62.592  10.930 0.1000000015
14840  -37.226  -62.020  11.144 0.1000000015
18294  -40.116  -57.487  8.262 0.1000000015
14066  -36.796  -62.202  10.591 0.1000000015
14839  -36.744  -61.231  10.963 0.1000000015
11616  -40.763  -65.592  13.652 0.1000000015
18309  -40.590  -58.201  7.824 0.1000000015
18293  -39.265  -57.464  8.242 0.1000000015
19230  -38.292  -57.090  8.775 0.1000000015
16473  -36.505  -59.237  9.941 0.1000000015
11617  -41.903  -65.631  13.822 0.1000000015
18311  -42.186  -58.450  7.940 0.1000000015
16507  -43.733  -59.896  7.431 0.1000000015
17393  -41.990  -59.030  7.606 0.1000000015
16508  -44.974  -60.034  7.222 0.1000000015
15663  -43.196  -60.740  7.058 0.1000000015
15664  -44.235  -60.644  6.908 0.1000000015
14882  -44.260  -60.970  5.609 0.1000000015
16525  -45.069  -60.429  6.657 0.1000000015
15629  -36.462  -60.229  11.399 0.1000000015
14833  -36.581  -61.128  11.853 0.1000000015
14828  -36.818  -61.785  12.227 0.1000000015
13242  -37.382  -63.367  12.826 0.1000000015
13235  -37.593  -63.951  13.051 0.1000000015
15639  -36.337  -60.231  10.370 0.1000000015
16459  -36.522  -59.275  11.003 0.1000000015
12417  -38.278  -64.546  13.163 0.1000000015
18295  -41.067  -57.580  8.347 0.1000000015
19233  -40.506  -56.873  8.768 0.1000000015
18291  -37.836  -57.426  8.830 0.1000000015
11615  -39.773  -65.410  13.607 0.1000000015
18296  -42.253  -57.738  8.376 0.1000000015
17394  -43.010  -58.751  7.873 0.1000000015
17395  -44.336  -59.087  7.920 0.1000000015
16509  -46.165  -59.675  7.307 0.1000000015
16511  -47.335  -59.156  7.149 0.1000000015
15681  -45.448  -60.401  6.002 0.1000000015
14055  -37.357  -62.587  12.350 0.1000000015
14049  -36.987  -63.014  12.975 0.1000000015
18278  -37.361  -57.334  9.693 0.1000000015
18277  -37.048  -57.697  9.882 0.1000000015
17377  -43.095  -57.992  8.384 0.1000000015
19234  -41.465  -56.908  8.870 0.1000000015
19232  -39.613  -56.850  8.695 0.1000000015
19210  -39.090  -56.346  9.186 0.1000000015
17359  -36.857  -58.241  9.601 0.1000000015
12401  -38.927  -65.179  13.857 0.1000000015
17378  -43.818  -58.225  8.460 0.1000000015
17379  -44.868  -58.451  8.627 0.1000000015
17380  -46.035  -58.437  9.009 0.1000000015
17396  -45.534  -59.137  7.995 0.1000000015
17381  -47.049  -58.506  8.633 0.1000000015
17397  -46.596  -59.099  8.045 0.1000000015
17398  -47.299  -58.911  7.800 0.1000000015
18313  -47.401  -57.886  7.550 0.1000000015
16447  -36.140  -59.338  11.916 0.1000000015
15616  -36.074  -60.348  12.259 0.1000000015
14054  -36.681  -62.057  12.621 0.1000000015
14827  -36.184  -61.418  12.678 0.1000000015
17329  -36.263  -58.356  11.600 0.1000000015
17344  -36.645  -58.343  10.642 0.1000000015
18298  -44.291  -57.775  9.098 0.1000000015
18297  -43.275  -57.385  8.981 0.1000000015
17382  -47.393  -58.194  8.153 0.1000000015
18300  -47.252  -57.304  8.338 0.1000000015
18243  -36.589  -57.446  11.284 0.1000000015
19235  -42.372  -56.909  9.129 0.1000000015
19213  -41.692  -56.475  9.647 0.1000000015
19211  -39.954  -56.303  9.241 0.1000000015
20085  -38.678  -56.024  9.675 0.1000000015
18263  -37.255  -56.996  10.323 0.1000000015
18299  -45.097  -57.985  9.278 0.1000000015
17363  -47.439  -57.868  9.178 0.1000000015
18282  -47.645  -57.320  9.345 0.1000000015
19219  -47.521  -56.957  9.347 0.1000000015
19218  -47.163  -56.657  9.295 0.1000000015
20053  -38.208  -55.635  10.779 0.1000000015
19193  -37.074  -56.759  10.913 0.1000000015
19236  -42.866  -56.953  9.473 0.1000000015
19214  -42.494  -56.676  9.908 0.1000000015
19212  -40.822  -56.398  9.410 0.1000000015
20086  -39.419  -55.837  9.731 0.1000000015
20068  -38.862  -55.597  10.255 0.1000000015
18279  -43.914  -57.347  9.626 0.1000000015
18267  -47.665  -57.470  9.881 0.1000000015
19199  -47.644  -57.034  9.800 0.1000000015
19198  -47.300  -56.539  10.172 0.1000000015
20092  -46.667  -56.198  9.824 0.1000000015
20054  -39.066  -55.381  11.119 0.1000000015
20088  -41.050  -56.129  10.140 0.1000000015
20069  -39.702  -55.580  10.482 0.1000000015
18280  -44.666  -57.503  9.787 0.1000000015
17361  -46.238  -58.235  10.117 0.1000000015
17347  -47.460  -58.008  10.088 0.1000000015
19181  -47.615  -57.089  10.333 0.1000000015
20059  -46.808  -56.068  11.172 0.1000000015
18264  -44.031  -57.226  10.368 0.1000000015
18281  -45.480  -57.880  9.914 0.1000000015
17346  -46.891  -58.280  10.493 0.1000000015
18249  -47.565  -57.583  10.596 0.1000000015
19180  -47.295  -56.998  11.259 0.1000000015
20041  -46.682  -56.420  11.922 0.1000000015
18266  -45.572  -58.096  10.724 0.1000000015
17332  -46.689  -58.161  11.375 0.1000000015
18248  -47.306  -57.784  11.234 0.1000000015
18229  -46.868  -57.742  11.961 0.1000000015
6448  -35.085  -72.641  12.674 0.1000000015
5198  -33.795  -73.908  12.622 0.1000000015
5826  -34.113  -73.385  11.158 0.1000000015
6477  -36.735  -72.667  11.259 0.1000000015
5827  -34.782  -73.219  10.867 0.1000000015
5866  -32.972  -73.940  10.289 0.1000000015
5849  -36.734  -73.706  10.289 0.1000000015
7145  -38.332  -70.951  12.057 0.1000000015
7898  -38.711  -70.692  11.937 0.1000000015
7167  -36.768  -71.965  11.878 0.1000000015
5828  -37.021  -73.262  10.779 0.1000000015
5830  -38.495  -73.287  10.647 0.1000000015
5850  -38.107  -73.815  10.047 0.1000000015
7248  -37.269  -72.008  8.202 0.1000000015
6525  -37.789  -72.675  7.971 0.1000000015
6524  -36.969  -72.653  7.707 0.1000000015
9385  -40.335  -68.415  12.247 0.1000000015
8673  -40.352  -69.889  11.500 0.1000000015
11736  -36.239  -65.555  8.039 0.1000000015
8719  -39.542  -69.964  7.417 0.1000000015
7965  -39.165  -70.158  8.269 0.1000000015
8739  -39.553  -69.526  6.899 0.1000000015
7967  -40.141  -70.709  7.833 0.1000000015
6526  -38.558  -72.667  8.241 0.1000000015
5872  -38.620  -73.799  9.010 0.1000000015
6527  -39.576  -72.467  8.755 0.1000000015
10109  -42.340  -67.858  11.397 0.2000000030
6501  -40.309  -72.471  9.703 0.1000000015
10995  -38.504  -67.029  6.956 0.1000000015
9474  -39.593  -68.565  6.582 0.1000000015
6528  -40.250  -72.027  8.951 0.1000000015
5873  -39.542  -73.126  9.365 0.1000000015
10152  -42.955  -67.107  9.371 0.1000000015
7948  -41.317  -70.547  8.926 0.1000000015
16500  -36.674  -59.734  7.210 0.1000000015
10982  -38.993  -66.729  7.443 0.1000000015
10203  -39.887  -67.887  6.734 0.1000000015
9465  -41.265  -68.502  7.518 0.1000000015
7230  -40.910  -71.281  8.990 0.1000000015
12438  -40.317  -64.986  11.701 0.1000000015
11699  -42.357  -65.861  10.484 0.1000000015
10962  -41.822  -66.493  9.072 0.1000000015
12496  -39.580  -64.676  9.951 0.1000000015
10961  -40.740  -66.527  8.346 0.1000000015
9455  -42.329  -67.607  8.766 0.1000000015
12494  -38.032  -64.457  9.693 0.1000000015
10960  -39.505  -66.205  8.239 0.1000000015
11716  -39.462  -65.106  9.501 0.1000000015
14879  -41.555  -61.690  5.610 0.1000000015
16506  -42.600  -59.878  7.424 0.1000000015
14870  -43.154  -61.674  5.969 0.1000000015
16527  -46.847  -59.557  6.552 0.1000000015
18322  -47.376  -58.245  6.879 0.1000000015
20067  -38.274  -55.978  9.980 0.1000000015
12248  -39.804  -64.806  25.374 0.5000000000
11487  -47.737  -64.853  22.402 0.5000000000
11477  -47.621  -64.961  23.014 0.5000000000
12247  -38.723  -64.427  25.393 0.5000000000
12258  -40.398  -64.258  24.706 0.5000000000
12259  -41.472  -64.545  24.680 0.5000000000
12269  -47.889  -64.395  23.276 0.5000000000
13063  -36.997  -63.570  25.620 0.5000000000
13064  -38.131  -63.514  25.066 0.5000000000
12257  -39.427  -64.057  24.813 0.5000000000
13089  -47.834  -63.653  23.296 0.5000000000
13878  -37.499  -62.635  24.970 0.5000000000
13074  -38.935  -63.274  24.558 0.5000000000
13879  -38.124  -62.906  24.845 0.4000000060
13889  -39.526  -62.358  23.964 0.4000000060
13124  -48.636  -63.549  20.808 0.5000000000
13150  -48.575  -63.736  19.803 0.5000000000
13962  -48.305  -63.058  20.628 0.5000000000
13149  -48.100  -63.251  19.903 0.5000000000
13121  -45.842  -63.056  20.288 0.5000000000
13122  -46.458  -63.060  20.325 0.5000000000
13960  -44.626  -62.774  20.143 0.4000000060
13959  -43.630  -62.590  20.176 0.4000000060
9946  -45.705  -67.347  23.775 0.1000000015
11486  -46.867  -65.634  22.850 0.5000000000
12246  -37.636  -64.296  25.709 0.5000000000
12234  -39.188  -65.145  26.018 0.5000000000
12249  -40.691  -64.922  25.158 0.5000000000
12260  -42.548  -64.496  24.501 0.4000000060
13870  -35.918  -62.963  26.191 0.5000000000
12245  -37.036  -64.220  25.910 0.5000000000
13858  -35.503  -62.442  27.106 0.5000000000
15397  -35.189  -60.408  27.465 0.5000000000
14627  -35.187  -61.269  27.163 0.5000000000
13869  -35.701  -62.216  25.936 0.5000000000
15396  -34.850  -59.811  27.005 0.4000000060
14645  -35.270  -61.431  26.303 0.3000000119
13877  -36.453  -62.624  25.486 0.5000000000
14653  -36.896  -62.196  25.067 0.4000000060
13888  -38.404  -62.462  24.506 0.4000000060
14651  -35.650  -61.420  25.341 0.3000000119
13899  -41.576  -62.342  23.526 0.6999999881
13084  -42.404  -63.061  23.733 0.5000000000
15421  -34.780  -59.915  26.576 0.3000000119
15439  -34.986  -60.551  25.688 0.3000000119
14652  -36.411  -61.871  25.115 0.3000000119
13887  -37.806  -62.079  24.606 0.4000000060
13898  -40.485  -61.901  23.558 0.5000000000
13900  -42.773  -62.219  23.384 0.6000000238
13901  -43.774  -62.249  23.147 0.6000000238
13087  -45.679  -63.423  23.494 0.6000000238
13090  -48.269  -63.778  23.142 0.5000000000
12294  -48.570  -63.955  21.319 0.3000000119
15446  -35.316  -60.631  24.936 0.3000000119
14662  -37.188  -61.642  24.668 0.3000000119
14674  -39.264  -61.303  23.740 0.4000000060
14677  -42.199  -61.438  23.104 0.5000000000
14679  -43.823  -61.706  22.691 0.6000000238
13908  -45.682  -62.423  22.187 0.6000000238
13916  -47.926  -62.806  21.885 0.5000000000
13936  -48.431  -63.108  21.210 0.5000000000
15448  -36.867  -60.601  24.339 0.4000000060
15455  -38.370  -60.586  23.790 0.4000000060
14676  -41.179  -61.139  23.129 0.5000000000
14689  -42.336  -61.051  23.049 0.5000000000
14692  -44.630  -61.994  22.018 0.5000000000
13935  -47.771  -62.867  20.918 0.5000000000
16297  -36.428  -59.596  24.084 0.4000000060
16308  -37.572  -59.453  23.713 0.4000000060
15456  -39.512  -60.283  23.379 0.5000000000
15469  -41.831  -60.335  22.364 0.5000000000
15471  -43.108  -60.918  22.028 0.4000000060
14696  -44.810  -62.132  21.694 0.5000000000
13934  -46.625  -62.750  20.918 0.5000000000
16309  -38.797  -59.418  23.264 0.4000000060
15457  -40.551  -60.144  22.971 0.5000000000
15470  -42.630  -60.608  22.194 0.5000000000
15481  -42.915  -60.932  21.761 0.4000000060
14709  -44.095  -61.801  21.349 0.4000000060
13933  -45.314  -62.555  20.754 0.5000000000
16315  -41.057  -59.599  22.036 0.5000000000
16346  -42.059  -60.560  21.467 0.4000000060
14708  -43.140  -61.499  20.858 0.4000000060
13932  -44.022  -62.112  20.697 0.4000000060
16328  -41.707  -60.229  21.741 0.3000000119
16345  -41.652  -60.289  21.394 0.4000000060
14707  -42.267  -61.199  20.783 0.3000000119
14706  -41.358  -60.922  20.532 0.3000000119
13957  -41.843  -62.173  20.209 0.3000000119
9222  -45.260  -67.961  24.440 0.1000000015
9945  -44.992  -67.792  23.745 0.1000000015
9927  -45.869  -67.429  25.319 0.1000000015
9937  -45.847  -67.476  24.698 0.1000000015
10706  -46.097  -66.288  25.103 0.4000000060
10713  -46.390  -66.248  24.328 0.4000000060
10720  -46.459  -66.336  23.585 0.4000000060
11476  -46.898  -65.315  23.544 0.5000000000
11468  -46.327  -65.476  24.315 0.4000000060
12233  -38.146  -64.994  26.191 0.5000000000
12235  -39.809  -65.284  25.899 0.5000000000
12264  -46.236  -64.773  24.101 0.5000000000
12268  -46.953  -64.469  23.589 0.5000000000
13045  -35.702  -62.909  27.405 0.5000000000
12231  -36.223  -64.042  26.906 0.5000000000
12232  -36.920  -64.601  26.604 0.5000000000
14606  -35.615  -61.387  28.141 0.5000000000
12263  -45.530  -64.436  24.134 0.6000000238
16234  -35.138  -59.343  27.613 0.4000000060
17100  -34.615  -58.476  27.116 0.2000000030
18883  -34.527  -56.727  27.271 0.2000000030
16254  -34.589  -59.355  26.506 0.3000000119
16276  -34.600  -59.442  25.403 0.3000000119
16296  -35.218  -59.758  24.526 0.4000000060
17957  -34.556  -57.583  27.197 0.3000000119
17993  -34.013  -57.678  25.558 0.3000000119
18899  -34.101  -56.619  26.700 0.3000000119
18003  -33.623  -56.959  25.040 0.4000000060
17149  -34.919  -58.923  24.272 0.4000000060
18004  -34.105  -57.825  24.643 0.3000000119
17150  -35.590  -59.030  24.038 0.4000000060
17173  -38.228  -58.450  23.181 0.4000000060
18022  -34.581  -57.418  23.763 0.3000000119
18023  -35.678  -57.440  23.462 0.3000000119
16311  -40.452  -59.324  22.470 0.4000000060
18026  -38.636  -57.775  22.644 0.3000000119
17185  -40.087  -58.618  22.096 0.3000000119
16327  -40.951  -59.667  21.624 0.4000000060
15489  -41.641  -60.477  20.970 0.3000000119
18046  -38.909  -57.386  22.171 0.2000000030
18963  -38.979  -57.195  21.784 0.2000000030
17204  -40.400  -59.190  21.348 0.3000000119
15488  -40.815  -60.272  20.676 0.3000000119
18980  -38.621  -57.016  21.252 0.1000000015
18071  -39.469  -57.893  21.084 0.2000000030
16343  -40.244  -59.486  20.835 0.4000000060
20830  -36.358  -54.395  20.281 0.1000000015
9911  -45.947  -66.797  25.448 0.1000000015
9928  -46.108  -66.940  25.056 0.1000000015
10686  -45.724  -66.622  25.633 0.2000000030
10705  -45.602  -66.194  25.483 0.5000000000
11460  -45.917  -65.781  24.993 0.4000000060
11435  -38.770  -65.499  26.823 0.5000000000
11454  -40.410  -65.355  25.774 0.4000000060
11437  -40.946  -65.849  26.321 0.4000000060
11464  -43.095  -65.128  24.959 0.4000000060
11466  -45.021  -65.146  24.741 0.5000000000
11467  -45.787  -65.237  24.601 0.5000000000
12217  -36.288  -64.158  27.519 0.5000000000
11433  -37.195  -65.043  27.278 0.5000000000
11434  -37.783  -65.263  27.068 0.4000000060
16225  -36.064  -59.497  28.380 0.4000000060
15379  -36.334  -60.420  28.581 0.4000000060
13841  -35.586  -62.344  28.008 0.5000000000
17936  -36.257  -58.141  28.312 0.4000000060
15378  -35.621  -60.082  28.079 0.5000000000
17088  -35.650  -58.695  28.107 0.4000000060
18885  -36.364  -56.620  28.018 0.3000000119
17959  -35.949  -57.467  28.142 0.3000000119
18884  -35.383  -56.708  27.876 0.3000000119
19816  -35.727  -55.787  27.858 0.2000000030
19814  -34.486  -55.970  27.231 0.2000000030
21563  -36.255  -53.914  27.428 0.1000000015
21561  -34.689  -54.596  27.034 0.3000000119
21586  -35.504  -53.063  27.193 0.1000000015
20726  -34.244  -54.865  26.591 0.3000000119
18927  -33.475  -56.193  25.133 0.3000000119
21585  -34.361  -53.557  26.477 0.2000000030
21584  -33.839  -54.468  26.112 0.2000000030
20765  -33.495  -54.476  24.757 0.2000000030
18939  -34.219  -56.271  23.768 0.2000000030
18024  -36.670  -57.515  23.238 0.2000000030
20779  -33.809  -54.034  24.069 0.2000000030
18940  -35.145  -56.433  23.267 0.2000000030
18942  -36.913  -56.899  22.737 0.2000000030
20780  -34.399  -54.274  23.446 0.2000000030
19868  -35.712  -55.460  22.724 0.1000000015
18961  -37.362  -56.612  22.106 0.2000000030
18962  -38.292  -56.989  21.776 0.2000000030
20796  -35.587  -54.458  22.403 0.1000000015
19884  -35.940  -54.977  22.234 0.1000000015
18979  -37.496  -56.311  21.180 0.1000000015
20797  -35.908  -54.420  21.851 0.1000000015
20813  -36.239  -54.471  21.142 0.1000000015
22555  -37.107  -52.402  19.436 0.1000000015
10685  -45.282  -66.545  26.155 0.3000000119
10668  -43.178  -66.056  27.800 0.3000000119
10703  -44.356  -66.052  26.049 0.3000000119
10704  -44.975  -66.112  25.821 0.3000000119
10667  -42.084  -66.096  27.840 0.3000000119
10683  -43.704  -66.050  26.746 0.3000000119
11458  -44.615  -65.673  25.384 0.5000000000
10664  -39.140  -66.105  28.153 0.4000000060
10680  -40.546  -66.111  27.103 0.5000000000
11438  -41.988  -65.986  26.206 0.4000000060
11456  -42.546  -65.599  25.544 0.4000000060
11465  -44.081  -65.169  24.858 0.5000000000
15380  -37.392  -60.511  28.689 0.4000000060
13820  -36.612  -62.821  29.165 0.4000000060
12201  -36.527  -64.232  28.417 0.5000000000
11418  -37.420  -65.283  27.837 0.5000000000
17103  -38.539  -58.421  28.019 0.4000000060
17090  -37.474  -58.662  28.353 0.4000000060
14607  -36.725  -61.503  28.966 0.5000000000
17102  -37.783  -58.014  28.174 0.4000000060
17937  -36.815  -58.298  28.391 0.4000000060
17961  -38.035  -57.417  27.875 0.4000000060
18887  -38.367  -56.509  27.525 0.3000000119
18886  -37.392  -56.565  27.826 0.3000000119
19818  -37.814  -55.573  27.515 0.3000000119
19817  -36.739  -55.664  27.786 0.3000000119
20708  -37.920  -54.769  27.267 0.3000000119
20707  -37.088  -54.661  27.509 0.2000000030
22445  -37.169  -52.347  26.733 0.1000000015
21587  -36.637  -53.094  27.122 0.1000000015
23348  -35.776  -51.250  26.462 0.1000000015
22443  -34.922  -51.927  26.593 0.1000000015
21606  -33.866  -53.128  25.690 0.2000000030
24240  -35.580  -50.567  26.049 0.1000000015
23360  -34.682  -50.950  25.703 0.1000000015
22453  -33.687  -52.979  25.049 0.2000000030
22454  -34.076  -52.220  25.570 0.2000000030
22466  -33.997  -52.360  24.308 0.2000000030
22481  -34.700  -52.288  23.350 0.1000000015
21640  -35.610  -52.874  22.622 0.1000000015
22482  -35.502  -52.314  22.824 0.1000000015
21655  -35.719  -53.430  22.248 0.1000000015
21671  -36.073  -53.480  21.433 0.1000000015
22491  -36.290  -52.627  21.745 0.1000000015
22505  -36.579  -52.665  21.086 0.1000000015
22506  -37.336  -52.162  20.865 0.1000000015
22507  -38.160  -51.880  20.733 0.1000000015
22531  -37.630  -52.082  20.170 0.1000000015
22532  -38.549  -51.975  20.094 0.1000000015
22533  -39.474  -52.074  20.076 0.1000000015
22558  -40.020  -52.282  19.348 0.1000000015
22559  -41.001  -52.428  19.375 0.1000000015
10650  -43.640  -66.118  28.715 0.3000000119
10630  -41.920  -66.089  29.431 0.3000000119
10647  -40.548  -66.425  28.638 0.4000000060
10628  -40.062  -66.290  29.470 0.3000000119
14608  -37.946  -61.385  28.915 0.3000000119
14590  -37.520  -62.188  29.297 0.3000000119
13821  -37.150  -62.933  29.469 0.4000000060
12189  -38.132  -65.229  29.815 0.4000000060
11393  -39.492  -65.895  29.750 0.3000000119
16235  -38.583  -59.247  28.206 0.3000000119
15381  -38.476  -60.562  28.533 0.3000000119
12999  -38.367  -64.283  30.196 0.4000000060
12179  -38.766  -65.003  30.198 0.4000000060
12180  -39.781  -65.116  30.522 0.3000000119
17979  -39.817  -56.923  27.146 0.3000000119
17962  -39.100  -57.375  27.507 0.3000000119
18900  -40.012  -56.239  26.710 0.3000000119
18888  -39.207  -56.352  27.172 0.3000000119
19830  -39.258  -55.337  26.800 0.3000000119
19819  -38.637  -55.772  27.265 0.3000000119
19829  -38.446  -55.146  27.167 0.3000000119
20728  -38.513  -54.333  26.879 0.2000000030
22446  -38.194  -52.495  26.452 0.1000000015
23351  -38.581  -51.685  26.099 0.1000000015
24256  -39.923  -50.834  25.548 0.1000000015
25232  -38.685  -49.591  25.585 0.1000000015
24242  -37.284  -50.751  26.209 0.1000000015
24253  -37.005  -49.874  25.896 0.1000000015
24251  -35.255  -50.242  25.580 0.1000000015
25275  -34.976  -49.850  24.231 0.2000000030
25250  -35.160  -49.615  24.313 0.2000000030
25276  -35.274  -49.552  23.766 0.2000000030
23386  -35.357  -51.287  22.929 0.1000000015
25281  -35.634  -49.539  22.972 0.1000000015
23391  -36.064  -50.921  22.443 0.1000000015
23388  -36.522  -51.776  22.205 0.1000000015
24291  -36.536  -50.213  21.949 0.1000000015
23392  -36.596  -51.156  22.136 0.1000000015
23394  -37.698  -51.447  21.434 0.1000000015
24293  -37.544  -51.114  21.609 0.1000000015
23400  -38.528  -51.446  21.120 0.1000000015
22509  -39.761  -51.792  20.521 0.1000000015
22534  -40.477  -52.028  20.089 0.1000000015
22535  -41.538  -52.229  19.938 0.1000000015
22560  -41.811  -52.972  19.460 0.1000000015
10651  -44.594  -66.721  28.675 0.2000000030
10618  -43.086  -66.336  30.455 0.2000000030
10631  -42.910  -66.080  29.553 0.3000000119
10596  -42.276  -66.244  31.003 0.2000000030
10617  -42.195  -66.161  30.199 0.3000000119
13822  -38.129  -62.950  29.547 0.3000000119
11383  -40.055  -65.868  30.278 0.3000000119
15382  -39.686  -60.519  28.211 0.3000000119
16228  -38.828  -59.863  28.281 0.3000000119
14609  -39.041  -61.441  28.693 0.3000000119
13014  -38.742  -63.640  30.019 0.3000000119
13000  -39.354  -64.364  30.369 0.3000000119
17105  -40.904  -58.262  27.192 0.3000000119
16237  -40.353  -59.229  27.694 0.3000000119
13823  -39.300  -62.858  29.485 0.3000000119
13015  -39.900  -63.653  30.159 0.3000000119
17981  -41.545  -57.094  26.455 0.2000000030
17980  -40.650  -57.134  26.867 0.2000000030
18901  -40.943  -56.290  26.326 0.3000000119
19831  -40.317  -55.339  26.197 0.3000000119
20730  -40.403  -54.604  25.862 0.3000000119
20729  -39.631  -54.212  26.243 0.3000000119
21589  -38.810  -53.378  26.476 0.1000000015
21607  -39.903  -53.449  25.895 0.2000000030
22456  -39.908  -52.648  25.771 0.1000000015
23361  -39.477  -51.792  25.804 0.1000000015
25234  -40.492  -50.009  25.417 0.1000000015
25254  -42.534  -49.745  24.979 0.1000000015
26263  -44.412  -48.725  25.153 0.1000000015
26241  -40.284  -49.237  25.242 0.1000000015
26260  -41.188  -48.759  25.137 0.1000000015
26261  -42.265  -48.615  25.140 0.1000000015
27234  -43.982  -47.700  25.147 0.1000000015
27235  -45.072  -47.744  25.207 0.1000000015
28136  -47.994  -46.792  25.005 0.1000000015
26259  -40.161  -48.408  24.969 0.1000000015
27232  -41.828  -47.675  25.054 0.1000000015
28132  -43.560  -46.748  24.784 0.1000000015
28951  -45.263  -46.013  24.433 0.1000000015
28952  -46.314  -46.043  24.440 0.1000000015
26238  -37.664  -48.562  25.074 0.1000000015
26257  -38.347  -48.075  24.740 0.1000000015
25230  -36.770  -49.015  25.192 0.1000000015
27254  -36.683  -47.958  23.518 0.2000000030
26284  -35.777  -48.852  23.635 0.1000000015
26294  -36.701  -48.161  22.394 0.1000000015
25284  -36.638  -49.304  21.847 0.1000000015
25285  -37.266  -49.168  21.498 0.1000000015
24296  -37.350  -49.983  21.451 0.1000000015
24297  -38.126  -50.632  21.345 0.1000000015
24299  -39.952  -50.722  20.859 0.1000000015
23401  -39.472  -51.383  20.868 0.1000000015
23402  -40.275  -51.387  20.550 0.1000000015
23420  -41.158  -51.400  20.133 0.1000000015
23421  -42.214  -51.498  20.031 0.1000000015
12981  -43.034  -64.086  32.090 0.2000000030
11366  -42.334  -65.863  31.797 0.2000000030
10595  -41.625  -66.124  30.615 0.3000000119
10615  -40.649  -66.258  29.993 0.3000000119
13004  -43.774  -63.303  31.241 0.2000000030
12166  -42.534  -64.660  32.191 0.2000000030
12164  -41.385  -65.301  31.544 0.2000000030
11365  -41.481  -65.861  31.134 0.3000000119
11384  -40.920  -66.041  30.569 0.3000000119
14610  -40.147  -61.784  28.459 0.3000000119
13843  -40.031  -62.460  29.044 0.3000000119
16238  -41.348  -59.444  27.437 0.3000000119
15399  -40.675  -60.134  27.810 0.3000000119
14611  -41.296  -61.795  28.290 0.3000000119
13844  -40.924  -62.439  28.963 0.3000000119
13824  -40.457  -63.038  29.598 0.3000000119
17982  -42.470  -57.409  25.998 0.2000000030
17106  -41.987  -58.798  26.992 0.3000000119
13001  -40.729  -64.451  31.027 0.2000000030
18902  -41.968  -56.364  25.786 0.2000000030
19832  -41.132  -55.677  25.874 0.3000000119
19842  -41.654  -55.337  25.525 0.3000000119
19841  -40.846  -55.091  25.698 0.3000000119
20746  -40.270  -54.028  25.797 0.2000000030
20748  -41.974  -54.501  25.375 0.2000000030
21609  -41.386  -53.575  25.449 0.2000000030
22458  -41.773  -52.686  25.375 0.2000000030
24259  -42.448  -50.850  25.163 0.1000000015
28129  -40.615  -46.908  24.376 0.1000000015
28131  -42.384  -46.661  24.642 0.1000000015
28949  -43.210  -45.948  24.206 0.1000000015
28976  -44.804  -45.300  23.874 0.1000000015
27229  -39.028  -47.557  24.237 0.1000000015
28128  -39.788  -47.013  23.958 0.1000000015
28157  -40.413  -46.408  23.665 0.1000000015
28974  -42.874  -45.330  23.555 0.1000000015
27257  -38.572  -47.273  23.812 0.1000000015
28156  -39.514  -46.534  23.303 0.1000000015
28167  -39.712  -46.250  22.511 0.1000000015
28993  -40.473  -45.808  22.495 0.1000000015
29809  -41.663  -44.864  22.188 0.1000000015
27255  -37.239  -47.628  23.445 0.1000000015
28165  -38.233  -46.990  22.664 0.1000000015
28176  -40.086  -46.059  21.732 0.1000000015
28179  -39.625  -46.710  21.228 0.1000000015
27273  -37.725  -47.468  21.938 0.1000000015
26298  -36.863  -48.432  21.920 0.1000000015
26302  -38.347  -48.224  20.883 0.1000000015
26303  -39.074  -48.118  20.609 0.1000000015
25291  -38.683  -48.659  20.716 0.1000000015
25286  -38.200  -49.267  21.036 0.1000000015
25287  -39.069  -49.983  20.879 0.1000000015
24298  -39.178  -50.789  21.137 0.1000000015
12985  -47.051  -63.248  31.415 0.3000000119
13806  -44.005  -63.000  30.752 0.3000000119
13003  -43.206  -63.386  31.241 0.2000000030
13002  -41.889  -63.551  30.929 0.2000000030
12979  -41.442  -64.822  31.740 0.2000000030
13826  -42.923  -62.551  29.736 0.3000000119
13805  -42.585  -63.098  30.505 0.3000000119
12181  -40.662  -65.456  30.920 0.2000000030
15400  -41.792  -60.579  27.627 0.3000000119
14612  -42.404  -61.475  28.076 0.3000000119
13845  -42.063  -62.365  28.824 0.3000000119
13825  -41.693  -63.102  29.892 0.3000000119
17983  -43.296  -57.844  25.764 0.2000000030
16239  -42.370  -59.610  27.209 0.3000000119
15402  -43.830  -60.212  27.082 0.3000000119
17994  -42.999  -57.283  25.409 0.2000000030
18916  -42.957  -56.456  25.148 0.2000000030
18915  -42.275  -55.899  25.381 0.2000000030
19843  -42.540  -55.405  25.222 0.3000000119
20749  -42.913  -54.628  25.086 0.2000000030
21610  -42.436  -53.625  25.214 0.2000000030
27279  -39.752  -47.328  20.694 0.1000000015
26304  -39.957  -48.300  20.346 0.1000000015
25292  -39.153  -49.020  20.535 0.1000000015
13757  -47.754  -62.783  32.438 0.1000000015
13773  -47.574  -62.288  32.048 0.2000000030
12986  -47.408  -62.948  31.254 0.3000000119
13790  -47.000  -62.778  30.791 0.3000000119
13808  -46.224  -62.427  30.161 0.3000000119
13828  -45.354  -62.151  29.285 0.3000000119
14613  -43.729  -61.506  28.158 0.3000000119
13847  -44.427  -61.998  28.633 0.3000000119
16256  -43.789  -59.467  26.517 0.3000000119
15424  -44.419  -59.958  26.557 0.3000000119
14630  -44.265  -60.983  27.596 0.3000000119
14614  -44.727  -61.584  28.008 0.3000000119
17132  -44.925  -58.475  25.830 0.2000000030
17995  -43.849  -57.486  25.342 0.2000000030
18917  -44.238  -56.374  25.024 0.1000000015
19844  -43.444  -55.517  24.885 0.2000000030
18929  -44.749  -55.913  25.178 0.1000000015
19857  -44.325  -55.394  24.809 0.2000000030
20750  -43.725  -54.650  24.709 0.3000000119
14577  -46.996  -61.440  30.066 0.3000000119
13829  -46.222  -61.917  29.495 0.3000000119
14594  -46.227  -61.466  28.978 0.3000000119
14615  -45.463  -61.485  28.078 0.3000000119
16259  -46.041  -59.320  26.662 0.3000000119
15404  -45.551  -60.551  27.144 0.3000000119
14631  -45.142  -61.090  27.539 0.3000000119
17133  -45.495  -58.857  25.966 0.2000000030
17997  -45.365  -58.364  26.015 0.2000000030
17984  -44.696  -57.423  26.562 0.1000000015
18918  -44.655  -56.398  25.506 0.1000000015
19845  -44.938  -55.640  25.542 0.1000000015
19858  -45.144  -55.295  24.898 0.1000000015
15363  -46.615  -60.561  30.191 0.3000000119
16203  -45.952  -59.872  30.004 0.2000000030
15374  -46.234  -60.506  28.952 0.3000000119
14633  -46.043  -60.967  27.970 0.3000000119
15385  -46.089  -60.326  28.103 0.3000000119
17120  -46.087  -59.031  26.703 0.2000000030
17109  -46.104  -59.205  26.903 0.3000000119
15405  -45.981  -60.503  27.616 0.3000000119
17965  -44.992  -58.096  27.314 0.2000000030
18889  -44.102  -55.876  27.158 0.1000000015
18890  -44.406  -56.457  26.845 0.1000000015
19820  -43.755  -55.342  27.317 0.1000000015
19833  -44.803  -55.662  26.181 0.1000000015
19821  -44.402  -55.305  26.771 0.1000000015
19834  -45.384  -55.006  25.875 0.1000000015
16217  -45.482  -59.550  29.495 0.2000000030
17071  -45.109  -59.168  28.932 0.2000000030
16230  -45.996  -59.890  28.352 0.2000000030
17941  -44.789  -58.253  27.906 0.2000000030
16241  -45.767  -59.339  27.878 0.2000000030
17940  -44.226  -57.737  28.083 0.1000000015
18874  -43.716  -56.400  27.686 0.1000000015
19822  -44.985  -54.938  26.333 0.1000000015
20711  -45.446  -54.271  26.285 0.1000000015
20691  -43.216  -54.563  27.364 0.1000000015
20709  -44.003  -54.471  27.126 0.1000000015
21566  -44.215  -53.448  27.068 0.1000000015
21567  -45.160  -53.419  26.741 0.1000000015
21549  -43.520  -53.848  27.217 0.1000000015
21565  -43.459  -53.158  27.215 0.1000000015
13076  -41.055  -63.587  24.165 0.5000000000
13075  -39.989  -63.413  24.300 0.5000000000
13077  -42.023  -63.766  24.181 0.4000000060
13890  -40.635  -62.789  23.844 0.5000000000
13083  -41.656  -63.173  23.850 0.6000000238
13079  -43.969  -63.790  23.922 0.5000000000
11463  -42.209  -65.107  24.960 0.4000000060
12293  -48.178  -64.449  21.849 0.5000000000
12261  -43.534  -64.506  24.393 0.4000000060
13085  -43.405  -63.016  23.599 0.5000000000
12267  -46.315  -64.123  23.750 0.5000000000
13904  -47.549  -63.128  23.099 0.5000000000
12278  -48.479  -63.996  22.272 0.3000000119
12308  -48.587  -64.039  20.321 0.5000000000
11500  -47.390  -64.932  21.750 0.5000000000
13088  -46.899  -63.537  23.445 0.5000000000
13917  -48.319  -63.156  22.033 0.4000000060
13123  -47.308  -63.008  20.329 0.5000000000
13961  -45.411  -63.047  20.119 0.4000000060
13146  -45.154  -63.406  19.555 0.4000000060
13930  -42.283  -61.849  20.532 0.3000000119
13931  -43.041  -61.936  20.697 0.4000000060
9938  -46.223  -66.948  24.211 0.2000000030
11455  -41.442  -65.424  25.452 0.5000000000
13078  -42.973  -63.813  23.982 0.4000000060
14664  -38.779  -61.819  24.056 0.3000000119
17113  -34.296  -58.473  26.070 0.3000000119
15447  -35.970  -60.474  24.559 0.4000000060
15449  -37.609  -60.948  24.216 0.4000000060
13897  -39.861  -61.659  23.670 0.5000000000
14678  -43.125  -61.478  23.021 0.6000000238
13902  -44.866  -62.365  22.802 0.6000000238
13086  -44.456  -63.083  23.448 0.6000000238
13080  -44.861  -63.810  23.900 0.6000000238
13903  -46.400  -62.872  22.970 0.5000000000
13910  -48.117  -63.120  22.710 0.5000000000
14675  -40.171  -61.043  23.481 0.4000000060
14688  -41.851  -60.796  22.801 0.5000000000
13909  -47.199  -62.727  22.504 0.5000000000
13915  -46.891  -62.635  21.670 0.5000000000
15454  -37.501  -60.322  24.019 0.4000000060
14690  -43.243  -61.117  22.485 0.5000000000
14695  -44.094  -61.657  21.791 0.4000000060
14691  -44.011  -61.600  22.215 0.5000000000
13914  -45.729  -62.449  21.437 0.5000000000
17171  -36.247  -58.454  23.702 0.3000000119
16310  -39.782  -59.348  22.892 0.5000000000
15458  -41.335  -60.408  22.735 0.5000000000
15482  -43.604  -61.421  21.639 0.4000000060
14710  -44.958  -62.241  21.327 0.5000000000
15468  -41.075  -59.918  22.471 0.5000000000
16329  -42.373  -60.586  21.830 0.4000000060
15491  -43.320  -61.350  21.458 0.4000000060
15480  -42.431  -60.736  21.561 0.4000000060
17175  -39.857  -58.766  22.461 0.4000000060
15490  -42.364  -60.969  20.969 0.4000000060
11436  -39.844  -65.710  26.521 0.5000000000
13842  -36.124  -62.534  28.659 0.5000000000
12262  -44.518  -64.483  24.324 0.5000000000
17958  -35.129  -57.780  27.764 0.3000000119
19815  -34.882  -55.920  27.625 0.2000000030
17978  -34.111  -57.348  26.490 0.3000000119
17148  -34.542  -58.689  24.750 0.4000000060
17992  -33.732  -57.021  25.859 0.3000000119
20725  -33.776  -55.287  26.192 0.3000000119
18938  -33.675  -56.180  24.482 0.3000000119
18021  -33.862  -56.985  24.227 0.3000000119
17170  -35.239  -58.283  23.839 0.3000000119
17172  -37.226  -58.368  23.451 0.3000000119
17174  -39.226  -58.492  22.750 0.3000000119
18025  -37.644  -57.506  22.866 0.3000000119
17184  -39.627  -58.261  22.312 0.3000000119
18047  -39.549  -57.823  21.949 0.3000000119
18056  -39.775  -58.150  21.787 0.3000000119
17189  -40.116  -58.657  21.701 0.4000000060
16344  -40.977  -59.858  21.186 0.4000000060
18981  -39.259  -57.408  21.519 0.2000000030
18055  -39.624  -57.965  21.480 0.3000000119
17203  -39.718  -58.480  21.070 0.2000000030
18998  -38.741  -57.229  20.773 0.2000000030
19919  -36.632  -55.160  20.026 0.1000000015
21689  -36.301  -53.450  20.635 0.1000000015
11420  -39.324  -65.933  27.376 0.4000000060
11419  -38.352  -65.761  27.860 0.4000000060
11457  -43.629  -65.742  25.644 0.4000000060
13030  -36.072  -63.479  28.186 0.5000000000
16226  -36.948  -59.580  28.553 0.4000000060
20706  -36.018  -54.837  27.718 0.2000000030
21562  -35.261  -54.142  27.334 0.2000000030
21564  -37.070  -53.849  27.207 0.1000000015
21605  -33.645  -53.839  25.508 0.2000000030
19866  -33.848  -55.158  24.028 0.2000000030
21637  -33.800  -53.490  24.133 0.2000000030
19867  -34.699  -55.353  23.301 0.2000000030
18941  -36.189  -56.540  22.992 0.2000000030
21638  -34.150  -53.263  23.729 0.2000000030
20781  -35.125  -54.475  22.889 0.1000000015
21639  -35.106  -53.359  23.011 0.1000000015
21654  -35.375  -53.928  22.632 0.1000000015
19869  -36.273  -55.971  22.528 0.2000000030
22483  -36.051  -52.391  22.317 0.1000000015
19885  -36.485  -55.578  21.884 0.1000000015
19886  -37.062  -56.114  21.618 0.1000000015
19904  -36.974  -55.864  21.378 0.1000000015
18997  -37.947  -56.886  20.645 0.1000000015
19903  -36.801  -55.462  20.866 0.1000000015
18978  -37.185  -55.899  20.759 0.1000000015
22530  -36.796  -52.590  20.307 0.1000000015
10684  -44.681  -66.239  26.669 0.3000000119
10649  -42.560  -65.985  28.679 0.3000000119
10669  -44.253  -66.188  27.697 0.3000000119
10682  -42.586  -66.145  26.978 0.3000000119
10681  -41.538  -66.191  27.032 0.3000000119
10648  -41.535  -66.216  28.642 0.3000000119
10666  -41.054  -66.316  27.831 0.3000000119
11439  -42.906  -65.945  26.217 0.3000000119
11406  -37.665  -65.513  28.658 0.4000000060
11392  -38.757  -65.707  29.563 0.4000000060
10646  -39.648  -66.288  28.702 0.4000000060
10665  -40.000  -66.313  27.816 0.4000000060
13012  -36.583  -63.481  29.118 0.4000000060
12187  -36.929  -64.338  29.177 0.4000000060
16227  -37.976  -59.632  28.409 0.4000000060
21588  -37.722  -53.384  26.865 0.2000000030
23350  -37.663  -51.605  26.376 0.1000000015
22444  -36.100  -52.142  26.873 0.1000000015
24241  -36.372  -50.587  26.184 0.1000000015
23372  -34.373  -51.136  24.685 0.2000000030
24252  -36.009  -49.805  25.682 0.1000000015
24269  -34.929  -50.040  24.796 0.2000000030
24286  -34.782  -50.322  24.061 0.1000000015
23385  -34.608  -51.250  23.716 0.1000000015
23387  -36.042  -51.650  22.511 0.1000000015
22484  -36.656  -52.099  21.982 0.1000000015
23393  -37.054  -51.504  21.810 0.1000000015
22492  -37.085  -52.064  21.492 0.1000000015
22508  -39.020  -51.791  20.639 0.1000000015
10670  -45.048  -66.729  27.292 0.2000000030
10629  -41.018  -66.379  29.383 0.3000000119
14591  -38.549  -62.172  29.121 0.3000000119
13013  -37.594  -63.909  29.879 0.4000000060
16236  -39.391  -59.355  27.988 0.3000000119
17104  -39.735  -58.363  27.656 0.3000000119
24255  -38.865  -50.707  25.705 0.1000000015
25233  -39.608  -49.876  25.479 0.1000000015
24243  -38.069  -50.967  26.101 0.1000000015
24254  -37.944  -50.164  25.909 0.1000000015
26240  -39.424  -48.968  25.295 0.1000000015
26239  -38.520  -48.719  25.267 0.1000000015
25252  -36.192  -48.854  24.808 0.1000000015
24287  -35.160  -50.346  23.308 0.1000000015
25282  -36.127  -49.465  22.329 0.1000000015
26297  -36.396  -48.928  22.165 0.1000000015
10632  -43.838  -66.456  29.670 0.2000000030
10597  -43.207  -66.440  31.516 0.2000000030
15398  -40.015  -59.823  27.894 0.3000000119
14592  -39.401  -62.172  28.899 0.3000000119
17114  -41.229  -57.610  26.788 0.3000000119
17115  -41.848  -57.938  26.665 0.3000000119
22448  -39.644  -53.001  25.971 0.1000000015
21608  -40.516  -53.481  25.670 0.2000000030
22457  -40.851  -52.672  25.617 0.1000000015
23362  -40.354  -51.765  25.610 0.1000000015
24257  -40.860  -50.848  25.548 0.1000000015
25235  -41.430  -49.904  25.213 0.1000000015
25253  -41.851  -49.247  25.120 0.1000000015
26262  -43.310  -48.686  25.145 0.1000000015
27233  -42.889  -47.640  25.136 0.1000000015
28134  -45.726  -46.823  24.947 0.1000000015
28133  -44.641  -46.784  24.903 0.1000000015
28135  -46.835  -46.865  24.921 0.1000000015
26258  -39.243  -48.231  24.809 0.1000000015
27231  -40.842  -47.667  24.903 0.1000000015
27230  -39.960  -47.634  24.515 0.1000000015
28130  -41.410  -46.951  24.708 0.1000000015
28950  -44.219  -45.951  24.399 0.1000000015
28953  -47.380  -45.984  24.500 0.1000000015
26256  -37.526  -48.082  24.570 0.1000000015
27227  -37.377  -47.740  24.025 0.1000000015
27265  -36.896  -47.817  22.770 0.1000000015
26299  -37.679  -48.358  21.317 0.1000000015
12982  -44.166  -63.551  31.727 0.2000000030
12165  -42.160  -65.148  32.160 0.2000000030
13787  -44.700  -63.317  31.329 0.3000000119
12980  -41.925  -64.433  31.724 0.2000000030
15383  -40.845  -61.081  27.985 0.3000000119
15384  -41.555  -61.284  27.948 0.3000000119
13016  -41.005  -63.558  30.315 0.3000000119
17116  -42.929  -58.495  26.495 0.3000000119
18903  -42.587  -56.903  25.515 0.2000000030
17107  -42.585  -59.001  26.982 0.3000000119
20747  -40.954  -54.392  25.519 0.2000000030
23363  -41.270  -51.775  25.524 0.1000000015
23364  -42.139  -51.760  25.308 0.2000000030
24258  -41.697  -50.896  25.354 0.1000000015
28158  -41.431  -46.264  23.996 0.1000000015
28159  -42.358  -45.885  23.966 0.1000000015
28971  -40.196  -46.109  23.052 0.1000000015
28973  -41.864  -45.387  23.324 0.1000000015
28972  -40.919  -45.817  23.202 0.1000000015
28155  -38.621  -46.928  23.278 0.1000000015
28166  -38.933  -46.640  22.627 0.1000000015
28175  -39.140  -46.654  21.860 0.1000000015
27278  -38.727  -47.327  21.168 0.1000000015
13788  -45.324  -63.187  31.082 0.3000000119
12983  -45.313  -63.586  31.740 0.3000000119
13807  -45.255  -62.649  30.288 0.3000000119
13827  -44.208  -62.384  29.548 0.3000000119
14628  -42.540  -60.844  27.703 0.3000000119
14629  -43.253  -60.891  27.718 0.3000000119
13846  -43.274  -62.061  28.786 0.3000000119
17117  -44.117  -58.554  25.789 0.3000000119
16240  -43.175  -59.763  27.065 0.3000000119
21611  -43.228  -53.984  24.892 0.2000000030
21622  -43.134  -53.310  24.908 0.2000000030
12945  -47.646  -63.194  32.685 0.1000000015
14566  -47.348  -61.559  31.312 0.2000000030
13791  -47.446  -62.427  31.116 0.3000000119
14593  -45.752  -61.710  28.732 0.3000000119
16257  -44.784  -59.383  26.020 0.3000000119
15425  -45.249  -60.014  26.500 0.3000000119
17131  -44.424  -58.018  25.650 0.2000000030
17996  -44.676  -57.499  25.817 0.2000000030
18928  -44.633  -55.760  24.991 0.2000000030
15364  -47.024  -60.911  30.774 0.3000000119
14595  -46.546  -61.129  29.358 0.3000000119
15426  -45.922  -59.952  26.795 0.3000000119
17985  -45.295  -58.222  26.471 0.2000000030
18904  -44.649  -56.527  26.026 0.1000000015
16218  -46.024  -59.959  29.293 0.3000000119
16242  -46.052  -59.673  27.370 0.3000000119
17093  -45.215  -58.747  28.109 0.2000000030
17964  -44.538  -57.351  27.220 0.1000000015
18875  -44.221  -57.003  27.430 0.1000000015
17070  -44.565  -58.605  28.872 0.2000000030
20710  -44.708  -54.317  26.690 0.1000000015
11525  -48.084  -65.108  19.414 0.3000000119
10772  -46.183  -66.253  19.225 0.3000000119
10773  -47.021  -65.950  19.219 0.3000000119
7762  -41.053  -70.696  18.815 0.2000000030
7043  -39.288  -71.738  18.508 0.2000000030
10008  -44.802  -67.542  18.760 0.4000000060
9293  -43.488  -68.724  18.508 0.3000000119
11526  -48.447  -64.623  19.414 0.4000000060
10009  -45.786  -67.696  18.226 0.4000000060
8543  -43.283  -69.497  18.329 0.3000000119
7763  -42.070  -70.549  18.511 0.2000000030
10787  -47.604  -66.130  18.598 0.4000000060
10011  -47.118  -66.685  18.304 0.4000000060
9294  -44.549  -68.635  18.357 0.4000000060
11536  -48.484  -64.682  18.962 0.4000000060
12331  -48.608  -64.183  18.882 0.4000000060
8544  -43.987  -69.239  18.301 0.3000000119
7046  -42.156  -70.971  18.171 0.3000000119
11535  -48.186  -65.327  18.374 0.4000000060
10010  -46.626  -67.099  18.197 0.4000000060
8560  -44.883  -68.968  17.664 0.3000000119
7764  -42.865  -70.112  18.289 0.4000000060
13171  -48.363  -63.757  18.894 0.4000000060
10022  -46.380  -67.499  17.444 0.4000000060
7788  -44.145  -69.761  17.540 0.3000000119
13148  -47.188  -63.326  19.636 0.4000000060
10802  -47.783  -66.074  17.603 0.4000000060
9304  -45.820  -67.949  17.440 0.4000000060
13185  -48.024  -63.866  18.188 0.4000000060
8574  -44.380  -69.582  17.036 0.3000000119
11550  -48.063  -65.110  17.509 0.4000000060
10034  -47.097  -66.721  16.834 0.4000000060
9316  -45.791  -67.984  16.939 0.4000000060
12346  -47.659  -64.416  17.499 0.4000000060
10816  -47.570  -65.902  16.707 0.4000000060
10033  -46.317  -67.338  16.422 0.4000000060
9315  -45.054  -68.678  16.589 0.3000000119
13184  -47.363  -63.882  18.063 0.4000000060
10831  -47.024  -66.286  16.085 0.4000000060
10047  -46.670  -66.802  15.997 0.4000000060
10032  -45.583  -67.773  16.063 0.3000000119
8595  -44.149  -69.414  16.409 0.2000000030
13169  -46.866  -63.652  18.789 0.3000000119
12363  -47.099  -64.659  17.002 0.4000000060
13183  -46.520  -63.981  18.048 0.4000000060
10830  -46.500  -66.482  15.481 0.4000000060
9337  -45.027  -68.134  15.759 0.2000000030
8593  -42.538  -69.684  15.886 0.3000000119
13168  -45.832  -63.867  18.661 0.3000000119
12344  -45.899  -64.384  17.571 0.3000000119
10046  -46.020  -67.058  15.385 0.3000000119
10044  -44.779  -67.922  15.347 0.2000000030
9336  -44.270  -68.624  15.641 0.2000000030
8592  -41.623  -69.409  15.608 0.2000000030
13145  -44.155  -63.229  19.545 0.3000000119
12329  -45.231  -64.242  18.177 0.3000000119
12362  -46.391  -64.879  16.721 0.4000000060
10045  -45.264  -67.559  15.262 0.1000000015
13144  -43.093  -63.174  19.651 0.3000000119
12328  -44.238  -64.308  18.240 0.3000000119
12361  -45.328  -64.985  16.770 0.2000000030
11596  -45.818  -65.679  15.206 0.2000000030
9358  -44.043  -67.982  14.898 0.1000000015
12360  -44.346  -65.111  16.821 0.2000000030
10063  -45.461  -66.991  14.466 0.1000000015
9357  -43.468  -68.191  14.985 0.1000000015
9356  -42.600  -68.393  15.016 0.1000000015
13958  -42.640  -62.471  20.215 0.2000000030
13166  -43.661  -63.746  18.910 0.3000000119
13928  -41.099  -61.342  20.263 0.2000000030
13143  -41.859  -62.978  19.708 0.1000000015
12342  -43.797  -64.750  17.520 0.2000000030
11568  -44.655  -65.379  16.070 0.1000000015
10083  -45.360  -66.758  13.903 0.1000000015
10061  -43.745  -67.633  14.297 0.1000000015
13165  -42.575  -63.737  18.970 0.2000000030
12327  -43.203  -64.253  18.228 0.2000000030
12359  -43.400  -65.130  16.661 0.1000000015
11620  -45.204  -65.823  14.248 0.1000000015
11642  -45.307  -66.132  13.568 0.1000000015
10082  -44.970  -66.865  13.580 0.1000000015
10059  -42.008  -67.954  14.492 0.1000000015
9354  -40.558  -68.462  14.734 0.1000000015
13164  -41.479  -63.759  18.879 0.1000000015
12341  -42.805  -64.677  17.479 0.2000000030
11594  -43.546  -65.459  15.480 0.1000000015
10081  -44.144  -67.255  13.480 0.1000000015
10080  -43.149  -67.328  13.404 0.1000000015
10078  -41.272  -67.756  14.024 0.1000000015
9373  -38.802  -69.084  14.167 0.1000000015
11641  -44.744  -65.706  13.217 0.1000000015
11665  -44.916  -65.995  12.728 0.1000000015
10096  -41.262  -67.651  12.902 0.1000000015
9374  -39.462  -68.571  13.519 0.1000000015
10099  -44.467  -66.782  12.786 0.1000000015
20766  -44.619  -54.555  24.605 0.2000000030
14726  -40.454  -61.496  20.025 0.1000000015
13142  -40.610  -63.110  19.433 0.1000000015
12340  -41.834  -64.652  17.477 0.1000000015
12358  -42.464  -64.995  16.752 0.1000000015
11619  -44.269  -65.665  14.132 0.1000000015
9375  -40.468  -67.938  13.486 0.1000000015
10785  -46.032  -66.918  18.669 0.3000000119
10786  -46.820  -66.564  18.696 0.4000000060
8542  -42.330  -69.703  18.598 0.3000000119
9295  -45.195  -68.180  18.318 0.3000000119
10023  -47.226  -66.806  17.824 0.4000000060
7787  -43.663  -69.947  17.845 0.3000000119
11551  -48.412  -64.667  18.337 0.4000000060
10021  -45.832  -67.907  17.692 0.4000000060
8575  -44.861  -69.065  17.369 0.3000000119
12347  -48.362  -64.257  18.122 0.4000000060
11571  -47.183  -65.233  16.608 0.4000000060
11597  -46.576  -65.905  15.626 0.2000000030
9335  -43.139  -68.985  15.506 0.2000000030
13167  -44.716  -63.862  18.892 0.3000000119
10847  -46.059  -66.555  14.946 0.2000000030
10062  -44.590  -67.544  14.634 0.1000000015
11570  -46.358  -65.425  16.011 0.4000000060
12343  -44.821  -64.652  17.517 0.2000000030
11569  -45.632  -65.371  15.969 0.2000000030
10846  -45.759  -66.608  14.439 0.1000000015
9355  -41.680  -68.609  15.139 0.1000000015
11643  -45.533  -66.420  14.046 0.1000000015
11595  -44.904  -65.607  15.143 0.1000000015
10863  -45.354  -66.558  13.637 0.1000000015
10058  -41.392  -68.178  14.595 0.1000000015
13956  -40.853  -61.953  20.005 0.1000000015
12326  -42.194  -64.213  18.193 0.1000000015
11567  -43.991  -65.338  16.264 0.1000000015
10885  -45.044  -66.493  12.995 0.1000000015
12383  -42.338  -65.190  15.954 0.1000000015
12325  -41.315  -64.286  18.157 0.1000000015
10744  -44.448  -66.169  21.569 0.3000000119
11497  -44.786  -65.859  21.208 0.2000000030
10759  -43.939  -66.039  20.804 0.3000000119
11509  -44.796  -65.811  20.624 0.2000000030
10731  -46.530  -66.153  23.188 0.4000000060
11499  -46.166  -65.696  22.050 0.2000000030
11485  -46.442  -65.950  22.684 0.4000000060
11498  -45.200  -65.829  21.405 0.3000000119
10769  -43.006  -66.538  19.752 0.2000000030
10770  -44.120  -66.248  19.797 0.2000000030
10768  -42.045  -66.762  19.769 0.1000000015
9986  -41.887  -67.430  19.246 0.1000000015
11510  -45.788  -65.548  20.742 0.3000000119
9988  -43.822  -67.001  19.167 0.2000000030
9985  -40.933  -67.530  19.147 0.1000000015
10004  -40.890  -68.341  18.878 0.1000000015
10005  -41.754  -68.189  18.827 0.1000000015
9289  -39.754  -68.748  18.834 0.1000000015
10003  -40.341  -68.484  18.890 0.1000000015
9290  -40.760  -69.066  18.838 0.1000000015
8539  -39.552  -69.801  18.660 0.1000000015
11511  -46.734  -65.064  20.759 0.3000000119
11521  -44.878  -66.028  19.796 0.2000000030
9987  -42.848  -67.221  19.164 0.2000000030
10006  -42.697  -68.015  18.716 0.2000000030
8540  -40.480  -69.820  18.818 0.1000000015
8538  -38.563  -69.892  18.424 0.1000000015
11512  -47.724  -64.746  20.527 0.2000000030
11523  -46.405  -65.555  19.849 0.3000000119
9989  -44.480  -66.826  19.181 0.2000000030
9292  -42.538  -68.882  18.582 0.2000000030
7758  -37.887  -71.132  17.986 0.1000000015
7759  -38.511  -70.913  18.285 0.1000000015
10007  -43.714  -67.864  18.752 0.3000000119
12306  -47.937  -64.581  21.350 0.2000000030
8541  -41.420  -69.857  18.831 0.1000000015
7760  -39.427  -70.766  18.612 0.1000000015
7065  -38.070  -72.240  17.930 0.1000000015
11524  -47.278  -65.299  19.770 0.2000000030
7044  -40.338  -71.520  18.685 0.1000000015
6391  -38.500  -72.606  18.017 0.1000000015
12307  -48.287  -64.380  20.768 0.2000000030
7045  -41.512  -71.440  18.299 0.1000000015
6373  -39.843  -72.448  18.396 0.1000000015
5733  -36.825  -73.724  17.309 0.1000000015
6374  -40.704  -72.336  18.045 0.1000000015
7786  -42.739  -70.552  17.872 0.3000000119
5121  -38.962  -73.763  17.367 0.1000000015
12292  -47.901  -64.676  21.760 0.3000000119
10771  -45.186  -66.595  19.201 0.3000000119
7761  -40.196  -70.563  18.803 0.1000000015
7042  -38.464  -71.873  18.165 0.1000000015
11522  -45.512  -65.840  19.826 0.3000000119
9291  -41.622  -69.032  18.756 0.1000000015
6389  -37.154  -72.854  17.471 0.1000000015
6390  -37.973  -72.831  17.792 0.1000000015
5722  -39.412  -72.978  18.042 0.1000000015
6388  -36.078  -72.828  17.176 0.1000000015
5735  -38.774  -73.326  17.849 0.1000000015
5755  -39.866  -73.365  17.010 0.1000000015
5154  -38.944  -74.102  16.340 0.1000000015
5768  -40.127  -72.965  16.679 0.2000000030
4606  -38.267  -74.897  15.987 0.1000000015
6393  -41.182  -72.089  17.418 0.2000000030
6409  -40.729  -72.472  16.880 0.2000000030
5767  -39.431  -73.466  16.123 0.2000000030
7079  -40.980  -71.830  16.453 0.1000000015
5153  -38.677  -74.299  15.826 0.1000000015
6421  -40.202  -72.421  16.142 0.2000000030
7067  -42.140  -71.128  17.794 0.2000000030
7080  -41.708  -71.355  16.883 0.1000000015
5783  -39.063  -73.498  15.621 0.1000000015
6420  -39.652  -72.694  15.730 0.1000000015
7807  -43.551  -70.187  17.132 0.2000000030
7806  -42.503  -70.696  17.157 0.2000000030
7086  -40.524  -71.346  15.902 0.1000000015
7805  -42.216  -70.734  16.667 0.1000000015
7087  -41.272  -71.122  16.175 0.1000000015
7818  -43.069  -70.248  16.775 0.2000000030
7815  -40.987  -70.359  15.798 0.1000000015
7817  -42.634  -70.273  16.498 0.1000000015
8573  -43.961  -69.828  16.687 0.2000000030
7816  -41.889  -70.457  16.183 0.1000000015
7085  -39.635  -71.801  15.462 0.1000000015
7066  -41.701  -71.597  17.653 0.1000000015
6392  -40.654  -72.595  17.427 0.1000000015
10746  -45.802  -66.336  22.511 0.2000000030
9910  -45.679  -67.185  26.086 0.1000000015
12961  -44.268  -64.270  32.566 0.1000000015
10633  -44.448  -67.014  29.820 0.1000000015
11347  -42.548  -65.584  32.189 0.1000000015
12149  -45.219  -64.613  33.001 0.2000000030
12148  -44.401  -65.039  33.122 0.1000000015
10620  -44.445  -67.371  30.874 0.1000000015
12962  -45.200  -64.028  32.399 0.2000000030
12960  -43.699  -64.599  32.637 0.1000000015
12147  -43.175  -65.077  32.610 0.1000000015
10578  -43.761  -66.441  32.239 0.1000000015
10619  -43.910  -66.780  30.672 0.1000000015
10730  -46.180  -66.468  23.028 0.2000000030
12146  -42.723  -65.423  32.349 0.1000000015
12963  -46.129  -63.905  32.304 0.2000000030
9872  -44.684  -67.636  29.719 0.1000000015
11348  -43.088  -65.874  32.335 0.1000000015
11333  -44.684  -65.552  33.226 0.1000000015
10729  -45.435  -66.788  22.778 0.1000000015
10745  -45.296  -66.281  22.142 0.1000000015
16202  -45.282  -59.584  30.361 0.1000000015
16183  -45.383  -59.867  31.048 0.1000000015
15344  -46.074  -60.253  31.115 0.1000000015
15320  -46.015  -60.606  32.036 0.1000000015
14530  -46.402  -61.675  33.157 0.1000000015
15345  -46.948  -60.837  31.170 0.1000000015
16181  -43.640  -59.289  30.922 0.1000000015
15342  -44.377  -59.990  31.619 0.1000000015
15318  -44.010  -60.576  32.315 0.1000000015
14528  -44.457  -61.644  33.392 0.1000000015
16182  -44.753  -59.607  31.028 0.1000000015
15343  -45.315  -60.107  31.543 0.1000000015
15319  -45.073  -60.546  32.209 0.1000000015
14529  -45.467  -61.629  33.316 0.1000000015
13740  -45.818  -62.648  34.496 0.1000000015
16201  -44.251  -59.196  30.405 0.1000000015
15317  -42.879  -60.729  32.240 0.1000000015
15341  -43.282  -59.961  31.659 0.1000000015
16200  -43.718  -58.977  30.404 0.1000000015
14548  -44.748  -61.129  32.855 0.1000000015
13771  -43.290  -61.859  33.390 0.1000000015
17053  -44.415  -58.974  29.761 0.1000000015
17069  -43.956  -58.397  29.365 0.1000000015
16179  -41.467  -59.216  31.331 0.1000000015
17042  -42.699  -58.655  30.702 0.1000000015
17043  -43.315  -58.746  30.431 0.1000000015
17052  -43.637  -58.594  29.975 0.1000000015
21623  -43.887  -53.651  24.508 0.1000000015
23374  -44.826  -51.674  24.473 0.1000000015
17910  -43.013  -57.991  29.613 0.1000000015
17920  -44.062  -58.154  28.857 0.1000000015
22459  -42.649  -52.626  25.111 0.1000000015
21624  -44.985  -53.641  24.508 0.1000000015
24273  -45.315  -50.691  24.560 0.1000000015
23373  -43.870  -51.676  24.712 0.1000000015
16180  -42.523  -59.249  31.221 0.1000000015
15340  -42.165  -59.991  31.683 0.1000000015
15316  -41.740  -60.734  32.175 0.1000000015
23365  -42.991  -51.711  25.056 0.1000000015
13772  -47.366  -61.926  32.447 0.1000000015
13756  -47.312  -62.462  33.130 0.1000000015
14565  -47.099  -61.192  31.783 0.1000000015
17054  -44.937  -59.216  29.512 0.1000000015
22467  -43.467  -52.613  24.765 0.1000000015
14549  -45.792  -61.108  32.720 0.1000000015
13755  -46.231  -62.144  33.797 0.1000000015
17051  -42.820  -58.242  30.201 0.1000000015
22468  -44.385  -52.663  24.507 0.1000000015
24272  -44.311  -50.680  24.671 0.1000000015
15487  -39.927  -60.195  20.327 0.1000000015
16342  -39.357  -59.355  20.478 0.1000000015
9955  -43.158  -67.629  22.550 0.1000000015
10726  -42.706  -66.942  21.987 0.1000000015
9954  -42.097  -67.660  22.442 0.1000000015
10725  -41.524  -66.832  21.909 0.1000000015
10727  -43.728  -66.886  22.179 0.1000000015
9241  -41.649  -68.439  22.860 0.1000000015
9243  -43.637  -68.271  23.035 0.1000000015
9956  -44.087  -67.575  22.757 0.1000000015
9231  -42.088  -69.168  23.156 0.1000000015
9242  -42.641  -68.420  22.852 0.1000000015
9230  -41.197  -69.133  23.173 0.1000000015
9232  -43.052  -69.023  23.384 0.1000000015
6938  -37.467  -72.146  28.540 0.1000000015
6939  -37.870  -71.698  27.864 0.1000000015
5652  -38.492  -73.345  24.815 0.1000000015
5034  -38.186  -73.666  24.486 0.1000000015
5667  -38.483  -73.261  24.088 0.1000000015
6337  -38.368  -72.652  23.466 0.1000000015
5678  -38.224  -73.273  23.626 0.1000000015
6331  -39.132  -72.266  23.963 0.1000000015
9240  -40.863  -68.467  22.953 0.1000000015
9229  -40.260  -68.906  23.107 0.1000000015
10743  -43.375  -66.382  21.434 0.1000000015
6995  -37.418  -71.913  22.738 0.1000000015
7719  -38.285  -71.022  23.214 0.1000000015
8495  -38.153  -70.144  23.134 0.1000000015
9228  -39.238  -68.626  23.016 0.1000000015
8486  -40.657  -69.825  23.312 0.1000000015
10758  -43.149  -66.226  20.584 0.1000000015
6340  -36.490  -72.430  21.837 0.1000000015
7718  -37.472  -70.842  22.708 0.1000000015
8485  -39.693  -69.689  23.290 0.1000000015
7711  -40.969  -70.479  23.594 0.1000000015
6275  -37.922  -72.486  27.067 0.1000000015
6288  -38.591  -72.606  26.087 0.1000000015
9244  -44.260  -68.002  23.220 0.1000000015
9957  -44.907  -67.523  23.234 0.1000000015
6302  -38.871  -72.806  25.227 0.1000000015
6318  -38.979  -72.637  24.590 0.1000000015
7709  -39.070  -70.594  23.411 0.1000000015
8487  -41.514  -69.855  23.395 0.1000000015
6990  -39.665  -71.415  23.742 0.1000000015
6991  -40.482  -71.048  23.842 0.1000000015
7710  -40.124  -70.560  23.509 0.1000000015
7712  -41.650  -70.328  23.871 0.1000000015
7635  -37.896  -70.774  28.702 0.1000000015
8411  -38.520  -70.037  29.015 0.1000000015
8377  -38.402  -69.959  30.851 0.1000000015
6952  -38.709  -71.514  26.797 0.1000000015
9958  -45.578  -67.051  23.230 0.1000000015
6303  -39.452  -72.233  24.929 0.1000000015
6319  -39.634  -71.961  24.443 0.1000000015
6332  -39.653  -71.821  24.078 0.1000000015
6992  -41.069  -70.765  23.976 0.1000000015
6978  -40.095  -71.531  24.144 0.1000000015
8393  -38.862  -69.632  29.824 0.1000000015
9233  -44.304  -68.455  23.946 0.1000000015
8378  -39.337  -69.456  30.899 0.1000000015
8358  -39.795  -69.486  31.953 0.1000000015
8490  -43.772  -69.166  24.495 0.1000000015
7667  -39.003  -70.801  27.069 0.1000000015
7636  -38.668  -70.234  28.250 0.1000000015
10728  -44.657  -66.866  22.468 0.1000000015
6289  -39.283  -72.198  25.391 0.1000000015
7701  -41.830  -70.313  24.212 0.1000000015
8488  -42.247  -69.665  23.698 0.1000000015
6980  -41.393  -70.622  24.382 0.1000000015
6304  -39.950  -71.747  24.795 0.1000000015
6320  -40.205  -71.521  24.523 0.1000000015
8412  -39.367  -69.669  28.666 0.1000000015
8489  -43.055  -69.526  24.178 0.1000000015
7714  -42.503  -69.943  24.387 0.1000000015
6963  -40.634  -71.229  24.967 0.1000000015
6953  -39.702  -71.471  25.733 0.1000000015
6962  -39.825  -71.805  25.140 0.1000000015
8478  -43.470  -69.556  24.884 0.1000000015
8479  -44.259  -69.059  25.052 0.1000000015
7703  -42.761  -69.973  24.732 0.1000000015
6964  -41.545  -70.635  24.836 0.1000000015
7702  -42.073  -70.279  24.523 0.1000000015
7650  -39.331  -70.232  27.521 0.1000000015
7668  -39.589  -70.746  26.598 0.1000000015
6954  -40.458  -71.080  25.469 0.1000000015
7684  -40.778  -70.918  25.393 0.1000000015
8466  -44.363  -69.140  26.023 0.1000000015
7671  -42.830  -69.822  26.274 0.1000000015
7687  -43.084  -69.836  25.415 0.1000000015
8394  -39.906  -69.342  29.789 0.1000000015
7670  -41.809  -70.353  26.092 0.1000000015
7685  -41.288  -70.679  25.362 0.1000000015
9194  -44.823  -68.825  26.493 0.1000000015
8449  -43.761  -69.429  26.546 0.1000000015
7672  -43.365  -69.643  25.938 0.1000000015
7669  -40.663  -70.648  25.995 0.1000000015
7651  -40.335  -70.141  27.050 0.1000000015
9181  -44.778  -68.744  27.290 0.1000000015
8429  -40.077  -69.686  27.869 0.1000000015
8320  -40.128  -69.682  34.038 0.1000000015
8335  -39.991  -69.703  33.150 0.1000000015
6996  -38.022  -71.795  23.114 0.1000000015
6989  -38.766  -71.654  23.509 0.1000000015
8484  -38.739  -69.514  23.221 0.1000000015
7713  -42.212  -70.022  24.141 0.1000000015
7649  -38.505  -70.821  27.622 0.1000000015
6979  -40.671  -71.138  24.292 0.1000000015
8465  -43.737  -69.473  25.621 0.1000000015
7686  -42.215  -70.338  25.217 0.1000000015
1278  -28.184  -81.930  14.419 0.1000000015
1358  -27.438  -81.934  10.656 0.1000000015
1340  -27.947  -82.022  11.705 0.1000000015
1322  -28.374  -82.162  12.537 0.1000000015
1002  -27.532  -82.741  13.966 0.1000000015
1381  -26.962  -81.292  9.426 0.1000000015
1795  -26.880  -80.886  8.797 0.1000000015
1705  -29.286  -81.494  14.243 0.1000000015
2126  -29.120  -81.276  14.429 0.1000000015
2113  -28.774  -80.741  14.795 0.1000000015
1286  -29.042  -81.896  13.982 0.1000000015
1303  -28.690  -82.179  13.329 0.1000000015
1693  -27.867  -81.472  15.007 0.1000000015
1359  -28.178  -81.605  11.143 0.1000000015
1302  -27.802  -82.503  13.375 0.1000000015
1321  -27.607  -82.386  12.538 0.1000000015
1764  -27.989  -81.322  10.571 0.1000000015
1782  -27.330  -81.130  9.855 0.1000000015
2211  -27.209  -80.398  9.282 0.1000000015
2652  -27.265  -79.954  9.188 0.1000000015
4602  -30.273  -75.392  15.774 0.1000000015
4068  -29.524  -76.548  15.345 0.1000000015
4586  -31.431  -75.050  15.980 0.1000000015
2114  -29.908  -80.369  14.829 0.1000000015
2548  -29.271  -79.441  15.153 0.1000000015
3027  -29.318  -78.337  15.257 0.1000000015
3527  -29.908  -77.596  15.284 0.1000000015
2127  -29.555  -81.047  14.400 0.1000000015
1706  -29.802  -81.375  14.020 0.1000000015
1304  -29.411  -81.793  13.258 0.1000000015
1287  -29.585  -81.633  13.684 0.1000000015
5135  -31.238  -74.243  16.261 0.1000000015
3028  -30.177  -78.617  15.309 0.1000000015
2549  -30.470  -79.564  15.203 0.1000000015
1323  -29.116  -81.926  12.534 0.1000000015
1342  -29.280  -81.654  12.015 0.1000000015
1746  -28.998  -81.461  11.388 0.1000000015
1765  -28.727  -81.232  11.103 0.1000000015
2194  -28.792  -80.782  11.037 0.1000000015
4069  -30.618  -76.741  15.449 0.1000000015
1720  -30.047  -81.331  13.363 0.1000000015
2115  -30.868  -80.268  14.924 0.1000000015
2128  -30.355  -80.792  14.407 0.1000000015
4601  -28.999  -75.649  15.540 0.1000000015
2129  -31.292  -80.373  14.195 0.1000000015
2552  -32.259  -79.250  14.134 0.1000000015
3041  -32.598  -78.818  13.792 0.1000000015
3029  -31.135  -78.805  15.525 0.1000000015
2116  -31.347  -79.958  14.743 0.1000000015
3030  -31.987  -78.785  15.240 0.1000000015
2551  -31.829  -79.472  14.597 0.1000000015
3528  -30.881  -77.832  15.539 0.1000000015
3529  -31.839  -78.011  15.601 0.1000000015
3530  -32.783  -77.997  15.543 0.1000000015
2550  -31.328  -79.560  15.134 0.1000000015
2565  -32.126  -79.492  13.530 0.1000000015
1341  -28.802  -81.740  11.688 0.1000000015
1694  -28.737  -81.520  14.429 0.1000000015
1747  -29.304  -81.290  11.527 0.1000000015
1766  -29.090  -81.274  11.243 0.1000000015
2195  -29.144  -81.050  11.155 0.1000000015
2210  -27.292  -80.231  9.724 0.1000000015
2564  -31.910  -79.797  14.038 0.1000000015
2651  -27.172  -79.799  9.656 0.1000000015
4585  -30.831  -74.755  16.074 0.1000000015
5244  -38.281  -73.916  8.361 0.1000000015
5264  -37.203  -74.249  7.771 0.1000000015
5283  -34.837  -74.638  7.191 0.1000000015
5286  -36.939  -74.040  7.421 0.1000000015
5303  -35.169  -74.324  6.813 0.1000000015
5305  -36.109  -74.146  7.085 0.1000000015
5721  -39.118  -73.034  18.098 0.1000000015
5756  -40.332  -72.904  17.131 0.1000000015
5766  -38.938  -73.755  15.742 0.1000000015
5846  -33.571  -73.678  10.675 0.1000000015
5847  -34.375  -73.594  10.365 0.1000000015
5908  -37.751  -73.562  7.835 0.1000000015
6336  -37.790  -72.544  22.982 0.1000000015
6372  -39.081  -72.623  18.225 0.1000000015
6375  -41.324  -71.926  17.904 0.1000000015
6410  -41.188  -71.983  16.913 0.1000000015
6475  -34.626  -73.079  11.483 0.1000000015
6479  -39.278  -72.709  10.881 0.1000000015
6498  -36.235  -73.085  10.794 0.1000000015
6499  -39.723  -72.918  10.200 0.1000000015
6500  -40.024  -72.772  9.887 0.1000000015
6512  -40.000  -72.661  9.428 0.1000000015
6544  -36.652  -73.283  7.363 0.1000000015
6965  -41.906  -70.443  24.756 0.1000000015
6981  -41.726  -70.476  24.586 0.1000000015
7081  -42.020  -71.217  17.398 0.2000000030
7144  -37.766  -71.136  12.229 0.1000000015
7172  -41.247  -71.089  10.124 0.1000000015
7199  -40.629  -72.067  9.729 0.1000000015
7229  -40.604  -71.797  9.225 0.1000000015
7253  -40.899  -70.968  8.632 0.1000000015
7808  -43.982  -69.945  17.403 0.3000000119
7966  -39.556  -70.416  7.833 0.1000000015
8558  -43.894  -69.591  18.129 0.3000000119
8559  -44.409  -69.362  17.818 0.3000000119
8616  -41.046  -68.915  15.240 0.1000000015
8653  -40.120  -69.305  11.774 0.1000000015
8672  -39.867  -69.774  11.733 0.1000000015
8738  -38.759  -69.306  7.096 0.1000000015
8740  -40.396  -69.380  7.064 0.1000000015
8761  -38.817  -69.088  6.662 0.1000000015
9234  -45.058  -67.869  23.986 0.1000000015
9302  -44.848  -68.919  17.905 0.3000000119
9303  -45.374  -68.510  17.683 0.4000000060
9314  -44.493  -69.110  16.416 0.2000000030
9333  -41.865  -68.960  15.494 0.2000000030
9334  -42.263  -68.976  15.506 0.2000000030
9353  -39.402  -68.914  14.705 0.1000000015
9426  -42.412  -68.353  10.481 0.1000000015
9463  -40.043  -69.051  6.726 0.1000000015
9464  -40.477  -68.587  6.902 0.1000000015
9887  -44.745  -67.191  29.237 0.1000000015
10060  -42.877  -67.738  14.343 0.1000000015
10064  -45.860  -66.807  14.771 0.2000000030
10100  -44.912  -66.718  13.059 0.1000000015
10171  -40.952  -67.079  7.865 0.1000000015
10189  -39.580  -67.331  7.106 0.1000000015
10204  -40.322  -68.082  6.829 0.1000000015
10577  -43.224  -66.295  32.077 0.1000000015
10616  -41.376  -66.231  30.050 0.3000000119
10627  -39.360  -66.068  29.276 0.4000000060
10645  -38.962  -66.053  28.829 0.4000000060
10663  -38.697  -65.939  28.407 0.4000000060
10774  -47.565  -65.665  19.228 0.3000000119
10784  -45.467  -67.209  18.691 0.3000000119
10864  -45.515  -66.667  14.067 0.1000000015
10917  -42.670  -66.158  10.287 0.1000000015
10963  -42.473  -66.693  9.233 0.1000000015
10994  -37.831  -67.043  6.535 0.1000000015
11349  -44.201  -65.913  32.939 0.1000000015
11367  -42.928  -66.160  31.984 0.1000000015
11382  -39.344  -65.514  30.085 0.3000000119
11391  -37.986  -65.570  29.329 0.4000000060
11407  -38.344  -65.880  28.793 0.4000000060
11421  -39.923  -66.034  27.189 0.4000000060
11459  -45.373  -65.706  25.185 0.4000000060
11501  -47.864  -64.736  21.989 0.3000000119
11513  -48.173  -64.647  20.120 0.2000000030
11590  -39.428  -65.387  14.258 0.1000000015
11598  -47.141  -65.835  16.234 0.4000000060
11621  -45.836  -66.164  14.619 0.1000000015
11622  -46.277  -66.269  15.137 0.2000000030
11679  -40.988  -65.337  11.068 0.1000000015
11715  -39.030  -65.065  9.425 0.1000000015
11741  -41.652  -66.124  9.448 0.1000000015
12178  -37.975  -64.627  30.072 0.4000000060
12188  -37.472  -64.954  29.469 0.4000000060
12202  -37.055  -64.903  28.564 0.4000000060
12218  -36.813  -64.776  27.702 0.5000000000
12270  -48.367  -64.037  22.911 0.5000000000
12277  -48.140  -64.457  22.684 0.5000000000
12318  -48.386  -64.479  19.891 0.5000000000
12319  -48.576  -64.256  19.504 0.4000000060
12330  -45.765  -64.127  18.096 0.3000000119
12345  -46.883  -64.314  17.425 0.4000000060
12384  -42.930  -65.203  16.211 0.1000000015
12526  -35.183  -65.275  7.741 0.1000000015
12965  -47.657  -63.046  31.861 0.3000000119
12984  -46.256  -63.510  31.597 0.3000000119
12998  -37.945  -64.254  30.131 0.4000000060
13017  -41.504  -63.416  30.362 0.3000000119
13029  -35.716  -62.885  27.815 0.5000000000
13046  -35.905  -63.369  27.257 0.5000000000
13055  -36.228  -63.730  26.328 0.5000000000
13056  -36.706  -64.116  26.019 0.5000000000
13062  -36.341  -63.278  25.834 0.5000000000
13065  -38.795  -63.842  24.927 0.5000000000
13073  -38.407  -63.038  24.753 0.4000000060
13093  -48.225  -63.432  23.080 0.5000000000
13094  -48.397  -63.567  22.706 0.5000000000
13106  -48.490  -63.494  21.827 0.4000000060
13147  -46.147  -63.422  19.674 0.5000000000
13170  -47.751  -63.533  18.838 0.4000000060
13182  -46.028  -64.063  18.061 0.3000000119
13234  -36.920  -63.619  13.542 0.1000000015
13274  -37.595  -63.819  10.128 0.1000000015
13753  -43.879  -61.971  33.755 0.1000000015
13754  -45.084  -62.097  33.903 0.1000000015
13789  -46.260  -63.022  30.853 0.3000000119
13804  -42.019  -63.253  30.434 0.3000000119
13809  -47.021  -62.175  30.146 0.3000000119
13810  -47.303  -61.787  30.636 0.3000000119
13830  -46.656  -61.670  29.591 0.3000000119
13848  -45.174  -61.858  28.476 0.3000000119
13859  -35.856  -63.150  26.727 0.5000000000
13876  -36.037  -62.053  25.457 0.5000000000
13891  -41.227  -62.995  23.812 0.5000000000
13905  -48.042  -63.264  23.130 0.5000000000
13907  -44.768  -62.114  22.280 0.5000000000
13911  -48.359  -63.328  22.372 0.5000000000
13929  -41.629  -61.531  20.372 0.2000000030
13963  -48.481  -63.338  20.483 0.5000000000
14060  -37.617  -62.390  11.525 0.1000000015
14527  -43.973  -61.660  33.417 0.1000000015
14550  -46.827  -61.368  32.444 0.1000000015
14551  -47.339  -61.640  32.036 0.2000000030
14578  -47.144  -61.226  30.665 0.3000000119
14589  -36.766  -62.377  29.193 0.4000000060
14616  -45.951  -61.294  28.279 0.3000000119
14617  -46.224  -60.923  28.421 0.3000000119
14632  -45.761  -61.023  27.730 0.3000000119
14660  -35.781  -60.961  24.869 0.3000000119
14661  -36.290  -61.192  24.774 0.3000000119
14663  -38.117  -61.555  24.266 0.3000000119
14673  -38.622  -61.332  23.932 0.3000000119
14705  -40.513  -61.054  20.218 0.1000000015
14867  -40.232  -62.113  6.077 0.1000000015
14871  -43.959  -61.365  5.915 0.1000000015
14877  -39.782  -62.216  5.769 0.1000000015
14881  -43.500  -61.241  5.447 0.1000000015
15321  -46.629  -60.821  31.746 0.1000000015
15346  -47.179  -61.112  30.997 0.2000000030
15362  -46.027  -60.029  30.464 0.2000000030
15401  -42.810  -60.328  27.406 0.3000000119
15403  -44.778  -60.513  27.013 0.3000000119
15422  -34.936  -60.505  26.632 0.3000000119
15423  -44.023  -59.891  26.686 0.3000000119
15438  -34.730  -59.974  26.162 0.3000000119
15472  -43.647  -61.220  22.095 0.4000000060
15492  -43.722  -61.567  21.467 0.4000000060
15665  -44.784  -60.517  6.735 0.1000000015
15675  -39.641  -61.692  6.162 0.1000000015
15678  -42.681  -61.419  6.555 0.1000000015
15680  -44.769  -60.764  6.203 0.1000000015
15696  -45.268  -60.455  5.779 0.1000000015
16224  -35.591  -59.406  28.077 0.4000000060
16229  -45.583  -59.473  28.668 0.2000000030
16233  -34.750  -59.257  27.093 0.4000000060
16255  -43.019  -59.230  26.950 0.3000000119
16258  -45.609  -59.319  26.173 0.3000000119
16277  -34.915  -60.149  25.097 0.3000000119
16278  -45.256  -59.023  25.853 0.3000000119
16279  -45.500  -59.077  25.948 0.2000000030
16295  -34.747  -59.241  24.707 0.4000000060
16298  -37.095  -59.993  24.051 0.4000000060
16307  -36.877  -58.959  23.765 0.3000000119
16316  -42.070  -60.332  22.035 0.4000000060
16317  -42.812  -60.327  22.091 0.5000000000
16318  -43.096  -60.493  21.749 0.4000000060
16330  -42.726  -60.623  21.989 0.4000000060
16510  -46.975  -59.416  7.393 0.1000000015
16522  -40.117  -60.732  6.601 0.1000000015
16526  -45.631  -60.161  6.495 0.1000000015
16528  -47.421  -58.966  6.768 0.1000000015
16539  -45.817  -59.810  5.628 0.1000000015
17089  -36.516  -58.806  28.421 0.4000000060
17091  -38.147  -58.987  28.256 0.4000000060
17092  -44.696  -58.349  28.234 0.2000000030
17101  -35.101  -58.575  27.687 0.3000000119
17108  -45.840  -58.837  27.109 0.2000000030
17118  -44.813  -58.886  25.796 0.2000000030
17119  -45.866  -58.813  26.345 0.2000000030
17130  -34.308  -58.422  25.280 0.3000000119
17169  -34.606  -58.264  24.197 0.4000000060
17188  -39.817  -58.305  21.487 0.3000000119
17333  -47.315  -58.071  10.778 0.1000000015
17362  -46.949  -58.292  9.592 0.1000000015
17375  -37.801  -58.331  8.224 0.1000000015
17399  -47.451  -58.585  7.284 0.1000000015
17407  -47.446  -58.617  6.786 0.1000000015
17935  -35.723  -58.018  28.117 0.3000000119
17960  -37.018  -57.623  28.226 0.4000000060
17963  -40.059  -57.594  27.324 0.3000000119
17977  -33.826  -56.967  26.204 0.3000000119
18027  -39.263  -57.873  22.393 0.3000000119
18045  -38.199  -57.262  22.293 0.2000000030
18048  -39.878  -58.272  21.897 0.3000000119
18054  -39.235  -57.445  21.104 0.2000000030
18070  -39.124  -57.770  20.770 0.2000000030
18262  -36.977  -57.542  10.344 0.1000000015
18301  -47.434  -57.424  8.581 0.1000000015
18310  -41.517  -58.324  7.931 0.1000000015
18898  -33.777  -56.510  26.219 0.3000000119
18914  -33.585  -56.504  25.592 0.3000000119
18960  -36.651  -56.323  22.452 0.2000000030
19194  -37.624  -56.383  10.316 0.1000000015
19209  -38.197  -56.555  9.372 0.1000000015
19215  -43.285  -56.987  9.958 0.1000000015
19231  -38.792  -56.924  8.707 0.1000000015
19240  -47.398  -56.974  8.924 0.1000000015
19827  -33.749  -55.873  26.241 0.3000000119
19828  -34.127  -55.897  26.719 0.3000000119
19840  -33.533  -55.812  25.716 0.3000000119
19856  -33.458  -55.453  24.923 0.2000000030
20070  -40.513  -55.852  10.627 0.1000000015
20084  -38.373  -56.175  9.684 0.1000000015
20087  -40.271  -55.885  9.886 0.1000000015
20704  -34.573  -55.379  27.141 0.2000000030
20705  -35.138  -55.085  27.535 0.2000000030
20727  -37.671  -54.190  27.160 0.2000000030
20745  -33.524  -54.877  25.565 0.2000000030
21590  -39.475  -53.312  26.144 0.1000000015
21620  -33.634  -53.554  24.601 0.2000000030
21621  -33.810  -53.124  24.238 0.2000000030
22447  -39.226  -52.575  26.107 0.1000000015
22455  -39.547  -52.332  25.893 0.1000000015
22465  -33.750  -52.999  24.542 0.2000000030
22493  -37.792  -51.832  21.184 0.1000000015
23347  -35.159  -51.030  26.214 0.1000000015
23349  -36.711  -51.432  26.505 0.1000000015
24239  -35.113  -50.653  25.938 0.1000000015
24270  -35.486  -49.626  25.165 0.1000000015
24290  -35.745  -50.286  22.597 0.1000000015
24292  -37.209  -50.789  21.717 0.1000000015
24295  -36.925  -49.673  21.635 0.1000000015
25229  -35.937  -49.184  25.135 0.1000000015
25231  -37.755  -49.267  25.575 0.1000000015
25251  -35.633  -49.123  24.455 0.2000000030
26237  -37.141  -48.497  24.789 0.1000000015
26242  -40.848  -49.464  25.252 0.1000000015
26254  -36.000  -48.604  24.005 0.2000000030
26255  -36.611  -48.347  24.312 0.1000000015
26285  -36.246  -48.376  23.563 0.2000000030
26292  -35.692  -49.125  23.279 0.1000000015
26293  -36.202  -48.630  22.779 0.1000000015
27226  -36.943  -47.850  23.847 0.2000000030
27228  -38.122  -47.602  24.208 0.1000000015
27256  -37.948  -47.320  23.564 0.1000000015
27264  -36.470  -48.156  23.143 0.1000000015
27266  -37.662  -47.317  22.913 0.1000000015
27272  -37.013  -47.926  22.224 0.1000000015
27274  -38.494  -47.021  21.741 0.1000000015
27277  -38.043  -47.770  21.210 0.1000000015
28127  -39.110  -47.039  23.729 0.1000000015
28154  -38.104  -47.087  23.113 0.1000000015
28174  -38.482  -46.888  22.148 0.1000000015
28994  -41.220  -45.270  22.524 0.1000000015
28995  -41.882  -44.933  22.667 0.1000000015
29786  -43.417  -44.756  23.095 0.1000000015
29810  -42.237  -44.694  22.240 0.1000000015
