#!ascii label  , from subject A00073942 vox2ras=TkReg
819
93487  40.322  26.615  25.345 0.0000000000
96263  43.918  31.016  21.852 0.0000000000
94787  45.213  28.465  32.153 0.0000000000
93455  35.437  26.534  27.044 0.0000000000
93430  37.632  26.427  30.255 0.0000000000
92894  42.848  24.588  20.229 0.0000000000
97530  38.100  32.164  22.507 0.0000000000
98136  40.528  33.618  17.829 0.0000000000
92751  43.319  26.196  36.071 0.0000000000
91035  44.840  23.028  32.830 0.0000000000
93520  45.396  26.127  23.264 0.0000000000
94135  43.758  27.129  28.715 0.0000000000
96243  43.509  30.568  26.578 0.0000000000
96838  42.460  31.568  32.144 0.0000000000
97579  42.141  32.983  14.925 0.0000000000
94894  42.897  27.782  18.642 0.0000000000
92180  40.500  24.555  32.845 0.0000000000
93489  38.140  26.535  25.402 0.0000000000
93444  36.535  26.945  28.239 0.0000000000
94148  39.288  27.593  27.489 0.0000000000
92874  41.412  25.528  22.311 0.0000000000
92843  38.546  26.015  23.865 0.0000000000
99237  37.949  35.504  20.293 0.0000000000
92714  42.402  25.038  38.791 0.0000000000
91600  44.906  22.854  36.124 0.0000000000
91007  45.153  21.695  38.324 0.0000000000
94943  40.817  28.702  13.609 0.0000000000
96261  45.565  29.542  22.168 0.0000000000
94815  44.753  28.419  24.748 0.0000000000
96907  44.620  31.779  24.618 0.0000000000
97463  39.977  32.686  28.731 0.0000000000
98033  41.852  32.960  29.454 0.0000000000
97426  40.557  32.450  32.089 0.0000000000
96809  42.001  31.259  34.972 0.0000000000
96295  40.858  30.184  20.215 0.0000000000
96316  41.086  30.071  18.270 0.0000000000
95597  43.548  28.894  20.541 0.0000000000
93554  45.482  26.288  20.231 0.0000000000
94123  45.246  27.757  29.908 0.0000000000
94109  41.939  27.194  31.565 0.0000000000
94093  43.389  26.934  32.854 0.0000000000
92190  35.543  24.662  30.335 0.0000000000
91628  36.836  23.622  30.847 0.0000000000
92917  43.062  24.940  17.143 0.0000000000
93570  40.580  26.485  18.520 0.0000000000
96924  41.141  31.062  22.573 0.0000000000
97511  42.738  33.296  24.008 0.0000000000
101099  39.725  39.127  18.913 0.0000000000
100482  41.433  36.849  17.519 0.0000000000
97539  39.072  32.266  19.699 0.0000000000
94085  44.970  27.865  34.143 0.0000000000
92762  45.380  25.523  33.394 0.0000000000
92757  46.354  24.788  34.443 0.0000000000
91039  46.481  21.977  32.979 0.0000000000
92839  42.897  25.709  23.738 0.0000000000
94153  41.866  27.328  26.949 0.0000000000
93483  44.168  26.978  25.988 0.0000000000
94809  44.877  28.067  27.235 0.0000000000
95523  44.892  29.372  29.502 0.0000000000
98067  43.638  33.764  26.414 0.0000000000
96885  42.761  31.422  29.139 0.0000000000
95511  44.369  29.660  32.056 0.0000000000
95439  43.228  29.335  34.722 0.0000000000
94736  42.055  28.717  37.463 0.0000000000
96969  39.854  31.464  14.672 0.0000000000
95658  42.854  29.821  14.293 0.0000000000
96332  42.951  30.130  15.684 0.0000000000
94267  43.604  27.139  16.094 0.0000000000
92902  44.077  24.561  18.523 0.0000000000
92238  44.920  23.748  21.637 0.0000000000
94128  40.505  27.801  29.299 0.0000000000
92774  38.918  25.553  31.680 0.0000000000
91051  38.459  22.623  31.456 0.0000000000
91617  42.825  23.319  33.178 0.0000000000
93488  39.223  26.648  25.389 0.0000000000
93469  38.439  27.150  26.450 0.0000000000
93468  39.625  27.076  26.112 0.0000000000
92841  40.524  25.892  23.822 0.0000000000
92861  40.033  25.852  23.176 0.0000000000
92842  39.492  25.956  23.864 0.0000000000
93509  37.920  26.183  24.528 0.0000000000
92114  43.885  24.217  39.718 0.0000000000
91585  44.198  23.127  38.009 0.0000000000
91573  45.128  22.813  39.668 0.0000000000
90486  36.355  21.271  29.846 0.0000000000
96262  45.019  30.683  22.235 0.0000000000
96254  45.181  30.791  23.253 0.0000000000
96921  44.233  31.794  22.757 0.0000000000
96853  39.589  32.033  29.884 0.0000000000
97441  40.149  32.415  30.376 0.0000000000
96281  42.418  29.873  21.217 0.0000000000
96294  41.674  29.521  20.390 0.0000000000
96280  43.488  30.184  21.322 0.0000000000
95576  44.810  29.390  20.930 0.0000000000
94105  45.253  27.791  31.309 0.0000000000
94107  44.258  27.498  31.330 0.0000000000
93414  44.681  27.014  32.613 0.0000000000
93447  33.962  26.090  27.403 0.0000000000
92789  34.416  25.949  28.632 0.0000000000
93431  36.831  26.331  29.952 0.0000000000
93432  36.112  26.352  29.772 0.0000000000
92779  36.985  25.690  30.551 0.0000000000
92189  36.606  24.693  30.735 0.0000000000
92188  37.168  25.220  30.892 0.0000000000
92911  42.365  25.043  18.582 0.0000000000
93576  41.773  25.336  18.223 0.0000000000
93569  41.561  25.840  19.027 0.0000000000
93491  35.953  26.037  25.401 0.0000000000
93473  34.387  25.880  26.074 0.0000000000
96926  38.803  31.703  22.374 0.0000000000
96909  40.193  32.156  24.098 0.0000000000
96918  38.561  31.947  22.992 0.0000000000
97541  37.979  32.746  20.974 0.0000000000
98133  38.691  33.466  19.625 0.0000000000
97540  38.669  32.341  20.370 0.0000000000
96929  39.597  30.992  20.976 0.0000000000
94077  44.461  27.810  34.944 0.0000000000
93401  45.777  26.318  34.210 0.0000000000
92749  45.293  25.517  35.593 0.0000000000
90441  45.998  21.228  35.720 0.0000000000
91030  46.196  22.656  34.427 0.0000000000
89838  46.605  20.581  33.843 0.0000000000
93521  44.870  25.667  23.547 0.0000000000
93484  43.576  26.577  25.686 0.0000000000
93503  44.568  26.532  24.409 0.0000000000
95532  44.150  29.217  26.195 0.0000000000
94811  44.412  28.291  25.824 0.0000000000
95529  44.361  28.984  27.399 0.0000000000
94804  45.079  28.528  28.204 0.0000000000
95527  43.922  29.893  28.551 0.0000000000
98657  42.318  34.617  25.507 0.0000000000
98640  43.565  34.432  25.212 0.0000000000
98632  43.011  35.016  26.580 0.0000000000
97448  42.136  32.440  30.473 0.0000000000
97461  42.325  32.442  29.335 0.0000000000
96852  42.519  31.632  31.264 0.0000000000
96218  43.832  30.313  30.801 0.0000000000
96837  42.926  30.976  31.905 0.0000000000
95476  43.696  29.766  33.208 0.0000000000
96171  42.695  30.718  33.612 0.0000000000
96802  41.501  31.067  36.009 0.0000000000
96138  42.003  30.277  36.401 0.0000000000
97580  41.201  31.872  14.739 0.0000000000
96349  41.624  30.512  14.089 0.0000000000
96979  42.715  31.575  14.733 0.0000000000
98692  42.057  35.012  17.760 0.0000000000
99267  41.867  35.552  16.316 0.0000000000
98140  41.726  33.316  17.020 0.0000000000
95628  42.474  28.434  18.228 0.0000000000
95644  41.856  30.436  16.669 0.0000000000
94918  43.043  28.389  16.744 0.0000000000
95642  43.239  28.919  15.925 0.0000000000
94251  43.250  26.800  17.866 0.0000000000
93575  43.250  25.882  17.234 0.0000000000
94250  43.664  26.303  18.282 0.0000000000
94200  45.843  26.471  21.839 0.0000000000
92252  46.118  24.326  20.679 0.0000000000
92872  45.732  24.810  22.394 0.0000000000
92858  43.631  25.181  22.953 0.0000000000
93451  43.253  26.848  27.571 0.0000000000
94137  41.529  27.598  28.462 0.0000000000
94136  42.773  27.260  28.469 0.0000000000
93418  40.838  26.219  32.537 0.0000000000
93423  40.800  26.705  31.900 0.0000000000
92770  40.118  25.470  32.568 0.0000000000
91623  38.460  23.743  31.937 0.0000000000
91620  40.022  23.642  32.527 0.0000000000
92174  44.973  24.636  33.458 0.0000000000
92175  43.961  24.669  33.419 0.0000000000
91036  43.879  23.032  33.094 0.0000000000
93471  36.245  26.447  26.221 0.0000000000
93445  35.600  26.647  28.018 0.0000000000
93453  37.596  27.213  27.360 0.0000000000
94141  37.923  27.518  27.881 0.0000000000
94130  38.543  27.553  29.124 0.0000000000
92884  42.529  24.878  21.127 0.0000000000
93490  37.030  26.310  25.233 0.0000000000
92737  42.765  25.166  36.522 0.0000000000
92164  44.166  24.469  35.884 0.0000000000
92139  43.514  23.789  37.309 0.0000000000
91593  44.726  22.440  37.561 0.0000000000
94832  45.807  27.905  22.590 0.0000000000
94173  44.922  27.627  24.239 0.0000000000
95541  45.451  29.097  23.529 0.0000000000
96249  44.913  30.577  24.259 0.0000000000
96245  44.190  30.665  25.337 0.0000000000
98054  40.145  33.373  27.666 0.0000000000
98626  41.849  34.171  27.696 0.0000000000
98042  40.694  33.224  28.721 0.0000000000
98028  41.128  32.918  30.179 0.0000000000
97433  41.581  32.440  32.042 0.0000000000
96819  42.282  31.404  33.866 0.0000000000
97414  41.576  32.070  33.371 0.0000000000
96810  41.164  31.629  34.746 0.0000000000
96796  40.532  31.085  36.705 0.0000000000
98716  40.456  34.670  15.524 0.0000000000
96935  40.129  31.383  18.657 0.0000000000
96325  40.660  31.345  17.488 0.0000000000
96306  41.310  29.725  19.362 0.0000000000
95613  41.980  28.917  19.559 0.0000000000
94877  43.505  27.802  19.450 0.0000000000
94221  44.670  26.774  19.619 0.0000000000
94863  44.664  27.854  20.269 0.0000000000
94852  45.933  27.610  21.369 0.0000000000
94124  44.750  27.407  29.677 0.0000000000
94126  42.869  27.449  29.478 0.0000000000
94116  44.057  27.531  30.503 0.0000000000
94102  42.613  27.097  32.460 0.0000000000
92768  41.824  25.735  33.133 0.0000000000
90454  45.167  21.674  31.960 0.0000000000
91042  44.329  22.216  32.524 0.0000000000
91631  33.914  23.724  30.470 0.0000000000
93437  35.695  26.492  29.058 0.0000000000
92781  35.249  25.357  29.997 0.0000000000
91630  34.968  23.783  30.457 0.0000000000
91057  35.466  22.857  30.608 0.0000000000
91056  36.373  22.785  30.607 0.0000000000
90478  36.781  21.884  30.376 0.0000000000
92926  42.252  24.476  16.465 0.0000000000
92919  40.602  25.203  17.182 0.0000000000
96923  42.242  31.204  22.615 0.0000000000
97529  43.440  32.244  22.989 0.0000000000
96915  41.700  31.712  23.235 0.0000000000
97513  40.909  32.905  24.616 0.0000000000
98106  40.293  33.475  25.290 0.0000000000
98069  39.917  33.643  26.604 0.0000000000
98055  39.081  33.085  27.013 0.0000000000
101126  40.276  38.148  17.846 0.0000000000
99828  41.261  36.491  18.450 0.0000000000
99251  40.608  35.020  18.684 0.0000000000
97548  39.256  32.809  18.772 0.0000000000
96932  39.411  31.647  19.916 0.0000000000
96266  40.759  30.679  21.746 0.0000000000
94776  45.150  28.182  32.976 0.0000000000
93413  45.078  27.056  32.804 0.0000000000
93406  45.410  26.526  33.410 0.0000000000
92761  46.050  25.378  33.817 0.0000000000
91608  46.057  23.521  33.479 0.0000000000
92169  45.845  24.311  35.133 0.0000000000
91607  46.406  23.468  34.021 0.0000000000
91040  46.156  22.464  32.704 0.0000000000
93505  42.167  26.189  24.583 0.0000000000
93486  41.429  26.563  25.395 0.0000000000
93485  42.534  26.503  25.540 0.0000000000
93463  44.402  26.912  27.125 0.0000000000
94163  44.476  27.521  25.268 0.0000000000
94152  44.497  27.469  26.561 0.0000000000
94144  44.950  27.169  27.636 0.0000000000
94133  45.301  27.471  29.005 0.0000000000
94796  45.473  28.270  30.229 0.0000000000
95519  45.448  28.885  30.457 0.0000000000
97520  44.129  32.922  23.829 0.0000000000
98084  44.218  33.109  25.300 0.0000000000
96902  43.294  31.798  26.629 0.0000000000
98051  42.448  33.798  27.718 0.0000000000
97478  42.520  32.698  28.061 0.0000000000
96239  43.036  30.792  27.718 0.0000000000
96229  44.001  30.167  29.880 0.0000000000
96217  44.442  29.845  30.719 0.0000000000
95492  45.179  29.125  31.892 0.0000000000
95475  44.340  29.264  33.115 0.0000000000
94759  44.071  28.479  34.465 0.0000000000
94078  43.596  27.734  35.590 0.0000000000
96159  42.692  30.385  34.511 0.0000000000
95440  42.778  29.379  35.377 0.0000000000
94067  42.592  27.503  36.372 0.0000000000
93354  41.784  26.799  38.186 0.0000000000
96350  40.740  30.099  13.950 0.0000000000
94941  42.652  28.365  13.903 0.0000000000
94288  43.468  27.375  14.430 0.0000000000
96334  41.678  31.446  16.563 0.0000000000
96967  43.204  31.546  15.089 0.0000000000
96341  43.217  30.460  15.149 0.0000000000
94931  43.502  28.323  14.785 0.0000000000
93602  43.795  26.368  15.246 0.0000000000
93590  43.392  25.695  16.481 0.0000000000
92910  43.067  24.837  18.125 0.0000000000
92903  43.304  24.470  19.208 0.0000000000
92901  45.039  24.691  19.132 0.0000000000
91688  45.066  23.595  19.663 0.0000000000
92248  43.367  24.275  20.871 0.0000000000
92231  43.340  24.763  22.218 0.0000000000
92859  42.408  25.374  22.727 0.0000000000
94154  40.991  27.438  26.830 0.0000000000
94806  39.719  27.887  28.708 0.0000000000
94121  38.857  27.306  29.835 0.0000000000
94118  41.852  27.427  30.389 0.0000000000
94111  40.006  27.255  30.904 0.0000000000
92777  38.430  25.954  31.201 0.0000000000
92184  38.246  24.606  31.644 0.0000000000
91052  37.731  23.076  31.219 0.0000000000
93408  44.046  26.465  33.164 0.0000000000
92764  43.479  25.543  33.465 0.0000000000
91613  41.787  23.974  33.252 0.0000000000
91043  42.991  22.559  32.839 0.0000000000
91045  40.573  22.527  32.190 0.0000000000
90402  44.970  21.112  38.847 0.0000000000
89804  45.765  20.140  37.461 0.0000000000
93506  41.008  26.188  24.573 0.0000000000
93507  39.910  26.256  24.571 0.0000000000
93508  38.877  26.229  24.590 0.0000000000
92113  44.626  23.628  40.176 0.0000000000
96264  42.867  30.659  21.988 0.0000000000
96279  44.447  30.175  21.384 0.0000000000
94793  45.399  28.256  31.178 0.0000000000
94099  45.117  27.613  32.003 0.0000000000
93456  34.561  26.230  26.864 0.0000000000
93446  34.634  26.324  27.847 0.0000000000
92778  37.724  25.748  30.934 0.0000000000
92904  42.249  25.033  19.612 0.0000000000
93472  35.271  26.178  26.170 0.0000000000
96917  39.299  31.840  23.401 0.0000000000
97535  38.328  32.160  21.566 0.0000000000
96930  38.968  31.541  21.374 0.0000000000
93392  44.059  26.877  35.923 0.0000000000
93391  45.008  26.570  35.574 0.0000000000
90448  46.170  21.364  35.136 0.0000000000
93502  45.020  26.517  23.743 0.0000000000
96242  43.909  30.148  26.125 0.0000000000
95533  43.865  29.660  26.746 0.0000000000
95530  43.781  29.747  27.560 0.0000000000
98642  42.159  34.792  26.174 0.0000000000
98633  42.310  34.762  26.985 0.0000000000
97438  42.081  32.205  31.606 0.0000000000
96828  42.707  31.074  32.439 0.0000000000
96181  43.197  30.507  32.676 0.0000000000
96829  42.504  31.254  32.957 0.0000000000
96795  41.144  30.847  37.274 0.0000000000
98148  40.476  33.927  15.476 0.0000000000
97567  40.147  32.332  15.090 0.0000000000
96980  41.932  31.420  14.546 0.0000000000
98693  41.288  34.373  17.986 0.0000000000
98698  41.914  34.302  17.396 0.0000000000
98135  41.230  33.785  17.632 0.0000000000
95635  42.453  28.893  17.504 0.0000000000
94910  42.939  27.912  17.632 0.0000000000
94233  43.583  27.056  18.704 0.0000000000
93530  45.687  25.875  22.577 0.0000000000
92871  45.911  25.268  22.220 0.0000000000
92855  45.616  25.500  22.704 0.0000000000
92856  45.328  25.216  22.970 0.0000000000
93442  43.670  26.899  28.126 0.0000000000
92769  41.083  25.488  33.035 0.0000000000
92181  39.643  24.538  32.472 0.0000000000
91609  45.399  23.666  33.181 0.0000000000
91610  44.419  23.819  33.173 0.0000000000
93470  37.316  26.763  26.298 0.0000000000
93454  36.447  26.809  27.195 0.0000000000
94149  38.386  27.441  27.256 0.0000000000
94150  37.964  27.409  27.499 0.0000000000
94140  38.564  27.706  28.127 0.0000000000
94131  37.944  27.494  28.625 0.0000000000
92873  42.311  25.183  21.892 0.0000000000
92885  41.536  25.514  21.543 0.0000000000
92862  39.084  25.919  23.239 0.0000000000
92876  39.606  25.975  22.608 0.0000000000
92723  42.430  24.971  37.840 0.0000000000
92153  43.116  24.336  36.872 0.0000000000
92140  42.972  24.335  37.568 0.0000000000
91584  44.925  22.527  38.724 0.0000000000
91022  45.335  21.598  37.171 0.0000000000
90429  45.722  20.904  37.374 0.0000000000
94944  39.995  28.686  13.566 0.0000000000
94953  39.731  28.330  12.903 0.0000000000
95562  45.821  28.632  22.063 0.0000000000
95551  45.675  28.861  22.795 0.0000000000
96248  45.292  29.963  23.642 0.0000000000
98043  40.156  33.065  28.300 0.0000000000
97462  40.430  32.806  29.295 0.0000000000
97435  40.322  32.417  31.327 0.0000000000
97440  40.759  32.731  30.664 0.0000000000
97434  40.966  32.654  31.640 0.0000000000
97439  41.484  32.670  30.987 0.0000000000
97424  41.622  32.220  32.801 0.0000000000
97425  41.074  32.475  32.557 0.0000000000
96821  40.784  32.089  33.431 0.0000000000
96811  40.371  31.299  34.289 0.0000000000
96803  40.634  31.181  35.442 0.0000000000
96307  40.571  30.633  19.174 0.0000000000
95598  42.674  29.051  20.343 0.0000000000
94878  42.744  28.380  19.523 0.0000000000
94865  43.259  28.455  20.028 0.0000000000
94864  43.882  28.176  20.187 0.0000000000
96277  45.640  29.114  21.606 0.0000000000
95594  45.567  28.368  20.876 0.0000000000
95574  45.830  28.377  21.367 0.0000000000
94841  45.972  27.802  21.883 0.0000000000
94101  43.711  27.318  32.143 0.0000000000
94094  42.826  26.816  32.992 0.0000000000
93416  42.449  26.581  32.981 0.0000000000
92192  33.298  24.384  30.041 0.0000000000
92191  34.431  24.765  30.018 0.0000000000
92780  36.071  25.633  30.290 0.0000000000
91629  35.974  23.738  30.520 0.0000000000
91055  37.361  22.616  30.888 0.0000000000
92925  43.101  24.791  16.164 0.0000000000
93577  41.105  25.716  17.920 0.0000000000
93571  39.927  26.750  18.347 0.0000000000
98088  39.513  33.613  25.862 0.0000000000
101113  39.306  38.516  18.256 0.0000000000
101112  40.464  38.873  18.726 0.0000000000
100471  41.024  37.247  18.397 0.0000000000
99250  41.299  35.730  18.482 0.0000000000
97544  38.947  32.782  19.332 0.0000000000
98137  39.343  33.572  18.637 0.0000000000
97543  39.319  32.303  19.135 0.0000000000
96925  39.836  31.090  22.238 0.0000000000
96267  40.108  30.723  21.521 0.0000000000
96265  41.771  30.493  21.976 0.0000000000
94766  44.960  28.175  33.535 0.0000000000
94084  45.342  27.414  33.668 0.0000000000
92758  46.141  25.192  34.692 0.0000000000
92173  45.833  24.562  33.414 0.0000000000
92172  46.313  24.369  33.859 0.0000000000
91601  44.317  23.870  36.149 0.0000000000
92163  44.917  24.429  35.706 0.0000000000
91605  45.253  23.857  35.367 0.0000000000
91033  46.380  22.505  33.534 0.0000000000
91034  46.155  22.912  33.163 0.0000000000
90453  45.955  21.781  32.057 0.0000000000
90452  46.550  21.461  32.479 0.0000000000
93504  43.331  26.206  24.615 0.0000000000
93464  43.774  26.685  26.809 0.0000000000
94824  45.195  28.481  24.048 0.0000000000
94808  45.248  27.512  27.859 0.0000000000
94143  45.248  27.295  28.275 0.0000000000
94803  45.379  27.807  28.284 0.0000000000
94799  45.123  28.873  28.803 0.0000000000
94798  45.438  28.331  29.215 0.0000000000
95522  45.426  28.719  29.850 0.0000000000
97521  43.092  32.983  23.648 0.0000000000
97528  43.873  32.509  23.276 0.0000000000
98116  43.477  33.371  24.055 0.0000000000
98631  43.543  34.503  26.060 0.0000000000
98085  44.045  33.774  25.511 0.0000000000
97502  43.807  32.752  25.833 0.0000000000
97493  43.220  32.922  26.757 0.0000000000
98041  41.552  33.435  28.694 0.0000000000
98052  41.954  33.881  28.018 0.0000000000
98040  42.161  33.295  28.574 0.0000000000
96898  42.725  31.534  28.205 0.0000000000
96236  42.887  31.135  28.649 0.0000000000
96235  43.334  30.608  28.886 0.0000000000
96884  43.306  30.721  29.521 0.0000000000
96200  43.796  30.175  31.728 0.0000000000
96199  44.227  29.966  31.209 0.0000000000
95510  44.694  29.543  31.511 0.0000000000
95493  44.824  29.207  32.407 0.0000000000
95494  44.015  29.714  32.517 0.0000000000
95459  43.484  29.544  34.081 0.0000000000
95458  43.966  29.294  33.536 0.0000000000
94768  43.864  28.824  34.279 0.0000000000
94760  43.549  28.653  34.858 0.0000000000
97413  41.914  31.846  33.629 0.0000000000
95418  42.168  29.623  36.600 0.0000000000
94749  42.467  28.554  36.416 0.0000000000
94052  42.123  27.823  37.006 0.0000000000
94053  41.779  27.182  37.171 0.0000000000
97568  38.528  32.322  14.979 0.0000000000
96970  39.091  31.681  14.649 0.0000000000
96982  40.211  30.863  14.428 0.0000000000
96348  42.417  30.471  14.299 0.0000000000
96358  41.959  30.012  13.737 0.0000000000
95668  42.927  29.107  14.153 0.0000000000
94940  43.172  28.347  14.303 0.0000000000
96324  41.072  30.677  17.231 0.0000000000
96950  40.970  31.479  16.982 0.0000000000
95643  42.525  29.618  16.534 0.0000000000
96333  42.461  30.903  16.176 0.0000000000
96958  43.073  31.480  15.740 0.0000000000
94917  43.517  27.830  16.086 0.0000000000
94925  43.630  28.165  15.393 0.0000000000
94275  43.730  27.220  15.594 0.0000000000
94281  43.813  27.315  14.946 0.0000000000
93589  43.642  26.463  15.964 0.0000000000
92924  43.497  25.412  15.624 0.0000000000
93574  43.501  25.775  17.804 0.0000000000
92916  43.338  25.322  17.477 0.0000000000
92909  43.432  25.104  17.910 0.0000000000
94220  45.233  26.597  20.087 0.0000000000
93563  45.343  25.727  19.725 0.0000000000
91664  45.606  23.768  21.468 0.0000000000
91678  45.857  23.757  20.578 0.0000000000
92246  44.870  23.394  21.000 0.0000000000
92247  44.243  23.599  20.707 0.0000000000
92240  43.036  24.667  21.625 0.0000000000
92239  43.867  24.177  21.573 0.0000000000
92840  41.683  25.839  23.730 0.0000000000
93466  41.756  27.021  26.200 0.0000000000
94138  40.422  27.780  28.404 0.0000000000
94129  39.472  27.793  29.275 0.0000000000
94120  39.597  27.433  30.212 0.0000000000
94117  42.996  27.584  30.482 0.0000000000
93424  39.778  26.567  31.564 0.0000000000
93425  39.002  26.313  31.182 0.0000000000
92775  38.132  25.320  31.351 0.0000000000
91047  38.774  23.229  32.076 0.0000000000
91054  37.976  22.025  30.889 0.0000000000
93407  44.927  26.368  33.123 0.0000000000
91611  43.386  23.800  33.230 0.0000000000
92176  42.963  24.672  33.352 0.0000000000
92177  42.097  24.629  33.325 0.0000000000
91612  42.506  23.932  33.308 0.0000000000
90456  43.537  21.696  32.112 0.0000000000
90464  43.078  21.390  31.408 0.0000000000
94156  39.052  27.426  26.779 0.0000000000
92860  41.074  25.653  23.052 0.0000000000
92115  42.870  24.653  39.273 0.0000000000
92127  43.586  23.753  38.405 0.0000000000
91574  44.487  23.297  39.082 0.0000000000
96253  45.485  29.878  22.934 0.0000000000
96920  44.908  31.385  22.910 0.0000000000
96912  44.775  31.870  23.614 0.0000000000
96871  39.569  32.227  29.098 0.0000000000
97451  40.054  32.476  29.539 0.0000000000
96282  41.281  30.125  21.149 0.0000000000
95578  43.224  29.513  20.876 0.0000000000
95596  44.346  28.759  20.598 0.0000000000
95577  43.994  29.534  20.902 0.0000000000
96278  45.219  29.736  21.506 0.0000000000
94114  45.262  27.824  30.751 0.0000000000
94115  44.816  27.558  30.577 0.0000000000
94106  44.929  27.582  31.320 0.0000000000
94100  44.500  27.397  32.008 0.0000000000
93415  44.099  27.046  32.570 0.0000000000
93436  36.670  26.767  29.187 0.0000000000
92186  37.036  24.232  30.965 0.0000000000
92918  41.949  24.960  17.483 0.0000000000
93492  35.079  25.792  25.456 0.0000000000
93457  33.813  25.915  26.696 0.0000000000
96916  40.573  31.535  23.358 0.0000000000
98685  38.312  34.447  19.973 0.0000000000
98129  38.176  33.289  20.360 0.0000000000
96933  39.110  31.580  20.660 0.0000000000
94076  45.398  27.113  34.663 0.0000000000
93390  45.700  26.082  35.045 0.0000000000
92748  45.797  25.466  35.217 0.0000000000
91027  45.516  22.011  35.926 0.0000000000
91604  45.610  23.097  35.087 0.0000000000
91031  45.921  21.950  35.086 0.0000000000
90447  46.345  21.459  34.417 0.0000000000
90450  46.596  21.432  33.334 0.0000000000
92838  44.031  25.705  23.730 0.0000000000
95535  44.575  29.404  25.062 0.0000000000
95526  44.571  29.204  28.343 0.0000000000
98656  42.834  34.450  25.000 0.0000000000
98655  43.341  34.145  24.739 0.0000000000
98623  43.295  34.401  26.743 0.0000000000
97449  41.595  32.861  30.132 0.0000000000
96870  42.630  31.612  30.250 0.0000000000
96869  43.248  30.829  30.123 0.0000000000
96851  43.150  30.927  31.038 0.0000000000
96170  43.176  30.295  33.431 0.0000000000
96158  42.997  30.255  33.883 0.0000000000
96146  42.178  30.519  35.745 0.0000000000
96147  41.864  30.576  36.283 0.0000000000
95419  41.890  29.703  37.141 0.0000000000
98149  39.214  33.213  15.554 0.0000000000
96968  40.505  31.530  14.665 0.0000000000
96981  41.059  31.069  14.382 0.0000000000
99249  41.996  35.729  17.958 0.0000000000
99831  41.553  36.515  16.932 0.0000000000
99256  42.036  35.648  17.272 0.0000000000
95629  41.859  29.141  18.458 0.0000000000
95636  41.759  29.756  17.404 0.0000000000
94268  43.371  27.021  16.763 0.0000000000
93568  43.859  25.552  18.367 0.0000000000
93552  45.951  25.973  21.370 0.0000000000
93553  45.784  25.870  20.532 0.0000000000
92883  46.121  25.163  21.641 0.0000000000
92236  46.061  24.599  21.877 0.0000000000
92229  45.170  24.495  22.424 0.0000000000
92230  44.293  24.522  22.318 0.0000000000
92857  44.613  25.088  23.021 0.0000000000
93465  42.747  26.787  26.653 0.0000000000
94145  42.296  27.298  27.607 0.0000000000
94127  41.728  27.521  29.393 0.0000000000
93422  41.417  26.703  32.242 0.0000000000
93419  40.161  26.239  32.221 0.0000000000
92773  39.635  25.830  32.075 0.0000000000
92182  38.893  24.585  32.137 0.0000000000
92771  39.419  25.196  32.192 0.0000000000
91621  39.109  23.762  32.377 0.0000000000
91046  39.368  22.929  32.189 0.0000000000
92763  44.518  25.558  33.418 0.0000000000
91037  43.248  23.139  33.171 0.0000000000
93443  37.347  27.220  28.471 0.0000000000
93435  37.581  26.996  29.387 0.0000000000
93434  38.214  27.014  29.873 0.0000000000
92895  41.985  25.200  20.624 0.0000000000
93544  40.802  25.825  21.641 0.0000000000
92875  40.483  25.778  22.590 0.0000000000
93510  37.206  26.043  24.386 0.0000000000
98686  37.281  34.618  20.582 0.0000000000
98130  37.369  33.509  20.940 0.0000000000
92750  44.020  25.376  35.821 0.0000000000
92736  43.387  24.910  36.082 0.0000000000
92152  43.612  24.354  36.358 0.0000000000
91594  44.148  23.352  36.883 0.0000000000
91028  45.318  21.997  36.472 0.0000000000
94181  45.563  27.069  22.987 0.0000000000
94172  45.157  26.955  23.663 0.0000000000
94823  45.476  27.989  23.433 0.0000000000
95542  45.118  29.331  24.237 0.0000000000
96246  43.805  30.703  25.919 0.0000000000
98068  40.946  34.112  27.045 0.0000000000
98634  41.745  34.381  27.330 0.0000000000
98053  41.282  33.872  27.899 0.0000000000
98034  41.283  33.124  29.483 0.0000000000
97450  40.513  32.712  29.931 0.0000000000
97432  42.076  31.997  32.491 0.0000000000
97423  42.023  31.860  33.202 0.0000000000
96820  41.647  31.786  34.017 0.0000000000
96785  40.603  31.062  37.744 0.0000000000
97547  39.812  32.579  18.187 0.0000000000
97554  40.241  32.608  17.688 0.0000000000
96942  40.239  31.835  17.874 0.0000000000
96317  40.535  30.941  18.100 0.0000000000
94895  42.312  28.461  18.903 0.0000000000
94876  44.161  27.571  19.752 0.0000000000
94211  45.112  27.223  20.230 0.0000000000
95595  45.089  28.603  20.655 0.0000000000
94862  45.342  27.832  20.571 0.0000000000
94209  45.902  26.861  21.105 0.0000000000
94201  45.889  27.089  21.649 0.0000000000
94191  45.779  27.022  22.272 0.0000000000
94134  44.712  26.977  28.597 0.0000000000
94125  43.914  27.399  29.544 0.0000000000
94108  43.270  27.517  31.444 0.0000000000
94103  41.898  26.889  32.296 0.0000000000
93417  41.761  26.382  32.775 0.0000000000
91041  45.360  22.395  32.410 0.0000000000
90455  44.417  21.565  31.852 0.0000000000
93438  34.997  26.281  28.616 0.0000000000
92784  34.797  25.708  29.353 0.0000000000
92783  35.517  25.984  29.796 0.0000000000
91058  34.490  22.842  30.651 0.0000000000
90479  35.915  21.969  30.373 0.0000000000
92927  41.104  24.602  16.506 0.0000000000
93565  41.588  25.695  20.152 0.0000000000
94234  41.259  26.248  19.958 0.0000000000
96922  43.233  31.559  22.483 0.0000000000
96914  42.651  32.062  23.054 0.0000000000
97522  42.164  32.475  23.545 0.0000000000
96908  41.309  32.253  23.914 0.0000000000
97512  42.130  33.127  24.123 0.0000000000
98105  41.768  33.974  25.032 0.0000000000
98086  41.807  34.515  25.667 0.0000000000
97479  39.798  32.893  28.126 0.0000000000
100483  41.036  37.363  17.543 0.0000000000
101125  40.883  38.089  18.279 0.0000000000
99827  41.559  36.396  17.860 0.0000000000
99244  39.265  35.078  19.429 0.0000000000
98689  39.780  34.867  18.931 0.0000000000
98694  40.130  34.359  18.384 0.0000000000
96936  39.698  31.813  18.939 0.0000000000
96308  39.969  31.252  19.376 0.0000000000
96296  40.087  30.815  20.111 0.0000000000
96283  40.405  30.504  20.980 0.0000000000
94092  45.186  27.559  32.826 0.0000000000
92162  45.685  24.923  35.375 0.0000000000
92168  46.255  24.215  34.488 0.0000000000
91603  46.178  23.385  34.484 0.0000000000
91615  45.884  23.100  33.060 0.0000000000
91616  45.549  22.932  32.830 0.0000000000
93450  44.055  26.735  27.642 0.0000000000
93449  44.585  26.776  27.913 0.0000000000
93440  44.597  26.786  28.225 0.0000000000
96913  44.314  32.348  23.322 0.0000000000
97519  44.585  32.552  24.272 0.0000000000
98103  43.848  33.698  24.591 0.0000000000
97510  44.323  33.103  24.492 0.0000000000
97509  44.427  32.712  24.892 0.0000000000
96904  44.221  32.052  25.296 0.0000000000
96905  43.738  31.444  25.848 0.0000000000
98625  42.240  34.327  27.511 0.0000000000
98624  42.827  34.492  27.221 0.0000000000
98050  42.985  33.678  27.166 0.0000000000
97477  42.855  32.945  27.315 0.0000000000
96897  42.852  32.150  27.399 0.0000000000
95524  44.063  29.995  29.211 0.0000000000
96228  44.642  29.702  30.193 0.0000000000
95520  44.976  29.393  30.630 0.0000000000
95509  45.356  29.012  31.331 0.0000000000
94788  45.046  28.655  32.651 0.0000000000
94777  44.826  28.707  33.089 0.0000000000
94767  44.360  28.673  33.893 0.0000000000
95460  43.029  29.669  34.637 0.0000000000
94761  43.036  28.254  35.760 0.0000000000
94079  43.130  27.655  35.965 0.0000000000
93393  43.235  27.086  36.079 0.0000000000
92738  42.021  26.070  36.664 0.0000000000
92724  41.966  25.678  37.381 0.0000000000
92715  41.995  25.559  38.254 0.0000000000
92704  42.047  25.644  38.894 0.0000000000
96359  41.361  29.947  13.722 0.0000000000
95670  41.616  29.376  13.571 0.0000000000
94942  41.846  28.441  13.588 0.0000000000
94290  42.105  27.345  13.780 0.0000000000
94289  42.936  27.393  14.035 0.0000000000
93614  43.157  26.477  14.164 0.0000000000
112490  41.733  34.285  15.177 0.0000000000
97553  40.600  32.469  17.330 0.0000000000
112485  41.818  32.300  16.649 0.0000000000
97566  43.168  32.547  15.544 0.0000000000
97578  42.965  32.231  14.979 0.0000000000
96347  42.974  30.579  14.738 0.0000000000
95657  43.130  29.431  14.657 0.0000000000
95651  43.324  29.258  15.219 0.0000000000
93608  43.617  26.398  14.600 0.0000000000
92937  43.572  25.525  14.912 0.0000000000
94232  44.082  26.401  18.822 0.0000000000
93564  44.542  25.575  18.971 0.0000000000
92900  45.650  24.749  19.719 0.0000000000
92259  45.424  24.035  19.483 0.0000000000
92260  44.752  23.907  19.092 0.0000000000
92261  44.082  23.937  19.218 0.0000000000
92255  43.619  24.044  20.036 0.0000000000
92232  42.779  24.977  22.104 0.0000000000
93467  40.698  27.014  26.103 0.0000000000
94155  39.988  27.296  26.833 0.0000000000
94146  41.258  27.601  27.622 0.0000000000
94147  40.248  27.583  27.600 0.0000000000
94139  39.513  27.805  28.454 0.0000000000
94119  40.744  27.522  30.258 0.0000000000
94110  40.829  27.167  31.133 0.0000000000
93429  38.582  26.643  30.570 0.0000000000
92185  37.466  24.691  31.178 0.0000000000
91625  37.282  23.925  31.117 0.0000000000
91624  37.818  23.712  31.414 0.0000000000
91627  37.378  23.381  31.107 0.0000000000
93409  42.969  26.316  33.258 0.0000000000
92765  42.451  25.459  33.304 0.0000000000
92766  41.721  25.184  33.252 0.0000000000
92178  41.324  24.567  33.203 0.0000000000
90457  42.472  21.912  32.098 0.0000000000
91618  42.138  23.313  33.020 0.0000000000
91619  41.143  23.610  32.779 0.0000000000
90993  45.176  21.961  39.383 0.0000000000
90415  45.408  20.784  37.861 0.0000000000
89805  45.130  20.288  37.471 0.0000000000
89814  45.374  19.917  37.019 0.0000000000
90428  45.906  20.990  36.729 0.0000000000
91021  45.530  21.618  36.603 0.0000000000
91558  44.761  23.446  39.812 0.0000000000
91599  45.306  22.636  35.682 0.0000000000
91663  45.804  23.902  21.535 0.0000000000
91669  46.111  24.056  21.253 0.0000000000
91670  45.933  23.889  21.303 0.0000000000
91671  45.397  23.490  20.989 0.0000000000
91672  44.898  23.398  20.588 0.0000000000
91677  46.130  24.005  21.009 0.0000000000
91679  45.271  23.485  20.275 0.0000000000
91680  44.686  23.490  20.066 0.0000000000
91687  45.568  23.706  19.950 0.0000000000
91689  44.544  23.681  19.540 0.0000000000
92128  42.925  24.386  38.620 0.0000000000
92170  45.480  24.420  35.433 0.0000000000
92237  45.735  24.098  21.828 0.0000000000
92244  46.157  24.374  21.303 0.0000000000
92245  46.034  24.192  21.599 0.0000000000
92253  45.903  24.159  20.038 0.0000000000
92254  44.146  23.714  19.819 0.0000000000
92262  43.765  23.943  19.528 0.0000000000
92760  46.420  24.835  34.235 0.0000000000
92892  46.181  25.082  20.956 0.0000000000
92893  45.961  24.873  20.300 0.0000000000
93344  41.819  25.965  38.549 0.0000000000
93355  41.722  26.250  38.037 0.0000000000
93366  41.701  26.468  37.215 0.0000000000
93379  42.583  26.468  36.270 0.0000000000
93380  41.976  26.846  36.616 0.0000000000
93410  42.257  26.113  33.148 0.0000000000
93428  39.360  26.869  30.908 0.0000000000
93441  44.291  26.820  28.202 0.0000000000
93452  38.137  27.280  27.015 0.0000000000
93519  45.577  25.807  22.849 0.0000000000
93531  45.647  26.468  22.683 0.0000000000
93542  45.885  25.824  21.990 0.0000000000
93543  41.169  25.701  21.452 0.0000000000
93562  45.732  25.277  20.043 0.0000000000
94042  41.710  26.860  37.725 0.0000000000
94068  42.060  27.360  36.735 0.0000000000
94157  38.614  27.373  26.809 0.0000000000
94190  45.743  26.318  22.275 0.0000000000
94208  45.883  26.611  21.485 0.0000000000
94210  45.538  26.940  20.539 0.0000000000
94222  44.038  27.162  19.231 0.0000000000
94800  39.936  28.013  28.861 0.0000000000
94801  39.599  27.922  28.896 0.0000000000
94805  39.916  27.885  28.580 0.0000000000
94861  45.785  27.721  20.922 0.0000000000
94932  40.549  28.975  13.662 0.0000000000
95403  41.975  29.396  37.250 0.0000000000
95575  45.451  29.017  21.075 0.0000000000
95659  40.567  29.278  13.744 0.0000000000
95669  42.437  29.413  13.810 0.0000000000
95671  41.032  29.560  13.697 0.0000000000
96182  42.833  30.684  33.151 0.0000000000
96240  42.916  30.989  28.360 0.0000000000
96360  41.053  29.893  13.752 0.0000000000
96801  41.892  30.993  35.584 0.0000000000
96943  39.919  31.890  18.409 0.0000000000
96951  40.660  31.856  17.253 0.0000000000
96959  41.201  32.175  16.857 0.0000000000
96971  38.510  31.822  14.529 0.0000000000
97415  41.301  32.295  33.065 0.0000000000
97501  44.220  32.707  25.318 0.0000000000
97546  40.185  32.373  17.761 0.0000000000
97569  37.809  32.621  14.985 0.0000000000
98029  40.810  32.840  30.100 0.0000000000
98035  40.812  32.961  29.619 0.0000000000
98102  44.247  33.339  24.951 0.0000000000
98104  42.955  33.668  24.315 0.0000000000
98117  43.199  33.367  23.996 0.0000000000
98141  40.506  32.972  17.514 0.0000000000
98641  42.969  34.882  25.713 0.0000000000
98695  39.513  34.325  18.730 0.0000000000
100470  41.318  36.961  17.799 0.0000000000
