#!ascii label  , from subject A00073942 vox2ras=TkReg
1325
42680  7.714  -28.466  76.097 0.0000000000
64899  37.125  -7.626  48.731 0.0000000000
51828  21.224  -19.340  65.344 0.0000000000
59437  25.184  -12.387  68.208 0.0000000000
44747  17.259  -25.882  66.450 0.0000000000
47832  14.668  -22.993  76.867 0.0000000000
70307  42.998  -1.807  42.933 0.0000000000
69289  43.051  -2.481  50.347 0.0000000000
59526  31.558  -11.345  59.153 0.0000000000
72435  47.099  1.433  34.766 0.0000000000
47877  21.118  -22.187  72.664 0.0000000000
45679  10.511  -24.897  76.189 0.0000000000
72314  42.390  -0.231  47.472 0.0000000000
70257  39.086  -2.455  46.570 0.0000000000
64811  36.036  -6.274  54.927 0.0000000000
67077  38.762  -4.800  54.495 0.0000000000
64841  32.350  -7.330  53.770 0.0000000000
56281  24.464  -14.081  61.781 0.0000000000
56242  23.680  -15.285  66.744 0.0000000000
45719  19.385  -25.200  73.320 0.0000000000
44590  18.750  -25.581  77.936 0.0000000000
46855  15.341  -25.188  72.139 0.0000000000
44676  12.543  -26.524  71.828 0.0000000000
47934  19.970  -22.807  65.858 0.0000000000
71289  47.743  0.425  44.101 0.0000000000
74317  45.626  2.234  47.704 0.0000000000
67161  40.151  -5.076  49.950 0.0000000000
63696  33.376  -7.352  58.381 0.0000000000
58382  29.085  -13.188  64.220 0.0000000000
71359  45.062  -1.275  38.225 0.0000000000
72392  48.873  0.641  38.670 0.0000000000
72412  50.989  -0.462  36.589 0.0000000000
46800  21.599  -23.239  75.925 0.0000000000
43630  9.238  -26.787  76.474 0.0000000000
46764  9.294  -23.833  78.600 0.0000000000
45650  8.152  -25.234  79.650 0.0000000000
71294  38.564  -1.737  44.360 0.0000000000
65859  35.598  -5.642  57.570 0.0000000000
65857  37.664  -6.067  57.156 0.0000000000
39677  3.235  -31.121  79.900 0.0000000000
62727  33.373  -9.605  52.236 0.0000000000
52984  22.021  -17.512  62.476 0.0000000000
55219  23.500  -16.122  63.337 0.0000000000
52938  22.353  -17.916  66.187 0.0000000000
44702  18.434  -25.644  69.681 0.0000000000
45747  17.160  -25.277  72.338 0.0000000000
45774  16.326  -25.166  69.775 0.0000000000
45820  19.077  -25.172  65.975 0.0000000000
45759  20.244  -24.631  70.034 0.0000000000
46788  16.346  -24.197  77.516 0.0000000000
71291  45.945  -0.730  43.738 0.0000000000
72309  46.506  1.317  46.486 0.0000000000
71255  45.234  -0.266  46.099 0.0000000000
71201  42.138  -0.612  49.087 0.0000000000
72272  43.591  0.366  49.481 0.0000000000
66011  36.756  -6.066  47.044 0.0000000000
68294  38.432  -4.625  47.151 0.0000000000
64897  38.512  -6.417  49.442 0.0000000000
61694  31.287  -9.788  55.692 0.0000000000
63720  32.605  -7.891  56.636 0.0000000000
61667  32.809  -9.681  59.298 0.0000000000
58371  25.042  -12.891  64.878 0.0000000000
57311  26.723  -13.478  63.248 0.0000000000
58351  27.233  -12.457  65.359 0.0000000000
70349  41.640  -1.593  40.266 0.0000000000
71361  43.083  -0.904  37.924 0.0000000000
70334  44.549  -1.782  41.075 0.0000000000
71330  45.891  -0.918  40.394 0.0000000000
72431  50.573  -0.128  34.384 0.0000000000
71390  48.816  -0.162  35.515 0.0000000000
72404  49.723  0.236  37.624 0.0000000000
71381  47.669  -0.393  36.613 0.0000000000
49770  21.028  -20.971  69.034 0.0000000000
51778  21.851  -19.197  69.550 0.0000000000
50677  21.552  -20.511  71.952 0.0000000000
47835  11.764  -23.165  76.138 0.0000000000
47793  13.775  -22.405  79.673 0.0000000000
48801  11.479  -22.648  79.054 0.0000000000
70309  40.923  -2.130  43.294 0.0000000000
71257  42.639  -0.932  45.745 0.0000000000
71278  40.917  -1.899  45.006 0.0000000000
71221  40.388  -1.674  46.689 0.0000000000
69310  41.476  -2.354  48.720 0.0000000000
64877  37.283  -8.022  51.896 0.0000000000
64863  37.960  -6.138  52.819 0.0000000000
65902  37.440  -5.325  54.679 0.0000000000
58432  29.682  -12.721  58.506 0.0000000000
60527  27.114  -11.095  69.216 0.0000000000
40671  5.910  -29.677  76.628 0.0000000000
42637  6.631  -28.059  79.003 0.0000000000
40642  4.862  -29.884  79.510 0.0000000000
63836  35.116  -8.925  48.786 0.0000000000
62725  34.887  -8.839  52.085 0.0000000000
64813  33.762  -6.801  54.679 0.0000000000
65861  33.139  -5.279  57.551 0.0000000000
56296  23.181  -14.655  61.281 0.0000000000
57299  23.899  -14.375  64.502 0.0000000000
58339  24.419  -13.674  66.800 0.0000000000
52894  22.567  -17.543  70.121 0.0000000000
56208  23.415  -15.382  70.169 0.0000000000
45674  20.921  -24.684  76.456 0.0000000000
44588  20.266  -25.933  77.554 0.0000000000
44622  18.921  -25.369  75.852 0.0000000000
45708  16.979  -24.697  75.226 0.0000000000
46817  14.700  -23.425  74.564 0.0000000000
45777  14.667  -26.075  69.477 0.0000000000
46858  13.773  -25.622  71.967 0.0000000000
46820  12.665  -24.583  73.933 0.0000000000
44655  11.363  -26.054  73.628 0.0000000000
42702  9.366  -27.633  73.740 0.0000000000
41675  8.073  -28.582  73.853 0.0000000000
50825  20.890  -19.571  62.140 0.0000000000
49846  19.972  -21.368  62.094 0.0000000000
48900  20.434  -21.146  65.621 0.0000000000
47901  20.616  -22.458  69.150 0.0000000000
45730  20.718  -23.735  72.878 0.0000000000
75299  47.597  3.353  47.665 0.0000000000
72294  44.250  0.576  47.689 0.0000000000
69347  37.204  -2.835  45.867 0.0000000000
68292  39.562  -3.699  48.316 0.0000000000
68271  41.916  -3.649  50.047 0.0000000000
65941  39.943  -5.369  52.892 0.0000000000
67124  41.738  -4.460  52.680 0.0000000000
64816  30.735  -7.039  54.351 0.0000000000
65877  31.603  -5.948  56.733 0.0000000000
65827  33.864  -5.648  59.600 0.0000000000
57349  29.091  -13.614  61.227 0.0000000000
58398  30.877  -13.011  61.375 0.0000000000
59448  29.283  -11.775  66.798 0.0000000000
57270  32.286  -13.174  65.318 0.0000000000
59483  33.104  -11.690  62.144 0.0000000000
61643  34.094  -9.748  62.352 0.0000000000
63666  34.873  -7.743  61.762 0.0000000000
71383  45.622  -0.569  36.442 0.0000000000
71357  47.604  -0.087  38.816 0.0000000000
72362  47.756  0.899  41.218 0.0000000000
46771  22.160  -23.688  77.213 0.0000000000
42664  8.152  -27.907  76.534 0.0000000000
44613  8.592  -25.831  77.810 0.0000000000
42649  7.897  -27.544  77.375 0.0000000000
65842  35.125  -5.492  58.797 0.0000000000
65841  36.589  -6.270  58.435 0.0000000000
37559  2.537  -32.636  78.741 0.0000000000
51839  21.726  -18.548  64.648 0.0000000000
52966  22.189  -17.827  64.505 0.0000000000
52939  22.026  -18.468  65.867 0.0000000000
44717  17.855  -25.907  68.701 0.0000000000
45773  17.279  -25.431  70.009 0.0000000000
44718  17.067  -25.732  68.270 0.0000000000
45834  18.682  -25.319  65.203 0.0000000000
44746  18.358  -25.670  66.383 0.0000000000
44734  18.646  -25.766  67.583 0.0000000000
47831  15.391  -23.252  76.948 0.0000000000
47802  15.455  -23.470  78.379 0.0000000000
71292  44.624  -1.154  43.466 0.0000000000
71275  44.930  -0.955  44.819 0.0000000000
71276  43.478  -1.364  44.649 0.0000000000
70234  42.629  -1.467  49.566 0.0000000000
70233  43.118  -0.917  49.815 0.0000000000
64909  36.757  -7.187  48.112 0.0000000000
66004  38.018  -6.048  48.178 0.0000000000
64898  37.781  -7.051  49.139 0.0000000000
59560  30.731  -11.407  57.324 0.0000000000
60661  31.206  -10.684  57.224 0.0000000000
61686  32.085  -9.576  57.339 0.0000000000
60651  31.888  -10.458  58.503 0.0000000000
58337  25.491  -12.411  66.556 0.0000000000
58353  25.654  -12.519  65.549 0.0000000000
59451  26.183  -11.986  67.310 0.0000000000
70336  42.941  -1.916  41.458 0.0000000000
70348  42.924  -1.667  40.513 0.0000000000
70322  43.422  -1.900  42.067 0.0000000000
71308  44.867  -1.175  42.265 0.0000000000
72433  48.857  0.950  34.264 0.0000000000
72424  48.239  0.308  34.835 0.0000000000
71380  48.545  -0.295  36.419 0.0000000000
72425  47.082  0.537  35.126 0.0000000000
48871  21.147  -21.524  70.400 0.0000000000
49753  21.279  -20.869  70.863 0.0000000000
48848  21.257  -21.496  72.032 0.0000000000
46791  11.034  -23.851  76.245 0.0000000000
47806  11.464  -22.578  78.210 0.0000000000
47822  10.345  -23.078  77.895 0.0000000000
47782  8.523  -23.041  80.429 0.0000000000
48779  9.811  -22.255  80.806 0.0000000000
70325  40.467  -2.068  42.429 0.0000000000
70310  39.916  -1.731  43.382 0.0000000000
71261  38.771  -2.071  45.365 0.0000000000
71260  39.482  -1.818  45.497 0.0000000000
71222  39.678  -2.062  46.447 0.0000000000
70243  40.808  -2.039  47.557 0.0000000000
70244  40.144  -2.549  47.428 0.0000000000
64865  35.856  -7.712  52.795 0.0000000000
64837  36.995  -6.223  53.912 0.0000000000
64810  36.634  -6.145  54.572 0.0000000000
70338  41.037  -1.980  41.403 0.0000000000
40658  5.499  -29.891  77.585 0.0000000000
40659  5.049  -30.325  77.896 0.0000000000
63837  33.974  -9.190  48.482 0.0000000000
62766  35.459  -9.108  51.007 0.0000000000
62767  34.739  -9.634  50.701 0.0000000000
63761  33.018  -8.042  53.184 0.0000000000
63760  33.997  -8.013  53.303 0.0000000000
64840  33.377  -7.363  53.908 0.0000000000
64795  34.064  -6.412  55.624 0.0000000000
65890  32.740  -5.973  55.895 0.0000000000
56310  22.156  -15.516  60.520 0.0000000000
55201  23.668  -15.672  65.151 0.0000000000
56267  23.817  -15.109  63.607 0.0000000000
56258  23.996  -15.056  64.818 0.0000000000
57273  24.241  -14.096  66.203 0.0000000000
57263  23.898  -14.872  67.007 0.0000000000
51768  21.877  -19.156  70.553 0.0000000000
51767  22.172  -18.374  69.837 0.0000000000
51757  22.254  -18.402  70.880 0.0000000000
55142  23.297  -15.925  70.644 0.0000000000
56207  23.793  -14.716  70.030 0.0000000000
45705  20.085  -24.886  74.685 0.0000000000
45675  19.768  -25.126  76.278 0.0000000000
45706  18.984  -25.399  74.663 0.0000000000
45748  16.138  -25.150  72.111 0.0000000000
45721  16.994  -24.947  74.075 0.0000000000
45735  15.757  -24.701  73.093 0.0000000000
46830  15.427  -24.023  73.951 0.0000000000
46841  15.169  -24.476  73.023 0.0000000000
45790  14.908  -25.808  68.397 0.0000000000
44690  12.854  -27.011  70.923 0.0000000000
45763  13.792  -26.318  70.906 0.0000000000
46859  13.332  -25.576  72.171 0.0000000000
46833  13.292  -24.435  73.319 0.0000000000
45736  12.865  -25.576  72.420 0.0000000000
45709  11.940  -24.790  74.189 0.0000000000
44665  11.727  -26.497  72.855 0.0000000000
42703  8.677  -28.106  73.785 0.0000000000
51878  20.914  -18.524  60.802 0.0000000000
50838  20.394  -19.775  60.458 0.0000000000
46927  19.524  -23.827  64.274 0.0000000000
47943  19.865  -22.699  64.690 0.0000000000
48916  20.296  -21.426  64.104 0.0000000000
48894  20.200  -22.284  66.163 0.0000000000
47923  20.342  -22.209  67.390 0.0000000000
47911  20.146  -22.823  67.810 0.0000000000
45745  20.188  -24.878  71.182 0.0000000000
45758  20.703  -24.045  70.517 0.0000000000
45731  20.285  -24.634  72.471 0.0000000000
45704  20.833  -24.014  74.489 0.0000000000
44589  19.629  -25.893  77.792 0.0000000000
42615  6.265  -27.626  80.566 0.0000000000
43573  6.874  -26.744  80.776 0.0000000000
72341  48.118  0.821  44.602 0.0000000000
73353  45.802  2.145  46.929 0.0000000000
73352  47.148  2.122  46.640 0.0000000000
74327  46.727  2.820  47.288 0.0000000000
74316  46.444  2.867  48.067 0.0000000000
72313  42.809  -0.116  47.315 0.0000000000
72312  43.699  0.014  47.257 0.0000000000
72295  43.186  0.267  47.688 0.0000000000
72271  44.098  0.987  49.571 0.0000000000
67177  39.138  -4.896  48.891 0.0000000000
68293  38.861  -4.039  47.436 0.0000000000
68282  39.692  -4.034  48.884 0.0000000000
68281  40.325  -3.652  48.923 0.0000000000
67174  41.251  -4.298  50.033 0.0000000000
65923  38.463  -5.178  53.570 0.0000000000
65958  39.063  -5.962  52.303 0.0000000000
67126  39.276  -5.135  53.407 0.0000000000
64817  29.857  -7.351  54.094 0.0000000000
63708  32.682  -7.412  57.455 0.0000000000
63709  31.983  -6.971  57.179 0.0000000000
64773  32.582  -6.674  57.961 0.0000000000
65829  32.721  -5.367  59.166 0.0000000000
64758  33.552  -6.443  58.847 0.0000000000
56307  24.016  -14.734  60.137 0.0000000000
56293  25.825  -14.483  60.939 0.0000000000
57310  27.758  -13.289  63.560 0.0000000000
57339  28.174  -13.817  61.809 0.0000000000
57338  29.098  -13.412  62.349 0.0000000000
58399  29.956  -13.282  61.892 0.0000000000
58391  29.942  -13.240  62.987 0.0000000000
59434  27.992  -11.450  67.641 0.0000000000
59471  32.815  -11.920  64.631 0.0000000000
58363  32.499  -12.778  63.887 0.0000000000
59478  33.048  -11.700  63.403 0.0000000000
60618  33.291  -10.770  61.527 0.0000000000
60601  33.616  -10.321  63.020 0.0000000000
71360  44.045  -1.191  38.007 0.0000000000
71372  45.681  -1.142  37.352 0.0000000000
70374  46.635  -1.049  37.407 0.0000000000
71358  46.339  -1.132  38.564 0.0000000000
71306  46.915  -0.186  42.781 0.0000000000
71329  46.874  -0.034  40.741 0.0000000000
72354  47.703  0.805  42.251 0.0000000000
73390  48.585  1.417  42.365 0.0000000000
71387  50.916  -0.445  35.133 0.0000000000
73421  49.381  1.130  39.215 0.0000000000
73413  48.938  1.259  39.760 0.0000000000
47845  21.393  -22.756  74.690 0.0000000000
48830  21.483  -21.909  73.595 0.0000000000
47830  21.983  -22.866  76.294 0.0000000000
44635  9.855  -26.356  76.016 0.0000000000
45663  9.428  -24.459  77.452 0.0000000000
44625  9.003  -25.427  77.441 0.0000000000
45649  8.481  -24.578  79.049 0.0000000000
46755  7.891  -24.122  80.272 0.0000000000
71282  37.996  -2.594  44.451 0.0000000000
71262  38.114  -2.437  45.162 0.0000000000
65888  35.476  -5.981  56.205 0.0000000000
65872  36.510  -5.821  56.337 0.0000000000
65858  36.652  -5.980  57.122 0.0000000000
64757  37.450  -6.245  58.241 0.0000000000
38651  4.076  -31.379  78.211 0.0000000000
37558  3.204  -32.194  78.290 0.0000000000
37550  2.418  -32.257  79.531 0.0000000000
62768  33.744  -9.895  50.540 0.0000000000
63762  32.031  -8.029  53.048 0.0000000000
55234  22.539  -16.222  61.595 0.0000000000
54091  22.759  -16.742  62.902 0.0000000000
54081  23.078  -16.831  64.359 0.0000000000
55193  23.427  -16.111  66.094 0.0000000000
44674  18.948  -25.509  71.408 0.0000000000
44652  18.430  -25.497  73.043 0.0000000000
44689  18.116  -25.543  70.769 0.0000000000
45760  17.122  -25.349  71.303 0.0000000000
45762  15.784  -25.258  70.517 0.0000000000
43670  11.393  -27.058  71.992 0.0000000000
42742  10.541  -27.695  70.434 0.0000000000
45833  19.311  -24.596  65.235 0.0000000000
45819  19.546  -24.576  66.390 0.0000000000
45786  19.827  -24.292  68.096 0.0000000000
44733  19.434  -25.056  67.623 0.0000000000
44701  19.299  -25.380  69.539 0.0000000000
45645  17.503  -24.860  78.308 0.0000000000
71290  47.071  -0.250  43.949 0.0000000000
71273  47.248  0.248  44.904 0.0000000000
71274  46.208  -0.465  44.891 0.0000000000
72327  46.050  0.504  46.267 0.0000000000
72310  45.583  1.022  46.836 0.0000000000
72284  41.894  -0.020  48.097 0.0000000000
73329  42.940  0.520  48.250 0.0000000000
72273  42.602  0.155  48.731 0.0000000000
72262  43.840  0.147  50.162 0.0000000000
68318  36.936  -4.529  46.226 0.0000000000
67195  37.353  -5.384  46.932 0.0000000000
66003  38.654  -5.363  48.589 0.0000000000
65991  39.696  -5.495  49.866 0.0000000000
68207  39.954  -4.047  54.608 0.0000000000
62699  30.508  -9.050  54.712 0.0000000000
62686  30.467  -8.366  54.852 0.0000000000
62677  31.757  -9.116  55.830 0.0000000000
62666  32.770  -9.001  57.133 0.0000000000
62655  33.157  -8.952  58.718 0.0000000000
57313  24.799  -13.568  63.346 0.0000000000
57312  25.729  -13.560  63.235 0.0000000000
57295  26.233  -13.005  63.894 0.0000000000
58369  26.753  -12.614  64.550 0.0000000000
58350  28.254  -12.623  65.513 0.0000000000
70361  41.774  -1.402  39.443 0.0000000000
71362  42.063  -0.600  38.440 0.0000000000
70360  42.505  -1.513  39.399 0.0000000000
70359  43.597  -1.646  39.435 0.0000000000
70358  44.599  -1.752  39.685 0.0000000000
71343  45.546  -1.490  39.404 0.0000000000
70333  45.352  -1.501  40.889 0.0000000000
71307  45.781  -0.739  42.577 0.0000000000
72422  50.088  0.008  34.724 0.0000000000
71378  50.114  -0.320  36.047 0.0000000000
72413  50.384  -0.158  36.775 0.0000000000
72414  49.781  -0.121  36.773 0.0000000000
71368  49.164  -0.195  37.086 0.0000000000
71356  48.368  -0.113  38.141 0.0000000000
50754  21.076  -20.202  66.858 0.0000000000
51797  21.895  -19.168  67.375 0.0000000000
50721  21.506  -20.067  68.669 0.0000000000
50686  21.608  -19.842  71.168 0.0000000000
50676  21.823  -20.003  72.135 0.0000000000
47834  12.863  -22.851  76.566 0.0000000000
47818  14.259  -22.761  77.750 0.0000000000
48807  13.077  -22.286  78.360 0.0000000000
48789  12.568  -22.109  79.653 0.0000000000
47794  10.344  -22.822  79.286 0.0000000000
48777  11.405  -21.920  80.468 0.0000000000
70308  42.021  -2.133  43.155 0.0000000000
70292  42.592  -1.781  43.909 0.0000000000
70293  41.471  -2.019  44.121 0.0000000000
71258  41.412  -1.247  45.743 0.0000000000
71279  39.913  -1.761  44.929 0.0000000000
71259  40.344  -1.564  45.599 0.0000000000
71219  41.800  -0.596  47.270 0.0000000000
71210  41.361  -0.910  47.936 0.0000000000
70235  41.756  -1.530  49.013 0.0000000000
69299  42.607  -2.290  49.864 0.0000000000
63825  37.222  -8.375  50.386 0.0000000000
64889  38.138  -7.741  50.367 0.0000000000
64876  38.120  -7.362  51.679 0.0000000000
64836  37.588  -5.925  53.462 0.0000000000
67078  38.033  -4.855  54.568 0.0000000000
67067  37.291  -5.481  55.812 0.0000000000
67066  37.853  -5.147  55.497 0.0000000000
68182  39.576  -4.700  56.338 0.0000000000
58419  30.366  -12.269  59.024 0.0000000000
59419  26.341  -11.580  69.316 0.0000000000
71348  40.399  -0.719  39.189 0.0000000000
71332  40.859  -1.302  39.778 0.0000000000
70337  42.117  -2.075  41.316 0.0000000000
74417  47.250  2.946  34.175 0.0000000000
73445  46.759  2.164  34.794 0.0000000000
41650  6.780  -29.119  76.155 0.0000000000
42666  6.863  -28.402  77.630 0.0000000000
41621  6.496  -28.834  78.064 0.0000000000
41604  5.647  -28.807  79.632 0.0000000000
41592  5.428  -28.499  80.567 0.0000000000
40643  4.254  -30.286  79.811 0.0000000000
64910  35.476  -7.402  47.256 0.0000000000
63849  35.874  -8.209  48.133 0.0000000000
63848  36.666  -8.040  48.587 0.0000000000
63826  36.341  -8.754  50.385 0.0000000000
63805  35.986  -8.676  51.536 0.0000000000
64838  35.733  -7.076  53.784 0.0000000000
62726  34.213  -9.227  52.162 0.0000000000
63782  34.512  -8.551  52.639 0.0000000000
64812  34.867  -6.704  54.807 0.0000000000
64782  34.880  -6.157  56.211 0.0000000000
65860  34.325  -5.308  57.826 0.0000000000
65843  34.470  -4.986  58.573 0.0000000000
56295  23.849  -14.439  61.081 0.0000000000
56284  22.998  -15.605  61.912 0.0000000000
56283  23.448  -14.779  62.425 0.0000000000
57314  24.022  -13.694  63.452 0.0000000000
57298  24.010  -13.765  64.334 0.0000000000
58355  24.413  -13.422  66.032 0.0000000000
58322  24.949  -12.973  67.955 0.0000000000
51785  22.171  -18.559  67.807 0.0000000000
52908  22.445  -17.724  68.004 0.0000000000
54032  22.833  -16.770  68.245 0.0000000000
52886  22.740  -17.583  71.110 0.0000000000
55157  23.153  -15.917  69.780 0.0000000000
55173  23.307  -15.748  68.626 0.0000000000
56222  24.003  -14.849  68.883 0.0000000000
57241  24.357  -14.118  69.286 0.0000000000
58313  25.143  -12.863  68.842 0.0000000000
44620  21.468  -24.949  77.111 0.0000000000
44606  20.915  -25.681  77.252 0.0000000000
45659  19.401  -25.543  76.907 0.0000000000
45660  18.498  -25.306  77.376 0.0000000000
45720  18.116  -25.440  73.751 0.0000000000
45693  17.752  -25.104  75.867 0.0000000000
45677  17.767  -24.964  76.828 0.0000000000
46802  16.354  -24.073  76.699 0.0000000000
46803  15.742  -23.602  76.318 0.0000000000
47860  14.120  -23.116  75.136 0.0000000000
45804  15.927  -25.746  67.565 0.0000000000
45775  15.596  -25.308  69.756 0.0000000000
46881  15.202  -25.593  70.429 0.0000000000
45778  13.785  -26.589  69.679 0.0000000000
46871  14.411  -25.775  71.333 0.0000000000
46856  14.746  -25.322  72.219 0.0000000000
46843  13.993  -24.842  72.849 0.0000000000
46818  13.977  -23.544  74.373 0.0000000000
47861  13.539  -23.543  75.122 0.0000000000
46804  12.648  -23.917  75.144 0.0000000000
45695  11.578  -24.630  74.866 0.0000000000
44645  10.908  -25.882  74.487 0.0000000000
43662  10.903  -26.840  72.806 0.0000000000
43655  10.675  -26.612  73.722 0.0000000000
43648  10.324  -26.569  74.528 0.0000000000
43641  9.344  -27.126  75.430 0.0000000000
42692  8.350  -28.175  74.682 0.0000000000
42693  7.816  -28.555  75.243 0.0000000000
41664  6.918  -29.314  75.475 0.0000000000
40697  5.983  -30.353  75.051 0.0000000000
53009  21.228  -17.798  60.364 0.0000000000
51857  21.447  -18.561  62.826 0.0000000000
50802  20.951  -19.740  64.370 0.0000000000
49845  20.484  -20.782  62.541 0.0000000000
49831  20.657  -20.696  63.946 0.0000000000
49817  20.661  -20.358  65.133 0.0000000000
49792  20.784  -20.908  67.110 0.0000000000
48878  20.737  -21.631  68.633 0.0000000000
47888  21.114  -22.382  71.052 0.0000000000
46880  20.395  -23.688  69.189 0.0000000000
46867  21.007  -23.167  70.794 0.0000000000
46840  20.861  -22.941  72.347 0.0000000000
45717  20.898  -23.674  73.717 0.0000000000
46787  21.316  -23.853  75.930 0.0000000000
43599  7.270  -26.861  79.052 0.0000000000
44582  7.780  -25.840  80.257 0.0000000000
73361  48.135  2.098  46.041 0.0000000000
71256  43.965  -0.922  45.879 0.0000000000
72311  44.830  0.265  47.058 0.0000000000
73340  44.676  1.500  47.921 0.0000000000
73328  44.034  0.705  48.415 0.0000000000
73327  44.428  1.443  48.629 0.0000000000
74307  45.011  1.963  48.426 0.0000000000
70280  37.314  -2.628  45.324 0.0000000000
70271  38.458  -2.550  46.179 0.0000000000
68304  37.969  -4.296  46.675 0.0000000000
69327  38.335  -3.402  46.766 0.0000000000
69325  39.694  -2.811  47.400 0.0000000000
69311  40.893  -2.832  48.218 0.0000000000
69301  41.201  -3.065  48.882 0.0000000000
69290  42.439  -2.918  50.083 0.0000000000
64888  38.869  -6.809  50.301 0.0000000000
64874  39.586  -6.173  51.327 0.0000000000
65976  40.037  -5.808  50.675 0.0000000000
67100  39.893  -4.799  53.639 0.0000000000
65940  40.638  -5.096  52.811 0.0000000000
65974  41.241  -5.040  51.698 0.0000000000
67141  41.805  -4.628  51.874 0.0000000000
68258  42.869  -3.617  51.754 0.0000000000
63763  31.020  -7.886  52.759 0.0000000000
64815  31.698  -6.848  54.509 0.0000000000
63731  30.909  -7.614  55.372 0.0000000000
64798  31.142  -6.619  55.516 0.0000000000
65891  31.820  -5.987  56.001 0.0000000000
65862  32.267  -5.407  57.534 0.0000000000
67027  33.217  -4.648  59.158 0.0000000000
65826  34.865  -6.161  59.574 0.0000000000
57340  26.964  -14.254  61.302 0.0000000000
57357  29.093  -13.538  60.035 0.0000000000
58420  29.833  -12.909  59.560 0.0000000000
58407  31.416  -12.100  60.218 0.0000000000
59450  27.264  -11.874  67.095 0.0000000000
59449  28.293  -11.822  66.878 0.0000000000
58349  29.383  -12.734  65.737 0.0000000000
59463  30.132  -12.063  66.208 0.0000000000
58365  30.570  -13.791  64.713 0.0000000000
57307  31.518  -13.909  63.396 0.0000000000
58389  31.975  -13.194  62.100 0.0000000000
59510  31.869  -11.755  60.076 0.0000000000
60629  32.944  -10.692  60.659 0.0000000000
61660  33.083  -9.786  60.331 0.0000000000
62633  33.825  -9.041  60.648 0.0000000000
61628  33.909  -9.622  63.517 0.0000000000
62625  34.332  -8.839  61.555 0.0000000000
63674  34.197  -8.236  60.555 0.0000000000
63673  34.483  -7.377  60.655 0.0000000000
74411  45.919  2.280  35.198 0.0000000000
72426  45.715  0.270  35.717 0.0000000000
71382  46.724  -0.762  36.734 0.0000000000
71370  47.647  -0.545  37.590 0.0000000000
71342  46.597  -0.524  39.661 0.0000000000
71341  47.385  0.151  39.982 0.0000000000
72369  48.409  1.102  40.137 0.0000000000
73398  48.356  1.364  41.446 0.0000000000
44619  21.827  -24.739  77.333 0.0000000000
45657  22.264  -24.520  77.360 0.0000000000
65825  36.149  -6.305  59.646 0.0000000000
51840  21.272  -19.167  64.826 0.0000000000
51827  21.642  -18.944  65.550 0.0000000000
44735  17.652  -25.919  67.473 0.0000000000
44736  16.724  -25.805  67.502 0.0000000000
47817  15.047  -23.147  77.696 0.0000000000
71293  43.525  -1.546  43.542 0.0000000000
70227  42.973  -1.923  49.976 0.0000000000
70226  43.409  -1.376  50.335 0.0000000000
69288  43.522  -2.221  50.983 0.0000000000
64908  37.419  -6.607  48.237 0.0000000000
59543  30.826  -11.658  58.516 0.0000000000
59559  31.148  -10.844  57.612 0.0000000000
59542  31.228  -10.974  58.160 0.0000000000
60660  31.546  -10.370  57.702 0.0000000000
59452  25.335  -12.320  67.502 0.0000000000
70306  43.973  -1.598  42.705 0.0000000000
72434  47.828  1.111  34.394 0.0000000000
71391  47.843  -0.134  35.686 0.0000000000
48855  21.177  -21.758  71.296 0.0000000000
48856  21.289  -21.277  71.380 0.0000000000
46774  10.640  -23.494  76.948 0.0000000000
46792  10.287  -24.264  76.641 0.0000000000
70326  39.474  -2.135  42.586 0.0000000000
71242  39.095  -2.103  45.986 0.0000000000
70256  39.964  -2.350  46.981 0.0000000000
39696  5.058  -30.582  77.220 0.0000000000
62780  34.453  -9.591  49.550 0.0000000000
62781  33.290  -9.592  49.455 0.0000000000
64814  32.728  -6.839  54.579 0.0000000000
64796  33.124  -6.455  55.336 0.0000000000
56250  23.879  -15.195  65.817 0.0000000000
57274  24.043  -14.720  66.430 0.0000000000
51745  22.119  -19.344  71.997 0.0000000000
51744  22.546  -18.704  72.003 0.0000000000
44644  19.572  -25.184  75.150 0.0000000000
46854  15.800  -25.256  71.564 0.0000000000
45749  15.533  -24.898  72.605 0.0000000000
45751  13.319  -26.137  71.581 0.0000000000
44664  12.324  -26.071  72.714 0.0000000000
44677  12.038  -26.666  72.257 0.0000000000
46917  19.712  -23.692  65.489 0.0000000000
48901  20.244  -21.958  65.453 0.0000000000
47924  20.080  -22.688  66.825 0.0000000000
45732  19.534  -25.151  72.027 0.0000000000
42601  5.663  -27.686  81.414 0.0000000000
42600  6.290  -27.197  81.059 0.0000000000
71305  47.597  0.377  43.273 0.0000000000
71272  47.711  0.499  44.532 0.0000000000
74328  46.046  2.431  47.311 0.0000000000
72296  42.510  0.142  47.724 0.0000000000
67176  39.711  -4.666  49.324 0.0000000000
67186  39.387  -4.330  48.767 0.0000000000
67175  40.565  -4.398  49.647 0.0000000000
67160  40.724  -4.923  50.406 0.0000000000
67101  38.964  -4.993  53.769 0.0000000000
67076  39.350  -4.595  54.315 0.0000000000
63742  29.393  -7.905  54.075 0.0000000000
63697  32.943  -6.919  57.980 0.0000000000
64759  32.965  -6.424  58.375 0.0000000000
63683  33.964  -7.472  59.527 0.0000000000
56294  24.741  -14.581  60.995 0.0000000000
56280  25.369  -14.262  61.705 0.0000000000
57309  28.652  -13.237  63.642 0.0000000000
57308  29.167  -13.223  63.782 0.0000000000
58381  29.774  -13.347  63.960 0.0000000000
60568  32.815  -11.194  65.557 0.0000000000
60580  33.031  -11.059  64.310 0.0000000000
60588  33.241  -10.851  63.459 0.0000000000
60587  33.361  -10.339  63.947 0.0000000000
71373  44.393  -0.770  37.254 0.0000000000
72355  47.121  0.213  42.075 0.0000000000
72349  48.292  1.145  43.385 0.0000000000
72420  51.199  -0.563  35.526 0.0000000000
72419  51.479  -0.661  35.944 0.0000000000
73422  48.929  1.107  39.277 0.0000000000
72379  48.612  0.942  39.482 0.0000000000
46801  21.199  -23.367  75.194 0.0000000000
44624  9.427  -25.770  76.905 0.0000000000
44612  8.973  -25.835  77.340 0.0000000000
44596  8.276  -25.444  78.686 0.0000000000
45636  8.168  -24.519  79.857 0.0000000000
65873  35.844  -5.793  56.607 0.0000000000
38664  3.673  -31.945  77.698 0.0000000000
37551  1.711  -32.680  79.762 0.0000000000
52997  22.127  -17.230  61.789 0.0000000000
54103  22.480  -16.783  62.054 0.0000000000
52953  22.559  -17.540  65.219 0.0000000000
52965  22.691  -17.263  64.454 0.0000000000
54073  23.034  -16.986  65.021 0.0000000000
54061  23.272  -16.559  65.412 0.0000000000
54062  22.958  -17.047  65.830 0.0000000000
44688  19.035  -25.533  70.430 0.0000000000
45787  16.951  -25.473  69.057 0.0000000000
45761  16.253  -25.260  70.899 0.0000000000
45846  18.967  -24.798  64.155 0.0000000000
44716  18.963  -25.620  68.641 0.0000000000
45662  16.932  -24.655  77.956 0.0000000000
45646  16.893  -24.648  78.482 0.0000000000
72328  45.424  0.360  46.605 0.0000000000
72274  41.983  -0.202  48.638 0.0000000000
71200  42.918  -0.455  49.426 0.0000000000
71199  43.477  -0.391  50.013 0.0000000000
67196  36.624  -5.661  46.699 0.0000000000
67207  36.910  -5.189  46.498 0.0000000000
65993  38.338  -6.064  48.992 0.0000000000
65992  39.028  -5.707  49.447 0.0000000000
61700  30.803  -9.749  54.950 0.0000000000
62685  31.060  -8.753  55.405 0.0000000000
61693  31.720  -9.693  56.449 0.0000000000
61676  32.508  -9.604  58.272 0.0000000000
61685  32.643  -9.242  57.614 0.0000000000
62665  33.140  -8.633  57.736 0.0000000000
57297  24.557  -13.389  64.201 0.0000000000
57296  25.348  -13.161  64.032 0.0000000000
58336  26.539  -12.265  66.189 0.0000000000
58352  26.392  -12.444  65.242 0.0000000000
58368  27.756  -12.814  64.533 0.0000000000
71346  42.012  -1.259  38.931 0.0000000000
70347  44.023  -1.805  40.383 0.0000000000
70346  44.879  -1.833  40.358 0.0000000000
72423  49.260  0.215  34.747 0.0000000000
71389  49.706  -0.198  35.385 0.0000000000
71379  49.371  -0.281  36.224 0.0000000000
71369  48.411  -0.293  37.322 0.0000000000
50735  21.116  -20.534  67.422 0.0000000000
50734  21.496  -20.082  67.743 0.0000000000
49780  21.293  -20.503  68.540 0.0000000000
50698  21.393  -20.585  71.098 0.0000000000
50697  21.399  -20.365  70.897 0.0000000000
50687  21.470  -20.461  71.489 0.0000000000
47820  12.128  -22.530  77.521 0.0000000000
48800  12.193  -22.456  78.794 0.0000000000
48775  12.839  -22.009  80.099 0.0000000000
48790  11.818  -22.206  79.723 0.0000000000
46763  9.743  -23.578  78.189 0.0000000000
47809  9.577  -23.359  79.066 0.0000000000
70324  41.512  -2.222  42.295 0.0000000000
70294  40.404  -1.787  44.180 0.0000000000
70296  38.780  -1.236  44.311 0.0000000000
70295  39.479  -1.412  44.253 0.0000000000
71280  38.956  -1.481  44.987 0.0000000000
71241  39.867  -1.640  46.112 0.0000000000
71240  40.830  -1.219  46.369 0.0000000000
71220  41.333  -0.981  47.281 0.0000000000
72285  41.577  -0.509  47.764 0.0000000000
70242  41.408  -1.725  48.270 0.0000000000
63803  37.663  -8.181  51.054 0.0000000000
65925  37.282  -5.713  54.279 0.0000000000
65924  37.848  -5.467  53.687 0.0000000000
67044  36.836  -5.906  56.552 0.0000000000
65886  36.766  -5.762  55.674 0.0000000000
67043  37.180  -5.942  56.627 0.0000000000
65871  38.354  -5.684  56.979 0.0000000000
67057  39.009  -5.216  56.441 0.0000000000
67056  39.606  -4.685  56.666 0.0000000000
58450  29.683  -12.646  57.516 0.0000000000
58431  30.223  -12.128  58.026 0.0000000000
40670  6.388  -29.297  76.409 0.0000000000
41635  6.433  -28.892  76.995 0.0000000000
41636  5.945  -29.429  77.241 0.0000000000
40650  5.497  -29.638  78.525 0.0000000000
41613  5.969  -29.141  78.683 0.0000000000
40641  5.511  -29.375  79.093 0.0000000000
41605  5.091  -29.338  80.047 0.0000000000
39687  4.082  -31.186  78.756 0.0000000000
39676  3.952  -30.764  79.530 0.0000000000
66006  36.536  -6.728  47.256 0.0000000000
63850  34.665  -8.413  47.835 0.0000000000
63835  36.149  -8.684  49.128 0.0000000000
63781  35.401  -8.439  52.306 0.0000000000
62748  33.041  -10.029  51.460 0.0000000000
62747  34.105  -9.919  51.561 0.0000000000
64839  34.456  -7.342  53.991 0.0000000000
65875  33.677  -5.843  56.525 0.0000000000
67045  34.138  -4.886  58.500 0.0000000000
56308  23.164  -14.724  60.286 0.0000000000
55220  23.074  -16.205  62.352 0.0000000000
56268  23.453  -15.572  62.687 0.0000000000
57315  23.643  -14.267  63.444 0.0000000000
57330  23.598  -14.072  62.799 0.0000000000
58338  24.748  -12.891  66.993 0.0000000000
58323  24.554  -13.597  67.612 0.0000000000
51786  21.838  -19.363  68.468 0.0000000000
51796  22.109  -18.562  67.090 0.0000000000
52902  22.481  -17.574  69.067 0.0000000000
55156  23.564  -15.321  69.401 0.0000000000
56223  23.726  -15.149  68.376 0.0000000000
58299  24.778  -13.412  69.584 0.0000000000
44621  19.254  -25.263  75.952 0.0000000000
45676  18.726  -25.337  76.362 0.0000000000
44663  17.916  -25.448  72.634 0.0000000000
45733  17.412  -25.283  73.169 0.0000000000
45694  16.944  -24.664  76.268 0.0000000000
46815  16.238  -24.153  75.732 0.0000000000
46816  15.440  -23.627  75.222 0.0000000000
47859  14.721  -23.203  75.370 0.0000000000
45789  15.492  -25.500  68.535 0.0000000000
45776  15.152  -25.644  69.508 0.0000000000
45792  13.199  -26.901  67.849 0.0000000000
45750  13.746  -25.944  71.441 0.0000000000
46872  14.041  -25.968  71.143 0.0000000000
46870  14.843  -25.648  71.334 0.0000000000
46857  14.217  -25.438  72.167 0.0000000000
46842  14.583  -24.605  72.891 0.0000000000
46819  13.155  -24.011  74.601 0.0000000000
47862  13.223  -23.800  75.153 0.0000000000
45724  11.783  -25.395  73.731 0.0000000000
45710  11.412  -25.244  74.333 0.0000000000
45696  11.086  -24.960  75.295 0.0000000000
42728  10.898  -27.504  71.219 0.0000000000
42710  9.778  -27.674  72.889 0.0000000000
43663  10.377  -27.153  73.147 0.0000000000
43656  10.089  -27.187  73.778 0.0000000000
43649  9.671  -27.116  74.521 0.0000000000
43640  9.898  -26.569  75.164 0.0000000000
41662  7.831  -28.658  74.529 0.0000000000
40695  7.223  -29.440  74.304 0.0000000000
40696  6.587  -29.907  74.697 0.0000000000
39733  6.230  -30.453  74.003 0.0000000000
51868  21.115  -18.610  61.741 0.0000000000
51849  21.335  -18.967  63.951 0.0000000000
50812  21.007  -19.739  63.286 0.0000000000
49860  20.002  -21.018  61.500 0.0000000000
49859  20.484  -20.254  61.415 0.0000000000
48908  20.383  -21.224  64.801 0.0000000000
49804  20.671  -20.627  66.197 0.0000000000
47910  20.439  -22.255  68.182 0.0000000000
47894  20.928  -22.447  70.182 0.0000000000
46891  20.164  -23.531  68.445 0.0000000000
45772  20.116  -24.335  69.088 0.0000000000
45744  20.857  -23.838  71.710 0.0000000000
46853  20.962  -22.905  71.569 0.0000000000
45690  20.745  -24.255  75.424 0.0000000000
43611  21.142  -26.252  77.625 0.0000000000
47804  13.840  -22.489  78.769 0.0000000000
47792  14.596  -22.754  79.436 0.0000000000
42651  6.796  -28.226  78.330 0.0000000000
42636  7.053  -27.597  78.589 0.0000000000
43600  6.857  -27.568  79.238 0.0000000000
44573  6.821  -26.276  81.323 0.0000000000
43572  7.406  -26.274  80.580 0.0000000000
44562  7.034  -25.322  81.600 0.0000000000
45624  7.167  -24.757  81.405 0.0000000000
45625  6.761  -24.512  81.790 0.0000000000
72326  47.019  0.702  45.703 0.0000000000
72325  47.907  1.178  45.503 0.0000000000
73362  47.366  1.478  46.107 0.0000000000
75308  47.808  3.142  46.912 0.0000000000
72293  44.985  1.380  47.269 0.0000000000
73318  43.439  0.542  48.740 0.0000000000
74299  45.397  1.804  48.883 0.0000000000
69348  36.619  -2.923  45.463 0.0000000000
70281  36.420  -2.580  44.780 0.0000000000
70272  37.918  -2.624  45.774 0.0000000000
67194  38.123  -5.085  47.042 0.0000000000
68317  37.319  -3.881  46.317 0.0000000000
68303  38.583  -3.702  46.943 0.0000000000
69313  39.396  -3.258  47.645 0.0000000000
69326  39.000  -3.060  47.083 0.0000000000
69312  40.070  -2.903  47.846 0.0000000000
68291  40.200  -3.276  48.320 0.0000000000
68280  41.237  -3.678  49.410 0.0000000000
64875  39.022  -6.472  51.791 0.0000000000
65957  39.755  -5.842  51.947 0.0000000000
67098  41.297  -4.263  53.297 0.0000000000
65920  40.882  -4.508  53.217 0.0000000000
65939  41.058  -4.690  52.930 0.0000000000
65955  41.206  -4.931  52.362 0.0000000000
64843  30.387  -7.449  53.469 0.0000000000
64842  31.347  -7.352  53.633 0.0000000000
63730  31.420  -8.020  55.653 0.0000000000
63721  31.803  -7.466  56.340 0.0000000000
64784  31.703  -6.522  57.032 0.0000000000
64785  31.358  -6.623  56.318 0.0000000000
65878  31.349  -6.340  56.177 0.0000000000
65892  31.447  -6.165  56.110 0.0000000000
67007  32.732  -5.212  59.404 0.0000000000
67028  32.557  -5.200  58.882 0.0000000000
67006  32.922  -4.978  59.834 0.0000000000
67005  33.919  -4.850  59.948 0.0000000000
57327  26.182  -14.059  62.254 0.0000000000
57326  27.364  -13.763  62.521 0.0000000000
57350  28.093  -14.083  60.494 0.0000000000
58409  29.965  -13.178  60.705 0.0000000000
58408  30.816  -12.458  60.110 0.0000000000
59418  26.789  -11.367  68.942 0.0000000000
59435  26.960  -11.461  68.308 0.0000000000
59433  28.853  -11.549  67.360 0.0000000000
58334  28.709  -12.297  66.278 0.0000000000
58333  29.374  -12.256  66.281 0.0000000000
59447  32.450  -12.497  66.265 0.0000000000
59462  31.193  -12.126  66.232 0.0000000000
58347  31.832  -12.783  66.644 0.0000000000
58348  30.829  -13.121  65.756 0.0000000000
57282  31.346  -13.912  65.304 0.0000000000
57293  31.411  -14.145  64.335 0.0000000000
57281  31.911  -13.665  64.893 0.0000000000
58378  32.698  -12.527  62.694 0.0000000000
58388  32.595  -12.353  61.587 0.0000000000
58396  32.452  -12.141  60.962 0.0000000000
59494  32.859  -11.587  61.069 0.0000000000
59509  32.528  -11.316  60.280 0.0000000000
60617  33.694  -10.379  62.134 0.0000000000
61652  33.189  -10.238  60.946 0.0000000000
61651  33.688  -9.830  61.203 0.0000000000
62634  33.468  -9.196  60.217 0.0000000000
62594  34.103  -9.227  64.367 0.0000000000
62607  34.814  -8.417  63.207 0.0000000000
62615  34.773  -8.358  62.261 0.0000000000
63667  34.588  -8.085  61.202 0.0000000000
70367  42.523  -1.253  38.604 0.0000000000
72395  42.710  -0.054  37.913 0.0000000000
72394  43.044  -0.324  37.689 0.0000000000
71392  46.854  -0.245  35.897 0.0000000000
71393  46.194  -0.423  36.082 0.0000000000
71371  46.793  -1.023  37.647 0.0000000000
72371  47.426  0.474  40.979 0.0000000000
71328  47.345  0.251  40.411 0.0000000000
72370  47.707  0.622  40.489 0.0000000000
72380  48.059  0.582  39.709 0.0000000000
73406  48.182  1.243  40.748 0.0000000000
72432  49.848  0.646  34.068 0.0000000000
72444  50.406  0.648  33.472 0.0000000000
43642  8.765  -27.504  76.042 0.0000000000
43618  8.887  -26.370  77.216 0.0000000000
43631  8.587  -27.185  76.919 0.0000000000
43619  8.287  -26.749  77.679 0.0000000000
43598  7.989  -26.344  78.456 0.0000000000
51848  21.796  -18.163  63.785 0.0000000000
51856  21.879  -17.866  63.173 0.0000000000
52954  22.096  -18.211  65.322 0.0000000000
45788  16.275  -25.422  68.614 0.0000000000
44745  19.114  -25.361  66.767 0.0000000000
46789  15.935  -23.610  77.157 0.0000000000
46772  16.297  -24.370  78.202 0.0000000000
47816  15.535  -23.465  77.603 0.0000000000
46753  15.591  -23.678  78.791 0.0000000000
47790  15.524  -23.723  79.171 0.0000000000
66005  37.210  -6.196  47.624 0.0000000000
60670  31.107  -10.591  56.438 0.0000000000
60669  31.500  -10.170  57.041 0.0000000000
61677  31.925  -9.945  57.988 0.0000000000
60650  32.404  -10.223  59.003 0.0000000000
58354  24.854  -12.817  65.844 0.0000000000
70335  43.676  -1.812  41.228 0.0000000000
70321  44.259  -1.651  41.839 0.0000000000
49762  21.172  -21.256  70.380 0.0000000000
49761  21.178  -20.851  69.961 0.0000000000
49746  21.372  -20.910  71.497 0.0000000000
49738  21.534  -20.836  72.326 0.0000000000
46790  11.585  -23.614  75.830 0.0000000000
47836  11.233  -23.313  76.526 0.0000000000
47821  10.944  -23.004  77.197 0.0000000000
47807  10.776  -22.806  78.555 0.0000000000
47796  9.189  -23.313  79.608 0.0000000000
47781  9.407  -22.749  80.247 0.0000000000
70255  40.618  -1.738  47.109 0.0000000000
64864  36.906  -7.246  52.734 0.0000000000
65903  36.837  -5.844  54.834 0.0000000000
70339  39.994  -2.047  41.553 0.0000000000
39705  5.412  -30.562  76.370 0.0000000000
39695  5.461  -30.140  76.952 0.0000000000
40651  5.036  -30.148  78.467 0.0000000000
62779  35.473  -9.272  49.879 0.0000000000
62746  34.792  -9.301  51.586 0.0000000000
63784  32.710  -8.890  52.624 0.0000000000
63783  33.637  -8.786  52.717 0.0000000000
65889  33.384  -6.150  55.834 0.0000000000
56309  22.449  -14.921  60.431 0.0000000000
55209  23.556  -16.173  63.958 0.0000000000
55210  23.752  -15.690  64.249 0.0000000000
57284  24.088  -14.510  65.508 0.0000000000
57262  24.199  -14.411  67.227 0.0000000000
51777  22.185  -18.471  68.791 0.0000000000
55133  23.557  -15.843  71.337 0.0000000000
45691  20.169  -24.826  75.650 0.0000000000
44643  19.878  -25.017  75.294 0.0000000000
44633  19.158  -25.316  75.473 0.0000000000
45734  16.557  -25.010  73.089 0.0000000000
45722  16.123  -24.626  73.787 0.0000000000
46829  16.188  -24.302  74.655 0.0000000000
46831  14.600  -23.855  73.629 0.0000000000
45791  14.215  -26.308  68.231 0.0000000000
44704  12.613  -27.189  69.723 0.0000000000
45779  13.227  -26.825  69.885 0.0000000000
45764  13.335  -26.741  70.493 0.0000000000
46844  13.550  -25.068  72.694 0.0000000000
46845  13.297  -25.267  72.493 0.0000000000
46834  12.959  -24.890  72.955 0.0000000000
45723  12.361  -25.254  73.306 0.0000000000
44654  11.984  -25.875  73.326 0.0000000000
42711  8.997  -28.134  72.938 0.0000000000
41689  8.307  -28.612  72.939 0.0000000000
50837  20.692  -19.427  61.093 0.0000000000
47949  19.625  -22.887  63.373 0.0000000000
48917  19.986  -21.995  63.810 0.0000000000
48928  20.259  -21.354  63.417 0.0000000000
48909  20.183  -21.861  64.563 0.0000000000
48893  20.417  -21.672  66.541 0.0000000000
47902  20.347  -22.844  68.507 0.0000000000
45718  20.418  -24.413  73.594 0.0000000000
42626  6.390  -28.024  79.709 0.0000000000
43582  6.973  -27.342  79.920 0.0000000000
43562  6.392  -26.735  81.406 0.0000000000
75309  47.290  3.252  47.508 0.0000000000
75300  46.954  3.500  47.885 0.0000000000
75292  46.831  3.227  48.322 0.0000000000
71238  43.195  -0.500  46.659 0.0000000000
73341  43.651  0.482  48.031 0.0000000000
73317  44.053  0.960  49.033 0.0000000000
67188  38.455  -5.045  47.715 0.0000000000
67187  38.973  -4.520  48.312 0.0000000000
65943  38.161  -5.628  53.107 0.0000000000
64862  38.688  -5.995  52.456 0.0000000000
65942  38.835  -5.489  52.978 0.0000000000
67125  39.476  -5.215  53.233 0.0000000000
64844  29.535  -7.479  53.298 0.0000000000
64774  32.099  -6.495  57.762 0.0000000000
65863  31.912  -5.822  57.736 0.0000000000
65846  32.266  -5.812  58.309 0.0000000000
65844  33.118  -5.954  58.794 0.0000000000
64743  34.031  -6.385  59.348 0.0000000000
57325  28.361  -13.465  62.863 0.0000000000
58390  30.909  -13.610  62.551 0.0000000000
60545  27.949  -11.163  68.383 0.0000000000
60525  28.664  -10.967  68.679 0.0000000000
60544  28.731  -11.175  67.958 0.0000000000
60543  29.548  -11.270  67.441 0.0000000000
59460  32.593  -12.183  65.646 0.0000000000
58346  32.491  -12.628  64.938 0.0000000000
60602  33.329  -10.944  62.626 0.0000000000
71345  43.662  -1.424  38.548 0.0000000000
71374  43.704  -0.795  37.519 0.0000000000
71384  45.027  -0.632  36.857 0.0000000000
70382  46.187  -1.051  36.901 0.0000000000
71319  46.585  -0.166  41.842 0.0000000000
72363  47.267  0.364  41.503 0.0000000000
71397  50.822  -0.375  34.851 0.0000000000
72430  51.104  -0.490  34.642 0.0000000000
72429  51.514  -0.649  35.036 0.0000000000
72391  50.048  0.747  38.541 0.0000000000
72378  49.913  1.085  39.218 0.0000000000
47870  21.287  -22.162  73.331 0.0000000000
47858  21.404  -22.403  73.975 0.0000000000
47857  21.677  -22.345  74.528 0.0000000000
47815  22.141  -23.094  76.943 0.0000000000
44623  10.046  -25.540  76.311 0.0000000000
45680  9.793  -24.766  76.839 0.0000000000
45664  8.911  -24.810  77.986 0.0000000000
46754  8.485  -23.842  79.742 0.0000000000
46744  8.031  -23.626  80.491 0.0000000000
47783  7.836  -23.243  80.917 0.0000000000
71295  38.365  -2.244  44.005 0.0000000000
71281  38.469  -2.134  44.741 0.0000000000
71243  38.491  -2.343  45.691 0.0000000000
64793  35.741  -6.217  55.522 0.0000000000
65904  36.405  -5.969  55.315 0.0000000000
65887  35.975  -5.959  55.789 0.0000000000
64772  37.228  -6.282  57.729 0.0000000000
38663  4.460  -31.329  77.417 0.0000000000
38652  3.481  -31.700  78.798 0.0000000000
38653  2.860  -31.943  79.367 0.0000000000
38640  2.547  -31.606  79.981 0.0000000000
52976  22.399  -17.367  63.615 0.0000000000
52975  22.821  -17.029  64.015 0.0000000000
54090  23.054  -16.693  63.668 0.0000000000
54072  23.318  -16.511  64.817 0.0000000000
55192  23.462  -16.167  65.233 0.0000000000
44662  18.712  -25.436  72.373 0.0000000000
44675  17.980  -25.416  71.798 0.0000000000
46868  15.672  -25.353  71.223 0.0000000000
43688  12.336  -27.373  70.422 0.0000000000
43676  12.216  -27.339  71.063 0.0000000000
43669  11.995  -27.061  71.704 0.0000000000
43677  11.540  -27.451  71.138 0.0000000000
42741  11.115  -27.598  70.694 0.0000000000
46906  19.843  -23.592  66.538 0.0000000000
45803  19.765  -24.237  67.216 0.0000000000
44715  19.591  -24.971  68.745 0.0000000000
44700  19.813  -24.925  69.527 0.0000000000
44687  19.730  -25.174  70.265 0.0000000000
45746  19.595  -25.272  71.402 0.0000000000
71253  46.895  0.340  45.385 0.0000000000
71254  46.454  0.120  45.566 0.0000000000
73339  45.120  2.011  47.361 0.0000000000
73343  42.265  0.256  47.929 0.0000000000
72283  42.383  0.395  48.221 0.0000000000
68305  37.341  -4.886  46.530 0.0000000000
67189  37.837  -5.585  47.460 0.0000000000
68191  39.485  -4.640  55.814 0.0000000000
68208  39.331  -4.450  55.010 0.0000000000
62700  29.837  -8.725  54.185 0.0000000000
62684  31.797  -8.385  55.779 0.0000000000
62676  32.400  -8.737  56.375 0.0000000000
62675  32.943  -8.308  56.960 0.0000000000
62664  33.372  -8.214  58.355 0.0000000000
62654  33.555  -8.291  59.066 0.0000000000
57328  25.107  -13.840  62.483 0.0000000000
58370  25.865  -12.649  64.644 0.0000000000
57294  27.051  -12.946  63.895 0.0000000000
58383  28.410  -13.085  64.152 0.0000000000
58367  28.777  -12.943  64.841 0.0000000000
70366  43.078  -1.499  38.708 0.0000000000
71344  44.422  -1.504  38.862 0.0000000000
70357  45.145  -1.744  39.877 0.0000000000
70345  45.452  -1.584  40.193 0.0000000000
71320  45.724  -0.790  41.461 0.0000000000
71321  45.010  -1.460  41.565 0.0000000000
73442  49.404  1.495  33.674 0.0000000000
71388  50.481  -0.315  35.132 0.0000000000
71377  50.741  -0.470  35.873 0.0000000000
72405  48.937  0.074  37.824 0.0000000000
50774  21.073  -19.668  65.904 0.0000000000
50773  21.563  -19.238  66.150 0.0000000000
50753  21.535  -19.536  66.737 0.0000000000
50709  21.552  -19.890  69.352 0.0000000000
49760  21.362  -20.316  69.914 0.0000000000
50696  21.521  -19.941  70.270 0.0000000000
51758  22.002  -19.230  71.482 0.0000000000
48840  21.451  -21.506  73.042 0.0000000000
48839  21.749  -21.173  73.316 0.0000000000
49732  21.688  -20.925  72.945 0.0000000000
49723  22.376  -21.015  73.768 0.0000000000
49731  22.038  -20.702  73.259 0.0000000000
44748  16.353  -25.914  66.601 0.0000000000
47833  13.820  -22.788  76.780 0.0000000000
47819  13.254  -22.413  77.784 0.0000000000
47805  13.300  -22.355  78.465 0.0000000000
48808  12.722  -22.304  78.271 0.0000000000
48798  13.471  -22.310  79.314 0.0000000000
48788  13.177  -22.145  79.711 0.0000000000
46775  9.995  -23.712  77.435 0.0000000000
48791  10.942  -22.363  79.693 0.0000000000
48792  10.166  -22.547  80.053 0.0000000000
71277  42.083  -1.640  44.933 0.0000000000
71239  42.051  -0.697  46.858 0.0000000000
70311  38.871  -1.754  43.610 0.0000000000
72297  42.003  -0.246  47.576 0.0000000000
72298  41.723  -0.376  47.703 0.0000000000
71209  41.654  -0.747  48.542 0.0000000000
63834  37.054  -8.176  49.387 0.0000000000
63833  37.616  -7.957  49.868 0.0000000000
63824  37.676  -8.116  50.411 0.0000000000
67102  38.349  -4.938  53.965 0.0000000000
65885  37.208  -5.457  55.308 0.0000000000
67058  37.759  -5.626  56.346 0.0000000000
67065  38.739  -4.894  55.264 0.0000000000
58449  30.140  -12.128  57.218 0.0000000000
59420  25.407  -12.112  69.048 0.0000000000
59436  25.832  -11.936  68.279 0.0000000000
71347  41.350  -1.027  39.117 0.0000000000
71331  41.392  -1.390  39.623 0.0000000000
70350  40.484  -1.696  40.597 0.0000000000
70323  42.544  -2.165  42.203 0.0000000000
41634  7.106  -28.715  76.382 0.0000000000
42665  7.336  -28.250  76.974 0.0000000000
41612  6.337  -28.590  78.850 0.0000000000
41622  6.041  -29.370  77.841 0.0000000000
41603  6.265  -28.371  79.303 0.0000000000
42627  5.886  -28.201  80.244 0.0000000000
42616  5.749  -28.071  80.773 0.0000000000
39686  4.563  -30.756  78.318 0.0000000000
39675  4.634  -30.404  78.973 0.0000000000
40628  4.597  -29.505  80.403 0.0000000000
40619  4.598  -29.134  80.820 0.0000000000
41579  4.799  -28.650  81.223 0.0000000000
66012  35.954  -6.401  46.662 0.0000000000
63804  36.847  -8.452  51.279 0.0000000000
63780  36.417  -8.166  52.165 0.0000000000
63759  34.995  -7.875  53.170 0.0000000000
64794  35.182  -6.287  55.800 0.0000000000
65874  34.931  -5.912  56.625 0.0000000000
64783  34.537  -6.173  56.179 0.0000000000
67025  34.686  -5.227  59.373 0.0000000000
56298  22.426  -15.710  61.256 0.0000000000
56297  22.681  -15.126  61.366 0.0000000000
56282  23.688  -14.179  61.984 0.0000000000
57329  24.203  -13.769  62.615 0.0000000000
58372  24.392  -13.292  65.095 0.0000000000
57283  24.132  -13.881  65.279 0.0000000000
59453  25.060  -12.629  67.664 0.0000000000
51812  21.944  -18.780  66.447 0.0000000000
51811  22.174  -18.306  66.710 0.0000000000
52923  22.312  -18.001  67.130 0.0000000000
54050  22.815  -17.072  66.989 0.0000000000
55186  23.274  -15.987  67.395 0.0000000000
54009  22.939  -16.700  70.390 0.0000000000
54018  22.829  -16.675  69.377 0.0000000000
56234  23.700  -15.142  67.623 0.0000000000
56233  24.010  -14.769  68.046 0.0000000000
57255  24.366  -14.232  68.246 0.0000000000
58314  24.717  -13.522  68.570 0.0000000000
44605  21.836  -25.348  77.376 0.0000000000
45658  20.225  -25.385  76.807 0.0000000000
44607  19.963  -25.694  77.297 0.0000000000
44608  19.193  -25.739  77.437 0.0000000000
45692  18.545  -25.325  75.521 0.0000000000
45707  17.836  -25.255  74.853 0.0000000000
45661  17.647  -24.911  77.687 0.0000000000
45678  16.957  -24.627  77.182 0.0000000000
47846  15.060  -23.235  76.108 0.0000000000
47847  14.328  -22.989  75.987 0.0000000000
46869  15.334  -25.475  71.089 0.0000000000
46884  14.062  -26.240  70.605 0.0000000000
46883  14.397  -26.088  70.500 0.0000000000
46882  14.867  -25.821  70.461 0.0000000000
46832  13.874  -24.088  73.525 0.0000000000
47848  13.562  -23.082  75.827 0.0000000000
47849  12.756  -23.558  75.514 0.0000000000
47850  12.138  -23.506  75.605 0.0000000000
46805  11.995  -23.866  75.140 0.0000000000
46806  11.408  -24.301  75.376 0.0000000000
42709  10.337  -27.402  72.546 0.0000000000
44634  10.506  -25.901  75.486 0.0000000000
42691  8.993  -27.602  74.547 0.0000000000
42678  8.719  -27.666  75.245 0.0000000000
42679  8.305  -28.102  75.639 0.0000000000
41676  7.570  -29.054  74.039 0.0000000000
41663  7.360  -29.112  74.864 0.0000000000
41649  7.311  -28.896  75.714 0.0000000000
40683  6.433  -29.546  75.858 0.0000000000
40684  5.980  -30.082  75.677 0.0000000000
39720  5.565  -30.644  75.396 0.0000000000
54116  21.788  -17.115  60.647 0.0000000000
52998  21.597  -17.693  61.408 0.0000000000
52985  21.547  -18.086  62.108 0.0000000000
50790  20.957  -19.608  65.116 0.0000000000
49781  21.056  -20.918  68.006 0.0000000000
48886  20.606  -21.595  67.637 0.0000000000
48870  20.961  -21.616  69.797 0.0000000000
48862  21.110  -21.839  70.590 0.0000000000
47883  21.028  -22.251  71.839 0.0000000000
46896  19.928  -23.524  67.487 0.0000000000
46890  20.447  -23.166  68.998 0.0000000000
45771  20.482  -24.033  69.705 0.0000000000
46879  20.693  -23.296  69.774 0.0000000000
46828  20.994  -22.867  73.336 0.0000000000
46814  21.106  -23.159  74.267 0.0000000000
45673  21.692  -24.303  77.111 0.0000000000
47803  14.838  -22.910  78.575 0.0000000000
47791  15.368  -23.359  79.136 0.0000000000
42650  7.263  -27.860  77.842 0.0000000000
43620  7.604  -27.140  78.151 0.0000000000
44597  7.828  -26.050  79.337 0.0000000000
43581  7.494  -26.614  80.015 0.0000000000
45637  7.862  -24.875  80.612 0.0000000000
46745  7.382  -23.926  80.974 0.0000000000
72342  47.614  0.693  45.200 0.0000000000
71237  44.273  -0.379  46.723 0.0000000000
71236  44.789  -0.176  46.680 0.0000000000
73342  42.699  0.387  47.971 0.0000000000
74318  45.018  2.034  47.996 0.0000000000
74306  45.963  1.985  48.350 0.0000000000
71263  37.447  -2.550  44.779 0.0000000000
69339  37.767  -3.213  46.326 0.0000000000
69338  38.475  -2.864  46.643 0.0000000000
69300  41.889  -2.609  49.452 0.0000000000
64887  39.437  -6.348  50.857 0.0000000000
65977  39.419  -6.051  50.204 0.0000000000
65922  40.277  -5.065  53.171 0.0000000000
68230  40.411  -4.052  53.970 0.0000000000
65921  40.576  -4.778  53.224 0.0000000000
65956  40.622  -5.367  52.171 0.0000000000
65975  40.752  -5.401  51.265 0.0000000000
67159  41.653  -4.545  50.895 0.0000000000
67140  42.347  -4.140  52.195 0.0000000000
67158  42.289  -4.113  51.484 0.0000000000
68270  42.691  -3.488  50.782 0.0000000000
68269  43.231  -2.848  50.814 0.0000000000
63732  30.060  -7.812  54.624 0.0000000000
64799  30.188  -7.028  54.967 0.0000000000
63722  31.026  -7.054  56.004 0.0000000000
64797  32.178  -6.461  55.326 0.0000000000
65876  32.468  -5.646  56.691 0.0000000000
67048  32.333  -5.343  58.153 0.0000000000
67047  32.738  -4.942  58.299 0.0000000000
67046  33.598  -4.836  58.415 0.0000000000
67026  34.215  -4.774  59.115 0.0000000000
67004  34.485  -5.035  59.656 0.0000000000
57341  26.229  -14.300  61.550 0.0000000000
57365  29.104  -13.363  58.922 0.0000000000
59527  30.939  -11.885  59.344 0.0000000000
59511  31.299  -11.891  59.797 0.0000000000
58335  27.709  -12.234  66.224 0.0000000000
58366  29.725  -13.250  64.900 0.0000000000
60561  30.177  -11.488  66.728 0.0000000000
60560  30.807  -11.016  66.519 0.0000000000
60571  30.331  -11.726  66.447 0.0000000000
58380  30.663  -13.750  63.673 0.0000000000
57323  31.716  -13.610  62.790 0.0000000000
58364  32.279  -13.276  63.552 0.0000000000
57322  32.066  -13.444  62.774 0.0000000000
58397  31.797  -12.420  60.835 0.0000000000
59525  32.177  -11.185  59.680 0.0000000000
60637  32.620  -10.541  59.773 0.0000000000
62644  33.292  -9.079  59.604 0.0000000000
62643  33.709  -8.555  59.931 0.0000000000
61612  33.556  -9.870  64.554 0.0000000000
62608  34.464  -9.011  63.615 0.0000000000
62616  34.517  -9.058  62.745 0.0000000000
63682  34.336  -7.036  59.785 0.0000000000
64742  34.571  -6.706  59.890 0.0000000000
64734  34.722  -6.870  60.787 0.0000000000
73437  46.299  1.368  35.164 0.0000000000
72393  48.333  0.566  39.198 0.0000000000
73405  48.845  1.552  40.585 0.0000000000
38639  3.216  -31.422  79.544 0.0000000000
41593  5.028  -28.985  80.463 0.0000000000
44572  7.301  -25.769  81.135 0.0000000000
44632  19.629  -25.089  75.650 0.0000000000
44653  17.941  -25.476  73.142 0.0000000000
44673  19.545  -25.351  70.936 0.0000000000
45681  9.297  -25.026  77.315 0.0000000000
46746  6.858  -24.149  81.539 0.0000000000
46761  16.257  -24.432  78.618 0.0000000000
46773  15.826  -23.877  77.898 0.0000000000
46776  9.365  -24.166  77.840 0.0000000000
47795  9.755  -22.962  79.455 0.0000000000
47808  9.934  -23.203  78.536 0.0000000000
47844  21.772  -22.642  75.282 0.0000000000
48799  13.046  -22.319  78.940 0.0000000000
48849  21.349  -21.205  71.713 0.0000000000
48863  21.219  -21.413  70.828 0.0000000000
49737  21.798  -20.532  72.699 0.0000000000
49739  21.390  -21.048  71.898 0.0000000000
49745  21.466  -20.757  71.834 0.0000000000
49751  21.391  -20.253  70.206 0.0000000000
49752  21.339  -20.450  70.373 0.0000000000
49769  21.305  -20.436  69.245 0.0000000000
50688  21.390  -20.711  71.238 0.0000000000
50852  20.600  -19.214  60.330 0.0000000000
54080  23.360  -16.457  64.196 0.0000000000
54089  23.337  -16.393  63.796 0.0000000000
54101  23.248  -16.441  63.681 0.0000000000
54102  23.177  -16.489  63.608 0.0000000000
55172  23.658  -15.276  68.810 0.0000000000
55200  23.548  -16.094  64.612 0.0000000000
55218  23.452  -16.202  63.642 0.0000000000
55232  23.345  -16.283  63.566 0.0000000000
55233  23.306  -16.342  63.455 0.0000000000
56279  25.909  -14.308  61.634 0.0000000000
57271  31.922  -13.648  65.703 0.0000000000
57272  31.459  -13.596  65.795 0.0000000000
57280  32.275  -13.160  64.533 0.0000000000
57291  32.304  -13.157  64.144 0.0000000000
57292  32.136  -13.558  64.003 0.0000000000
57306  32.079  -13.582  63.246 0.0000000000
57324  29.154  -13.234  63.269 0.0000000000
57331  23.528  -14.367  62.896 0.0000000000
58330  32.524  -12.723  65.612 0.0000000000
58331  32.367  -13.085  66.105 0.0000000000
58332  31.703  -13.394  66.175 0.0000000000
58379  32.332  -13.165  63.041 0.0000000000
59432  29.234  -11.552  67.226 0.0000000000
59446  32.581  -12.608  65.959 0.0000000000
59461  32.211  -11.922  66.359 0.0000000000
59495  32.334  -11.890  60.601 0.0000000000
60546  27.481  -11.167  68.734 0.0000000000
60570  30.679  -11.590  66.349 0.0000000000
60638  32.150  -10.777  59.207 0.0000000000
61659  33.500  -9.471  60.583 0.0000000000
62624  34.686  -8.251  61.673 0.0000000000
62724  35.197  -8.714  52.077 0.0000000000
62745  35.299  -8.863  51.797 0.0000000000
63707  33.268  -7.865  57.905 0.0000000000
64760  32.447  -6.221  58.262 0.0000000000
65828  33.149  -5.607  59.291 0.0000000000
65840  37.639  -6.101  58.805 0.0000000000
65845  32.731  -5.724  58.728 0.0000000000
67029  32.269  -5.543  58.285 0.0000000000
67059  37.041  -5.713  56.224 0.0000000000
67099  40.676  -4.381  53.529 0.0000000000
67208  36.164  -5.377  46.203 0.0000000000
70375  46.392  -1.129  37.289 0.0000000000
70381  46.577  -1.015  37.168 0.0000000000
71396  50.886  -0.385  34.646 0.0000000000
72421  50.422  -0.179  34.724 0.0000000000
73330  42.340  0.497  48.005 0.0000000000
