#!ascii label  , from subject A00073942 vox2ras=TkReg
264
60391  22.971  -10.923  -11.631 0.0000000000
52764  21.639  -18.627  -4.365 0.0000000000
65546  22.114  -6.169  -13.283 0.0000000000
74970  18.779  2.876  -17.308 0.0000000000
51633  19.765  -19.708  -3.471 0.0000000000
66743  21.800  -5.271  -16.317 0.0000000000
69945  20.646  -2.885  -17.228 0.0000000000
59279  21.962  -12.346  -8.869 0.0000000000
56092  22.692  -15.388  -7.468 0.0000000000
58187  23.919  -13.643  -9.105 0.0000000000
62436  24.336  -9.515  -12.634 0.0000000000
60380  25.248  -11.412  -10.472 0.0000000000
62439  22.466  -8.738  -12.525 0.0000000000
64493  23.225  -7.622  -15.194 0.0000000000
73963  19.874  1.296  -15.852 0.0000000000
71942  19.525  -0.223  -18.416 0.0000000000
55021  22.780  -17.224  -6.148 0.0000000000
69932  21.361  -2.913  -15.230 0.0000000000
70873  20.722  -1.418  -15.130 0.0000000000
60372  22.412  -11.546  -9.760 0.0000000000
58197  23.121  -13.015  -9.478 0.0000000000
59299  23.713  -12.369  -10.539 0.0000000000
51641  20.365  -19.229  -3.851 0.0000000000
64479  22.063  -7.529  -12.562 0.0000000000
63453  22.601  -8.260  -13.756 0.0000000000
65545  22.356  -6.549  -14.024 0.0000000000
68957  21.949  -3.764  -17.751 0.0000000000
67896  22.748  -4.642  -16.669 0.0000000000
74947  17.442  3.268  -15.472 0.0000000000
72915  16.706  0.715  -15.350 0.0000000000
74945  19.164  1.844  -15.974 0.0000000000
112071  18.065  3.310  -19.768 0.0000000000
74013  18.754  2.163  -20.084 0.0000000000
72972  18.479  1.223  -18.919 0.0000000000
72982  19.083  0.771  -19.759 0.0000000000
71941  20.370  -0.365  -18.777 0.0000000000
56091  23.310  -15.252  -7.693 0.0000000000
55043  22.400  -16.734  -6.500 0.0000000000
51620  18.895  -20.085  -2.934 0.0000000000
66721  22.129  -5.875  -14.664 0.0000000000
67884  21.493  -4.593  -14.881 0.0000000000
68952  21.160  -3.802  -16.598 0.0000000000
69951  21.525  -2.592  -18.061 0.0000000000
57126  21.823  -14.720  -7.557 0.0000000000
57137  21.984  -13.880  -8.371 0.0000000000
57135  23.591  -14.376  -8.617 0.0000000000
57123  24.120  -14.663  -8.449 0.0000000000
61438  23.331  -10.532  -12.059 0.0000000000
60389  24.405  -11.355  -11.457 0.0000000000
62427  24.675  -9.978  -12.010 0.0000000000
61428  22.252  -10.424  -10.679 0.0000000000
63422  21.898  -8.580  -10.864 0.0000000000
62428  22.561  -9.586  -11.819 0.0000000000
62443  23.303  -8.928  -13.261 0.0000000000
63451  23.757  -8.180  -14.598 0.0000000000
65544  24.325  -6.733  -14.809 0.0000000000
65557  22.413  -6.124  -15.303 0.0000000000
66732  23.475  -5.627  -15.497 0.0000000000
72913  19.490  0.280  -14.467 0.0000000000
74001  18.820  2.324  -18.359 0.0000000000
72962  19.583  1.116  -17.308 0.0000000000
72947  19.860  0.504  -16.973 0.0000000000
71909  20.450  -0.587  -15.537 0.0000000000
69954  19.421  -2.004  -18.040 0.0000000000
70904  20.927  -1.334  -18.476 0.0000000000
53893  21.498  -17.952  -5.590 0.0000000000
56084  21.382  -15.438  -6.712 0.0000000000
59290  24.256  -12.774  -10.014 0.0000000000
59277  24.382  -13.325  -8.412 0.0000000000
70860  21.273  -2.049  -14.691 0.0000000000
60383  23.002  -11.655  -10.760 0.0000000000
60371  22.849  -11.768  -10.137 0.0000000000
50575  19.003  -21.048  -1.658 0.0000000000
50585  18.874  -20.606  -2.211 0.0000000000
52751  20.991  -18.976  -3.872 0.0000000000
65537  22.287  -6.940  -13.166 0.0000000000
64486  22.388  -7.507  -13.542 0.0000000000
69944  22.523  -2.881  -17.597 0.0000000000
68951  22.683  -3.893  -17.249 0.0000000000
74962  18.404  3.044  -16.526 0.0000000000
74929  17.229  2.612  -15.138 0.0000000000
74928  18.016  1.956  -15.150 0.0000000000
74961  19.045  2.356  -16.522 0.0000000000
74007  18.830  1.350  -20.121 0.0000000000
72971  19.981  0.563  -19.312 0.0000000000
57107  23.694  -15.064  -6.898 0.0000000000
56061  23.497  -16.001  -6.238 0.0000000000
52766  19.783  -18.606  -4.684 0.0000000000
67878  21.602  -4.269  -13.924 0.0000000000
68928  21.553  -3.601  -13.919 0.0000000000
69937  20.888  -2.821  -16.347 0.0000000000
68945  21.293  -3.804  -15.645 0.0000000000
68958  21.260  -3.694  -17.448 0.0000000000
69952  20.565  -2.643  -17.841 0.0000000000
75930  17.708  4.360  -17.793 0.0000000000
58190  21.787  -13.221  -8.496 0.0000000000
58196  23.600  -13.296  -9.495 0.0000000000
58188  23.305  -13.653  -9.003 0.0000000000
57134  24.035  -14.415  -8.583 0.0000000000
51619  19.853  -20.085  -2.428 0.0000000000
61443  23.918  -9.861  -12.565 0.0000000000
61437  24.102  -10.483  -12.147 0.0000000000
61414  21.928  -10.462  -10.095 0.0000000000
63434  22.003  -8.432  -11.935 0.0000000000
63433  22.436  -9.043  -11.846 0.0000000000
63421  22.426  -9.132  -11.379 0.0000000000
62429  22.513  -9.016  -12.152 0.0000000000
62438  23.017  -9.243  -12.509 0.0000000000
63444  22.607  -8.598  -13.050 0.0000000000
63463  22.821  -8.258  -14.436 0.0000000000
63461  23.499  -7.925  -15.001 0.0000000000
64485  24.394  -7.699  -14.395 0.0000000000
64492  23.809  -7.472  -15.052 0.0000000000
66728  21.677  -5.339  -15.123 0.0000000000
66727  22.075  -5.780  -15.307 0.0000000000
66734  22.161  -5.637  -15.860 0.0000000000
66733  22.706  -5.405  -15.988 0.0000000000
66726  24.127  -5.776  -15.117 0.0000000000
73964  18.873  1.444  -15.308 0.0000000000
72914  18.238  0.721  -14.872 0.0000000000
72930  19.144  0.874  -14.883 0.0000000000
71899  18.657  -0.242  -14.341 0.0000000000
72929  19.781  0.814  -15.183 0.0000000000
112086  18.184  2.728  -19.556 0.0000000000
112084  18.022  2.856  -19.576 0.0000000000
72973  18.557  1.985  -18.716 0.0000000000
72964  18.840  1.703  -18.226 0.0000000000
72948  19.409  0.083  -17.387 0.0000000000
71930  19.483  -0.388  -17.710 0.0000000000
71918  20.141  -0.512  -16.498 0.0000000000
70892  19.668  -0.948  -17.485 0.0000000000
70891  19.867  -1.353  -17.100 0.0000000000
70898  19.629  -1.406  -17.808 0.0000000000
70905  20.164  -1.324  -18.366 0.0000000000
71940  21.364  -0.666  -18.627 0.0000000000
70903  21.637  -1.541  -18.397 0.0000000000
53894  20.553  -17.686  -5.715 0.0000000000
57108  21.364  -15.032  -7.064 0.0000000000
56093  22.084  -15.413  -7.198 0.0000000000
53912  22.164  -17.429  -6.025 0.0000000000
60388  25.053  -11.340  -11.146 0.0000000000
60381  24.675  -11.967  -10.728 0.0000000000
69920  21.467  -2.867  -14.008 0.0000000000
70852  21.245  -2.035  -13.863 0.0000000000
70872  20.950  -2.192  -15.693 0.0000000000
69938  20.559  -2.284  -16.521 0.0000000000
59293  22.557  -12.147  -9.435 0.0000000000
59278  22.663  -12.598  -9.311 0.0000000000
59292  23.020  -12.183  -9.870 0.0000000000
59291  23.561  -12.825  -10.018 0.0000000000
58195  23.866  -13.222  -9.731 0.0000000000
51632  20.719  -19.407  -3.192 0.0000000000
51631  21.444  -19.146  -2.770 0.0000000000
63442  24.147  -8.668  -13.638 0.0000000000
63441  24.871  -8.702  -12.819 0.0000000000
64468  21.795  -7.821  -11.987 0.0000000000
63445  22.300  -8.313  -12.800 0.0000000000
63454  22.483  -8.308  -13.230 0.0000000000
64487  22.344  -8.037  -13.225 0.0000000000
64494  22.647  -7.467  -14.665 0.0000000000
67898  21.535  -4.697  -16.724 0.0000000000
66742  22.056  -5.234  -16.579 0.0000000000
67897  22.061  -4.597  -17.200 0.0000000000
68950  23.309  -3.948  -16.545 0.0000000000
73944  18.151  1.433  -15.051 0.0000000000
72983  18.327  1.588  -19.744 0.0000000000
71951  18.856  0.601  -19.261 0.0000000000
71950  19.526  0.246  -19.134 0.0000000000
56082  23.157  -15.784  -7.080 0.0000000000
55042  23.134  -16.672  -6.464 0.0000000000
51634  18.954  -19.256  -3.546 0.0000000000
51642  19.770  -19.112  -4.081 0.0000000000
52765  20.610  -18.762  -4.442 0.0000000000
52779  20.559  -18.259  -5.123 0.0000000000
66723  21.482  -5.261  -13.028 0.0000000000
66722  21.851  -5.373  -13.889 0.0000000000
67890  21.377  -4.671  -15.868 0.0000000000
68938  21.483  -3.712  -14.626 0.0000000000
67905  21.572  -4.373  -17.300 0.0000000000
75901  17.747  3.429  -16.056 0.0000000000
75910  17.920  3.647  -16.718 0.0000000000
74971  18.372  3.345  -16.973 0.0000000000
57136  22.752  -14.220  -8.501 0.0000000000
58189  22.527  -13.297  -8.886 0.0000000000
57125  23.098  -14.897  -8.061 0.0000000000
57124  23.993  -14.991  -8.152 0.0000000000
60390  23.601  -11.240  -11.609 0.0000000000
62435  24.968  -9.408  -12.270 0.0000000000
62426  25.240  -9.756  -11.518 0.0000000000
61426  25.366  -10.691  -10.928 0.0000000000
60384  22.357  -10.976  -10.582 0.0000000000
61427  22.518  -10.455  -11.238 0.0000000000
62414  22.125  -9.705  -10.648 0.0000000000
62413  22.457  -9.734  -11.291 0.0000000000
61439  22.843  -10.200  -11.989 0.0000000000
61445  23.124  -10.036  -12.284 0.0000000000
61444  23.521  -9.943  -12.424 0.0000000000
62437  23.692  -9.331  -12.967 0.0000000000
62444  22.953  -8.682  -13.314 0.0000000000
63443  23.605  -8.903  -13.508 0.0000000000
65551  22.414  -6.424  -14.866 0.0000000000
64501  22.609  -6.681  -15.155 0.0000000000
65556  22.691  -6.163  -15.412 0.0000000000
65555  23.150  -6.333  -15.430 0.0000000000
65550  23.751  -6.550  -15.271 0.0000000000
72902  19.792  -0.150  -14.003 0.0000000000
75928  18.331  3.287  -18.439 0.0000000000
74008  18.315  2.905  -18.876 0.0000000000
74979  18.806  2.880  -18.073 0.0000000000
74000  19.066  2.348  -17.828 0.0000000000
73993  19.342  1.802  -17.306 0.0000000000
73992  19.801  1.264  -16.922 0.0000000000
72963  19.045  0.888  -17.839 0.0000000000
73962  20.300  1.071  -16.030 0.0000000000
72928  20.381  0.550  -15.910 0.0000000000
72912  20.385  0.174  -14.881 0.0000000000
71897  20.506  -0.657  -14.620 0.0000000000
70884  20.441  -1.643  -16.235 0.0000000000
69953  19.792  -2.221  -17.777 0.0000000000
70906  19.669  -1.613  -18.082 0.0000000000
69966  19.972  -2.082  -18.079 0.0000000000
69964  21.208  -1.910  -18.346 0.0000000000
52778  21.245  -18.404  -4.952 0.0000000000
55044  21.470  -16.404  -6.347 0.0000000000
56083  22.261  -15.902  -6.904 0.0000000000
53913  21.456  -17.241  -6.097 0.0000000000
60382  23.933  -11.944  -11.072 0.0000000000
59298  24.169  -12.308  -10.632 0.0000000000
60370  24.973  -11.790  -9.724 0.0000000000
59276  24.368  -13.082  -8.910 0.0000000000
58172  24.246  -14.146  -8.163 0.0000000000
58171  24.129  -14.147  -8.576 0.0000000000
59260  24.307  -13.682  -8.425 0.0000000000
59300  23.352  -12.260  -10.313 0.0000000000
61436  24.886  -10.678  -11.625 0.0000000000
63452  23.282  -8.569  -13.987 0.0000000000
63462  23.167  -8.174  -14.828 0.0000000000
64478  22.291  -7.388  -13.114 0.0000000000
64499  23.381  -7.061  -15.314 0.0000000000
64500  22.901  -6.992  -15.365 0.0000000000
66715  21.736  -5.683  -12.955 0.0000000000
66735  21.660  -5.327  -15.923 0.0000000000
66741  22.365  -4.999  -16.651 0.0000000000
67904  21.657  -4.187  -17.495 0.0000000000
69946  20.244  -2.206  -17.018 0.0000000000
69965  20.692  -2.041  -18.265 0.0000000000
69967  19.554  -2.164  -18.014 0.0000000000
70883  20.691  -2.281  -16.244 0.0000000000
70897  19.796  -1.882  -17.466 0.0000000000
71898  19.395  -0.275  -13.985 0.0000000000
71919  19.676  -0.475  -17.178 0.0000000000
72901  20.183  -0.199  -14.200 0.0000000000
73981  20.126  1.116  -16.393 0.0000000000
73982  19.595  1.613  -16.493 0.0000000000
74980  18.645  2.854  -18.483 0.0000000000
75919  18.444  3.321  -17.875 0.0000000000
75920  18.106  3.649  -17.410 0.0000000000
112059  17.230  3.199  -20.272 0.0000000000
112069  17.691  3.177  -19.784 0.0000000000
112070  17.632  3.082  -19.915 0.0000000000
112080  17.485  3.029  -19.808 0.0000000000
112081  17.902  3.125  -19.663 0.0000000000
112082  18.230  3.099  -19.505 0.0000000000
112085  17.980  3.094  -19.497 0.0000000000
