#!ascii label  , from subject A00073330 vox2ras=TkReg
1762
100314  -42.108  -7.737  48.417 0.0000000000
94763  -53.264  -11.249  33.560 0.0000000000
107797  -52.377  -0.232  51.695 0.0000000000
95792  -50.140  -11.721  43.622 0.0000000000
96844  -50.377  -10.790  53.435 0.0000000000
102524  -47.788  -5.464  40.490 0.0000000000
111339  -52.731  2.578  36.788 0.0000000000
116979  -42.143  8.578  39.796 0.0000000000
95615  -40.628  -10.995  57.364 0.0000000000
96923  -45.505  -10.065  45.964 0.0000000000
97028  -46.737  -10.894  40.056 0.0000000000
102471  -45.803  -5.536  44.146 0.0000000000
108996  -49.243  0.767  49.421 0.0000000000
109069  -55.242  0.246  44.663 0.0000000000
107918  -49.215  -0.794  42.343 0.0000000000
114151  -47.244  5.581  39.671 0.0000000000
117867  -47.600  8.703  44.217 0.0000000000
99400  -49.307  -8.307  32.365 0.0000000000
101335  -42.612  -7.348  53.184 0.0000000000
103461  -46.157  -3.933  50.898 0.0000000000
98136  -55.023  -9.167  45.699 0.0000000000
98103  -50.038  -9.123  48.545 0.0000000000
95725  -45.280  -12.158  49.441 0.0000000000
92147  -43.414  -14.248  54.976 0.0000000000
100440  -49.216  -7.297  35.220 0.0000000000
104601  -46.257  -4.051  34.108 0.0000000000
104500  -51.515  -3.078  45.295 0.0000000000
107973  -50.216  -0.629  38.392 0.0000000000
108063  -47.347  0.246  31.060 0.0000000000
109159  -46.381  0.790  34.399 0.0000000000
110228  -43.821  1.432  40.014 0.0000000000
99237  -43.100  -8.392  46.664 0.0000000000
99257  -44.812  -8.838  44.281 0.0000000000
102462  -43.191  -5.697  46.363 0.0000000000
109031  -45.489  1.175  46.270 0.0000000000
107868  -49.396  -0.842  45.415 0.0000000000
109056  -46.002  0.668  44.389 0.0000000000
112235  -47.523  3.483  42.895 0.0000000000
97129  -51.284  -10.162  32.375 0.0000000000
102375  -40.552  -4.740  54.451 0.0000000000
103416  -44.120  -4.924  55.062 0.0000000000
99193  -50.157  -9.017  50.801 0.0000000000
98088  -47.917  -9.885  49.585 0.0000000000
95710  -47.591  -11.838  51.519 0.0000000000
93334  -42.246  -13.165  56.308 0.0000000000
94538  -38.603  -12.610  52.523 0.0000000000
98063  -38.179  -9.768  51.423 0.0000000000
95702  -35.892  -11.034  51.739 0.0000000000
95845  -50.273  -11.267  40.671 0.0000000000
100407  -46.538  -8.082  39.812 0.0000000000
98245  -47.264  -9.591  37.491 0.0000000000
101475  -47.337  -6.345  37.749 0.0000000000
102559  -48.319  -5.480  34.958 0.0000000000
103563  -46.559  -4.275  36.729 0.0000000000
105549  -48.829  -2.521  51.866 0.0000000000
105573  -48.785  -2.410  47.467 0.0000000000
106682  -51.912  -1.286  48.624 0.0000000000
109119  -54.652  0.393  39.927 0.0000000000
106761  -54.487  -1.557  40.681 0.0000000000
109140  -52.887  0.598  36.856 0.0000000000
109183  -48.543  0.155  34.004 0.0000000000
109186  -50.435  1.826  32.753 0.0000000000
109193  -46.554  1.274  31.823 0.0000000000
111345  -49.318  2.798  35.040 0.0000000000
115060  -43.799  6.197  41.156 0.0000000000
113212  -45.225  4.152  39.662 0.0000000000
113198  -42.661  4.505  40.520 0.0000000000
112277  -41.636  2.772  39.860 0.0000000000
114159  -40.951  5.273  38.637 0.0000000000
94597  -48.159  -12.165  45.033 0.0000000000
95824  -48.467  -11.946  42.028 0.0000000000
95790  -46.138  -11.470  43.534 0.0000000000
99280  -46.182  -9.200  42.121 0.0000000000
101434  -47.809  -6.780  42.593 0.0000000000
111192  -53.450  2.430  51.453 0.0000000000
107840  -54.583  0.635  49.222 0.0000000000
109026  -53.046  0.872  47.688 0.0000000000
107906  -52.313  -0.510  43.626 0.0000000000
110234  -51.904  1.409  39.212 0.0000000000
113242  -50.630  4.645  37.959 0.0000000000
111310  -49.006  3.245  39.831 0.0000000000
114107  -45.858  5.533  43.065 0.0000000000
117917  -44.116  9.346  41.569 0.0000000000
99398  -47.652  -8.194  32.792 0.0000000000
99200  -42.881  -8.507  51.462 0.0000000000
103465  -43.816  -5.245  49.394 0.0000000000
101348  -44.677  -6.810  52.128 0.0000000000
102406  -47.316  -5.177  53.857 0.0000000000
105502  -49.966  -2.453  55.210 0.0000000000
107775  -48.338  -0.751  53.655 0.0000000000
110090  -51.214  1.904  54.566 0.0000000000
96940  -53.005  -10.510  45.256 0.0000000000
98123  -53.107  -9.831  47.343 0.0000000000
96929  -51.033  -11.188  46.411 0.0000000000
96915  -47.754  -10.502  47.322 0.0000000000
98098  -45.333  -10.048  48.005 0.0000000000
94487  -50.180  -12.040  55.848 0.0000000000
95619  -44.519  -11.204  58.001 0.0000000000
94482  -45.717  -12.891  56.800 0.0000000000
93364  -47.221  -13.188  54.358 0.0000000000
93386  -44.833  -13.862  52.259 0.0000000000
98084  -41.799  -10.161  50.085 0.0000000000
97082  -52.696  -10.218  34.819 0.0000000000
95879  -48.618  -11.416  38.027 0.0000000000
97080  -50.338  -10.228  35.281 0.0000000000
98273  -52.427  -8.813  33.829 0.0000000000
100459  -51.393  -7.079  33.177 0.0000000000
102586  -48.517  -6.349  33.106 0.0000000000
102594  -46.456  -5.230  31.410 0.0000000000
104485  -45.181  -3.580  46.654 0.0000000000
103483  -48.134  -4.435  44.887 0.0000000000
103512  -49.680  -4.987  42.160 0.0000000000
106701  -53.878  -1.599  45.615 0.0000000000
105617  -51.691  -2.796  41.286 0.0000000000
105625  -48.231  -2.661  40.017 0.0000000000
106832  -46.480  -1.538  35.847 0.0000000000
105713  -46.381  -2.262  32.174 0.0000000000
104635  -46.013  -3.278  30.529 0.0000000000
112302  -47.570  3.700  37.183 0.0000000000
109125  -45.624  0.667  38.056 0.0000000000
106807  -42.485  -1.248  37.007 0.0000000000
109108  -41.662  -0.030  39.792 0.0000000000
111293  -40.366  1.946  40.569 0.0000000000
99236  -42.466  -8.215  47.210 0.0000000000
100328  -43.156  -7.388  46.144 0.0000000000
101382  -42.427  -6.798  47.214 0.0000000000
109043  -45.920  0.374  45.494 0.0000000000
112224  -49.528  3.325  44.744 0.0000000000
95955  -52.525  -10.700  32.687 0.0000000000
98069  -49.995  -9.655  51.609 0.0000000000
96877  -49.210  -10.429  51.567 0.0000000000
96858  -49.340  -11.019  52.492 0.0000000000
94537  -37.679  -12.620  52.792 0.0000000000
95691  -37.582  -11.945  52.231 0.0000000000
96969  -51.746  -11.021  43.401 0.0000000000
95826  -50.241  -11.473  41.642 0.0000000000
101464  -47.241  -6.333  39.924 0.0000000000
100419  -47.067  -7.382  38.314 0.0000000000
101470  -47.186  -6.271  38.862 0.0000000000
102546  -47.405  -5.571  37.052 0.0000000000
102531  -46.879  -4.588  38.850 0.0000000000
106643  -50.804  -1.314  51.958 0.0000000000
106661  -49.915  -1.329  50.332 0.0000000000
107811  -52.537  -0.324  50.506 0.0000000000
110252  -53.930  1.688  37.801 0.0000000000
109142  -54.379  0.747  37.687 0.0000000000
109152  -53.026  1.270  36.200 0.0000000000
109163  -51.164  1.447  34.765 0.0000000000
110276  -51.725  2.151  34.532 0.0000000000
111355  -50.137  2.510  33.962 0.0000000000
112323  -50.922  3.258  35.740 0.0000000000
116003  -42.898  7.727  41.251 0.0000000000
115069  -43.076  6.072  40.854 0.0000000000
115068  -42.363  6.596  40.614 0.0000000000
114148  -41.248  5.469  39.589 0.0000000000
116018  -41.420  7.153  39.286 0.0000000000
95758  -47.059  -11.693  45.662 0.0000000000
94610  -47.048  -12.247  44.291 0.0000000000
95773  -45.662  -11.086  44.495 0.0000000000
101418  -44.875  -6.722  44.006 0.0000000000
99269  -45.395  -8.697  43.612 0.0000000000
100356  -46.529  -7.690  43.035 0.0000000000
100369  -47.253  -7.390  42.364 0.0000000000
101421  -47.553  -6.687  43.199 0.0000000000
110148  -51.656  1.490  50.126 0.0000000000
110150  -53.263  1.783  49.590 0.0000000000
109013  -51.165  0.609  48.608 0.0000000000
106711  -49.610  -0.975  44.100 0.0000000000
107886  -50.778  -0.785  44.344 0.0000000000
107920  -50.973  -0.888  42.639 0.0000000000
107950  -52.486  -0.312  41.096 0.0000000000
107948  -50.648  -0.253  40.801 0.0000000000
110232  -49.885  2.186  39.344 0.0000000000
109098  -48.460  0.934  40.219 0.0000000000
115024  -48.115  6.186  44.860 0.0000000000
113171  -46.998  4.711  43.011 0.0000000000
115975  -46.439  7.138  44.356 0.0000000000
116939  -44.909  7.895  43.379 0.0000000000
117882  -46.032  8.992  43.324 0.0000000000
99399  -48.322  -8.192  32.544 0.0000000000
99172  -42.766  -8.275  52.377 0.0000000000
101347  -43.967  -7.245  51.542 0.0000000000
100264  -44.090  -7.278  53.434 0.0000000000
103399  -45.578  -4.607  55.491 0.0000000000
102380  -45.813  -5.881  54.744 0.0000000000
103400  -46.642  -4.689  55.438 0.0000000000
103435  -48.484  -4.212  54.508 0.0000000000
104421  -48.669  -3.333  55.559 0.0000000000
107796  -47.109  -0.146  52.241 0.0000000000
107777  -49.649  0.036  54.426 0.0000000000
110088  -49.707  1.711  53.824 0.0000000000
112151  -50.674  3.420  53.733 0.0000000000
112149  -49.034  3.282  53.088 0.0000000000
98157  -53.936  -9.825  44.129 0.0000000000
98143  -53.810  -10.048  45.212 0.0000000000
99223  -53.245  -8.938  48.615 0.0000000000
98105  -51.863  -9.538  48.313 0.0000000000
96919  -51.491  -10.609  47.120 0.0000000000
96918  -50.740  -10.626  47.296 0.0000000000
96927  -49.468  -11.197  46.985 0.0000000000
98119  -49.451  -9.843  47.954 0.0000000000
96893  -46.454  -10.898  49.246 0.0000000000
98100  -47.094  -9.748  48.489 0.0000000000
96905  -45.918  -10.793  48.769 0.0000000000
95617  -42.500  -11.349  57.593 0.0000000000
94481  -44.684  -12.789  56.917 0.0000000000
93352  -44.894  -13.879  55.270 0.0000000000
93354  -46.843  -13.272  55.214 0.0000000000
93362  -45.647  -13.821  54.267 0.0000000000
93374  -45.735  -13.699  53.301 0.0000000000
92177  -44.468  -14.305  53.429 0.0000000000
98066  -41.339  -9.986  51.449 0.0000000000
96873  -40.350  -10.847  51.528 0.0000000000
95901  -53.038  -10.873  36.569 0.0000000000
95856  -47.112  -11.440  40.740 0.0000000000
95858  -48.588  -11.648  39.996 0.0000000000
97029  -47.212  -11.058  39.441 0.0000000000
99350  -48.229  -8.424  35.815 0.0000000000
98250  -47.873  -9.511  36.407 0.0000000000
98259  -49.538  -9.360  35.068 0.0000000000
98261  -51.397  -9.331  34.541 0.0000000000
99368  -51.162  -8.138  34.216 0.0000000000
99370  -51.956  -8.059  33.447 0.0000000000
101494  -51.003  -6.902  33.926 0.0000000000
103576  -47.516  -5.227  34.566 0.0000000000
102577  -48.891  -5.921  33.706 0.0000000000
102576  -47.959  -5.863  33.427 0.0000000000
102585  -47.507  -6.045  32.687 0.0000000000
103589  -46.462  -4.711  32.613 0.0000000000
103459  -44.785  -5.045  50.373 0.0000000000
103470  -44.086  -4.346  48.228 0.0000000000
104477  -45.501  -3.238  48.642 0.0000000000
105582  -49.602  -2.673  46.678 0.0000000000
104488  -48.318  -3.331  45.996 0.0000000000
104505  -49.900  -4.251  44.617 0.0000000000
102475  -49.402  -5.454  43.734 0.0000000000
103493  -50.770  -4.269  43.484 0.0000000000
109047  -55.079  0.626  46.610 0.0000000000
106694  -54.638  -0.594  46.856 0.0000000000
106714  -54.941  -0.862  44.869 0.0000000000
106797  -52.745  -1.285  38.860 0.0000000000
106760  -53.354  -1.940  40.642 0.0000000000
106776  -51.015  -1.936  39.458 0.0000000000
105628  -50.417  -2.883  40.638 0.0000000000
106793  -48.820  -1.178  38.944 0.0000000000
106791  -47.303  -1.617  38.550 0.0000000000
108001  -47.845  -0.494  36.910 0.0000000000
108033  -48.499  0.412  32.327 0.0000000000
108031  -47.253  -0.646  33.141 0.0000000000
106873  -46.718  -1.321  31.430 0.0000000000
105723  -46.404  -2.330  31.266 0.0000000000
106881  -46.437  -1.282  30.780 0.0000000000
105722  -45.341  -2.106  30.964 0.0000000000
108049  -45.700  -0.284  30.590 0.0000000000
109171  -46.263  0.851  33.255 0.0000000000
109181  -45.454  0.690  32.431 0.0000000000
114163  -49.041  5.319  39.198 0.0000000000
113240  -48.586  4.751  37.498 0.0000000000
113227  -47.674  5.087  38.106 0.0000000000
110220  -44.719  2.433  39.899 0.0000000000
110230  -45.754  1.650  38.734 0.0000000000
109112  -45.239  0.787  38.920 0.0000000000
107983  -44.383  -0.596  37.234 0.0000000000
107962  -43.512  -0.465  39.037 0.0000000000
107967  -42.215  -1.140  38.780 0.0000000000
109109  -42.366  0.178  39.666 0.0000000000
112276  -41.052  3.491  39.235 0.0000000000
111305  -41.211  2.095  40.100 0.0000000000
111304  -40.400  2.792  39.966 0.0000000000
111292  -39.410  2.649  40.777 0.0000000000
98130  -44.420  -9.104  46.514 0.0000000000
98155  -44.707  -9.170  44.901 0.0000000000
99255  -43.777  -7.931  45.191 0.0000000000
100341  -44.006  -7.293  44.654 0.0000000000
102467  -44.262  -5.104  44.873 0.0000000000
107836  -49.444  -0.065  47.911 0.0000000000
107853  -47.537  -0.714  46.117 0.0000000000
107866  -47.267  -0.806  45.074 0.0000000000
107901  -47.523  -0.609  42.939 0.0000000000
109076  -47.115  0.449  41.800 0.0000000000
111266  -46.874  2.076  43.122 0.0000000000
114099  -48.955  4.977  44.683 0.0000000000
97128  -50.282  -10.239  32.438 0.0000000000
102400  -41.110  -5.473  53.918 0.0000000000
102402  -43.167  -6.010  54.204 0.0000000000
102377  -42.720  -5.239  54.664 0.0000000000
99211  -50.132  -8.677  49.441 0.0000000000
98102  -49.047  -9.228  48.535 0.0000000000
99201  -49.278  -9.138  49.962 0.0000000000
96895  -47.908  -10.342  50.129 0.0000000000
95716  -46.623  -12.048  50.682 0.0000000000
95640  -41.109  -11.698  56.983 0.0000000000
93348  -41.024  -13.793  55.602 0.0000000000
95706  -39.466  -11.742  51.912 0.0000000000
96872  -39.390  -10.779  51.623 0.0000000000
95705  -38.470  -11.460  51.839 0.0000000000
96870  -37.350  -10.525  51.507 0.0000000000
99304  -46.280  -9.074  40.171 0.0000000000
98233  -46.760  -9.687  38.506 0.0000000000
99331  -46.712  -8.527  38.272 0.0000000000
100425  -47.399  -7.303  37.230 0.0000000000
100432  -47.981  -7.338  36.212 0.0000000000
101487  -48.983  -6.541  35.445 0.0000000000
102552  -48.211  -5.637  35.998 0.0000000000
103564  -47.261  -4.942  36.390 0.0000000000
103569  -46.659  -4.468  35.735 0.0000000000
104469  -47.541  -3.161  51.299 0.0000000000
105561  -47.047  -2.449  49.067 0.0000000000
105563  -48.485  -1.879  49.680 0.0000000000
106680  -49.967  -1.739  48.517 0.0000000000
105584  -51.598  -2.401  46.570 0.0000000000
109089  -54.521  0.068  42.055 0.0000000000
106745  -55.354  -0.783  42.874 0.0000000000
109120  -55.331  0.117  39.905 0.0000000000
107976  -53.304  -0.621  38.194 0.0000000000
107989  -51.604  -0.098  37.598 0.0000000000
109148  -49.297  0.216  36.720 0.0000000000
109162  -50.155  0.823  35.108 0.0000000000
109174  -50.112  1.062  33.815 0.0000000000
109206  -49.011  1.410  31.498 0.0000000000
110298  -46.834  0.975  30.914 0.0000000000
110291  -48.868  1.942  31.677 0.0000000000
110273  -47.781  1.715  33.162 0.0000000000
110258  -47.943  2.078  35.020 0.0000000000
114126  -45.459  5.592  41.316 0.0000000000
114150  -46.254  5.322  39.432 0.0000000000
114137  -44.124  5.481  40.611 0.0000000000
113199  -43.697  4.548  40.510 0.0000000000
111296  -43.717  2.632  40.313 0.0000000000
111307  -43.057  1.998  40.221 0.0000000000
112263  -42.024  3.451  40.109 0.0000000000
112262  -41.502  4.000  39.648 0.0000000000
113224  -40.812  4.505  38.456 0.0000000000
95775  -49.320  -12.075  44.578 0.0000000000
95806  -49.256  -11.947  42.835 0.0000000000
94643  -48.558  -12.191  42.983 0.0000000000
95804  -47.068  -12.078  42.436 0.0000000000
96997  -46.284  -11.014  41.915 0.0000000000
98170  -45.488  -9.928  43.621 0.0000000000
98171  -45.931  -9.984  42.795 0.0000000000
99290  -46.235  -9.374  41.209 0.0000000000
100393  -46.503  -8.286  40.772 0.0000000000
100380  -47.028  -7.564  41.438 0.0000000000
102515  -48.144  -5.999  41.126 0.0000000000
108954  -53.630  1.840  52.399 0.0000000000
107813  -53.885  0.569  50.727 0.0000000000
110128  -54.415  1.834  50.493 0.0000000000
110168  -54.556  1.607  48.125 0.0000000000
109045  -53.784  0.478  45.804 0.0000000000
107856  -50.987  -0.397  46.304 0.0000000000
107871  -52.954  0.017  45.518 0.0000000000
109067  -54.151  0.104  43.887 0.0000000000
109088  -53.602  -0.115  41.760 0.0000000000
109117  -52.905  0.624  39.553 0.0000000000
111321  -52.507  2.621  38.417 0.0000000000
112305  -51.555  4.062  37.475 0.0000000000
111320  -51.592  3.017  39.011 0.0000000000
112281  -50.183  3.855  39.615 0.0000000000
114142  -48.800  5.076  40.457 0.0000000000
110221  -47.453  1.866  40.964 0.0000000000
113189  -47.722  4.577  41.406 0.0000000000
114127  -46.365  5.360  41.558 0.0000000000
115052  -44.913  6.087  42.504 0.0000000000
116952  -43.836  8.229  42.260 0.0000000000
117932  -43.142  9.386  40.489 0.0000000000
100300  -42.786  -7.799  50.139 0.0000000000
102443  -42.710  -6.532  49.095 0.0000000000
101365  -43.207  -6.927  50.143 0.0000000000
102425  -44.656  -6.255  51.365 0.0000000000
102427  -45.896  -5.065  51.756 0.0000000000
101316  -44.493  -6.757  53.993 0.0000000000
101338  -46.016  -5.943  52.997 0.0000000000
103451  -47.315  -4.146  52.232 0.0000000000
104455  -48.373  -3.705  52.821 0.0000000000
105536  -49.919  -2.667  53.378 0.0000000000
106625  -51.618  -0.872  53.557 0.0000000000
105519  -47.228  -2.180  54.235 0.0000000000
106595  -48.980  -1.524  54.951 0.0000000000
106597  -50.875  -1.091  55.033 0.0000000000
108944  -52.461  0.601  54.170 0.0000000000
111168  -52.999  2.658  53.197 0.0000000000
111190  -50.990  2.835  51.986 0.0000000000
110123  -50.249  1.734  50.569 0.0000000000
96970  -52.527  -10.565  43.309 0.0000000000
96952  -51.626  -11.159  44.406 0.0000000000
99224  -54.276  -8.738  48.268 0.0000000000
98124  -53.947  -9.455  47.255 0.0000000000
98134  -53.455  -10.135  46.333 0.0000000000
96939  -52.212  -10.828  45.311 0.0000000000
95762  -50.615  -11.549  45.390 0.0000000000
95761  -49.828  -11.792  45.389 0.0000000000
95749  -47.613  -11.257  46.530 0.0000000000
96925  -47.088  -10.710  46.777 0.0000000000
98101  -48.143  -9.539  48.631 0.0000000000
98116  -46.296  -9.837  47.439 0.0000000000
98132  -46.063  -9.881  46.816 0.0000000000
98114  -44.121  -9.584  47.203 0.0000000000
95598  -46.910  -11.060  58.439 0.0000000000
94465  -43.268  -11.953  57.389 0.0000000000
94467  -45.116  -12.115  57.435 0.0000000000
94469  -47.158  -12.329  57.217 0.0000000000
94484  -47.887  -12.731  56.340 0.0000000000
94500  -48.656  -12.641  55.402 0.0000000000
94527  -48.991  -12.142  53.989 0.0000000000
94542  -47.628  -12.333  52.500 0.0000000000
94553  -46.454  -12.638  51.582 0.0000000000
94561  -45.339  -13.014  50.629 0.0000000000
98085  -41.979  -9.435  49.574 0.0000000000
98076  -42.140  -9.478  50.405 0.0000000000
99191  -42.247  -8.886  51.687 0.0000000000
99171  -41.862  -8.508  52.349 0.0000000000
101333  -41.066  -6.877  52.771 0.0000000000
95902  -53.900  -11.062  36.541 0.0000000000
95917  -53.913  -10.993  35.219 0.0000000000
97084  -53.720  -10.620  34.518 0.0000000000
95844  -49.422  -11.596  40.805 0.0000000000
95859  -49.476  -11.442  39.845 0.0000000000
97051  -47.693  -10.705  37.811 0.0000000000
95897  -48.988  -11.268  37.176 0.0000000000
95913  -50.435  -10.952  36.000 0.0000000000
97081  -51.590  -9.986  34.828 0.0000000000
97096  -53.058  -9.681  34.283 0.0000000000
98293  -53.282  -9.638  33.278 0.0000000000
98312  -52.529  -9.381  32.658 0.0000000000
99402  -51.644  -8.520  32.637 0.0000000000
99401  -50.536  -8.257  32.490 0.0000000000
102569  -49.651  -6.041  34.467 0.0000000000
101514  -50.193  -6.660  32.869 0.0000000000
100474  -48.680  -7.418  32.410 0.0000000000
101512  -47.935  -6.631  32.377 0.0000000000
100488  -46.877  -6.647  31.861 0.0000000000
101527  -46.394  -6.152  31.376 0.0000000000
103472  -43.467  -4.885  47.772 0.0000000000
103476  -44.049  -4.500  46.382 0.0000000000
103480  -45.167  -4.202  45.239 0.0000000000
105571  -47.000  -2.646  47.125 0.0000000000
104496  -46.729  -3.640  45.616 0.0000000000
103489  -47.500  -4.946  44.510 0.0000000000
102488  -48.168  -6.126  43.650 0.0000000000
102503  -48.973  -5.946  42.496 0.0000000000
103523  -48.786  -5.041  41.266 0.0000000000
107838  -53.578  -0.403  48.962 0.0000000000
106688  -52.827  -1.415  47.531 0.0000000000
105588  -52.747  -2.296  45.556 0.0000000000
106743  -54.059  -1.794  42.601 0.0000000000
105601  -53.499  -2.291  43.507 0.0000000000
104514  -51.921  -3.321  43.386 0.0000000000
104530  -50.533  -3.760  41.723 0.0000000000
104538  -48.989  -3.544  40.593 0.0000000000
104552  -47.324  -3.444  39.738 0.0000000000
104551  -46.696  -3.106  39.180 0.0000000000
104592  -45.910  -3.140  35.144 0.0000000000
108011  -47.944  -0.185  35.716 0.0000000000
106855  -46.171  -1.797  34.230 0.0000000000
104607  -46.075  -3.209  33.482 0.0000000000
104615  -46.345  -3.464  32.021 0.0000000000
103603  -46.199  -4.267  30.872 0.0000000000
109202  -45.406  0.434  30.899 0.0000000000
112314  -50.580  4.035  36.614 0.0000000000
111337  -48.891  3.143  35.870 0.0000000000
111335  -47.399  2.145  36.172 0.0000000000
112292  -46.432  3.570  38.278 0.0000000000
110241  -46.817  2.138  37.247 0.0000000000
109135  -46.272  0.777  36.358 0.0000000000
107999  -44.240  -0.579  36.056 0.0000000000
106819  -42.831  -1.092  36.319 0.0000000000
106817  -40.831  -0.898  35.754 0.0000000000
110226  -41.793  0.970  40.030 0.0000000000
109096  -41.118  0.184  40.167 0.0000000000
117951  -42.559  9.177  38.228 0.0000000000
116994  -42.013  8.022  37.618 0.0000000000
116040  -41.780  6.246  36.610 0.0000000000
114176  -41.147  5.256  36.393 0.0000000000
113248  -40.448  4.899  36.949 0.0000000000
100321  -42.243  -7.620  47.567 0.0000000000
101376  -42.221  -6.882  48.027 0.0000000000
95942  -52.901  -11.088  33.069 0.0000000000
98037  -50.715  -10.280  53.176 0.0000000000
98050  -50.859  -9.400  52.348 0.0000000000
96859  -49.920  -10.435  52.580 0.0000000000
96878  -49.626  -10.372  52.062 0.0000000000
96843  -49.772  -10.937  52.999 0.0000000000
94522  -36.628  -12.592  53.353 0.0000000000
95793  -50.934  -11.381  43.507 0.0000000000
95808  -50.985  -11.196  42.517 0.0000000000
95807  -50.175  -11.614  42.644 0.0000000000
102532  -47.140  -5.179  39.461 0.0000000000
106644  -51.621  -0.884  52.422 0.0000000000
106663  -51.634  -0.663  51.187 0.0000000000
111340  -53.387  2.125  37.329 0.0000000000
110260  -53.945  1.628  37.198 0.0000000000
110259  -53.250  1.850  36.589 0.0000000000
109165  -52.595  1.669  35.650 0.0000000000
111349  -52.611  2.308  36.019 0.0000000000
111347  -51.281  2.761  35.194 0.0000000000
111338  -52.263  2.756  36.276 0.0000000000
116971  -42.488  8.342  40.612 0.0000000000
116012  -42.432  7.463  40.777 0.0000000000
116011  -41.853  7.476  40.205 0.0000000000
115067  -41.495  6.459  39.906 0.0000000000
116978  -41.701  7.990  39.504 0.0000000000
96937  -45.975  -10.784  45.760 0.0000000000
95757  -46.095  -11.305  45.275 0.0000000000
96936  -45.498  -10.485  45.394 0.0000000000
101419  -45.407  -6.507  43.850 0.0000000000
100355  -45.529  -7.517  43.587 0.0000000000
101420  -46.442  -6.764  43.501 0.0000000000
102486  -46.355  -6.061  43.796 0.0000000000
108997  -50.394  0.924  49.643 0.0000000000
108998  -51.589  1.202  49.557 0.0000000000
109012  -49.999  0.322  48.479 0.0000000000
106727  -49.402  -0.896  43.261 0.0000000000
106728  -50.342  -0.926  43.535 0.0000000000
107919  -50.164  -0.877  42.274 0.0000000000
107934  -50.863  -0.613  41.643 0.0000000000
107933  -49.943  -0.622  41.478 0.0000000000
107947  -49.730  -0.205  40.690 0.0000000000
107932  -49.020  -0.468  41.326 0.0000000000
115976  -47.701  7.238  44.836 0.0000000000
116924  -47.113  7.873  44.429 0.0000000000
116942  -47.232  8.461  44.209 0.0000000000
116941  -46.481  8.260  43.998 0.0000000000
117883  -47.258  9.155  43.681 0.0000000000
97127  -49.274  -10.351  32.559 0.0000000000
98308  -48.653  -9.347  32.683 0.0000000000
100262  -42.479  -7.852  52.888 0.0000000000
100263  -43.417  -7.735  52.890 0.0000000000
100240  -42.992  -7.445  53.249 0.0000000000
104418  -46.005  -3.951  55.593 0.0000000000
104419  -46.999  -3.626  55.544 0.0000000000
103401  -47.660  -4.132  55.521 0.0000000000
111175  -48.423  2.644  53.102 0.0000000000
112139  -49.630  3.054  53.651 0.0000000000
98144  -54.543  -9.502  45.023 0.0000000000
98121  -51.299  -10.094  47.828 0.0000000000
98120  -50.405  -9.906  47.906 0.0000000000
96917  -49.870  -10.562  47.411 0.0000000000
95737  -46.026  -11.272  49.162 0.0000000000
95736  -45.443  -11.541  48.974 0.0000000000
95735  -44.413  -11.789  48.686 0.0000000000
95724  -44.919  -12.076  49.110 0.0000000000
95616  -41.498  -11.065  57.488 0.0000000000
93351  -43.813  -13.869  55.639 0.0000000000
92148  -44.297  -14.185  54.859 0.0000000000
92149  -44.775  -14.093  54.734 0.0000000000
92161  -44.862  -14.189  54.155 0.0000000000
92160  -43.980  -14.424  54.199 0.0000000000
95708  -41.095  -11.633  51.062 0.0000000000
96874  -41.041  -10.865  51.139 0.0000000000
95899  -51.066  -11.237  36.701 0.0000000000
95857  -47.631  -11.525  40.197 0.0000000000
99358  -48.863  -8.026  35.287 0.0000000000
99351  -48.926  -8.707  35.252 0.0000000000
99359  -49.650  -8.251  34.820 0.0000000000
99360  -50.608  -8.082  34.466 0.0000000000
100448  -50.951  -7.397  34.163 0.0000000000
100441  -50.096  -7.301  34.645 0.0000000000
103575  -46.794  -4.666  34.800 0.0000000000
103583  -47.482  -5.398  34.102 0.0000000000
103582  -46.774  -5.031  33.810 0.0000000000
102575  -47.049  -5.568  33.106 0.0000000000
103460  -45.461  -4.495  50.617 0.0000000000
104472  -45.015  -3.734  49.295 0.0000000000
104473  -45.664  -3.518  49.674 0.0000000000
104490  -50.440  -3.024  46.015 0.0000000000
104489  -49.388  -3.238  45.957 0.0000000000
104499  -50.257  -3.648  45.267 0.0000000000
104506  -51.067  -3.863  44.218 0.0000000000
109059  -55.115  0.355  45.684 0.0000000000
107874  -55.252  0.146  46.290 0.0000000000
107908  -55.566  -0.112  44.170 0.0000000000
107974  -51.189  -0.704  38.280 0.0000000000
106796  -51.678  -1.329  38.890 0.0000000000
106795  -50.673  -1.227  38.947 0.0000000000
106775  -50.076  -1.728  39.525 0.0000000000
106794  -49.718  -1.112  39.015 0.0000000000
107971  -48.435  -0.892  38.342 0.0000000000
107986  -48.773  -0.301  37.489 0.0000000000
108051  -47.628  -0.182  31.365 0.0000000000
108050  -47.265  -0.560  31.645 0.0000000000
108062  -47.060  -0.270  30.902 0.0000000000
106880  -45.994  -1.262  30.397 0.0000000000
108061  -46.381  -0.305  30.531 0.0000000000
109170  -45.248  0.362  33.598 0.0000000000
109158  -45.627  0.410  34.771 0.0000000000
114152  -48.246  5.549  39.854 0.0000000000
114162  -48.115  5.460  38.749 0.0000000000
114161  -47.039  5.405  38.755 0.0000000000
110219  -44.369  2.216  40.065 0.0000000000
110229  -44.929  1.764  39.588 0.0000000000
109111  -44.345  0.327  39.281 0.0000000000
109110  -43.282  0.306  39.604 0.0000000000
112289  -40.312  3.970  38.522 0.0000000000
99245  -44.055  -8.510  45.688 0.0000000000
99244  -43.567  -8.005  45.884 0.0000000000
101383  -42.831  -6.654  46.483 0.0000000000
100340  -43.548  -7.266  45.385 0.0000000000
101389  -43.322  -6.484  45.744 0.0000000000
101400  -43.760  -6.435  44.919 0.0000000000
102466  -43.705  -5.515  45.388 0.0000000000
107843  -47.899  -0.401  47.265 0.0000000000
107842  -46.797  -0.259  46.891 0.0000000000
109055  -45.776  1.148  44.828 0.0000000000
107865  -46.458  -0.276  44.728 0.0000000000
107883  -47.223  -0.730  44.074 0.0000000000
107882  -46.582  -0.169  43.599 0.0000000000
109066  -46.454  0.652  43.160 0.0000000000
110196  -46.398  1.414  43.675 0.0000000000
114101  -50.322  4.690  45.088 0.0000000000
112223  -48.683  3.214  44.225 0.0000000000
114091  -49.450  5.453  44.987 0.0000000000
94773  -51.266  -11.436  32.742 0.0000000000
95953  -50.756  -11.004  32.455 0.0000000000
98310  -50.907  -9.308  32.403 0.0000000000
102376  -41.635  -4.952  54.608 0.0000000000
99203  -50.521  -8.608  50.252 0.0000000000
99202  -49.731  -8.946  50.229 0.0000000000
99210  -49.490  -8.882  49.624 0.0000000000
96876  -48.441  -11.143  51.529 0.0000000000
96886  -48.720  -10.469  51.095 0.0000000000
96875  -47.996  -11.225  51.113 0.0000000000
95717  -47.197  -11.639  50.701 0.0000000000
95709  -46.976  -12.040  51.115 0.0000000000
93384  -39.562  -13.479  52.599 0.0000000000
94539  -39.480  -12.605  52.216 0.0000000000
95693  -39.009  -12.289  52.229 0.0000000000
95692  -38.467  -12.136  52.244 0.0000000000
95704  -37.493  -11.299  51.764 0.0000000000
96869  -36.377  -10.466  51.551 0.0000000000
99319  -46.396  -8.846  39.183 0.0000000000
100418  -46.641  -7.967  38.978 0.0000000000
101481  -47.828  -6.423  36.731 0.0000000000
101482  -48.425  -6.480  35.983 0.0000000000
103557  -46.975  -4.839  37.256 0.0000000000
105548  -48.062  -2.725  51.352 0.0000000000
105556  -47.703  -2.517  50.494 0.0000000000
105557  -48.500  -2.100  50.760 0.0000000000
106675  -50.885  -1.188  49.475 0.0000000000
106674  -49.982  -1.469  49.247 0.0000000000
106681  -50.851  -1.661  48.353 0.0000000000
105575  -50.746  -2.127  47.543 0.0000000000
106686  -51.245  -1.880  47.723 0.0000000000
109104  -54.222  0.248  40.885 0.0000000000
109105  -55.034  0.066  41.148 0.0000000000
109141  -53.788  0.649  37.036 0.0000000000
107992  -54.162  0.269  37.653 0.0000000000
107991  -53.624  0.061  37.578 0.0000000000
107990  -52.633  -0.061  37.517 0.0000000000
109139  -51.902  0.472  36.806 0.0000000000
109138  -50.900  0.344  36.921 0.0000000000
109150  -51.082  0.788  35.937 0.0000000000
109175  -50.618  1.688  33.406 0.0000000000
109185  -49.913  1.487  32.546 0.0000000000
110292  -49.876  1.887  31.893 0.0000000000
110301  -49.272  1.803  31.577 0.0000000000
111368  -49.848  2.137  32.012 0.0000000000
111354  -48.923  2.251  33.341 0.0000000000
111353  -48.255  2.008  33.830 0.0000000000
111344  -48.430  2.255  34.577 0.0000000000
114125  -44.610  5.920  41.253 0.0000000000
114138  -45.322  5.371  40.299 0.0000000000
114136  -43.236  5.335  40.677 0.0000000000
112265  -44.177  3.664  40.361 0.0000000000
112264  -43.168  3.574  40.468 0.0000000000
113211  -41.186  4.517  39.268 0.0000000000
94612  -48.559  -12.227  44.487 0.0000000000
94627  -48.873  -12.186  43.798 0.0000000000
94626  -48.162  -12.339  43.672 0.0000000000
94641  -47.008  -12.260  42.992 0.0000000000
95803  -46.542  -11.675  42.697 0.0000000000
95822  -46.799  -11.646  41.876 0.0000000000
96982  -46.063  -10.872  42.706 0.0000000000
98156  -45.083  -9.674  44.507 0.0000000000
99270  -45.974  -8.958  42.885 0.0000000000
98181  -46.057  -10.144  41.993 0.0000000000
100379  -46.505  -8.527  41.573 0.0000000000
101444  -47.842  -6.621  41.782 0.0000000000
101455  -47.572  -6.597  40.827 0.0000000000
110101  -53.733  2.134  52.127 0.0000000000
108965  -54.243  1.841  51.358 0.0000000000
111193  -54.052  2.363  51.175 0.0000000000
109015  -53.292  1.351  48.527 0.0000000000
110160  -53.917  1.794  48.685 0.0000000000
109027  -53.741  1.328  47.809 0.0000000000
109035  -53.972  0.944  47.026 0.0000000000
107855  -49.819  -0.579  46.295 0.0000000000
107845  -50.204  -0.204  47.312 0.0000000000
107887  -51.561  -0.601  44.459 0.0000000000
107870  -51.826  -0.413  45.423 0.0000000000
107888  -52.612  -0.329  44.562 0.0000000000
107889  -53.505  0.032  44.599 0.0000000000
107907  -53.326  -0.261  43.723 0.0000000000
109077  -53.989  -0.133  42.886 0.0000000000
107922  -53.064  -0.470  42.759 0.0000000000
109102  -52.287  0.179  40.321 0.0000000000
110235  -52.420  1.044  39.246 0.0000000000
110244  -52.785  1.528  38.878 0.0000000000
110243  -51.927  2.208  38.967 0.0000000000
111312  -50.740  3.012  39.292 0.0000000000
112280  -49.462  3.702  39.854 0.0000000000
112268  -49.537  4.237  39.961 0.0000000000
112267  -48.828  3.924  40.305 0.0000000000
109085  -46.906  1.155  41.675 0.0000000000
109086  -47.323  0.834  41.192 0.0000000000
111287  -47.277  2.533  41.639 0.0000000000
114108  -46.535  5.319  43.415 0.0000000000
113183  -47.314  4.426  42.446 0.0000000000
114119  -46.502  5.146  42.550 0.0000000000
114128  -47.083  5.050  41.890 0.0000000000
114118  -45.519  5.618  42.351 0.0000000000
115042  -45.274  6.294  43.252 0.0000000000
117900  -45.100  9.225  42.611 0.0000000000
116953  -44.319  8.215  42.768 0.0000000000
116963  -43.972  8.648  42.162 0.0000000000
117916  -43.365  9.025  41.280 0.0000000000
100458  -47.031  -7.640  32.620 0.0000000000
100290  -43.064  -8.033  50.704 0.0000000000
100301  -43.251  -7.553  50.605 0.0000000000
101358  -44.294  -6.653  51.261 0.0000000000
102426  -45.272  -5.617  51.578 0.0000000000
101349  -45.279  -6.250  52.281 0.0000000000
102378  -43.790  -5.725  54.594 0.0000000000
101315  -43.749  -6.527  54.174 0.0000000000
101295  -44.331  -6.231  54.498 0.0000000000
102381  -46.738  -5.542  54.637 0.0000000000
102404  -46.206  -6.056  54.141 0.0000000000
102405  -46.721  -5.546  53.578 0.0000000000
102417  -46.139  -5.341  52.401 0.0000000000
103440  -46.957  -4.754  52.760 0.0000000000
103441  -47.889  -4.243  53.089 0.0000000000
104453  -49.594  -3.217  54.823 0.0000000000
104457  -49.591  -3.259  54.133 0.0000000000
105520  -50.135  -2.740  54.417 0.0000000000
106624  -50.871  -1.692  53.167 0.0000000000
105537  -50.620  -2.230  54.009 0.0000000000
107786  -47.750  -0.474  52.859 0.0000000000
106606  -47.141  -1.873  53.488 0.0000000000
106607  -47.835  -1.514  53.902 0.0000000000
105501  -48.410  -2.130  55.211 0.0000000000
106608  -48.516  -1.211  54.272 0.0000000000
108942  -50.156  0.786  54.325 0.0000000000
107768  -50.280  -0.321  54.801 0.0000000000
108934  -50.730  0.467  54.734 0.0000000000
107770  -51.741  0.006  54.830 0.0000000000
108936  -52.253  0.825  54.520 0.0000000000
110083  -52.812  1.465  54.263 0.0000000000
110091  -52.154  2.246  54.494 0.0000000000
112165  -50.559  3.500  52.982 0.0000000000
111177  -51.432  3.366  53.264 0.0000000000
111205  -50.603  2.232  51.172 0.0000000000
111204  -49.783  2.521  51.239 0.0000000000
98172  -53.936  -9.557  43.102 0.0000000000
96954  -53.207  -10.374  44.246 0.0000000000
96953  -52.386  -10.721  44.326 0.0000000000
98106  -52.730  -9.492  48.129 0.0000000000
98107  -53.481  -9.331  47.967 0.0000000000
96930  -52.025  -10.780  46.394 0.0000000000
96938  -51.443  -11.246  45.413 0.0000000000
95752  -50.295  -11.524  46.070 0.0000000000
96916  -48.839  -10.691  47.424 0.0000000000
95750  -48.664  -11.490  46.575 0.0000000000
95743  -48.129  -11.044  47.057 0.0000000000
96926  -47.556  -10.857  46.935 0.0000000000
98089  -48.869  -9.182  49.434 0.0000000000
98099  -46.006  -10.094  48.312 0.0000000000
98115  -45.155  -9.711  47.464 0.0000000000
94502  -50.035  -12.076  55.382 0.0000000000
96799  -43.732  -10.672  58.349 0.0000000000
95596  -45.188  -10.841  58.417 0.0000000000
95597  -45.992  -10.970  58.438 0.0000000000
95620  -45.573  -11.479  57.902 0.0000000000
94478  -41.652  -12.421  56.675 0.0000000000
95641  -41.858  -11.785  57.154 0.0000000000
94479  -42.613  -12.386  56.955 0.0000000000
94468  -46.142  -12.262  57.328 0.0000000000
94470  -48.162  -12.366  57.171 0.0000000000
94483  -46.814  -12.907  56.361 0.0000000000
93355  -47.396  -13.115  54.816 0.0000000000
94499  -47.640  -12.977  55.342 0.0000000000
94510  -47.809  -12.828  54.337 0.0000000000
94526  -48.484  -12.214  53.538 0.0000000000
94525  -47.506  -12.783  53.499 0.0000000000
93387  -45.423  -13.648  52.561 0.0000000000
93388  -46.198  -13.292  52.540 0.0000000000
93399  -45.889  -13.283  52.052 0.0000000000
94552  -45.821  -12.895  51.116 0.0000000000
93408  -44.867  -13.500  51.075 0.0000000000
96891  -41.707  -10.818  49.701 0.0000000000
96892  -41.937  -10.998  49.103 0.0000000000
98096  -41.849  -10.092  49.420 0.0000000000
98067  -42.146  -9.548  51.120 0.0000000000
98064  -39.242  -9.885  51.541 0.0000000000
100259  -39.318  -7.364  52.170 0.0000000000
100260  -40.415  -7.574  52.364 0.0000000000
101332  -39.958  -6.670  52.671 0.0000000000
101312  -40.559  -6.033  53.248 0.0000000000
95884  -54.158  -11.182  37.062 0.0000000000
97067  -53.634  -10.972  37.068 0.0000000000
95916  -53.257  -10.809  35.506 0.0000000000
97083  -53.410  -10.468  34.654 0.0000000000
95825  -49.367  -11.783  41.804 0.0000000000
95843  -48.531  -11.777  40.978 0.0000000000
95869  -48.657  -11.488  39.073 0.0000000000
98244  -46.796  -9.146  37.913 0.0000000000
98234  -47.249  -10.162  38.115 0.0000000000
97079  -49.335  -10.129  35.565 0.0000000000
97065  -48.708  -10.584  36.331 0.0000000000
97066  -49.693  -10.714  35.908 0.0000000000
95898  -49.881  -11.241  36.757 0.0000000000
95914  -51.309  -10.836  35.725 0.0000000000
98272  -51.549  -8.835  34.272 0.0000000000
97095  -52.229  -9.459  34.426 0.0000000000
98274  -53.187  -9.481  33.686 0.0000000000
98313  -53.041  -9.577  32.931 0.0000000000
98292  -52.771  -8.976  33.159 0.0000000000
100450  -51.775  -7.598  33.235 0.0000000000
99384  -52.224  -8.164  33.018 0.0000000000
100460  -51.603  -7.674  32.889 0.0000000000
100477  -51.204  -7.892  32.709 0.0000000000
100476  -50.879  -7.291  32.751 0.0000000000
102560  -49.122  -5.964  35.102 0.0000000000
102561  -49.707  -6.236  34.652 0.0000000000
101500  -49.549  -6.293  33.297 0.0000000000
101513  -49.155  -6.823  32.787 0.0000000000
100475  -49.836  -7.398  32.478 0.0000000000
102595  -47.004  -6.026  31.954 0.0000000000
100487  -46.680  -6.748  31.835 0.0000000000
102444  -43.317  -5.987  49.446 0.0000000000
102451  -43.016  -5.572  48.279 0.0000000000
103469  -43.597  -5.023  48.817 0.0000000000
104480  -44.604  -3.832  47.458 0.0000000000
103473  -44.023  -4.400  47.204 0.0000000000
104484  -44.504  -4.057  46.617 0.0000000000
104494  -44.808  -3.929  45.946 0.0000000000
104495  -45.701  -3.697  45.819 0.0000000000
105566  -47.886  -2.212  48.269 0.0000000000
105565  -46.999  -2.423  48.060 0.0000000000
105572  -47.837  -2.495  47.333 0.0000000000
104487  -47.325  -3.217  46.092 0.0000000000
104497  -47.786  -3.795  45.445 0.0000000000
103482  -47.137  -4.289  44.999 0.0000000000
102473  -47.850  -5.599  44.117 0.0000000000
103490  -48.433  -5.022  44.425 0.0000000000
102505  -50.056  -5.101  42.960 0.0000000000
102490  -49.728  -5.423  43.290 0.0000000000
102517  -49.330  -5.367  42.099 0.0000000000
102516  -48.695  -5.685  41.702 0.0000000000
103524  -49.451  -4.599  41.540 0.0000000000
107829  -54.038  0.473  50.034 0.0000000000
107828  -53.262  -0.209  49.654 0.0000000000
107839  -54.132  -0.119  48.843 0.0000000000
106702  -54.642  -0.865  45.951 0.0000000000
106693  -53.931  -1.195  46.709 0.0000000000
106692  -53.159  -1.698  46.311 0.0000000000
106700  -53.260  -1.858  45.816 0.0000000000
106753  -55.282  -0.959  41.792 0.0000000000
106744  -54.831  -1.333  42.698 0.0000000000
106752  -54.690  -1.476  41.668 0.0000000000
105631  -52.680  -2.393  41.191 0.0000000000
105619  -52.992  -2.421  41.702 0.0000000000
105610  -52.469  -2.838  42.570 0.0000000000
105600  -52.732  -2.828  43.456 0.0000000000
104524  -51.754  -3.286  42.564 0.0000000000
104523  -51.212  -3.730  42.404 0.0000000000
104531  -51.263  -3.303  41.701 0.0000000000
105640  -49.441  -2.258  39.949 0.0000000000
105627  -49.628  -2.915  40.391 0.0000000000
105626  -48.829  -2.840  40.156 0.0000000000
104537  -48.063  -3.337  40.274 0.0000000000
105638  -47.556  -2.383  39.511 0.0000000000
106820  -46.545  -1.665  36.952 0.0000000000
105657  -46.357  -2.463  37.550 0.0000000000
105670  -46.069  -2.474  36.400 0.0000000000
105682  -45.985  -2.137  35.385 0.0000000000
109161  -49.092  0.384  35.644 0.0000000000
108012  -48.484  0.145  35.829 0.0000000000
109172  -48.490  0.222  34.951 0.0000000000
106865  -46.717  -1.268  32.298 0.0000000000
106856  -46.687  -1.227  33.433 0.0000000000
105705  -46.311  -1.875  32.877 0.0000000000
105704  -46.064  -2.282  33.700 0.0000000000
105712  -46.176  -2.542  32.968 0.0000000000
104614  -46.191  -3.103  32.715 0.0000000000
104624  -46.270  -3.354  31.063 0.0000000000
103616  -45.846  -4.202  30.387 0.0000000000
102605  -46.071  -5.052  30.830 0.0000000000
103615  -45.268  -4.274  30.525 0.0000000000
110289  -47.005  1.315  31.489 0.0000000000
110288  -46.441  1.149  30.973 0.0000000000
109192  -45.904  1.087  31.422 0.0000000000
109179  -43.842  0.068  32.343 0.0000000000
109190  -44.016  0.188  31.925 0.0000000000
113252  -50.266  4.488  37.357 0.0000000000
112303  -48.040  4.140  36.999 0.0000000000
112312  -48.670  3.819  36.440 0.0000000000
112311  -48.013  3.554  36.610 0.0000000000
111336  -48.140  2.701  35.893 0.0000000000
111327  -47.315  2.710  36.937 0.0000000000
113213  -45.772  4.569  39.242 0.0000000000
113214  -46.280  5.003  38.892 0.0000000000
112291  -45.888  3.566  38.844 0.0000000000
111317  -46.184  2.629  38.466 0.0000000000
110240  -46.350  1.557  37.643 0.0000000000
110250  -46.370  1.024  36.906 0.0000000000
109134  -45.757  0.423  36.892 0.0000000000
108000  -45.024  -0.150  35.898 0.0000000000
107984  -44.964  -0.246  36.736 0.0000000000
107982  -43.404  -1.057  37.251 0.0000000000
106818  -41.899  -0.916  35.962 0.0000000000
106806  -41.620  -1.240  36.843 0.0000000000
107960  -41.882  -0.750  39.338 0.0000000000
106770  -41.186  -1.251  38.823 0.0000000000
107959  -40.989  -0.700  39.636 0.0000000000
111306  -42.210  2.157  39.994 0.0000000000
110227  -42.764  1.146  40.021 0.0000000000
111294  -40.748  1.535  40.437 0.0000000000
110218  -41.000  1.031  40.412 0.0000000000
110217  -40.318  1.095  40.684 0.0000000000
117000  -42.627  7.874  36.308 0.0000000000
116034  -42.144  7.343  36.851 0.0000000000
116041  -42.284  6.700  36.199 0.0000000000
113249  -40.707  4.923  37.272 0.0000000000
100322  -42.593  -7.521  46.796 0.0000000000
102461  -42.701  -6.108  46.967 0.0000000000
109032  -46.015  0.323  46.565 0.0000000000
111243  -46.673  2.375  45.111 0.0000000000
111253  -46.873  2.076  44.062 0.0000000000
111256  -49.176  2.866  45.086 0.0000000000
112225  -50.165  3.908  45.075 0.0000000000
114093  -50.940  5.232  45.400 0.0000000000
95954  -51.701  -10.823  32.523 0.0000000000
103412  -40.017  -4.126  54.788 0.0000000000
103413  -41.065  -4.215  54.979 0.0000000000
98070  -50.712  -9.091  51.753 0.0000000000
98068  -49.435  -9.942  51.241 0.0000000000
96857  -48.904  -11.081  52.009 0.0000000000
94536  -36.755  -12.266  52.637 0.0000000000
96983  -51.800  -10.786  42.392 0.0000000000
95827  -51.006  -10.974  41.531 0.0000000000
100408  -46.981  -7.233  39.391 0.0000000000
102540  -47.060  -5.177  38.204 0.0000000000
103556  -46.634  -4.207  37.814 0.0000000000
106642  -49.844  -1.694  51.590 0.0000000000
106641  -49.182  -1.769  50.945 0.0000000000
106662  -50.793  -1.045  50.726 0.0000000000
106676  -51.997  -0.709  49.796 0.0000000000
109127  -54.176  0.743  39.087 0.0000000000
109128  -54.742  0.386  38.868 0.0000000000
110253  -54.363  1.147  38.165 0.0000000000
109153  -53.969  1.243  36.841 0.0000000000
109151  -52.119  0.948  35.904 0.0000000000
109164  -52.248  1.514  35.319 0.0000000000
110266  -51.816  1.841  34.672 0.0000000000
110275  -51.249  1.979  33.913 0.0000000000
111363  -50.695  2.268  33.547 0.0000000000
111356  -51.094  2.426  34.370 0.0000000000
111346  -50.484  2.906  34.958 0.0000000000
115059  -43.225  6.881  41.389 0.0000000000
115058  -42.717  7.159  41.025 0.0000000000
114135  -42.432  5.494  40.539 0.0000000000
114134  -41.779  5.742  40.220 0.0000000000
115075  -41.187  6.216  38.971 0.0000000000
94596  -47.458  -12.114  45.023 0.0000000000
94595  -46.703  -11.907  44.887 0.0000000000
95774  -46.023  -11.495  44.359 0.0000000000
95789  -45.763  -11.163  43.934 0.0000000000
100354  -44.706  -7.279  44.026 0.0000000000
99268  -44.830  -8.162  43.902 0.0000000000
100368  -46.623  -8.248  42.270 0.0000000000
100357  -47.312  -7.149  42.824 0.0000000000
110125  -52.653  1.988  50.573 0.0000000000
110126  -53.586  2.311  50.438 0.0000000000
110149  -52.229  1.551  50.004 0.0000000000
109014  -52.283  0.950  48.521 0.0000000000
109025  -51.922  0.470  47.501 0.0000000000
107885  -49.083  -0.979  44.713 0.0000000000
107869  -50.590  -0.731  45.221 0.0000000000
106712  -50.272  -0.890  44.216 0.0000000000
107904  -50.650  -0.850  43.916 0.0000000000
107921  -52.038  -0.692  42.707 0.0000000000
107935  -51.792  -0.573  41.803 0.0000000000
107949  -51.587  -0.291  40.932 0.0000000000
109101  -51.346  0.246  40.193 0.0000000000
109115  -51.099  0.915  39.546 0.0000000000
109100  -50.369  0.298  40.088 0.0000000000
109114  -49.908  1.120  39.581 0.0000000000
110231  -48.895  2.300  39.748 0.0000000000
113162  -47.991  4.328  43.815 0.0000000000
113172  -47.678  4.144  43.276 0.0000000000
114097  -47.106  5.412  44.025 0.0000000000
115974  -45.732  6.578  43.914 0.0000000000
115985  -45.405  7.282  43.780 0.0000000000
116940  -45.575  8.224  43.591 0.0000000000
117881  -45.409  8.763  43.199 0.0000000000
98307  -48.110  -8.754  32.823 0.0000000000
99192  -43.113  -8.340  51.933 0.0000000000
100291  -43.372  -7.954  51.259 0.0000000000
99173  -43.305  -8.097  52.383 0.0000000000
100281  -44.202  -7.430  52.806 0.0000000000
103398  -44.702  -4.620  55.395 0.0000000000
102379  -44.864  -5.558  55.035 0.0000000000
102361  -45.779  -5.224  55.253 0.0000000000
102362  -46.417  -5.393  55.128 0.0000000000
103418  -47.548  -4.843  54.960 0.0000000000
103434  -47.786  -4.770  54.015 0.0000000000
103419  -48.356  -4.119  55.359 0.0000000000
104441  -49.067  -3.750  55.131 0.0000000000
104442  -49.347  -3.077  55.363 0.0000000000
107787  -48.384  -0.020  53.247 0.0000000000
107776  -48.969  -0.352  54.065 0.0000000000
108952  -48.664  0.795  53.291 0.0000000000
108941  -49.371  0.777  53.865 0.0000000000
110089  -50.416  1.800  54.221 0.0000000000
111166  -51.325  2.957  54.204 0.0000000000
112140  -50.166  3.173  54.000 0.0000000000
112150  -49.951  3.365  53.366 0.0000000000
98158  -54.675  -9.158  43.909 0.0000000000
98122  -52.222  -10.187  47.488 0.0000000000
96928  -50.205  -11.179  46.792 0.0000000000
98087  -46.817  -10.209  49.118 0.0000000000
98086  -46.310  -10.439  48.854 0.0000000000
96912  -45.030  -10.049  47.915 0.0000000000
96904  -45.121  -10.663  48.256 0.0000000000
93335  -43.221  -13.250  56.359 0.0000000000
93336  -44.251  -13.375  56.285 0.0000000000
93337  -45.287  -13.403  56.158 0.0000000000
93338  -46.228  -13.276  55.973 0.0000000000
93353  -45.915  -13.553  55.229 0.0000000000
93363  -46.561  -13.458  54.396 0.0000000000
93375  -46.627  -13.320  53.398 0.0000000000
92162  -45.354  -13.963  53.759 0.0000000000
92178  -45.116  -13.990  53.335 0.0000000000
92196  -44.815  -14.022  52.844 0.0000000000
95715  -41.545  -11.599  50.276 0.0000000000
96883  -41.454  -10.884  50.521 0.0000000000
98075  -41.725  -10.209  50.842 0.0000000000
95915  -52.354  -10.721  35.598 0.0000000000
95842  -47.716  -11.776  41.186 0.0000000000
95868  -47.841  -11.375  39.278 0.0000000000
95878  -47.943  -11.258  38.528 0.0000000000
99343  -47.377  -8.406  36.815 0.0000000000
98251  -48.682  -9.484  35.652 0.0000000000
98260  -50.685  -9.101  34.603 0.0000000000
98271  -51.014  -8.514  34.381 0.0000000000
99369  -51.590  -8.060  33.881 0.0000000000
98291  -52.346  -8.495  33.336 0.0000000000
100449  -51.443  -7.326  33.640 0.0000000000
101502  -50.961  -6.748  33.596 0.0000000000
102568  -49.037  -5.795  34.391 0.0000000000
102567  -48.143  -5.592  34.143 0.0000000000
102584  -46.715  -5.406  32.200 0.0000000000
103466  -44.429  -4.630  49.569 0.0000000000
104476  -44.727  -3.708  48.495 0.0000000000
104481  -45.382  -3.312  47.603 0.0000000000
105581  -48.617  -2.794  46.638 0.0000000000
104498  -49.007  -3.961  45.194 0.0000000000
103491  -49.387  -4.909  44.263 0.0000000000
103492  -50.227  -4.518  43.919 0.0000000000
103502  -50.343  -4.743  43.228 0.0000000000
107850  -55.146  0.670  47.671 0.0000000000
107849  -54.795  0.207  48.040 0.0000000000
107859  -55.072  -0.117  46.994 0.0000000000
106778  -53.209  -1.577  39.629 0.0000000000
106777  -52.074  -1.894  39.790 0.0000000000
105643  -51.687  -2.398  40.388 0.0000000000
105629  -51.228  -2.843  40.935 0.0000000000
105642  -51.143  -2.419  40.170 0.0000000000
106773  -48.299  -1.678  39.362 0.0000000000
106772  -47.756  -1.688  39.128 0.0000000000
106792  -48.070  -1.347  38.812 0.0000000000
107985  -47.869  -0.893  37.886 0.0000000000
106821  -47.137  -0.933  36.358 0.0000000000
109184  -49.083  0.596  33.102 0.0000000000
108032  -47.872  -0.153  33.204 0.0000000000
108040  -47.297  -0.616  32.559 0.0000000000
105732  -46.139  -2.290  30.686 0.0000000000
104634  -45.585  -3.258  30.735 0.0000000000
105731  -45.763  -2.231  30.600 0.0000000000
106872  -45.450  -1.190  30.753 0.0000000000
110272  -46.902  1.286  32.973 0.0000000000
109182  -46.329  1.135  32.333 0.0000000000
109180  -44.397  0.243  32.601 0.0000000000
113229  -49.834  4.971  38.610 0.0000000000
113241  -49.673  4.845  37.781 0.0000000000
114170  -48.985  5.250  38.304 0.0000000000
113228  -48.194  5.219  38.092 0.0000000000
113239  -47.618  4.442  37.616 0.0000000000
111308  -45.062  2.839  39.771 0.0000000000
111309  -45.613  2.678  39.218 0.0000000000
109133  -45.166  0.006  37.475 0.0000000000
109124  -44.884  -0.009  38.284 0.0000000000
107969  -43.992  -0.638  38.296 0.0000000000
106789  -42.166  -1.356  37.514 0.0000000000
107961  -42.741  -0.610  39.239 0.0000000000
111303  -39.863  3.134  39.904 0.0000000000
98142  -45.104  -9.701  45.490 0.0000000000
98141  -44.626  -9.094  45.629 0.0000000000
99256  -44.300  -8.346  44.696 0.0000000000
101401  -44.590  -6.408  44.305 0.0000000000
102470  -44.855  -5.404  44.422 0.0000000000
107835  -48.601  -0.129  47.894 0.0000000000
107844  -49.096  -0.395  47.175 0.0000000000
107854  -48.668  -0.700  46.260 0.0000000000
107852  -46.547  -0.349  45.823 0.0000000000
107867  -48.343  -0.998  45.188 0.0000000000
106697  -48.371  -1.084  44.610 0.0000000000
106709  -47.961  -0.981  43.675 0.0000000000
107902  -48.404  -0.750  42.805 0.0000000000
107917  -48.238  -0.580  42.004 0.0000000000
107900  -46.865  0.076  42.586 0.0000000000
109075  -46.792  0.754  42.122 0.0000000000
111276  -46.902  2.038  42.312 0.0000000000
111268  -48.271  2.766  43.950 0.0000000000
111267  -47.568  2.659  43.462 0.0000000000
113173  -48.181  3.944  43.680 0.0000000000
115035  -48.277  5.477  44.675 0.0000000000
115966  -48.841  7.070  45.174 0.0000000000
116926  -48.815  8.240  44.881 0.0000000000
98309  -49.812  -9.306  32.375 0.0000000000
101313  -41.655  -6.312  53.382 0.0000000000
101314  -42.786  -6.725  53.560 0.0000000000
102401  -42.199  -5.748  54.027 0.0000000000
103415  -43.278  -4.750  55.130 0.0000000000
103414  -42.249  -4.351  55.207 0.0000000000
103397  -43.778  -4.334  55.403 0.0000000000
99220  -50.747  -8.862  48.946 0.0000000000
98090  -49.480  -8.835  49.079 0.0000000000
98078  -49.046  -9.770  50.575 0.0000000000
98077  -48.282  -10.134  50.227 0.0000000000
96894  -47.302  -10.946  49.969 0.0000000000
95727  -46.853  -11.634  50.259 0.0000000000
95726  -46.146  -11.827  49.821 0.0000000000
95639  -40.249  -11.656  56.850 0.0000000000
94477  -40.796  -12.414  56.485 0.0000000000
93332  -40.590  -13.135  56.016 0.0000000000
93333  -41.359  -13.127  56.152 0.0000000000
93349  -41.915  -13.800  55.687 0.0000000000
94549  -40.002  -12.092  51.934 0.0000000000
95707  -40.434  -11.611  51.584 0.0000000000
96871  -38.371  -10.644  51.542 0.0000000000
98224  -46.428  -9.869  39.574 0.0000000000
97038  -46.817  -10.479  39.208 0.0000000000
99342  -46.920  -8.737  37.568 0.0000000000
99332  -47.034  -8.049  37.621 0.0000000000
100439  -48.546  -7.587  35.613 0.0000000000
100433  -48.632  -7.016  35.698 0.0000000000
102553  -48.717  -6.118  35.649 0.0000000000
103570  -47.495  -5.052  35.428 0.0000000000
104468  -46.829  -3.375  50.780 0.0000000000
104474  -46.463  -3.018  49.823 0.0000000000
105555  -47.121  -2.636  49.942 0.0000000000
105562  -47.807  -2.163  49.335 0.0000000000
105567  -48.923  -2.035  48.464 0.0000000000
106660  -49.160  -1.596  49.995 0.0000000000
106673  -49.311  -1.723  49.039 0.0000000000
105574  -49.759  -2.286  47.476 0.0000000000
105583  -50.565  -2.541  46.715 0.0000000000
104491  -51.198  -2.786  46.110 0.0000000000
109079  -55.279  0.176  43.627 0.0000000000
107923  -55.573  -0.207  43.161 0.0000000000
109090  -55.150  0.028  42.530 0.0000000000
107952  -55.413  -0.448  40.842 0.0000000000
106780  -54.958  -1.250  40.069 0.0000000000
107978  -55.195  -0.132  38.892 0.0000000000
107963  -54.836  -0.807  39.128 0.0000000000
106779  -54.393  -1.254  39.556 0.0000000000
106798  -53.721  -1.117  38.854 0.0000000000
107975  -52.223  -0.719  38.188 0.0000000000
107988  -50.619  -0.153  37.705 0.0000000000
109136  -49.439  -0.003  37.287 0.0000000000
109137  -50.006  0.186  37.134 0.0000000000
109149  -50.087  0.535  36.251 0.0000000000
109173  -49.306  0.459  34.397 0.0000000000
109194  -48.393  0.589  31.667 0.0000000000
109205  -48.054  0.767  31.343 0.0000000000
110307  -47.114  0.849  30.963 0.0000000000
110300  -48.489  1.443  31.503 0.0000000000
110290  -48.057  1.595  31.650 0.0000000000
110281  -47.810  1.673  32.182 0.0000000000
111361  -49.315  2.208  32.209 0.0000000000
110274  -48.317  1.881  32.675 0.0000000000
110280  -47.055  1.418  32.282 0.0000000000
110264  -47.103  1.297  33.895 0.0000000000
110257  -47.315  1.583  35.252 0.0000000000
114139  -46.348  5.499  40.495 0.0000000000
114149  -45.668  5.140  39.640 0.0000000000
113200  -44.822  4.610  40.041 0.0000000000
112278  -44.886  3.652  39.928 0.0000000000
111295  -42.824  2.745  40.262 0.0000000000
113197  -41.702  4.698  40.103 0.0000000000
112290  -40.597  4.299  38.344 0.0000000000
94644  -49.051  -12.090  43.339 0.0000000000
95805  -48.692  -12.030  42.579 0.0000000000
94660  -48.152  -12.135  42.450 0.0000000000
94625  -47.390  -12.368  43.610 0.0000000000
94642  -47.695  -12.320  42.843 0.0000000000
95823  -47.559  -11.974  41.999 0.0000000000
95841  -47.116  -11.638  41.346 0.0000000000
97013  -46.611  -11.046  41.091 0.0000000000
96951  -45.399  -10.511  44.483 0.0000000000
96968  -45.779  -10.723  43.408 0.0000000000
98192  -46.232  -10.354  41.329 0.0000000000
98207  -46.310  -10.121  40.547 0.0000000000
100394  -46.934  -7.324  40.374 0.0000000000
107798  -52.853  0.498  52.195 0.0000000000
107812  -53.299  0.318  50.921 0.0000000000
108963  -53.607  0.878  51.605 0.0000000000
108978  -54.210  0.902  50.859 0.0000000000
109002  -54.493  1.189  50.065 0.0000000000
110151  -54.109  2.220  49.624 0.0000000000
110152  -54.391  1.758  49.747 0.0000000000
109018  -54.882  1.294  48.609 0.0000000000
110175  -54.932  1.319  47.724 0.0000000000
109046  -54.640  0.703  46.206 0.0000000000
109058  -54.695  0.529  45.194 0.0000000000
109023  -50.227  0.072  47.875 0.0000000000
107846  -51.301  0.041  47.037 0.0000000000
107847  -51.860  0.216  46.931 0.0000000000
107857  -52.094  0.034  46.362 0.0000000000
107858  -52.763  0.197  46.135 0.0000000000
109044  -53.106  0.293  46.021 0.0000000000
109057  -54.124  0.389  44.776 0.0000000000
109068  -54.778  0.401  44.188 0.0000000000
109078  -54.720  0.234  43.172 0.0000000000
107951  -53.072  -0.266  41.310 0.0000000000
109103  -53.264  0.044  40.618 0.0000000000
109118  -53.852  0.512  39.827 0.0000000000
109126  -53.531  0.945  39.100 0.0000000000
111322  -53.119  1.930  38.415 0.0000000000
111329  -52.822  2.731  37.601 0.0000000000
112306  -52.285  3.223  37.116 0.0000000000
112294  -52.262  3.338  37.838 0.0000000000
112293  -51.717  3.653  38.448 0.0000000000
113231  -51.199  4.162  38.889 0.0000000000
110233  -51.020  1.990  39.131 0.0000000000
112282  -50.930  3.740  39.319 0.0000000000
113216  -50.689  4.223  39.257 0.0000000000
113215  -49.814  4.724  39.514 0.0000000000
114153  -49.006  5.278  40.030 0.0000000000
107931  -48.158  -0.027  41.070 0.0000000000
109097  -47.737  1.389  40.598 0.0000000000
111298  -47.747  2.793  40.757 0.0000000000
112245  -47.381  3.585  42.001 0.0000000000
112253  -47.799  3.641  41.195 0.0000000000
112254  -48.259  4.045  40.787 0.0000000000
113203  -48.425  4.683  40.720 0.0000000000
114140  -47.457  5.376  40.813 0.0000000000
114117  -44.859  5.914  41.966 0.0000000000
115051  -44.250  6.643  42.273 0.0000000000
115984  -44.583  7.162  43.134 0.0000000000
115995  -44.140  7.396  42.693 0.0000000000
115050  -43.592  7.157  41.974 0.0000000000
116004  -43.346  7.552  41.747 0.0000000000
116961  -42.956  8.302  41.173 0.0000000000
117931  -42.493  8.965  40.141 0.0000000000
100308  -42.317  -7.778  49.288 0.0000000000
101370  -42.397  -7.012  48.812 0.0000000000
101364  -42.734  -6.977  49.505 0.0000000000
102435  -43.636  -6.419  50.224 0.0000000000
101357  -43.722  -6.950  50.799 0.0000000000
102436  -44.307  -5.826  50.510 0.0000000000
102437  -44.981  -5.268  50.752 0.0000000000
103449  -45.742  -4.878  51.414 0.0000000000
100241  -43.530  -7.195  53.556 0.0000000000
101336  -44.752  -6.941  53.232 0.0000000000
101296  -45.006  -6.275  54.516 0.0000000000
101317  -45.422  -6.454  53.917 0.0000000000
101337  -45.457  -6.462  52.941 0.0000000000
103450  -46.410  -4.406  51.621 0.0000000000
104460  -47.215  -3.716  51.624 0.0000000000
104461  -47.996  -3.472  52.109 0.0000000000
104462  -48.657  -3.293  52.613 0.0000000000
104456  -48.862  -3.627  53.516 0.0000000000
105535  -49.184  -2.941  52.764 0.0000000000
105550  -49.597  -2.390  52.436 0.0000000000
106623  -50.201  -1.970  52.525 0.0000000000
105478  -47.548  -2.958  55.442 0.0000000000
105480  -48.879  -2.469  55.431 0.0000000000
106588  -49.661  -2.140  55.366 0.0000000000
107767  -49.544  -0.726  54.771 0.0000000000
106596  -49.891  -1.491  55.248 0.0000000000
105503  -50.414  -1.820  55.236 0.0000000000
106610  -51.454  -0.667  54.430 0.0000000000
107778  -52.248  -0.001  54.042 0.0000000000
107788  -52.234  -0.177  52.895 0.0000000000
107789  -52.633  0.559  53.320 0.0000000000
110100  -53.422  2.143  52.853 0.0000000000
111179  -53.232  2.544  52.311 0.0000000000
111167  -52.343  2.917  53.775 0.0000000000
111178  -52.292  2.919  52.749 0.0000000000
111191  -52.547  2.580  51.851 0.0000000000
110124  -51.439  1.827  50.735 0.0000000000
110147  -49.502  1.317  50.137 0.0000000000
110122  -49.124  2.054  50.610 0.0000000000
96971  -53.304  -10.118  43.245 0.0000000000
98133  -52.729  -10.322  46.740 0.0000000000
96931  -52.735  -10.600  46.035 0.0000000000
95777  -50.826  -11.492  44.478 0.0000000000
95776  -50.058  -11.788  44.535 0.0000000000
95760  -48.909  -12.034  45.483 0.0000000000
95751  -49.597  -11.614  46.254 0.0000000000
95759  -47.988  -11.846  45.746 0.0000000000
95748  -46.668  -11.102  46.149 0.0000000000
96924  -46.126  -10.389  46.391 0.0000000000
98118  -48.452  -9.850  47.938 0.0000000000
98117  -47.442  -9.732  47.776 0.0000000000
96914  -46.845  -10.137  47.126 0.0000000000
98131  -45.412  -9.672  46.478 0.0000000000
98129  -43.723  -8.999  46.775 0.0000000000
98113  -43.223  -9.418  47.269 0.0000000000
99229  -42.647  -8.853  47.358 0.0000000000
99228  -42.195  -8.609  47.978 0.0000000000
95680  -50.009  -11.411  53.845 0.0000000000
96779  -46.354  -10.416  58.984 0.0000000000
95599  -47.877  -11.264  58.539 0.0000000000
95618  -43.498  -11.298  57.848 0.0000000000
94480  -43.675  -12.667  56.958 0.0000000000
94466  -44.116  -12.026  57.472 0.0000000000
95621  -46.533  -11.616  57.856 0.0000000000
95622  -47.504  -11.772  57.875 0.0000000000
94471  -49.089  -12.270  57.019 0.0000000000
94485  -48.842  -12.528  56.297 0.0000000000
94498  -47.003  -13.103  55.694 0.0000000000
94501  -49.441  -12.352  55.456 0.0000000000
94512  -49.410  -12.121  54.514 0.0000000000
95668  -49.800  -11.660  54.074 0.0000000000
95679  -49.443  -11.579  53.466 0.0000000000
95696  -49.055  -11.502  52.888 0.0000000000
95695  -48.510  -11.688  52.501 0.0000000000
95694  -47.988  -11.885  52.099 0.0000000000
94524  -47.174  -12.825  52.963 0.0000000000
94554  -47.153  -12.417  52.013 0.0000000000
94562  -46.017  -12.468  50.685 0.0000000000
94570  -45.326  -12.543  49.938 0.0000000000
92176  -43.673  -14.546  53.432 0.0000000000
92194  -43.406  -14.541  52.684 0.0000000000
92210  -43.823  -14.337  52.211 0.0000000000
93396  -43.385  -13.957  51.101 0.0000000000
93397  -44.296  -13.956  51.643 0.0000000000
93407  -44.344  -13.447  50.488 0.0000000000
94560  -44.888  -12.966  50.110 0.0000000000
94569  -44.441  -12.693  49.498 0.0000000000
98097  -42.063  -9.620  48.743 0.0000000000
99219  -42.000  -8.622  48.963 0.0000000000
99209  -42.301  -8.637  49.865 0.0000000000
99199  -42.673  -8.663  50.844 0.0000000000
98065  -40.298  -9.971  51.491 0.0000000000
99170  -40.820  -8.445  52.145 0.0000000000
100261  -41.479  -7.774  52.597 0.0000000000
101334  -42.054  -7.162  53.025 0.0000000000
102399  -40.022  -5.268  53.821 0.0000000000
101311  -39.448  -5.885  53.229 0.0000000000
102374  -39.504  -4.623  54.349 0.0000000000
95903  -54.263  -11.187  35.988 0.0000000000
95918  -54.117  -11.075  35.564 0.0000000000
95927  -53.792  -10.765  34.314 0.0000000000
95944  -53.665  -10.567  33.777 0.0000000000
95860  -50.349  -11.167  39.716 0.0000000000
97039  -47.322  -10.697  38.675 0.0000000000
97064  -47.853  -10.333  36.981 0.0000000000
97097  -53.601  -10.158  34.022 0.0000000000
95943  -53.414  -10.725  33.338 0.0000000000
95956  -53.075  -10.598  32.912 0.0000000000
97131  -52.933  -10.080  32.728 0.0000000000
98311  -51.818  -9.398  32.462 0.0000000000
99403  -52.134  -8.989  32.605 0.0000000000
101488  -49.621  -6.587  34.901 0.0000000000
101493  -50.351  -6.486  34.243 0.0000000000
101501  -50.375  -6.352  33.486 0.0000000000
102578  -49.764  -5.952  33.918 0.0000000000
101515  -50.880  -6.669  33.117 0.0000000000
100473  -47.418  -7.224  32.245 0.0000000000
102456  -42.603  -6.155  47.710 0.0000000000
102457  -42.976  -5.477  47.298 0.0000000000
103475  -43.473  -4.901  46.819 0.0000000000
103478  -43.648  -4.956  46.052 0.0000000000
103479  -44.297  -4.575  45.557 0.0000000000
103486  -44.767  -4.709  44.842 0.0000000000
103487  -45.523  -4.750  44.640 0.0000000000
104478  -46.271  -2.831  48.864 0.0000000000
104482  -46.191  -2.805  47.804 0.0000000000
104486  -46.293  -3.107  46.609 0.0000000000
105580  -47.704  -2.856  46.597 0.0000000000
105579  -47.076  -2.871  46.558 0.0000000000
103481  -46.123  -4.171  45.085 0.0000000000
103488  -46.500  -4.847  44.558 0.0000000000
102472  -46.883  -5.515  44.127 0.0000000000
102487  -47.231  -6.145  43.744 0.0000000000
101435  -48.393  -6.411  42.893 0.0000000000
102474  -48.760  -5.599  43.987 0.0000000000
102489  -49.044  -6.013  43.308 0.0000000000
101445  -48.357  -6.305  42.315 0.0000000000
102525  -48.400  -5.343  41.074 0.0000000000
106677  -52.743  -0.530  49.504 0.0000000000
106683  -53.047  -0.733  48.812 0.0000000000
106689  -54.144  -0.673  47.942 0.0000000000
105577  -52.135  -1.756  47.316 0.0000000000
105587  -51.771  -2.656  45.882 0.0000000000
106732  -55.492  -0.631  43.889 0.0000000000
106731  -54.983  -1.232  43.747 0.0000000000
106730  -54.219  -1.714  43.586 0.0000000000
106751  -53.825  -1.886  41.632 0.0000000000
105593  -53.589  -2.147  44.448 0.0000000000
105592  -52.880  -2.663  44.376 0.0000000000
104507  -52.127  -3.187  44.297 0.0000000000
104513  -51.319  -3.859  43.153 0.0000000000
103503  -50.814  -4.249  42.834 0.0000000000
103525  -50.069  -4.187  41.770 0.0000000000
104540  -50.469  -3.356  41.201 0.0000000000
104529  -50.026  -3.859  41.484 0.0000000000
103538  -49.145  -4.024  41.030 0.0000000000
103537  -48.508  -4.462  40.815 0.0000000000
103536  -47.541  -4.318  40.125 0.0000000000
103550  -46.991  -4.101  39.375 0.0000000000
103549  -46.666  -3.968  38.663 0.0000000000
104562  -46.396  -3.248  38.187 0.0000000000
105647  -46.677  -2.294  38.536 0.0000000000
104593  -46.264  -3.859  35.023 0.0000000000
108002  -48.543  0.008  36.397 0.0000000000
106833  -47.161  -0.846  35.203 0.0000000000
106845  -47.212  -0.779  34.079 0.0000000000
106844  -46.467  -1.503  34.713 0.0000000000
105694  -45.933  -2.365  34.701 0.0000000000
104600  -45.986  -3.178  34.357 0.0000000000
104608  -46.197  -3.992  33.103 0.0000000000
103595  -46.390  -4.425  31.621 0.0000000000
109203  -46.161  0.630  30.643 0.0000000000
109191  -44.778  0.457  31.578 0.0000000000
108039  -44.341  -0.297  31.566 0.0000000000
112315  -51.683  3.275  36.380 0.0000000000
112322  -50.024  3.438  35.746 0.0000000000
113251  -49.610  4.421  37.065 0.0000000000
112321  -49.300  3.424  35.918 0.0000000000
109147  -46.414  0.834  35.541 0.0000000000
114160  -46.543  5.163  38.808 0.0000000000
113226  -46.723  4.587  38.312 0.0000000000
112301  -46.977  3.599  37.684 0.0000000000
111318  -46.692  2.714  37.733 0.0000000000
110251  -46.819  1.574  36.540 0.0000000000
109146  -45.702  0.351  35.753 0.0000000000
108008  -43.104  -0.657  35.180 0.0000000000
107998  -43.535  -0.900  36.313 0.0000000000
108007  -41.836  -0.623  34.897 0.0000000000
106788  -41.636  -1.434  37.987 0.0000000000
106787  -40.495  -1.353  37.941 0.0000000000
110216  -39.702  1.394  41.050 0.0000000000
117884  -48.466  9.539  43.611 0.0000000000
117918  -45.640  9.992  41.194 0.0000000000
117933  -44.536  10.190  40.116 0.0000000000
117941  -42.538  9.219  39.439 0.0000000000
117960  -42.702  8.902  37.023 0.0000000000
116986  -41.945  8.554  38.866 0.0000000000
116993  -41.602  7.382  37.957 0.0000000000
116025  -41.376  6.894  38.342 0.0000000000
115081  -41.156  6.016  37.936 0.0000000000
115093  -41.888  5.813  36.200 0.0000000000
115087  -41.409  5.828  36.961 0.0000000000
114168  -40.957  5.144  37.606 0.0000000000
112300  -40.521  4.565  37.947 0.0000000000
92195  -44.221  -14.299  52.631 0.0000000000
93339  -46.719  -13.153  55.818 0.0000000000
93361  -45.053  -14.027  54.618 0.0000000000
93376  -47.013  -13.257  53.900 0.0000000000
93398  -45.384  -13.377  51.606 0.0000000000
94486  -49.694  -12.231  56.255 0.0000000000
94511  -48.522  -12.536  54.503 0.0000000000
94513  -49.840  -12.088  54.933 0.0000000000
94541  -46.874  -12.800  52.496 0.0000000000
94543  -48.052  -12.271  53.001 0.0000000000
94571  -45.710  -12.454  50.268 0.0000000000
94594  -46.308  -11.677  44.689 0.0000000000
94609  -46.454  -11.873  44.217 0.0000000000
94611  -47.806  -12.301  44.357 0.0000000000
94624  -46.704  -12.079  43.544 0.0000000000
94661  -48.458  -12.058  42.502 0.0000000000
95659  -50.467  -11.742  55.410 0.0000000000
95678  -48.876  -11.732  53.102 0.0000000000
95711  -48.159  -11.654  51.900 0.0000000000
95742  -47.774  -10.940  47.005 0.0000000000
95747  -46.228  -10.890  45.896 0.0000000000
95756  -45.560  -10.925  44.937 0.0000000000
95791  -49.477  -12.009  43.775 0.0000000000
96884  -47.674  -11.256  50.783 0.0000000000
96885  -48.174  -10.633  50.682 0.0000000000
96911  -44.541  -10.167  47.726 0.0000000000
96913  -46.373  -9.928  46.918 0.0000000000
96967  -45.549  -10.724  43.972 0.0000000000
97068  -53.890  -11.061  37.064 0.0000000000
97094  -51.717  -9.395  34.508 0.0000000000
97112  -53.322  -10.297  33.029 0.0000000000
97113  -53.512  -10.148  33.407 0.0000000000
97130  -52.185  -10.103  32.433 0.0000000000
97132  -53.318  -9.923  33.017 0.0000000000
98049  -50.505  -10.061  52.764 0.0000000000
98079  -49.746  -9.328  50.791 0.0000000000
98275  -53.453  -9.841  33.583 0.0000000000
99385  -52.328  -8.761  32.773 0.0000000000
100242  -43.987  -7.072  53.873 0.0000000000
100280  -43.764  -7.741  52.163 0.0000000000
101294  -43.980  -6.215  54.445 0.0000000000
101318  -46.002  -6.172  53.541 0.0000000000
101402  -45.154  -5.947  44.143 0.0000000000
101422  -48.318  -6.327  43.274 0.0000000000
101528  -47.084  -6.543  31.965 0.0000000000
102360  -45.245  -5.021  55.364 0.0000000000
102382  -47.284  -5.275  54.254 0.0000000000
102403  -43.589  -6.122  54.334 0.0000000000
102416  -45.621  -5.932  52.465 0.0000000000
102445  -43.966  -5.415  49.727 0.0000000000
102450  -42.636  -6.308  48.565 0.0000000000
102469  -44.169  -5.738  44.702 0.0000000000
102491  -50.036  -5.120  43.300 0.0000000000
102504  -49.624  -5.389  42.665 0.0000000000
102539  -46.806  -4.481  38.400 0.0000000000
102566  -47.487  -5.526  33.735 0.0000000000
103402  -48.199  -3.811  55.637 0.0000000000
103417  -46.900  -5.247  55.174 0.0000000000
103433  -47.331  -4.903  53.489 0.0000000000
103442  -48.284  -4.257  53.798 0.0000000000
103467  -45.142  -4.086  49.798 0.0000000000
103484  -48.864  -4.537  44.676 0.0000000000
103501  -49.901  -5.080  43.664 0.0000000000
103513  -50.230  -4.514  42.341 0.0000000000
103514  -50.775  -4.101  42.424 0.0000000000
104420  -47.917  -3.470  55.674 0.0000000000
104422  -49.085  -2.879  55.499 0.0000000000
104452  -49.170  -3.680  54.452 0.0000000000
104467  -46.087  -3.636  50.390 0.0000000000
104493  -44.409  -4.245  46.114 0.0000000000
104501  -52.317  -2.812  44.882 0.0000000000
104504  -49.303  -4.414  44.686 0.0000000000
104522  -50.818  -3.894  42.111 0.0000000000
104532  -51.590  -3.290  42.092 0.0000000000
104539  -49.728  -3.584  40.997 0.0000000000
104541  -50.879  -3.307  41.387 0.0000000000
105479  -48.202  -2.757  55.527 0.0000000000
105481  -49.382  -2.523  55.391 0.0000000000
105500  -47.765  -2.276  54.926 0.0000000000
105521  -50.629  -2.062  54.753 0.0000000000
105568  -49.880  -2.002  48.087 0.0000000000
105569  -50.359  -1.891  48.105 0.0000000000
105576  -51.635  -1.979  47.270 0.0000000000
105585  -52.340  -1.916  46.741 0.0000000000
105589  -53.643  -1.943  45.048 0.0000000000
105611  -53.295  -2.372  42.571 0.0000000000
105618  -52.085  -2.821  41.730 0.0000000000
105630  -52.218  -2.400  40.744 0.0000000000
105637  -46.907  -2.441  39.126 0.0000000000
105639  -48.576  -2.205  39.822 0.0000000000
105641  -50.305  -2.367  40.015 0.0000000000
105648  -47.027  -2.118  39.002 0.0000000000
105681  -45.851  -2.702  35.304 0.0000000000
105695  -46.046  -1.920  34.872 0.0000000000
106587  -49.361  -2.034  55.375 0.0000000000
106594  -48.292  -1.723  54.724 0.0000000000
106598  -51.301  -0.484  54.880 0.0000000000
106609  -51.087  -1.506  54.206 0.0000000000
106679  -49.514  -1.870  48.505 0.0000000000
106684  -53.764  -0.511  48.629 0.0000000000
106687  -51.767  -1.688  47.790 0.0000000000
106690  -54.724  -0.321  47.456 0.0000000000
106696  -47.930  -1.078  44.460 0.0000000000
106698  -49.892  -0.925  44.734 0.0000000000
106699  -50.383  -0.841  44.643 0.0000000000
106710  -48.680  -1.064  44.107 0.0000000000
106713  -54.253  -1.605  44.553 0.0000000000
106715  -55.436  -0.422  44.525 0.0000000000
106725  -48.091  -0.832  43.195 0.0000000000
106726  -48.558  -0.875  43.348 0.0000000000
106729  -50.790  -0.928  43.210 0.0000000000
106740  -49.750  -0.886  42.704 0.0000000000
106741  -50.206  -0.940  42.917 0.0000000000
106742  -50.584  -0.948  43.077 0.0000000000
106759  -52.739  -1.947  40.188 0.0000000000
106762  -55.200  -1.153  40.733 0.0000000000
106771  -41.754  -1.227  38.787 0.0000000000
106774  -49.159  -1.626  39.522 0.0000000000
106790  -46.837  -1.859  38.382 0.0000000000
106808  -46.705  -1.775  37.946 0.0000000000
106809  -47.187  -1.187  37.454 0.0000000000
106830  -42.530  -0.828  35.641 0.0000000000
106831  -43.013  -0.944  35.839 0.0000000000
106843  -46.092  -1.853  34.633 0.0000000000
106857  -47.240  -0.686  33.455 0.0000000000
107769  -51.045  -0.091  54.968 0.0000000000
107779  -52.549  0.543  53.917 0.0000000000
107827  -52.642  -0.454  49.848 0.0000000000
107830  -54.405  0.767  49.895 0.0000000000
107837  -49.959  0.006  47.903 0.0000000000
107848  -54.441  -0.241  48.282 0.0000000000
107860  -55.167  0.426  47.147 0.0000000000
107872  -53.608  0.285  45.152 0.0000000000
107873  -55.111  -0.368  46.142 0.0000000000
107884  -48.611  -1.051  44.666 0.0000000000
107890  -55.070  -0.533  45.539 0.0000000000
107891  -55.390  -0.166  45.233 0.0000000000
107903  -48.891  -0.786  42.954 0.0000000000
107905  -51.195  -0.805  43.560 0.0000000000
107915  -47.022  0.297  42.082 0.0000000000
107916  -47.406  -0.000  41.814 0.0000000000
107930  -47.656  0.282  41.222 0.0000000000
107936  -52.713  -0.443  41.891 0.0000000000
107937  -55.346  -0.352  42.047 0.0000000000
107946  -48.939  0.026  40.621 0.0000000000
107964  -55.194  -0.628  39.586 0.0000000000
107970  -47.909  -1.186  38.402 0.0000000000
107972  -49.274  -0.653  38.374 0.0000000000
107977  -54.500  -0.348  38.501 0.0000000000
107987  -49.722  -0.241  37.744 0.0000000000
108022  -47.826  -0.206  34.515 0.0000000000
108041  -48.004  0.075  31.997 0.0000000000
108042  -48.482  0.520  31.882 0.0000000000
108935  -51.380  0.825  54.754 0.0000000000
108937  -52.601  1.218  54.346 0.0000000000
108943  -50.780  1.157  54.564 0.0000000000
108945  -52.784  1.051  53.968 0.0000000000
108953  -53.277  1.337  52.783 0.0000000000
108964  -53.914  1.604  51.710 0.0000000000
108975  -51.002  1.420  50.143 0.0000000000
108976  -51.406  1.475  50.147 0.0000000000
108977  -53.817  0.623  51.056 0.0000000000
108979  -54.352  1.576  50.958 0.0000000000
108999  -52.662  1.344  49.230 0.0000000000
109000  -53.203  1.491  49.090 0.0000000000
109001  -54.343  0.809  50.221 0.0000000000
109016  -53.796  1.560  48.222 0.0000000000
109017  -54.781  1.203  49.026 0.0000000000
109024  -50.789  0.212  47.800 0.0000000000
109028  -54.920  0.778  48.622 0.0000000000
109029  -55.103  1.064  48.186 0.0000000000
109033  -52.179  0.290  46.861 0.0000000000
109034  -52.876  0.429  46.675 0.0000000000
109036  -54.827  1.102  47.029 0.0000000000
109037  -55.170  0.927  47.367 0.0000000000
109042  -45.655  1.040  45.251 0.0000000000
109087  -47.850  0.456  40.876 0.0000000000
109099  -49.474  0.394  40.200 0.0000000000
109113  -49.261  1.618  39.653 0.0000000000
109116  -52.010  0.712  39.628 0.0000000000
109129  -55.332  -0.004  39.246 0.0000000000
109154  -54.247  1.254  37.287 0.0000000000
109160  -48.477  0.186  35.530 0.0000000000
109195  -49.000  0.841  31.849 0.0000000000
109196  -49.525  1.605  31.793 0.0000000000
109204  -47.510  0.859  31.168 0.0000000000
109207  -49.452  1.767  31.604 0.0000000000
109214  -46.819  0.458  30.733 0.0000000000
109215  -47.307  0.577  31.041 0.0000000000
109216  -47.514  0.468  31.206 0.0000000000
110081  -51.922  1.484  54.675 0.0000000000
110082  -52.510  1.564  54.465 0.0000000000
110092  -53.081  2.018  53.941 0.0000000000
110109  -52.153  2.280  51.312 0.0000000000
110110  -53.021  2.351  51.117 0.0000000000
110111  -53.498  2.406  50.987 0.0000000000
110112  -54.093  2.091  51.571 0.0000000000
110113  -54.357  2.025  51.084 0.0000000000
110127  -54.012  2.434  50.178 0.0000000000
110159  -53.450  1.608  48.973 0.0000000000
110161  -54.567  1.569  48.781 0.0000000000
110162  -54.909  1.335  48.409 0.0000000000
110167  -54.138  1.575  47.966 0.0000000000
110169  -54.864  1.416  48.211 0.0000000000
110173  -54.119  1.352  47.574 0.0000000000
110174  -54.482  1.360  47.568 0.0000000000
110178  -46.075  1.974  45.176 0.0000000000
110186  -45.765  1.352  45.076 0.0000000000
110187  -46.099  1.582  44.718 0.0000000000
110204  -46.614  1.402  42.719 0.0000000000
110211  -46.791  1.484  42.019 0.0000000000
110212  -47.073  1.628  41.540 0.0000000000
110222  -48.027  2.042  40.315 0.0000000000
110242  -51.485  2.490  39.100 0.0000000000
110245  -53.771  1.446  38.521 0.0000000000
110246  -54.301  0.930  38.624 0.0000000000
110261  -54.274  1.325  37.598 0.0000000000
110265  -47.824  1.806  34.295 0.0000000000
110267  -52.301  2.071  35.228 0.0000000000
110268  -52.790  1.829  35.903 0.0000000000
110282  -48.579  1.946  32.218 0.0000000000
110283  -50.230  1.992  32.399 0.0000000000
110284  -50.606  2.020  33.059 0.0000000000
110299  -47.519  1.094  31.252 0.0000000000
110302  -49.632  1.910  31.632 0.0000000000
110308  -47.200  1.243  30.996 0.0000000000
111164  -49.930  2.538  53.969 0.0000000000
111165  -50.596  2.634  54.253 0.0000000000
111176  -49.261  2.535  53.525 0.0000000000
111180  -53.756  2.344  51.740 0.0000000000
111194  -54.288  2.184  50.727 0.0000000000
111206  -53.774  2.432  50.922 0.0000000000
111207  -54.090  2.408  50.547 0.0000000000
111208  -54.309  2.137  50.272 0.0000000000
111224  -54.163  2.290  50.119 0.0000000000
111225  -54.260  2.133  49.947 0.0000000000
111254  -47.664  2.509  44.354 0.0000000000
111255  -48.607  2.803  44.645 0.0000000000
111277  -47.274  2.715  42.557 0.0000000000
111286  -46.954  1.929  41.866 0.0000000000
111297  -44.524  2.901  40.136 0.0000000000
111299  -48.393  2.994  40.201 0.0000000000
111311  -49.688  3.077  39.556 0.0000000000
111313  -51.194  3.402  39.196 0.0000000000
111319  -51.242  2.649  39.159 0.0000000000
111328  -47.759  3.189  36.660 0.0000000000
111330  -53.333  2.152  38.031 0.0000000000
111348  -51.930  2.650  35.641 0.0000000000
111357  -51.717  2.412  34.930 0.0000000000
111362  -50.051  2.298  32.832 0.0000000000
111367  -49.460  2.086  31.722 0.0000000000
111372  -49.536  1.981  31.498 0.0000000000
111373  -49.729  2.054  31.697 0.0000000000
112141  -50.671  3.133  54.132 0.0000000000
112236  -48.138  3.417  43.626 0.0000000000
112266  -48.170  3.512  40.622 0.0000000000
112279  -45.411  3.602  39.448 0.0000000000
112283  -51.354  3.713  39.047 0.0000000000
112304  -50.797  4.397  37.332 0.0000000000
112313  -49.532  3.998  36.361 0.0000000000
112316  -52.265  2.975  36.633 0.0000000000
112324  -51.452  2.974  35.724 0.0000000000
113163  -48.727  4.013  44.158 0.0000000000
113164  -49.734  4.250  44.783 0.0000000000
113165  -50.288  4.255  45.073 0.0000000000
113182  -46.961  4.818  42.631 0.0000000000
113190  -48.050  4.286  41.037 0.0000000000
113201  -45.368  5.009  39.747 0.0000000000
113202  -48.065  5.093  40.936 0.0000000000
113204  -49.148  4.728  40.245 0.0000000000
113217  -51.106  4.013  39.181 0.0000000000
113225  -46.158  4.129  38.621 0.0000000000
113230  -50.610  4.561  38.787 0.0000000000
113236  -40.430  4.696  37.559 0.0000000000
113237  -40.638  4.721  37.858 0.0000000000
113238  -47.218  4.116  37.700 0.0000000000
113243  -51.253  4.350  38.347 0.0000000000
113250  -49.078  4.346  36.772 0.0000000000
114098  -47.963  4.946  44.314 0.0000000000
114109  -47.361  4.779  43.658 0.0000000000
114120  -46.960  4.883  42.391 0.0000000000
114141  -48.371  5.253  40.498 0.0000000000
114169  -48.466  5.250  38.138 0.0000000000
115025  -48.607  5.957  44.999 0.0000000000
115032  -45.705  6.285  43.741 0.0000000000
115033  -46.211  6.047  43.959 0.0000000000
115034  -47.589  6.083  44.615 0.0000000000
115041  -44.647  6.674  42.936 0.0000000000
115043  -45.914  5.756  43.476 0.0000000000
115070  -43.543  5.820  40.786 0.0000000000
115965  -48.154  6.506  44.948 0.0000000000
115977  -48.267  7.715  44.965 0.0000000000
115986  -45.945  7.735  43.980 0.0000000000
115994  -43.747  7.642  42.291 0.0000000000
116033  -41.646  6.814  37.271 0.0000000000
116925  -47.803  8.210  44.633 0.0000000000
116954  -45.011  8.506  43.175 0.0000000000
116962  -43.437  8.375  41.686 0.0000000000
116970  -42.002  8.124  40.063 0.0000000000
116972  -43.017  8.729  41.101 0.0000000000
116985  -41.568  7.715  38.600 0.0000000000
117868  -48.161  8.904  44.300 0.0000000000
117899  -44.336  8.906  42.330 0.0000000000
