#!ascii label  , from subject A00073330 vox2ras=TkReg
643
20854  -53.332  -73.993  12.690 0.0000000000
20820  -40.491  -74.501  15.485 0.0000000000
28761  -53.846  -67.790  16.006 0.0000000000
19635  -47.809  -75.226  16.093 0.0000000000
27601  -49.036  -69.290  12.208 0.0000000000
21909  -55.547  -73.236  18.454 0.0000000000
24010  -51.588  -71.672  21.394 0.0000000000
22886  -50.496  -72.883  27.809 0.0000000000
27497  -50.154  -68.476  18.054 0.0000000000
27565  -51.891  -68.489  13.784 0.0000000000
28737  -48.357  -67.286  17.188 0.0000000000
24037  -55.999  -71.516  20.798 0.0000000000
22939  -54.040  -72.985  24.001 0.0000000000
25015  -49.171  -70.933  28.956 0.0000000000
23945  -48.490  -71.408  25.943 0.0000000000
17343  -47.967  -77.922  11.714 0.0000000000
19631  -43.952  -74.865  16.335 0.0000000000
16118  -42.606  -78.347  13.675 0.0000000000
17287  -39.173  -77.265  13.624 0.0000000000
25194  -55.582  -70.382  14.523 0.0000000000
19666  -50.396  -75.244  14.939 0.0000000000
24138  -48.672  -71.565  15.163 0.0000000000
24135  -45.860  -71.536  15.341 0.0000000000
25169  -57.064  -70.204  17.246 0.0000000000
25144  -53.000  -70.523  18.412 0.0000000000
24052  -49.097  -71.209  19.645 0.0000000000
20623  -52.161  -75.103  25.836 0.0000000000
22916  -51.464  -72.650  24.759 0.0000000000
23987  -48.361  -71.527  22.919 0.0000000000
25081  -44.120  -70.104  22.118 0.0000000000
16121  -45.403  -78.090  12.880 0.0000000000
25268  -41.377  -70.643  11.036 0.0000000000
20874  -42.247  -74.151  12.598 0.0000000000
18625  -42.633  -76.366  9.880 0.0000000000
26262  -47.910  -68.515  18.935 0.0000000000
28738  -49.370  -67.495  17.275 0.0000000000
18563  -50.463  -76.031  12.231 0.0000000000
19629  -42.016  -74.714  16.276 0.0000000000
18528  -41.512  -76.767  14.976 0.0000000000
19681  -39.964  -76.028  14.912 0.0000000000
18578  -38.186  -76.211  12.309 0.0000000000
20849  -39.272  -74.818  13.161 0.0000000000
27568  -55.091  -68.454  14.738 0.0000000000
26344  -53.301  -69.205  13.963 0.0000000000
27602  -49.961  -69.420  12.417 0.0000000000
25235  -50.757  -70.411  12.803 0.0000000000
24193  -48.514  -71.379  13.419 0.0000000000
24136  -46.811  -71.622  15.279 0.0000000000
25234  -47.637  -70.938  13.024 0.0000000000
23067  -56.753  -71.576  16.037 0.0000000000
23018  -56.715  -72.028  18.472 0.0000000000
24035  -54.116  -71.446  20.777 0.0000000000
25119  -54.573  -71.024  19.301 0.0000000000
24055  -52.620  -71.304  19.794 0.0000000000
24074  -51.231  -70.812  18.699 0.0000000000
24031  -49.881  -71.497  20.467 0.0000000000
20601  -51.631  -74.079  27.092 0.0000000000
22909  -52.011  -73.235  25.737 0.0000000000
22908  -51.059  -72.702  25.785 0.0000000000
25027  -47.291  -70.654  25.591 0.0000000000
23970  -48.260  -71.482  24.100 0.0000000000
25067  -46.552  -71.007  23.677 0.0000000000
24005  -46.457  -71.141  22.295 0.0000000000
19664  -48.267  -75.578  15.313 0.0000000000
18534  -47.999  -76.309  13.903 0.0000000000
18533  -46.832  -76.275  14.332 0.0000000000
13786  -40.706  -80.123  12.139 0.0000000000
25276  -40.564  -70.572  9.761 0.0000000000
23144  -42.064  -72.888  11.979 0.0000000000
20914  -43.889  -75.023  10.713 0.0000000000
27520  -52.523  -68.100  16.709 0.0000000000
28824  -52.236  -68.159  14.585 0.0000000000
28758  -50.870  -67.773  16.205 0.0000000000
28791  -50.457  -67.891  15.239 0.0000000000
28821  -48.761  -67.672  14.086 0.0000000000
23005  -56.692  -72.228  19.818 0.0000000000
23994  -55.092  -72.086  22.413 0.0000000000
23992  -53.136  -71.966  22.355 0.0000000000
22885  -49.764  -72.209  28.192 0.0000000000
22898  -50.018  -72.234  27.123 0.0000000000
23931  -48.789  -71.236  27.784 0.0000000000
25019  -47.865  -70.208  26.944 0.0000000000
26158  -46.925  -69.457  26.062 0.0000000000
19633  -45.979  -75.082  16.255 0.0000000000
18531  -44.437  -76.666  14.604 0.0000000000
18530  -43.468  -76.718  14.840 0.0000000000
16115  -39.971  -78.174  13.368 0.0000000000
16138  -38.484  -78.476  12.260 0.0000000000
17342  -37.229  -77.454  11.195 0.0000000000
17389  -37.734  -76.974  9.391 0.0000000000
17407  -39.273  -77.193  8.381 0.0000000000
21973  -53.880  -72.973  14.554 0.0000000000
19687  -51.826  -74.650  14.105 0.0000000000
21955  -51.397  -73.392  16.174 0.0000000000
21953  -49.319  -73.372  16.932 0.0000000000
25237  -52.176  -69.821  13.661 0.0000000000
24140  -50.748  -71.241  15.221 0.0000000000
21928  -48.088  -73.489  17.237 0.0000000000
23039  -46.715  -73.060  17.109 0.0000000000
21951  -45.043  -73.440  17.069 0.0000000000
23056  -43.383  -72.493  16.398 0.0000000000
23102  -56.278  -71.924  14.284 0.0000000000
26327  -57.066  -69.480  15.290 0.0000000000
27524  -55.642  -68.206  16.128 0.0000000000
25122  -56.345  -71.005  18.994 0.0000000000
25166  -54.625  -69.944  17.997 0.0000000000
27511  -53.678  -68.545  17.074 0.0000000000
26285  -51.340  -69.284  17.923 0.0000000000
25140  -48.922  -69.883  18.686 0.0000000000
25116  -47.350  -70.289  19.345 0.0000000000
21797  -53.463  -74.240  25.053 0.0000000000
22938  -53.029  -72.791  23.960 0.0000000000
22958  -51.634  -72.133  22.970 0.0000000000
23954  -49.114  -71.838  25.147 0.0000000000
23972  -50.001  -72.017  23.243 0.0000000000
24008  -49.600  -71.566  21.573 0.0000000000
24030  -48.815  -71.464  20.670 0.0000000000
24050  -47.124  -71.126  20.096 0.0000000000
19704  -49.481  -76.107  13.393 0.0000000000
16144  -46.780  -78.059  12.102 0.0000000000
16119  -43.730  -78.456  13.372 0.0000000000
13788  -42.384  -80.449  12.489 0.0000000000
25232  -45.888  -70.459  13.009 0.0000000000
24133  -43.902  -71.449  15.241 0.0000000000
23098  -41.584  -72.772  15.112 0.0000000000
23120  -42.167  -72.558  13.552 0.0000000000
20851  -40.497  -73.982  13.410 0.0000000000
19735  -40.062  -74.719  11.938 0.0000000000
18623  -40.260  -76.120  9.626 0.0000000000
27479  -46.761  -68.297  19.116 0.0000000000
27480  -47.512  -68.046  18.920 0.0000000000
19720  -51.002  -75.858  11.809 0.0000000000
19721  -51.796  -75.117  12.158 0.0000000000
19628  -41.494  -74.577  16.128 0.0000000000
19657  -41.314  -75.201  15.842 0.0000000000
19655  -39.972  -75.362  15.106 0.0000000000
19702  -39.205  -75.473  14.106 0.0000000000
20833  -39.675  -74.749  14.601 0.0000000000
28827  -54.833  -67.937  15.095 0.0000000000
26345  -54.623  -69.396  14.527 0.0000000000
28826  -54.179  -67.951  14.877 0.0000000000
26377  -49.463  -69.941  11.929 0.0000000000
25248  -49.858  -70.414  12.136 0.0000000000
25247  -48.998  -70.591  12.061 0.0000000000
24207  -48.066  -71.134  12.940 0.0000000000
25246  -47.871  -70.580  12.474 0.0000000000
21908  -54.757  -73.910  18.128 0.0000000000
23017  -56.163  -72.583  18.208 0.0000000000
23042  -56.387  -72.269  17.536 0.0000000000
24011  -52.599  -71.648  21.487 0.0000000000
24034  -53.094  -71.459  20.701 0.0000000000
24033  -52.064  -71.497  20.555 0.0000000000
24054  -51.561  -71.308  19.553 0.0000000000
24032  -50.984  -71.570  20.408 0.0000000000
21764  -50.236  -73.324  28.378 0.0000000000
21773  -51.034  -73.689  27.639 0.0000000000
20600  -51.116  -74.357  27.236 0.0000000000
22887  -51.093  -73.278  27.209 0.0000000000
22900  -51.459  -73.247  26.569 0.0000000000
22899  -50.773  -72.739  26.784 0.0000000000
25035  -46.420  -70.432  24.814 0.0000000000
25052  -46.785  -70.919  24.200 0.0000000000
25050  -45.530  -70.374  23.881 0.0000000000
26183  -45.526  -69.673  24.657 0.0000000000
19636  -48.689  -75.187  16.023 0.0000000000
19683  -47.673  -75.911  14.686 0.0000000000
18513  -46.534  -75.866  14.879 0.0000000000
22055  -41.798  -73.402  10.700 0.0000000000
20913  -43.040  -74.541  11.197 0.0000000000
20929  -43.586  -74.478  10.063 0.0000000000
27508  -50.674  -68.128  17.480 0.0000000000
28759  -51.903  -67.874  16.320 0.0000000000
28740  -51.102  -67.870  16.916 0.0000000000
28757  -49.862  -67.579  16.200 0.0000000000
28756  -48.779  -67.405  16.190 0.0000000000
28790  -49.307  -67.688  15.143 0.0000000000
23993  -54.183  -72.012  22.442 0.0000000000
22960  -53.648  -72.395  23.213 0.0000000000
22873  -49.934  -72.558  29.007 0.0000000000
23919  -49.545  -71.799  28.987 0.0000000000
23932  -49.283  -71.661  28.172 0.0000000000
23918  -49.060  -71.242  28.439 0.0000000000
26159  -47.532  -69.673  26.598 0.0000000000
16161  -47.253  -78.412  11.629 0.0000000000
19632  -44.982  -74.991  16.366 0.0000000000
19660  -44.459  -75.524  15.779 0.0000000000
18509  -42.955  -76.092  15.385 0.0000000000
17263  -39.970  -77.108  14.272 0.0000000000
17264  -41.018  -77.428  14.381 0.0000000000
17288  -40.294  -77.802  13.869 0.0000000000
17317  -38.815  -77.912  12.851 0.0000000000
16158  -37.414  -78.503  11.552 0.0000000000
18589  -37.984  -76.072  11.181 0.0000000000
18604  -37.919  -76.279  10.368 0.0000000000
18621  -38.351  -76.480  9.604 0.0000000000
18637  -38.934  -76.734  8.958 0.0000000000
18622  -39.301  -76.281  9.489 0.0000000000
24144  -55.340  -71.241  14.494 0.0000000000
23082  -54.364  -72.312  14.738 0.0000000000
21954  -50.330  -73.432  16.538 0.0000000000
24116  -51.316  -71.804  15.964 0.0000000000
27588  -52.450  -68.832  13.540 0.0000000000
27587  -51.514  -69.031  13.124 0.0000000000
24172  -50.179  -71.024  14.102 0.0000000000
24139  -49.681  -71.441  15.127 0.0000000000
23061  -48.726  -72.515  16.691 0.0000000000
23041  -48.134  -72.826  17.068 0.0000000000
21927  -47.257  -73.578  17.227 0.0000000000
24111  -46.330  -71.981  16.119 0.0000000000
23058  -45.873  -72.731  16.859 0.0000000000
24110  -45.281  -71.936  16.158 0.0000000000
21950  -43.954  -73.340  16.853 0.0000000000
24109  -44.216  -71.885  16.015 0.0000000000
24097  -57.102  -70.878  16.603 0.0000000000
25178  -57.321  -70.298  15.850 0.0000000000
26303  -57.180  -69.674  16.512 0.0000000000
27525  -56.432  -68.553  16.071 0.0000000000
26302  -56.633  -69.301  16.783 0.0000000000
24038  -56.567  -71.877  20.565 0.0000000000
24060  -56.727  -71.443  19.168 0.0000000000
24059  -56.233  -71.324  19.825 0.0000000000
25145  -54.191  -70.760  18.844 0.0000000000
25146  -55.227  -70.519  18.599 0.0000000000
26299  -54.108  -69.229  17.467 0.0000000000
26298  -53.193  -69.207  17.513 0.0000000000
26297  -52.272  -69.209  17.666 0.0000000000
25164  -52.790  -69.844  17.878 0.0000000000
24053  -50.286  -71.180  19.229 0.0000000000
25141  -49.951  -70.192  18.507 0.0000000000
25118  -49.302  -70.688  18.949 0.0000000000
25139  -48.095  -69.663  18.907 0.0000000000
25117  -48.434  -70.554  19.145 0.0000000000
20613  -52.635  -74.410  25.881 0.0000000000
22917  -52.447  -73.024  24.774 0.0000000000
22937  -52.013  -72.508  23.868 0.0000000000
22936  -50.860  -72.225  23.576 0.0000000000
23946  -49.298  -71.767  26.423 0.0000000000
22907  -50.145  -72.201  26.005 0.0000000000
23971  -49.342  -71.915  23.783 0.0000000000
23988  -49.368  -71.745  22.619 0.0000000000
24007  -48.567  -71.515  21.769 0.0000000000
25083  -45.638  -70.886  22.373 0.0000000000
24028  -46.721  -71.169  21.073 0.0000000000
25101  -45.591  -70.749  21.338 0.0000000000
25114  -45.179  -70.093  20.529 0.0000000000
19667  -51.196  -74.915  14.807 0.0000000000
19686  -51.014  -75.260  14.006 0.0000000000
19685  -49.966  -75.682  14.131 0.0000000000
18559  -46.519  -76.973  13.679 0.0000000000
17295  -46.996  -77.292  13.015 0.0000000000
17318  -45.872  -77.868  12.765 0.0000000000
14984  -45.577  -78.975  11.933 0.0000000000
16141  -45.149  -78.809  12.318 0.0000000000
17267  -43.905  -77.285  14.283 0.0000000000
17268  -44.736  -77.229  14.057 0.0000000000
17291  -43.383  -77.840  13.931 0.0000000000
13800  -40.999  -80.988  11.818 0.0000000000
13787  -41.304  -80.476  12.187 0.0000000000
25245  -46.659  -70.243  12.401 0.0000000000
25244  -45.604  -70.106  12.237 0.0000000000
24165  -43.455  -71.287  14.345 0.0000000000
24132  -43.190  -71.710  15.144 0.0000000000
24164  -42.782  -71.820  14.705 0.0000000000
22042  -42.411  -73.714  12.069 0.0000000000
23132  -42.093  -72.736  12.631 0.0000000000
22026  -42.027  -73.502  13.157 0.0000000000
22007  -41.236  -73.499  13.737 0.0000000000
20852  -41.159  -73.892  13.260 0.0000000000
20892  -40.492  -74.438  12.512 0.0000000000
20893  -41.077  -74.481  12.393 0.0000000000
18606  -42.390  -75.881  10.536 0.0000000000
18605  -41.930  -75.864  10.582 0.0000000000
18640  -41.986  -76.705  9.120 0.0000000000
26282  -48.466  -68.817  18.845 0.0000000000
27507  -49.995  -67.878  17.693 0.0000000000
27495  -48.472  -67.856  18.558 0.0000000000
27494  -47.899  -67.695  18.608 0.0000000000
28723  -48.062  -67.349  18.049 0.0000000000
25014  -48.725  -70.515  28.192 0.0000000000
26124  -49.249  -70.066  28.952 0.0000000000
18580  -49.554  -76.862  12.011 0.0000000000
19630  -42.946  -74.801  16.333 0.0000000000
18508  -41.955  -76.093  15.471 0.0000000000
19658  -42.425  -75.434  15.932 0.0000000000
18527  -40.461  -76.517  14.853 0.0000000000
17262  -39.542  -76.947  14.127 0.0000000000
17286  -38.451  -76.707  13.043 0.0000000000
18556  -38.678  -75.979  13.387 0.0000000000
19718  -38.982  -75.043  12.644 0.0000000000
19734  -38.814  -75.358  11.519 0.0000000000
26326  -55.302  -69.748  14.619 0.0000000000
25219  -53.948  -69.703  14.556 0.0000000000
25218  -52.864  -69.782  14.140 0.0000000000
27564  -50.913  -68.620  13.566 0.0000000000
26359  -51.318  -69.666  12.907 0.0000000000
25249  -50.490  -70.235  12.388 0.0000000000
24194  -49.416  -71.269  13.220 0.0000000000
24171  -49.099  -71.384  14.200 0.0000000000
24137  -47.728  -71.604  15.229 0.0000000000
24170  -48.148  -71.475  14.320 0.0000000000
24169  -47.281  -71.412  14.452 0.0000000000
24168  -46.437  -71.236  14.462 0.0000000000
23043  -56.731  -71.676  17.196 0.0000000000
24078  -56.910  -71.145  17.860 0.0000000000
24036  -55.131  -71.396  20.853 0.0000000000
24058  -55.495  -71.206  19.995 0.0000000000
24077  -53.878  -71.118  19.433 0.0000000000
24075  -52.252  -70.938  18.902 0.0000000000
20612  -51.986  -74.629  26.409 0.0000000000
21786  -52.505  -74.165  26.130 0.0000000000
21785  -52.073  -73.828  26.556 0.0000000000
23944  -47.825  -71.030  25.749 0.0000000000
23953  -48.116  -71.323  25.083 0.0000000000
23952  -47.550  -70.979  25.153 0.0000000000
23969  -47.480  -71.110  24.447 0.0000000000
23986  -47.131  -71.174  23.290 0.0000000000
24006  -47.507  -71.308  22.024 0.0000000000
23985  -46.577  -71.128  22.911 0.0000000000
25065  -45.236  -70.598  23.007 0.0000000000
25064  -44.491  -70.200  22.916 0.0000000000
19665  -49.385  -75.369  15.266 0.0000000000
19684  -48.761  -75.946  14.231 0.0000000000
18558  -45.919  -77.162  13.617 0.0000000000
14964  -42.172  -79.082  13.135 0.0000000000
23156  -40.760  -72.066  10.027 0.0000000000
24232  -41.059  -71.638  10.762 0.0000000000
23143  -41.558  -72.542  11.387 0.0000000000
22041  -42.097  -73.313  11.478 0.0000000000
20895  -42.564  -74.522  11.996 0.0000000000
19737  -42.354  -75.063  11.747 0.0000000000
19758  -43.013  -75.349  11.051 0.0000000000
18607  -43.266  -75.967  10.378 0.0000000000
28760  -52.968  -67.841  16.085 0.0000000000
28794  -53.554  -67.766  15.392 0.0000000000
28793  -52.591  -67.865  15.396 0.0000000000
28792  -51.548  -67.950  15.372 0.0000000000
28823  -51.181  -68.257  14.424 0.0000000000
28739  -50.334  -67.663  17.015 0.0000000000
28822  -49.950  -68.222  14.004 0.0000000000
27585  -49.654  -68.715  12.906 0.0000000000
28835  -49.049  -68.175  13.344 0.0000000000
21910  -56.278  -72.682  19.235 0.0000000000
24015  -56.269  -71.958  21.407 0.0000000000
22962  -55.849  -72.705  22.662 0.0000000000
24014  -55.694  -71.834  21.762 0.0000000000
24013  -54.679  -71.687  21.675 0.0000000000
24012  -53.639  -71.659  21.591 0.0000000000
23941  -49.308  -71.729  27.431 0.0000000000
23940  -48.569  -71.283  26.891 0.0000000000
25020  -48.270  -70.655  27.383 0.0000000000
23939  -48.068  -71.048  26.358 0.0000000000
25023  -47.607  -70.532  26.321 0.0000000000
26175  -47.066  -70.088  25.944 0.0000000000
26174  -46.497  -69.739  25.507 0.0000000000
19634  -46.902  -75.156  16.138 0.0000000000
19662  -46.435  -75.543  15.443 0.0000000000
19661  -45.461  -75.533  15.640 0.0000000000
17266  -43.018  -77.328  14.456 0.0000000000
16101  -41.784  -77.998  14.046 0.0000000000
14977  -38.661  -79.162  12.022 0.0000000000
18588  -37.662  -76.782  11.602 0.0000000000
17366  -37.008  -77.347  10.359 0.0000000000
17405  -37.038  -77.904  8.841 0.0000000000
17429  -38.254  -77.929  8.109 0.0000000000
17430  -38.803  -77.842  7.973 0.0000000000
21988  -53.809  -73.429  13.997 0.0000000000
20853  -52.572  -74.308  13.325 0.0000000000
20825  -52.667  -73.989  14.574 0.0000000000
21972  -52.988  -73.524  15.094 0.0000000000
21971  -52.020  -73.702  15.708 0.0000000000
21956  -52.214  -73.231  15.912 0.0000000000
20802  -50.946  -74.124  16.088 0.0000000000
20801  -49.577  -74.487  16.386 0.0000000000
20800  -48.309  -74.700  16.606 0.0000000000
27589  -53.036  -68.794  13.837 0.0000000000
26343  -52.857  -69.389  13.780 0.0000000000
25236  -51.562  -70.058  13.188 0.0000000000
24173  -51.262  -70.745  14.507 0.0000000000
23062  -49.785  -72.540  16.541 0.0000000000
21929  -48.751  -73.626  17.131 0.0000000000
20799  -47.376  -74.711  16.668 0.0000000000
20798  -46.517  -74.616  16.729 0.0000000000
20771  -46.303  -74.103  17.129 0.0000000000
20797  -45.591  -74.342  16.902 0.0000000000
23059  -46.902  -72.502  16.654 0.0000000000
20796  -44.481  -74.208  16.788 0.0000000000
20795  -43.439  -74.122  16.685 0.0000000000
20794  -42.481  -74.080  16.556 0.0000000000
21947  -41.656  -73.385  16.139 0.0000000000
21989  -54.506  -73.014  13.770 0.0000000000
23101  -55.549  -72.093  14.021 0.0000000000
24145  -55.772  -71.070  14.331 0.0000000000
23085  -56.776  -71.437  14.989 0.0000000000
25195  -57.052  -70.240  15.022 0.0000000000
26347  -56.572  -69.650  14.737 0.0000000000
27569  -56.169  -68.846  14.806 0.0000000000
27540  -55.780  -68.234  15.376 0.0000000000
28762  -54.603  -67.880  15.936 0.0000000000
25148  -56.603  -70.735  18.229 0.0000000000
25121  -55.779  -70.926  19.209 0.0000000000
25147  -56.034  -70.497  18.447 0.0000000000
25168  -56.346  -69.966  17.641 0.0000000000
26300  -55.017  -69.254  17.348 0.0000000000
27512  -54.547  -68.590  16.945 0.0000000000
27522  -54.156  -68.103  16.497 0.0000000000
27510  -52.767  -68.539  17.157 0.0000000000
27509  -51.688  -68.362  17.324 0.0000000000
27498  -50.855  -68.676  17.820 0.0000000000
25142  -50.886  -70.111  18.260 0.0000000000
26284  -50.448  -69.298  18.187 0.0000000000
26283  -49.555  -69.104  18.488 0.0000000000
26261  -47.565  -69.036  19.016 0.0000000000
21796  -53.055  -74.039  25.526 0.0000000000
22918  -53.327  -73.439  24.754 0.0000000000
22959  -52.602  -72.271  23.109 0.0000000000
23991  -52.123  -71.896  22.260 0.0000000000
22915  -50.291  -72.291  24.697 0.0000000000
22935  -50.111  -72.170  23.814 0.0000000000
23989  -50.375  -71.852  22.492 0.0000000000
24009  -50.599  -71.640  21.426 0.0000000000
24029  -47.781  -71.370  20.887 0.0000000000
25115  -46.145  -70.485  20.058 0.0000000000
19705  -50.669  -75.636  12.879 0.0000000000
18562  -49.883  -76.300  12.556 0.0000000000
18579  -48.965  -77.087  12.291 0.0000000000
18535  -48.579  -76.295  13.676 0.0000000000
17296  -47.805  -77.176  12.827 0.0000000000
17320  -47.380  -77.678  12.274 0.0000000000
16160  -46.549  -78.455  11.888 0.0000000000
18532  -45.586  -76.703  14.185 0.0000000000
17293  -45.359  -77.595  13.413 0.0000000000
14965  -43.164  -79.055  13.058 0.0000000000
14966  -44.033  -79.038  12.831 0.0000000000
28721  -46.664  -67.149  18.606 0.0000000000
28789  -48.148  -67.108  15.015 0.0000000000
28820  -47.895  -67.072  13.826 0.0000000000
28834  -48.215  -67.863  13.227 0.0000000000
27600  -48.002  -69.206  12.161 0.0000000000
26375  -47.368  -69.828  12.047 0.0000000000
25215  -46.611  -70.976  13.868 0.0000000000
24167  -45.476  -71.109  14.546 0.0000000000
25231  -44.889  -70.350  12.847 0.0000000000
25213  -45.155  -70.680  13.725 0.0000000000
24134  -44.860  -71.459  15.333 0.0000000000
23080  -43.401  -71.878  15.744 0.0000000000
23055  -42.380  -72.837  16.317 0.0000000000
21970  -41.029  -73.625  15.602 0.0000000000
23131  -41.862  -72.142  12.140 0.0000000000
24189  -42.693  -71.739  13.833 0.0000000000
23119  -41.670  -72.930  14.245 0.0000000000
21987  -40.946  -73.330  14.642 0.0000000000
21986  -40.316  -73.954  14.962 0.0000000000
20850  -39.585  -74.451  13.669 0.0000000000
19719  -39.602  -74.648  12.563 0.0000000000
19755  -39.706  -75.328  10.845 0.0000000000
19774  -40.497  -75.614  10.337 0.0000000000
19773  -39.550  -75.805  10.060 0.0000000000
18638  -39.822  -76.603  8.908 0.0000000000
14980  -41.710  -79.740  12.713 0.0000000000
14981  -42.752  -79.779  12.823 0.0000000000
14982  -43.714  -79.690  12.642 0.0000000000
14983  -44.717  -79.452  12.127 0.0000000000
14985  -46.065  -78.603  11.986 0.0000000000
15000  -46.461  -79.086  11.538 0.0000000000
16102  -42.304  -77.921  14.102 0.0000000000
16117  -41.594  -78.528  13.547 0.0000000000
16120  -44.796  -78.475  12.896 0.0000000000
16137  -37.915  -77.951  12.088 0.0000000000
16142  -45.582  -78.426  12.436 0.0000000000
16143  -46.219  -78.161  12.267 0.0000000000
16159  -38.183  -79.108  11.838 0.0000000000
16195  -37.895  -78.083  8.118 0.0000000000
17289  -41.081  -78.057  13.852 0.0000000000
17290  -42.691  -77.791  14.136 0.0000000000
17292  -44.331  -77.834  13.684 0.0000000000
17294  -46.199  -77.409  13.167 0.0000000000
17319  -46.565  -77.719  12.583 0.0000000000
17321  -48.377  -77.373  12.202 0.0000000000
17322  -49.093  -77.335  11.826 0.0000000000
17388  -37.176  -77.428  9.469 0.0000000000
17406  -38.036  -77.396  8.645 0.0000000000
18507  -41.081  -76.070  15.365 0.0000000000
18510  -43.958  -76.104  15.272 0.0000000000
18511  -44.966  -76.035  15.029 0.0000000000
18512  -45.951  -75.914  14.864 0.0000000000
18526  -39.576  -76.417  14.396 0.0000000000
18557  -39.053  -76.299  13.954 0.0000000000
18560  -47.488  -76.789  13.488 0.0000000000
18561  -48.701  -76.638  12.995 0.0000000000
18577  -37.809  -76.924  12.161 0.0000000000
18603  -37.444  -76.713  10.789 0.0000000000
18608  -43.960  -76.052  10.203 0.0000000000
18620  -37.509  -76.772  9.958 0.0000000000
18624  -41.520  -76.018  10.079 0.0000000000
19458  -51.671  -75.142  26.091 0.0000000000
19656  -40.325  -75.543  15.260 0.0000000000
19659  -43.444  -75.478  15.859 0.0000000000
19663  -47.328  -75.548  15.441 0.0000000000
19680  -39.739  -75.516  14.839 0.0000000000
19682  -46.947  -75.815  14.944 0.0000000000
19701  -39.100  -75.133  13.397 0.0000000000
19703  -48.873  -76.251  13.575 0.0000000000
19706  -51.799  -74.928  13.110 0.0000000000
19756  -40.783  -75.222  11.050 0.0000000000
19759  -43.836  -75.568  10.524 0.0000000000
19775  -41.166  -75.597  10.621 0.0000000000
20624  -52.896  -74.693  25.291 0.0000000000
20772  -46.962  -74.175  17.093 0.0000000000
20773  -47.771  -74.198  17.111 0.0000000000
20774  -48.615  -74.135  17.029 0.0000000000
20775  -49.113  -73.958  17.022 0.0000000000
20793  -41.623  -74.013  16.290 0.0000000000
20803  -51.576  -73.917  15.866 0.0000000000
20819  -39.941  -75.017  15.137 0.0000000000
20821  -41.109  -74.375  15.971 0.0000000000
20822  -50.006  -74.986  15.573 0.0000000000
20823  -50.686  -74.738  15.565 0.0000000000
20824  -51.868  -74.281  15.183 0.0000000000
20834  -40.025  -74.484  15.013 0.0000000000
20835  -52.468  -74.239  14.194 0.0000000000
20836  -53.229  -73.924  13.830 0.0000000000
20870  -39.464  -74.636  12.956 0.0000000000
20871  -40.031  -74.343  12.812 0.0000000000
20872  -40.817  -74.199  12.895 0.0000000000
20873  -41.622  -74.161  12.942 0.0000000000
20894  -41.951  -74.619  12.331 0.0000000000
20915  -44.223  -75.330  10.377 0.0000000000
21774  -51.514  -73.645  27.080 0.0000000000
21795  -52.537  -73.765  25.951 0.0000000000
21805  -53.650  -73.925  24.931 0.0000000000
21844  -56.244  -73.039  22.534 0.0000000000
21925  -45.919  -73.568  17.196 0.0000000000
21926  -46.567  -73.618  17.233 0.0000000000
21948  -42.129  -73.437  16.438 0.0000000000
21949  -42.919  -73.349  16.688 0.0000000000
21952  -48.615  -73.135  17.106 0.0000000000
21969  -40.545  -73.983  15.394 0.0000000000
21985  -39.972  -74.341  14.748 0.0000000000
22005  -39.919  -74.211  14.428 0.0000000000
22006  -40.323  -73.781  14.128 0.0000000000
22008  -41.797  -73.110  13.703 0.0000000000
22025  -41.563  -73.791  13.325 0.0000000000
22056  -42.542  -73.882  11.038 0.0000000000
22069  -43.250  -74.209  9.551 0.0000000000
22872  -49.758  -72.234  28.741 0.0000000000
22910  -52.711  -73.514  25.397 0.0000000000
22957  -51.010  -72.066  22.795 0.0000000000
22963  -56.319  -72.823  22.313 0.0000000000
22978  -56.156  -72.223  21.935 0.0000000000
22979  -56.443  -72.498  21.710 0.0000000000
23038  -46.260  -73.215  17.174 0.0000000000
23040  -47.468  -72.922  17.094 0.0000000000
23054  -41.934  -73.102  16.260 0.0000000000
23057  -44.608  -72.585  16.654 0.0000000000
23063  -50.828  -72.565  16.380 0.0000000000
23064  -51.812  -72.608  16.160 0.0000000000
23065  -52.699  -72.721  15.881 0.0000000000
23078  -41.770  -72.910  15.891 0.0000000000
23079  -42.522  -72.245  15.545 0.0000000000
23083  -54.962  -71.884  14.358 0.0000000000
23099  -42.213  -72.312  14.525 0.0000000000
23100  -54.985  -72.468  13.984 0.0000000000
23103  -56.524  -71.335  14.454 0.0000000000
23990  -51.213  -71.879  22.216 0.0000000000
24051  -48.062  -71.140  19.868 0.0000000000
24056  -53.573  -71.315  19.943 0.0000000000
24057  -54.511  -71.201  19.805 0.0000000000
24073  -50.559  -70.638  18.600 0.0000000000
24076  -53.241  -71.036  19.193 0.0000000000
24098  -57.264  -70.511  16.229 0.0000000000
24112  -47.285  -71.937  16.038 0.0000000000
24113  -48.225  -71.869  16.033 0.0000000000
24114  -49.214  -71.883  15.984 0.0000000000
24115  -50.250  -71.819  15.972 0.0000000000
24119  -57.069  -71.021  15.678 0.0000000000
24120  -57.226  -70.666  15.973 0.0000000000
24146  -57.037  -70.845  15.093 0.0000000000
24147  -57.206  -70.580  15.485 0.0000000000
24166  -44.482  -71.035  14.498 0.0000000000
24174  -55.851  -71.503  14.172 0.0000000000
24175  -56.177  -71.057  14.286 0.0000000000
24176  -56.712  -70.799  14.605 0.0000000000
24191  -46.972  -71.151  13.907 0.0000000000
24192  -47.640  -71.230  13.580 0.0000000000
24195  -50.206  -70.853  13.026 0.0000000000
24208  -48.734  -71.159  12.601 0.0000000000
24209  -49.600  -70.930  12.453 0.0000000000
24210  -50.176  -70.575  12.495 0.0000000000
24231  -40.629  -71.360  9.970 0.0000000000
25024  -48.041  -70.767  26.801 0.0000000000
25026  -46.814  -70.376  25.386 0.0000000000
25036  -47.027  -70.791  24.939 0.0000000000
25066  -46.134  -70.984  23.187 0.0000000000
25082  -44.882  -70.544  22.143 0.0000000000
25120  -54.995  -70.984  19.284 0.0000000000
25143  -51.943  -70.163  18.154 0.0000000000
25165  -53.641  -69.936  17.984 0.0000000000
25167  -55.548  -69.902  17.868 0.0000000000
25170  -57.297  -70.213  16.421 0.0000000000
25196  -57.250  -70.293  15.437 0.0000000000
25214  -46.092  -70.796  13.836 0.0000000000
25216  -51.002  -70.586  13.549 0.0000000000
25220  -54.458  -69.734  14.623 0.0000000000
25221  -56.264  -70.278  14.498 0.0000000000
25222  -56.674  -70.249  14.659 0.0000000000
25233  -46.942  -70.737  13.265 0.0000000000
25250  -51.023  -70.072  12.646 0.0000000000
26281  -48.040  -69.182  18.931 0.0000000000
26301  -55.872  -69.230  17.212 0.0000000000
26312  -57.080  -69.123  16.006 0.0000000000
26313  -57.326  -69.768  15.925 0.0000000000
26325  -55.105  -69.895  14.682 0.0000000000
26328  -57.277  -70.010  15.476 0.0000000000
26346  -55.694  -69.504  14.583 0.0000000000
26360  -52.367  -69.399  13.434 0.0000000000
26361  -52.840  -69.018  13.563 0.0000000000
26376  -48.447  -69.948  11.895 0.0000000000
26378  -50.249  -69.920  12.222 0.0000000000
26379  -50.780  -69.895  12.496 0.0000000000
27340  -47.114  -69.147  26.277 0.0000000000
27481  -48.073  -68.166  18.849 0.0000000000
27496  -49.346  -68.014  18.335 0.0000000000
27513  -55.364  -68.634  16.778 0.0000000000
27514  -56.050  -68.690  16.633 0.0000000000
27521  -53.322  -68.102  16.592 0.0000000000
27523  -54.916  -68.194  16.339 0.0000000000
27539  -55.238  -68.034  15.124 0.0000000000
27541  -56.620  -68.807  15.372 0.0000000000
27563  -50.276  -68.641  13.323 0.0000000000
27566  -52.798  -68.427  14.047 0.0000000000
27567  -53.744  -68.586  14.390 0.0000000000
27570  -56.696  -69.130  14.964 0.0000000000
27584  -48.606  -68.573  12.655 0.0000000000
27586  -50.533  -68.993  12.935 0.0000000000
27603  -50.736  -69.519  12.648 0.0000000000
28722  -47.282  -67.203  18.342 0.0000000000
28724  -48.748  -67.518  17.946 0.0000000000
28763  -55.149  -68.003  15.895 0.0000000000
28795  -54.376  -67.781  15.445 0.0000000000
28796  -55.074  -67.935  15.488 0.0000000000
28797  -55.425  -68.041  15.703 0.0000000000
28825  -53.216  -67.978  14.676 0.0000000000
29918  -46.316  -66.909  18.634 0.0000000000
