#!ascii label  , from subject A00073330 vox2ras=TkReg
1711
80533  59.314  -25.282  51.699 0.0000000000
51935  43.851  -46.791  62.481 0.0000000000
46655  28.629  -52.331  69.300 0.0000000000
45178  22.592  -52.631  73.486 0.0000000000
46616  39.120  -51.296  71.920 0.0000000000
49397  33.151  -48.646  62.648 0.0000000000
76791  53.139  -28.332  52.396 0.0000000000
79437  52.831  -26.232  45.355 0.0000000000
74072  51.786  -30.814  60.775 0.0000000000
64096  44.433  -38.818  57.393 0.0000000000
55852  35.182  -44.583  54.326 0.0000000000
43865  30.981  -53.543  73.474 0.0000000000
45230  25.457  -52.430  70.756 0.0000000000
45119  27.858  -51.954  76.273 0.0000000000
43893  33.413  -52.778  70.937 0.0000000000
77975  55.136  -26.786  61.306 0.0000000000
50606  48.338  -48.697  67.760 0.0000000000
55649  49.705  -44.266  65.040 0.0000000000
61236  49.348  -40.353  62.247 0.0000000000
57191  44.315  -44.046  59.258 0.0000000000
59948  40.114  -41.810  55.735 0.0000000000
53235  40.160  -46.409  58.113 0.0000000000
48059  27.524  -50.784  60.179 0.0000000000
52016  27.818  -47.829  57.453 0.0000000000
79377  57.496  -25.720  48.517 0.0000000000
79441  59.622  -26.186  44.747 0.0000000000
49381  25.184  -49.683  64.261 0.0000000000
46709  22.173  -51.292  65.395 0.0000000000
49336  42.258  -48.968  66.996 0.0000000000
51920  38.498  -47.915  62.971 0.0000000000
47987  36.208  -49.961  66.997 0.0000000000
46705  30.198  -52.039  64.897 0.0000000000
78077  56.623  -26.354  53.173 0.0000000000
46446  26.120  -51.040  80.825 0.0000000000
45124  19.913  -52.160  76.703 0.0000000000
80535  55.549  -24.996  51.778 0.0000000000
83983  57.820  -23.011  54.711 0.0000000000
79242  56.068  -26.443  56.584 0.0000000000
75384  52.518  -29.353  56.687 0.0000000000
71632  49.706  -32.967  55.859 0.0000000000
67733  53.604  -34.844  64.395 0.0000000000
66662  49.631  -36.288  58.610 0.0000000000
67899  44.551  -35.853  54.531 0.0000000000
65493  39.931  -37.063  53.166 0.0000000000
52012  33.879  -46.817  57.883 0.0000000000
43832  31.574  -53.365  75.948 0.0000000000
45153  29.139  -52.776  74.514 0.0000000000
43815  30.853  -52.815  77.840 0.0000000000
42606  33.292  -53.676  74.115 0.0000000000
50646  47.064  -47.736  65.057 0.0000000000
51912  47.328  -46.656  63.416 0.0000000000
55718  47.266  -44.646  61.597 0.0000000000
53201  45.097  -46.193  60.463 0.0000000000
54436  42.586  -45.810  58.226 0.0000000000
53204  42.610  -46.585  59.892 0.0000000000
48083  24.013  -50.591  59.471 0.0000000000
46859  24.642  -51.020  57.704 0.0000000000
81720  59.003  -24.711  50.371 0.0000000000
80592  59.318  -25.940  48.625 0.0000000000
80555  59.823  -26.099  50.342 0.0000000000
46693  27.049  -50.954  66.688 0.0000000000
48009  24.034  -50.383  65.238 0.0000000000
46683  25.282  -51.017  67.125 0.0000000000
45195  23.840  -52.712  72.475 0.0000000000
45253  22.111  -52.858  69.684 0.0000000000
45235  20.516  -52.570  70.643 0.0000000000
45236  19.248  -52.673  70.822 0.0000000000
47953  43.741  -50.361  69.514 0.0000000000
47956  40.603  -50.344  68.897 0.0000000000
49325  39.453  -49.951  67.324 0.0000000000
47939  37.816  -50.708  69.407 0.0000000000
43909  31.300  -53.531  69.688 0.0000000000
45263  31.783  -52.311  68.394 0.0000000000
45292  29.891  -52.764  66.559 0.0000000000
46706  28.295  -51.749  64.499 0.0000000000
78079  54.879  -27.711  52.405 0.0000000000
78112  56.161  -28.226  50.751 0.0000000000
76829  53.775  -29.211  50.701 0.0000000000
45088  18.706  -52.560  78.638 0.0000000000
81607  57.354  -24.422  56.118 0.0000000000
81558  56.743  -24.412  58.825 0.0000000000
75340  53.611  -28.668  61.131 0.0000000000
76707  53.877  -28.647  59.032 0.0000000000
74090  51.780  -30.218  58.424 0.0000000000
72859  50.457  -31.576  56.092 0.0000000000
72840  50.814  -32.126  58.176 0.0000000000
62624  46.674  -40.013  60.209 0.0000000000
64046  49.313  -38.238  60.842 0.0000000000
65408  47.262  -37.379  58.350 0.0000000000
66692  47.280  -35.934  56.612 0.0000000000
65435  44.184  -37.395  56.139 0.0000000000
66741  42.369  -36.227  53.646 0.0000000000
64126  42.683  -38.235  55.680 0.0000000000
61350  37.943  -40.628  54.227 0.0000000000
50680  36.059  -48.445  62.665 0.0000000000
51958  37.401  -47.624  61.223 0.0000000000
51975  34.145  -47.542  60.381 0.0000000000
53301  28.580  -46.089  55.492 0.0000000000
81774  53.965  -24.452  42.336 0.0000000000
79465  54.577  -25.854  42.640 0.0000000000
45226  29.365  -52.965  70.771 0.0000000000
45248  26.694  -51.995  70.228 0.0000000000
45191  27.693  -52.591  72.653 0.0000000000
45174  26.388  -52.413  73.485 0.0000000000
46584  25.551  -51.892  74.806 0.0000000000
45168  37.259  -52.327  73.700 0.0000000000
46619  36.561  -51.642  71.648 0.0000000000
43870  35.100  -53.002  72.934 0.0000000000
43883  32.027  -53.785  71.565 0.0000000000
81546  55.694  -24.773  60.976 0.0000000000
75294  53.005  -29.773  63.635 0.0000000000
58463  49.189  -42.357  63.297 0.0000000000
59846  47.043  -42.306  61.038 0.0000000000
59888  44.542  -41.841  58.977 0.0000000000
61310  42.438  -40.664  56.904 0.0000000000
58553  42.287  -43.216  57.321 0.0000000000
55803  40.668  -44.697  56.339 0.0000000000
54455  37.154  -45.671  55.758 0.0000000000
49410  29.829  -49.851  61.702 0.0000000000
50705  30.491  -48.312  60.381 0.0000000000
48098  27.671  -50.050  58.594 0.0000000000
79421  55.355  -26.936  46.759 0.0000000000
78185  57.118  -27.136  44.805 0.0000000000
79419  58.029  -26.670  46.801 0.0000000000
46674  23.970  -52.231  68.248 0.0000000000
49333  45.435  -48.946  66.989 0.0000000000
51888  43.314  -47.747  64.971 0.0000000000
51937  41.598  -47.175  62.484 0.0000000000
50631  41.026  -48.646  65.407 0.0000000000
50634  38.239  -48.979  64.984 0.0000000000
49359  35.163  -49.233  65.180 0.0000000000
47942  34.859  -50.669  69.041 0.0000000000
47982  32.789  -50.446  67.258 0.0000000000
49379  31.520  -50.034  64.597 0.0000000000
46730  29.180  -51.687  62.730 0.0000000000
49411  26.425  -50.133  61.905 0.0000000000
79298  58.571  -25.539  52.677 0.0000000000
79318  59.543  -26.434  51.670 0.0000000000
78110  58.143  -27.447  51.137 0.0000000000
46504  26.755  -51.296  78.449 0.0000000000
45120  23.879  -51.962  76.122 0.0000000000
45084  23.171  -52.040  78.488 0.0000000000
45161  21.387  -52.345  74.618 0.0000000000
79379  54.647  -26.373  48.796 0.0000000000
80579  57.019  -25.028  49.886 0.0000000000
82846  58.200  -23.707  51.522 0.0000000000
81669  58.516  -23.849  53.193 0.0000000000
80479  57.657  -24.959  54.511 0.0000000000
79258  56.290  -26.290  54.863 0.0000000000
76776  54.176  -27.839  55.337 0.0000000000
79216  55.521  -26.800  59.032 0.0000000000
76753  54.219  -28.068  57.008 0.0000000000
76769  52.936  -28.721  55.267 0.0000000000
74133  50.888  -30.221  54.672 0.0000000000
72879  49.177  -31.735  54.184 0.0000000000
71549  52.724  -32.951  62.404 0.0000000000
64026  51.884  -37.988  63.337 0.0000000000
66632  51.707  -35.678  61.005 0.0000000000
70327  51.620  -34.042  59.963 0.0000000000
69095  49.982  -34.687  57.462 0.0000000000
69142  47.124  -34.472  55.060 0.0000000000
62714  40.157  -39.590  54.902 0.0000000000
51971  39.163  -47.090  60.366 0.0000000000
53238  37.080  -46.400  58.038 0.0000000000
53279  34.624  -46.420  56.206 0.0000000000
53243  31.415  -46.642  58.391 0.0000000000
53298  31.883  -46.111  55.564 0.0000000000
43823  31.277  -53.039  77.093 0.0000000000
46518  31.628  -52.439  77.085 0.0000000000
51898  45.978  -47.299  64.023 0.0000000000
51897  46.876  -47.308  64.128 0.0000000000
51913  46.385  -46.907  63.281 0.0000000000
53182  46.507  -46.381  62.084 0.0000000000
51952  44.317  -46.628  61.636 0.0000000000
53203  43.443  -46.396  60.036 0.0000000000
51953  43.378  -46.699  61.617 0.0000000000
81699  59.275  -24.658  51.099 0.0000000000
81719  59.317  -25.069  50.494 0.0000000000
80556  59.507  -25.452  50.764 0.0000000000
46681  27.615  -51.240  67.225 0.0000000000
47984  26.145  -50.702  66.695 0.0000000000
46671  27.178  -51.306  68.299 0.0000000000
45196  22.883  -52.741  72.520 0.0000000000
45215  22.236  -52.809  71.602 0.0000000000
45216  21.204  -52.650  71.662 0.0000000000
45198  20.877  -52.538  72.728 0.0000000000
46604  39.901  -51.147  72.858 0.0000000000
46627  40.852  -50.901  71.357 0.0000000000
46645  41.723  -50.649  70.662 0.0000000000
46647  39.869  -50.910  70.406 0.0000000000
47937  39.751  -50.720  69.548 0.0000000000
46648  38.944  -51.002  70.280 0.0000000000
45264  30.000  -53.252  69.159 0.0000000000
45277  29.990  -53.220  67.909 0.0000000000
45278  29.251  -52.480  67.295 0.0000000000
46680  28.502  -51.766  66.714 0.0000000000
78080  53.998  -28.041  52.670 0.0000000000
76808  54.355  -28.563  51.080 0.0000000000
76809  53.436  -28.648  51.373 0.0000000000
82747  55.836  -22.740  57.832 0.0000000000
83955  56.719  -23.303  57.673 0.0000000000
82728  56.312  -23.548  59.242 0.0000000000
75330  52.349  -29.892  61.060 0.0000000000
75342  52.391  -29.718  60.155 0.0000000000
74081  51.789  -30.413  59.632 0.0000000000
74091  51.101  -31.277  58.515 0.0000000000
72818  51.276  -32.183  59.896 0.0000000000
62637  45.278  -39.658  59.098 0.0000000000
64061  46.707  -38.613  59.410 0.0000000000
64078  45.539  -38.642  58.470 0.0000000000
65422  45.296  -37.592  57.197 0.0000000000
64110  44.701  -37.888  56.963 0.0000000000
65436  43.585  -37.944  56.132 0.0000000000
64097  43.679  -39.065  56.860 0.0000000000
50682  34.452  -48.520  62.460 0.0000000000
50689  35.065  -48.250  61.928 0.0000000000
50691  33.359  -48.240  61.779 0.0000000000
80644  53.198  -25.441  43.457 0.0000000000
79458  53.558  -26.229  43.558 0.0000000000
43876  30.416  -53.403  72.637 0.0000000000
45208  28.999  -52.811  71.747 0.0000000000
45189  29.584  -53.075  72.657 0.0000000000
45117  29.099  -52.575  76.132 0.0000000000
45154  28.205  -52.554  74.516 0.0000000000
45155  27.180  -52.177  74.680 0.0000000000
45156  25.983  -52.078  74.222 0.0000000000
46583  26.343  -51.783  75.118 0.0000000000
43850  36.636  -52.775  74.261 0.0000000000
45169  36.403  -52.631  73.435 0.0000000000
43851  35.913  -53.185  74.431 0.0000000000
42608  32.115  -53.597  74.140 0.0000000000
42624  32.696  -53.689  72.991 0.0000000000
43875  31.219  -53.621  72.601 0.0000000000
43884  31.375  -53.638  71.683 0.0000000000
53156  49.503  -45.918  65.437 0.0000000000
55624  50.358  -44.196  65.874 0.0000000000
57092  50.186  -43.015  65.474 0.0000000000
58419  50.163  -42.057  65.004 0.0000000000
57121  49.495  -43.387  64.329 0.0000000000
55735  45.992  -44.709  60.385 0.0000000000
57159  47.435  -43.617  61.681 0.0000000000
58506  46.039  -42.810  60.506 0.0000000000
59869  45.869  -41.844  60.110 0.0000000000
58517  44.660  -42.911  59.280 0.0000000000
59905  43.008  -41.974  57.900 0.0000000000
57192  43.659  -44.284  58.720 0.0000000000
53253  41.574  -46.394  57.635 0.0000000000
54444  41.656  -45.823  57.143 0.0000000000
54445  40.731  -45.520  56.693 0.0000000000
54453  39.361  -45.169  56.182 0.0000000000
54447  38.904  -45.547  56.497 0.0000000000
46776  28.410  -50.870  60.707 0.0000000000
48077  28.714  -49.805  59.822 0.0000000000
48079  27.547  -50.432  59.302 0.0000000000
79399  57.076  -26.288  47.800 0.0000000000
79420  56.677  -26.884  46.623 0.0000000000
79398  58.333  -26.056  48.009 0.0000000000
79396  59.626  -26.388  47.947 0.0000000000
49403  24.683  -49.376  62.639 0.0000000000
49405  23.098  -49.793  63.147 0.0000000000
45229  26.403  -52.255  70.878 0.0000000000
46658  25.432  -51.832  69.100 0.0000000000
45250  24.874  -52.380  69.733 0.0000000000
45270  20.673  -52.742  68.512 0.0000000000
45281  21.319  -52.645  67.783 0.0000000000
47974  42.926  -49.859  68.322 0.0000000000
47972  44.714  -49.937  68.650 0.0000000000
49321  43.562  -49.502  67.730 0.0000000000
50617  44.971  -48.611  66.359 0.0000000000
50619  43.057  -48.525  66.304 0.0000000000
50649  42.333  -48.001  65.110 0.0000000000
50621  41.189  -48.934  66.039 0.0000000000
49326  38.475  -50.023  67.115 0.0000000000
49340  38.403  -49.651  66.406 0.0000000000
49341  37.509  -49.561  66.303 0.0000000000
49358  36.370  -49.132  65.157 0.0000000000
49343  35.407  -49.555  66.002 0.0000000000
45222  34.678  -52.148  71.369 0.0000000000
46651  35.983  -50.998  70.142 0.0000000000
46634  34.292  -51.653  70.402 0.0000000000
45290  30.916  -52.364  67.116 0.0000000000
46668  32.303  -51.379  68.108 0.0000000000
46689  31.717  -50.717  66.452 0.0000000000
48004  31.863  -50.067  65.567 0.0000000000
48005  31.248  -50.632  65.299 0.0000000000
48031  30.307  -50.981  63.572 0.0000000000
45336  29.568  -51.913  63.954 0.0000000000
48021  27.166  -50.641  64.024 0.0000000000
48032  27.339  -50.916  63.289 0.0000000000
49390  26.253  -49.794  62.943 0.0000000000
79321  57.791  -26.115  52.573 0.0000000000
79320  58.257  -26.149  52.319 0.0000000000
78098  57.273  -26.604  52.003 0.0000000000
76826  56.852  -28.801  50.563 0.0000000000
46488  26.554  -51.177  79.291 0.0000000000
46524  25.964  -51.432  77.713 0.0000000000
46506  25.160  -51.627  78.941 0.0000000000
45086  20.943  -52.178  78.452 0.0000000000
45104  21.455  -52.203  77.491 0.0000000000
45122  21.845  -52.299  76.509 0.0000000000
45144  20.177  -52.136  75.782 0.0000000000
45181  19.674  -52.301  74.014 0.0000000000
45163  19.488  -52.258  75.028 0.0000000000
79402  53.287  -26.636  47.436 0.0000000000
79357  54.902  -25.836  50.102 0.0000000000
80558  55.906  -25.236  50.936 0.0000000000
81722  57.573  -24.483  50.372 0.0000000000
81683  56.961  -24.245  51.599 0.0000000000
83995  57.599  -22.525  54.101 0.0000000000
82821  57.957  -23.089  52.971 0.0000000000
82811  58.072  -23.413  54.111 0.0000000000
80500  58.281  -24.624  53.668 0.0000000000
81645  58.060  -23.996  54.351 0.0000000000
80455  56.858  -25.237  56.385 0.0000000000
80463  57.001  -25.401  55.720 0.0000000000
79250  56.156  -26.392  55.711 0.0000000000
78050  55.532  -26.779  55.150 0.0000000000
78042  55.451  -26.924  56.114 0.0000000000
80410  55.485  -25.629  61.408 0.0000000000
80420  56.069  -25.303  60.215 0.0000000000
77987  55.462  -26.523  60.713 0.0000000000
75368  53.168  -29.015  57.967 0.0000000000
76737  54.339  -28.124  57.856 0.0000000000
76754  53.456  -28.599  56.603 0.0000000000
76768  53.583  -28.375  55.664 0.0000000000
75400  52.382  -29.278  55.800 0.0000000000
75417  51.446  -29.730  54.694 0.0000000000
75401  51.633  -29.776  55.605 0.0000000000
72860  50.092  -32.078  55.847 0.0000000000
72870  49.870  -31.635  55.190 0.0000000000
72871  49.320  -32.078  54.886 0.0000000000
70415  48.418  -33.200  54.677 0.0000000000
70257  53.247  -33.736  63.081 0.0000000000
61220  50.793  -39.909  63.605 0.0000000000
62579  51.788  -38.957  63.987 0.0000000000
62606  50.552  -38.694  62.371 0.0000000000
65390  49.934  -36.873  59.648 0.0000000000
65378  50.742  -36.726  60.758 0.0000000000
66647  51.110  -35.744  59.952 0.0000000000
69027  51.660  -34.847  60.283 0.0000000000
67821  50.673  -35.344  58.974 0.0000000000
69077  50.824  -34.549  58.637 0.0000000000
67835  49.919  -35.343  57.954 0.0000000000
66705  45.872  -35.903  55.549 0.0000000000
67857  47.092  -35.580  56.083 0.0000000000
67876  46.365  -35.261  55.193 0.0000000000
69162  46.495  -34.226  54.271 0.0000000000
67913  44.980  -34.796  53.727 0.0000000000
69182  44.152  -35.122  53.371 0.0000000000
66742  41.455  -36.898  53.925 0.0000000000
66752  41.901  -35.877  53.092 0.0000000000
61324  41.146  -41.015  56.187 0.0000000000
62700  41.336  -39.946  55.815 0.0000000000
61336  40.286  -40.911  55.599 0.0000000000
62729  37.478  -39.532  53.570 0.0000000000
51918  40.782  -47.785  63.477 0.0000000000
51938  40.392  -47.380  62.307 0.0000000000
51939  39.181  -47.528  62.152 0.0000000000
51987  35.714  -46.893  59.003 0.0000000000
51986  36.547  -46.751  59.189 0.0000000000
51998  35.474  -46.782  58.247 0.0000000000
53259  35.877  -46.446  57.136 0.0000000000
53261  34.074  -46.699  57.087 0.0000000000
52005  28.792  -48.049  58.546 0.0000000000
52003  30.758  -47.125  59.179 0.0000000000
52014  29.172  -47.264  58.228 0.0000000000
53300  29.696  -45.865  55.607 0.0000000000
53315  32.273  -45.823  54.709 0.0000000000
79442  58.706  -26.477  44.692 0.0000000000
79454  57.701  -26.468  43.632 0.0000000000
78094  60.193  -27.452  51.359 0.0000000000
43843  31.391  -53.533  75.061 0.0000000000
43855  30.049  -53.092  74.513 0.0000000000
43844  30.723  -53.360  75.373 0.0000000000
43834  29.887  -52.890  76.794 0.0000000000
45100  29.184  -52.510  77.161 0.0000000000
42591  32.849  -53.478  75.211 0.0000000000
50616  47.527  -48.486  66.638 0.0000000000
50614  49.031  -47.671  67.222 0.0000000000
51886  48.217  -47.479  65.721 0.0000000000
51895  48.695  -46.660  64.864 0.0000000000
53179  48.048  -45.839  63.250 0.0000000000
55674  48.280  -44.636  63.021 0.0000000000
53186  47.270  -45.867  62.160 0.0000000000
54413  46.094  -45.852  60.775 0.0000000000
54428  44.946  -45.363  59.862 0.0000000000
55754  43.506  -45.195  58.835 0.0000000000
53217  43.719  -46.130  59.626 0.0000000000
53219  42.262  -46.596  59.095 0.0000000000
53220  41.342  -46.683  58.996 0.0000000000
48081  25.947  -50.371  59.509 0.0000000000
48100  25.842  -50.516  58.557 0.0000000000
46833  23.994  -51.278  58.476 0.0000000000
80577  58.609  -25.052  49.599 0.0000000000
80606  58.615  -25.720  48.506 0.0000000000
80593  58.864  -25.579  48.915 0.0000000000
79355  59.815  -26.216  49.444 0.0000000000
48007  26.123  -50.083  65.195 0.0000000000
48023  24.683  -49.895  64.558 0.0000000000
47995  25.536  -50.483  66.108 0.0000000000
46694  24.933  -50.785  66.401 0.0000000000
46696  23.188  -51.356  66.255 0.0000000000
45213  24.180  -52.713  71.566 0.0000000000
45232  23.595  -52.718  70.648 0.0000000000
45233  22.636  -52.796  70.637 0.0000000000
45254  21.081  -52.709  69.596 0.0000000000
45256  18.864  -52.916  69.777 0.0000000000
47954  42.638  -50.237  69.111 0.0000000000
49307  41.457  -49.903  68.355 0.0000000000
49324  40.481  -49.684  67.367 0.0000000000
49309  39.850  -50.024  67.913 0.0000000000
47976  38.498  -50.286  67.895 0.0000000000
47959  37.668  -50.463  68.585 0.0000000000
43908  31.820  -53.330  69.530 0.0000000000
43907  32.164  -52.797  69.342 0.0000000000
43922  31.206  -53.399  68.741 0.0000000000
43951  30.764  -52.926  67.483 0.0000000000
45291  30.445  -52.603  66.724 0.0000000000
45308  29.577  -52.384  65.334 0.0000000000
45293  29.152  -52.278  66.036 0.0000000000
46707  27.747  -51.320  65.105 0.0000000000
78078  55.917  -26.961  52.723 0.0000000000
78099  55.895  -27.560  51.527 0.0000000000
78100  54.900  -28.076  51.527 0.0000000000
76807  55.279  -28.351  50.862 0.0000000000
45068  20.382  -52.123  79.506 0.0000000000
45106  19.649  -52.281  77.448 0.0000000000
45146  18.556  -52.633  76.282 0.0000000000
45126  18.490  -52.787  77.162 0.0000000000
85062  57.084  -22.606  55.947 0.0000000000
82791  57.579  -23.623  55.512 0.0000000000
82780  57.362  -23.862  56.214 0.0000000000
80447  56.788  -24.860  57.419 0.0000000000
80439  56.632  -25.228  57.829 0.0000000000
76684  54.145  -28.007  61.461 0.0000000000
76705  54.739  -27.603  60.125 0.0000000000
75349  53.738  -28.675  60.360 0.0000000000
75358  53.256  -29.043  58.744 0.0000000000
75369  52.517  -29.508  57.643 0.0000000000
74110  51.262  -30.484  56.506 0.0000000000
74101  51.169  -30.919  57.660 0.0000000000
72850  50.723  -31.682  57.142 0.0000000000
71616  50.426  -33.033  57.002 0.0000000000
62609  48.547  -39.880  61.400 0.0000000000
64038  49.775  -38.634  61.499 0.0000000000
64048  48.002  -38.792  60.226 0.0000000000
64059  48.388  -38.100  59.835 0.0000000000
65407  48.380  -37.160  58.655 0.0000000000
66677  48.864  -36.088  57.854 0.0000000000
65420  46.968  -36.969  57.578 0.0000000000
65433  45.705  -36.831  56.669 0.0000000000
66707  44.428  -36.592  55.363 0.0000000000
67900  43.891  -36.020  54.383 0.0000000000
66708  43.693  -36.860  55.294 0.0000000000
65468  42.304  -37.397  54.845 0.0000000000
65469  41.329  -37.793  54.632 0.0000000000
58582  39.092  -42.691  55.419 0.0000000000
59961  39.052  -41.381  55.005 0.0000000000
59963  37.451  -41.742  54.448 0.0000000000
61352  36.577  -41.362  53.863 0.0000000000
61364  35.108  -40.609  53.241 0.0000000000
51921  37.546  -48.085  62.917 0.0000000000
51940  38.000  -47.695  62.157 0.0000000000
51959  36.036  -48.039  61.320 0.0000000000
51974  35.305  -47.433  60.220 0.0000000000
51989  33.475  -47.252  59.627 0.0000000000
53285  27.990  -46.608  56.450 0.0000000000
53303  26.845  -47.018  55.301 0.0000000000
82920  53.556  -24.044  43.009 0.0000000000
80653  54.193  -25.155  42.347 0.0000000000
80651  56.076  -25.641  42.152 0.0000000000
46635  28.760  -52.619  70.136 0.0000000000
46656  27.756  -51.720  69.231 0.0000000000
45227  28.435  -52.571  70.879 0.0000000000
45228  27.421  -52.255  70.802 0.0000000000
45211  26.053  -52.464  71.684 0.0000000000
45172  28.406  -52.677  73.585 0.0000000000
45192  26.702  -52.545  72.610 0.0000000000
45193  25.724  -52.558  72.526 0.0000000000
45194  24.779  -52.653  72.471 0.0000000000
45176  24.456  -52.494  73.324 0.0000000000
45158  24.168  -52.220  74.167 0.0000000000
46606  38.367  -51.531  72.513 0.0000000000
46618  37.364  -51.558  71.865 0.0000000000
45186  36.862  -52.084  72.749 0.0000000000
45187  35.697  -52.735  72.857 0.0000000000
43880  34.288  -52.833  71.960 0.0000000000
42612  34.020  -53.575  73.723 0.0000000000
43872  33.396  -53.438  72.656 0.0000000000
43882  32.697  -53.497  71.541 0.0000000000
43896  31.374  -53.624  70.692 0.0000000000
45246  30.038  -53.305  70.214 0.0000000000
76793  51.702  -28.893  52.508 0.0000000000
76810  52.530  -28.747  51.662 0.0000000000
75481  51.345  -29.679  50.819 0.0000000000
82710  55.407  -23.592  60.079 0.0000000000
77935  54.661  -26.920  62.450 0.0000000000
76666  54.141  -27.732  62.339 0.0000000000
75313  52.841  -29.524  62.703 0.0000000000
74059  52.623  -30.325  62.427 0.0000000000
59808  50.364  -41.042  64.236 0.0000000000
61222  49.645  -40.706  62.826 0.0000000000
57145  48.359  -43.585  62.848 0.0000000000
59826  48.572  -42.069  62.473 0.0000000000
61238  48.057  -40.926  61.453 0.0000000000
61256  46.806  -40.621  60.566 0.0000000000
61273  45.731  -40.744  59.745 0.0000000000
62638  44.687  -40.220  58.867 0.0000000000
62672  43.811  -39.739  57.449 0.0000000000
61291  43.625  -41.145  58.155 0.0000000000
59924  42.282  -42.054  57.092 0.0000000000
58565  40.992  -43.030  56.337 0.0000000000
55768  42.616  -44.981  57.809 0.0000000000
57229  41.428  -44.188  56.717 0.0000000000
57257  39.974  -43.401  55.926 0.0000000000
57258  39.361  -43.607  55.636 0.0000000000
55826  37.916  -44.395  55.251 0.0000000000
54474  36.126  -44.755  54.745 0.0000000000
49408  31.112  -49.006  62.085 0.0000000000
50699  31.413  -48.217  61.163 0.0000000000
49417  30.226  -49.142  61.187 0.0000000000
50707  29.147  -48.938  59.524 0.0000000000
49445  27.473  -49.124  57.797 0.0000000000
48099  26.781  -50.286  58.282 0.0000000000
48122  26.254  -50.046  57.513 0.0000000000
78175  54.979  -27.247  46.053 0.0000000000
78195  54.677  -27.230  44.731 0.0000000000
78174  55.915  -27.268  45.909 0.0000000000
79434  57.772  -26.911  45.520 0.0000000000
79433  58.905  -26.527  45.725 0.0000000000
79397  59.210  -26.192  47.674 0.0000000000
79417  59.753  -26.553  46.904 0.0000000000
46657  26.583  -51.657  69.345 0.0000000000
46673  24.891  -51.708  68.146 0.0000000000
46685  23.040  -52.219  67.467 0.0000000000
45267  23.451  -52.631  68.846 0.0000000000
46686  22.300  -52.372  67.276 0.0000000000
49331  47.306  -48.948  67.394 0.0000000000
49352  46.360  -48.642  66.396 0.0000000000
50627  45.165  -47.888  65.472 0.0000000000
51900  43.798  -47.294  64.258 0.0000000000
51936  42.761  -46.940  62.511 0.0000000000
51901  42.595  -47.661  64.428 0.0000000000
51902  41.479  -47.889  64.190 0.0000000000
50668  39.759  -48.236  63.929 0.0000000000
49354  39.904  -49.332  66.002 0.0000000000
50633  39.134  -48.974  65.158 0.0000000000
50654  38.112  -48.601  64.312 0.0000000000
50655  37.304  -48.667  64.166 0.0000000000
50657  35.622  -48.766  63.949 0.0000000000
49376  33.992  -48.878  63.922 0.0000000000
46650  37.019  -50.947  70.201 0.0000000000
47940  36.832  -50.684  69.338 0.0000000000
47961  35.730  -50.341  68.372 0.0000000000
46654  32.895  -51.592  69.011 0.0000000000
47963  33.976  -50.460  68.068 0.0000000000
47980  34.697  -50.140  67.464 0.0000000000
49344  34.359  -49.559  65.865 0.0000000000
49361  33.025  -49.270  64.766 0.0000000000
49388  32.294  -49.141  63.402 0.0000000000
48039  30.697  -49.930  62.756 0.0000000000
48041  29.633  -50.816  62.277 0.0000000000
46758  28.074  -51.436  61.580 0.0000000000
46731  28.089  -51.738  63.219 0.0000000000
45356  27.862  -51.553  62.351 0.0000000000
46760  27.209  -50.947  61.436 0.0000000000
49419  25.686  -49.893  61.034 0.0000000000
79297  59.042  -25.642  52.174 0.0000000000
79319  58.954  -26.255  51.999 0.0000000000
78111  57.026  -27.668  50.886 0.0000000000
76825  57.847  -28.473  50.778 0.0000000000
75479  53.174  -29.951  50.535 0.0000000000
47852  30.935  -51.631  77.898 0.0000000000
45062  30.009  -52.006  78.602 0.0000000000
46501  29.394  -51.885  78.439 0.0000000000
46486  28.383  -51.148  78.963 0.0000000000
46522  27.816  -51.585  77.493 0.0000000000
46542  26.221  -51.498  76.754 0.0000000000
46565  24.641  -51.816  75.718 0.0000000000
45141  23.086  -52.304  75.312 0.0000000000
45064  24.261  -51.862  79.753 0.0000000000
45102  23.840  -52.031  77.454 0.0000000000
45121  22.893  -52.225  76.390 0.0000000000
45179  21.617  -52.558  73.612 0.0000000000
45180  20.636  -52.356  73.774 0.0000000000
79424  52.728  -26.179  46.315 0.0000000000
78156  53.860  -26.984  46.831 0.0000000000
79400  55.694  -26.476  47.736 0.0000000000
79378  56.132  -25.783  48.998 0.0000000000
80595  57.192  -25.285  49.165 0.0000000000
80578  57.810  -24.817  49.599 0.0000000000
81721  58.320  -24.407  50.294 0.0000000000
81700  58.691  -24.005  51.225 0.0000000000
82835  57.312  -23.705  52.163 0.0000000000
82833  58.456  -23.540  52.392 0.0000000000
81680  58.926  -24.099  52.083 0.0000000000
80517  58.507  -25.049  53.126 0.0000000000
79274  58.216  -25.299  53.323 0.0000000000
79275  57.646  -25.585  53.521 0.0000000000
80462  57.390  -24.769  55.530 0.0000000000
79257  56.785  -25.826  54.602 0.0000000000
78060  56.471  -26.321  53.646 0.0000000000
78062  54.991  -27.342  53.446 0.0000000000
78052  54.285  -27.815  53.876 0.0000000000
76782  53.516  -28.148  53.521 0.0000000000
81552  56.141  -24.218  60.030 0.0000000000
79214  56.508  -25.566  58.844 0.0000000000
79226  55.729  -26.629  58.425 0.0000000000
76721  54.803  -27.690  59.381 0.0000000000
78015  54.867  -27.703  58.129 0.0000000000
78033  55.437  -27.059  57.007 0.0000000000
76767  54.172  -27.976  56.138 0.0000000000
76777  53.737  -28.158  54.657 0.0000000000
76783  52.385  -28.632  53.414 0.0000000000
75432  51.496  -29.321  53.690 0.0000000000
75433  50.695  -29.786  53.514 0.0000000000
74121  50.833  -30.572  55.325 0.0000000000
74134  50.263  -30.661  54.376 0.0000000000
72790  52.835  -31.925  62.982 0.0000000000
71550  52.410  -32.498  61.845 0.0000000000
66588  53.150  -35.948  63.589 0.0000000000
64037  50.369  -38.220  61.780 0.0000000000
65351  51.820  -37.043  62.452 0.0000000000
66601  52.771  -35.623  62.893 0.0000000000
69001  52.540  -34.445  61.804 0.0000000000
71566  52.231  -33.126  61.351 0.0000000000
71578  51.631  -33.021  60.375 0.0000000000
71588  50.988  -33.025  58.902 0.0000000000
70366  50.468  -33.649  57.571 0.0000000000
70381  49.724  -33.523  56.295 0.0000000000
67837  48.537  -35.694  57.312 0.0000000000
69117  48.792  -34.583  56.407 0.0000000000
69140  48.693  -34.045  55.816 0.0000000000
70417  47.216  -33.553  54.181 0.0000000000
67916  42.848  -35.829  53.483 0.0000000000
67939  42.443  -35.062  51.609 0.0000000000
62686  42.733  -39.324  56.337 0.0000000000
64128  41.122  -38.922  55.239 0.0000000000
65470  40.594  -38.122  54.442 0.0000000000
62716  38.687  -40.012  54.372 0.0000000000
64158  39.043  -38.756  53.848 0.0000000000
51954  42.344  -46.842  61.579 0.0000000000
53194  41.087  -46.801  60.590 0.0000000000
53222  39.434  -46.538  58.924 0.0000000000
51972  38.086  -47.134  60.366 0.0000000000
53208  38.768  -46.826  59.655 0.0000000000
53237  38.071  -46.137  58.132 0.0000000000
53276  37.485  -45.941  56.474 0.0000000000
53294  36.081  -45.977  55.753 0.0000000000
54465  35.116  -45.560  54.826 0.0000000000
51977  31.968  -47.730  60.645 0.0000000000
52002  31.917  -46.913  59.187 0.0000000000
53241  32.969  -46.857  58.196 0.0000000000
53284  29.063  -46.214  56.593 0.0000000000
53263  31.993  -46.434  57.474 0.0000000000
53262  33.096  -46.732  57.463 0.0000000000
53297  32.963  -46.259  55.359 0.0000000000
53314  33.262  -45.755  54.593 0.0000000000
79456  55.720  -26.791  43.529 0.0000000000
79463  56.456  -26.220  42.808 0.0000000000
80650  57.207  -25.720  42.256 0.0000000000
79317  60.124  -26.935  51.344 0.0000000000
51914  45.443  -46.906  63.266 0.0000000000
51934  44.855  -46.729  62.421 0.0000000000
51951  45.132  -46.580  61.645 0.0000000000
46670  28.420  -51.832  68.108 0.0000000000
45197  21.894  -52.696  72.599 0.0000000000
46615  39.983  -51.227  72.041 0.0000000000
46628  39.963  -51.114  71.221 0.0000000000
46629  39.069  -51.153  71.114 0.0000000000
45265  29.277  -52.734  68.555 0.0000000000
82729  55.840  -23.058  59.036 0.0000000000
74073  51.464  -31.335  60.072 0.0000000000
62655  45.071  -39.193  58.469 0.0000000000
64079  45.007  -38.914  58.010 0.0000000000
64095  45.277  -38.125  57.656 0.0000000000
64111  43.943  -38.289  56.622 0.0000000000
50675  34.026  -48.711  62.853 0.0000000000
50684  32.939  -48.530  62.302 0.0000000000
79448  52.889  -26.126  44.634 0.0000000000
80637  53.056  -26.055  44.017 0.0000000000
79447  53.649  -26.800  44.529 0.0000000000
43866  30.209  -53.278  73.543 0.0000000000
45118  28.387  -52.181  76.445 0.0000000000
45137  28.243  -52.380  75.463 0.0000000000
45138  27.704  -52.039  75.747 0.0000000000
46582  27.079  -51.796  75.509 0.0000000000
46562  27.406  -51.753  76.168 0.0000000000
45130  37.023  -52.252  75.245 0.0000000000
43839  35.719  -53.279  75.114 0.0000000000
43853  31.496  -53.572  74.235 0.0000000000
43864  31.714  -53.664  73.419 0.0000000000
54378  49.305  -45.024  64.650 0.0000000000
54338  50.117  -45.218  65.927 0.0000000000
55625  49.911  -44.767  65.584 0.0000000000
55648  50.032  -43.697  65.359 0.0000000000
57093  49.840  -43.209  64.939 0.0000000000
55672  49.168  -44.370  64.228 0.0000000000
55736  45.319  -44.744  59.979 0.0000000000
57171  45.625  -43.816  60.248 0.0000000000
57190  44.964  -43.874  59.732 0.0000000000
58516  45.339  -42.832  59.935 0.0000000000
58518  44.083  -43.386  58.883 0.0000000000
53254  40.887  -46.307  57.378 0.0000000000
53255  39.927  -46.023  57.325 0.0000000000
54446  39.666  -45.537  56.697 0.0000000000
46777  28.096  -51.179  60.764 0.0000000000
48058  28.130  -50.683  60.108 0.0000000000
79376  58.019  -25.746  48.464 0.0000000000
49391  25.394  -49.504  63.282 0.0000000000
49392  24.499  -49.531  63.521 0.0000000000
45231  24.534  -52.649  70.665 0.0000000000
45282  20.312  -52.894  67.419 0.0000000000
49322  42.456  -49.486  67.820 0.0000000000
49335  43.316  -48.998  67.031 0.0000000000
50620  42.055  -48.649  66.224 0.0000000000
49327  37.576  -49.951  66.976 0.0000000000
49328  36.874  -49.840  66.821 0.0000000000
49342  36.465  -49.548  66.265 0.0000000000
45223  34.098  -52.326  71.115 0.0000000000
45244  33.664  -52.011  70.281 0.0000000000
45306  30.620  -52.115  66.181 0.0000000000
46690  31.196  -51.360  66.339 0.0000000000
47992  31.601  -50.537  66.024 0.0000000000
46704  30.593  -51.608  65.133 0.0000000000
46717  30.115  -51.638  64.249 0.0000000000
49380  26.104  -49.699  63.840 0.0000000000
48033  26.780  -50.270  63.484 0.0000000000
79300  57.375  -25.994  52.976 0.0000000000
46445  26.911  -50.838  80.584 0.0000000000
46467  26.324  -51.075  80.071 0.0000000000
46489  25.718  -51.395  79.483 0.0000000000
45105  20.427  -52.197  77.514 0.0000000000
45123  20.833  -52.182  76.600 0.0000000000
45145  19.288  -52.245  75.996 0.0000000000
79381  52.615  -26.145  48.357 0.0000000000
80559  55.066  -25.436  51.070 0.0000000000
80534  56.305  -24.752  51.392 0.0000000000
83994  57.839  -22.910  54.055 0.0000000000
82800  57.846  -23.527  54.806 0.0000000000
79233  56.469  -25.806  56.998 0.0000000000
79241  56.577  -25.831  56.143 0.0000000000
79196  55.327  -26.391  61.552 0.0000000000
79195  55.561  -26.182  61.059 0.0000000000
77974  55.397  -26.495  61.052 0.0000000000
75383  53.061  -29.002  57.272 0.0000000000
76755  52.967  -28.853  56.008 0.0000000000
75385  51.888  -29.680  56.262 0.0000000000
71644  49.837  -32.404  55.718 0.0000000000
71645  49.337  -32.668  55.274 0.0000000000
71646  48.803  -32.882  54.825 0.0000000000
68963  53.410  -34.447  63.582 0.0000000000
61235  49.955  -40.091  62.658 0.0000000000
62593  50.867  -39.128  63.069 0.0000000000
62607  50.045  -39.289  62.246 0.0000000000
66649  49.836  -36.689  59.288 0.0000000000
66648  50.495  -36.210  59.614 0.0000000000
67809  51.117  -35.360  59.540 0.0000000000
66661  50.296  -35.866  58.915 0.0000000000
67822  50.233  -35.589  58.555 0.0000000000
67877  45.434  -35.786  55.022 0.0000000000
67898  45.394  -35.076  54.299 0.0000000000
67914  44.544  -35.222  53.796 0.0000000000
66743  40.784  -37.096  53.746 0.0000000000
66754  40.504  -36.628  53.101 0.0000000000
61325  40.540  -41.611  55.955 0.0000000000
51919  39.580  -47.884  63.092 0.0000000000
51999  34.743  -46.880  58.207 0.0000000000
53260  34.946  -46.660  57.182 0.0000000000
52011  34.391  -46.765  57.598 0.0000000000
52004  29.483  -47.612  58.820 0.0000000000
52015  28.590  -47.564  58.004 0.0000000000
79452  59.240  -26.121  44.122 0.0000000000
42593  31.767  -53.502  75.339 0.0000000000
43833  30.650  -53.217  76.443 0.0000000000
43824  30.521  -52.988  77.413 0.0000000000
43825  29.904  -52.825  77.708 0.0000000000
43831  32.419  -53.259  75.830 0.0000000000
43830  33.164  -53.374  75.465 0.0000000000
42592  32.177  -53.479  75.360 0.0000000000
42601  31.909  -53.574  74.844 0.0000000000
50625  47.148  -48.309  65.947 0.0000000000
50624  47.843  -48.035  66.193 0.0000000000
50645  47.648  -47.703  65.496 0.0000000000
51896  48.029  -47.048  64.561 0.0000000000
51911  47.920  -46.542  63.810 0.0000000000
53174  48.396  -46.147  63.893 0.0000000000
53175  47.866  -46.255  63.419 0.0000000000
53180  47.555  -46.023  62.773 0.0000000000
53189  45.396  -46.385  61.108 0.0000000000
53188  46.105  -46.252  61.404 0.0000000000
53200  45.691  -46.145  60.736 0.0000000000
54421  45.590  -45.617  60.238 0.0000000000
54422  44.753  -45.846  59.960 0.0000000000
54423  44.139  -45.907  59.687 0.0000000000
53205  41.662  -46.680  59.835 0.0000000000
48082  25.000  -50.212  59.489 0.0000000000
48102  24.582  -50.652  58.884 0.0000000000
80576  59.373  -25.631  49.726 0.0000000000
80575  59.800  -26.109  49.827 0.0000000000
79354  60.135  -26.627  49.802 0.0000000000
47994  26.741  -50.646  66.024 0.0000000000
46695  24.333  -51.041  66.470 0.0000000000
45214  23.223  -52.753  71.571 0.0000000000
45234  21.628  -52.764  70.632 0.0000000000
45255  19.849  -52.649  69.445 0.0000000000
45217  20.113  -52.418  71.805 0.0000000000
43898  18.244  -53.212  70.484 0.0000000000
46625  42.672  -50.550  71.325 0.0000000000
47936  40.703  -50.595  69.723 0.0000000000
47935  41.677  -50.537  69.851 0.0000000000
47955  41.546  -50.283  69.077 0.0000000000
49308  40.565  -49.957  68.134 0.0000000000
47938  38.787  -50.794  69.430 0.0000000000
47958  38.596  -50.535  68.645 0.0000000000
43937  30.715  -53.246  68.021 0.0000000000
43952  30.399  -52.998  67.316 0.0000000000
46692  27.684  -51.182  66.118 0.0000000000
47993  27.351  -50.942  65.540 0.0000000000
76828  54.764  -29.145  50.521 0.0000000000
45087  19.750  -52.268  78.408 0.0000000000
45107  19.003  -52.485  77.749 0.0000000000
83965  57.030  -23.090  56.502 0.0000000000
82746  56.844  -23.913  58.106 0.0000000000
81573  56.793  -24.425  57.801 0.0000000000
80438  56.731  -25.026  58.341 0.0000000000
76695  54.220  -28.145  60.619 0.0000000000
75351  52.510  -29.585  59.152 0.0000000000
75350  53.316  -28.994  59.681 0.0000000000
75359  52.650  -29.448  58.365 0.0000000000
74100  51.820  -30.009  57.265 0.0000000000
71630  50.459  -32.355  56.825 0.0000000000
71615  50.610  -32.776  57.583 0.0000000000
62623  47.234  -39.499  60.328 0.0000000000
62622  48.221  -39.415  60.974 0.0000000000
64076  47.072  -38.015  59.079 0.0000000000
64060  47.519  -38.445  59.605 0.0000000000
65393  47.497  -37.852  59.069 0.0000000000
65392  48.066  -37.709  59.140 0.0000000000
66664  47.970  -36.870  58.214 0.0000000000
65434  45.128  -37.196  56.681 0.0000000000
65421  46.114  -37.253  57.397 0.0000000000
66694  45.289  -36.678  56.127 0.0000000000
66695  44.742  -36.939  56.092 0.0000000000
65450  43.874  -37.053  55.595 0.0000000000
65451  43.167  -37.477  55.495 0.0000000000
65452  42.247  -38.002  55.278 0.0000000000
58583  38.419  -42.618  55.094 0.0000000000
58605  37.754  -42.576  54.783 0.0000000000
59983  35.552  -41.755  53.669 0.0000000000
59984  34.561  -41.738  53.396 0.0000000000
50679  36.649  -48.389  62.949 0.0000000000
51941  36.889  -48.189  62.258 0.0000000000
51942  36.188  -48.294  62.083 0.0000000000
51961  33.804  -47.890  61.227 0.0000000000
51960  34.756  -47.882  61.171 0.0000000000
80643  53.866  -25.815  42.926 0.0000000000
80654  53.616  -25.260  42.842 0.0000000000
80652  55.078  -25.526  42.152 0.0000000000
79464  55.388  -26.144  42.699 0.0000000000
45209  28.025  -52.588  71.744 0.0000000000
45210  27.035  -52.463  71.730 0.0000000000
45171  29.358  -52.921  73.577 0.0000000000
45173  27.414  -52.530  73.586 0.0000000000
45157  25.049  -52.107  74.101 0.0000000000
45150  38.083  -51.930  74.094 0.0000000000
46576  38.732  -51.325  74.337 0.0000000000
46595  38.982  -51.496  73.573 0.0000000000
45167  38.231  -51.776  73.403 0.0000000000
46607  37.721  -51.652  72.433 0.0000000000
45185  37.771  -51.822  73.012 0.0000000000
45170  35.849  -52.920  73.453 0.0000000000
45188  35.056  -52.849  72.600 0.0000000000
43871  34.465  -53.043  72.597 0.0000000000
42597  34.425  -53.777  74.686 0.0000000000
42604  34.558  -53.684  74.102 0.0000000000
42605  33.910  -53.708  74.159 0.0000000000
42623  32.965  -53.647  72.878 0.0000000000
43873  32.603  -53.651  72.393 0.0000000000
43895  32.009  -53.646  70.538 0.0000000000
45225  30.131  -53.303  71.062 0.0000000000
43897  30.724  -53.516  70.866 0.0000000000
76811  51.765  -28.922  51.974 0.0000000000
77955  54.486  -27.272  62.456 0.0000000000
77936  54.262  -27.225  62.948 0.0000000000
75293  53.237  -29.068  63.941 0.0000000000
75312  53.278  -28.669  63.017 0.0000000000
51872  48.746  -47.372  66.397 0.0000000000
58438  49.864  -42.190  64.366 0.0000000000
58437  50.224  -41.545  64.605 0.0000000000
58462  49.634  -41.958  63.692 0.0000000000
59809  50.038  -41.210  63.755 0.0000000000
59824  49.633  -41.335  63.255 0.0000000000
55695  47.860  -44.611  62.244 0.0000000000
57123  48.503  -44.085  63.316 0.0000000000
55717  47.624  -44.143  61.903 0.0000000000
58487  47.213  -42.818  61.332 0.0000000000
58486  47.733  -42.666  61.811 0.0000000000
59844  48.305  -41.613  62.003 0.0000000000
59845  47.501  -41.740  61.242 0.0000000000
59867  47.134  -41.174  60.907 0.0000000000
59868  46.682  -41.811  60.692 0.0000000000
59887  45.202  -41.843  59.498 0.0000000000
61274  44.903  -40.853  59.222 0.0000000000
61290  44.246  -40.845  58.640 0.0000000000
61308  43.872  -40.396  58.028 0.0000000000
58535  42.814  -43.185  57.838 0.0000000000
59906  42.621  -42.603  57.518 0.0000000000
59925  41.487  -42.132  56.502 0.0000000000
58554  41.620  -43.236  56.797 0.0000000000
54435  43.167  -45.630  58.697 0.0000000000
55767  43.111  -45.034  58.380 0.0000000000
55784  41.047  -44.982  56.493 0.0000000000
55783  41.469  -44.940  56.764 0.0000000000
55802  41.153  -44.599  56.512 0.0000000000
57241  41.062  -43.945  56.436 0.0000000000
57242  40.427  -43.813  56.108 0.0000000000
55824  39.421  -44.328  55.739 0.0000000000
54454  38.347  -45.344  55.872 0.0000000000
54462  38.166  -44.874  55.454 0.0000000000
54463  37.548  -45.098  55.376 0.0000000000
55827  37.215  -44.713  55.036 0.0000000000
49409  30.438  -49.453  61.874 0.0000000000
49418  29.711  -49.542  60.981 0.0000000000
48078  28.254  -50.024  59.368 0.0000000000
49428  29.130  -49.457  60.031 0.0000000000
49435  28.299  -49.410  58.779 0.0000000000
50711  28.251  -48.939  58.384 0.0000000000
49436  27.775  -49.479  58.176 0.0000000000
46858  25.223  -50.693  58.098 0.0000000000
48148  25.687  -49.963  56.908 0.0000000000
48147  26.254  -49.742  57.261 0.0000000000
79435  56.784  -27.204  45.594 0.0000000000
80605  58.995  -25.828  48.270 0.0000000000
80604  59.297  -26.076  48.122 0.0000000000
48024  24.219  -50.030  64.648 0.0000000000
48034  23.176  -49.965  63.904 0.0000000000
48025  23.385  -50.168  64.468 0.0000000000
46637  27.309  -51.905  69.967 0.0000000000
46659  24.650  -52.130  68.864 0.0000000000
46684  24.130  -51.640  67.268 0.0000000000
45252  23.055  -52.755  69.725 0.0000000000
45251  23.951  -52.603  69.766 0.0000000000
45268  22.591  -52.801  68.840 0.0000000000
45280  22.249  -52.587  67.931 0.0000000000
45294  21.829  -52.488  67.252 0.0000000000
46665  44.242  -50.453  70.045 0.0000000000
47952  44.904  -50.269  69.446 0.0000000000
49319  45.583  -49.550  67.881 0.0000000000
47971  45.699  -49.922  68.748 0.0000000000
49332  46.391  -49.062  67.232 0.0000000000
50628  43.782  -48.019  65.625 0.0000000000
51887  44.223  -47.531  64.966 0.0000000000
50630  41.826  -48.363  65.577 0.0000000000
50650  41.671  -48.090  64.932 0.0000000000
50651  40.787  -48.345  64.696 0.0000000000
50667  40.429  -48.215  64.173 0.0000000000
49338  40.316  -49.424  66.542 0.0000000000
49356  38.321  -49.297  65.707 0.0000000000
49355  39.204  -49.338  65.845 0.0000000000
50653  38.999  -48.596  64.468 0.0000000000
50635  37.400  -48.974  64.775 0.0000000000
49374  35.719  -48.980  64.588 0.0000000000
49375  34.933  -48.956  64.410 0.0000000000
50658  34.917  -48.756  63.741 0.0000000000
46631  37.236  -51.287  70.994 0.0000000000
46632  36.266  -51.353  70.959 0.0000000000
46652  34.941  -51.059  69.951 0.0000000000
47941  35.835  -50.672  69.224 0.0000000000
43920  31.902  -52.616  68.813 0.0000000000
45262  32.286  -52.176  68.919 0.0000000000
47964  33.181  -50.596  67.931 0.0000000000
47981  33.787  -50.262  67.326 0.0000000000
47989  34.553  -49.926  66.668 0.0000000000
47990  33.531  -49.967  66.537 0.0000000000
49362  32.099  -49.698  64.979 0.0000000000
49346  32.524  -49.695  65.490 0.0000000000
49378  32.192  -49.429  64.225 0.0000000000
49377  32.975  -49.058  63.884 0.0000000000
49389  31.447  -49.795  63.718 0.0000000000
46729  29.654  -51.413  63.132 0.0000000000
46741  29.677  -51.020  62.539 0.0000000000
46742  29.307  -51.257  62.276 0.0000000000
46757  28.675  -51.160  61.449 0.0000000000
45354  28.675  -51.674  62.341 0.0000000000
45309  28.894  -52.222  64.914 0.0000000000
45322  28.691  -52.007  63.916 0.0000000000
46718  28.160  -51.725  63.599 0.0000000000
48043  26.919  -50.512  62.443 0.0000000000
48042  27.430  -51.125  62.742 0.0000000000
46745  27.104  -50.815  61.852 0.0000000000
48051  26.547  -50.366  61.410 0.0000000000
48061  25.751  -50.083  60.502 0.0000000000
48052  25.971  -50.034  61.118 0.0000000000
78097  58.583  -26.788  51.678 0.0000000000
78109  58.962  -27.607  51.377 0.0000000000
75474  58.350  -29.023  50.932 0.0000000000
75480  52.223  -29.837  50.610 0.0000000000
76830  52.834  -29.212  50.920 0.0000000000
46520  31.185  -51.714  77.143 0.0000000000
46483  30.442  -51.423  78.393 0.0000000000
46484  29.926  -51.349  78.646 0.0000000000
45063  29.742  -52.023  78.526 0.0000000000
46485  29.349  -51.468  78.815 0.0000000000
46503  27.697  -51.319  78.297 0.0000000000
46523  26.946  -51.405  77.579 0.0000000000
46541  27.170  -51.540  76.783 0.0000000000
46543  25.008  -51.669  76.789 0.0000000000
45140  23.966  -52.083  75.083 0.0000000000
45066  22.636  -51.966  79.331 0.0000000000
45049  23.174  -51.915  80.102 0.0000000000
45065  23.590  -51.957  79.439 0.0000000000
45047  24.263  -51.850  80.076 0.0000000000
45083  24.283  -51.885  78.834 0.0000000000
45142  22.125  -52.369  75.488 0.0000000000
45200  18.943  -52.526  73.292 0.0000000000
43856  18.180  -53.071  74.718 0.0000000000
80619  52.664  -25.530  45.948 0.0000000000
78177  53.583  -26.891  46.289 0.0000000000
79423  53.098  -26.599  46.648 0.0000000000
79401  54.367  -26.751  47.546 0.0000000000
79358  53.530  -26.366  49.799 0.0000000000
80580  56.063  -25.417  50.026 0.0000000000
79356  55.688  -25.690  49.689 0.0000000000
80596  56.602  -25.369  49.494 0.0000000000
81701  58.010  -23.942  50.907 0.0000000000
82822  57.118  -23.149  53.119 0.0000000000
82820  58.282  -23.470  53.217 0.0000000000
82832  58.543  -23.733  52.702 0.0000000000
81668  58.618  -23.947  52.877 0.0000000000
80516  58.754  -24.745  52.753 0.0000000000
81659  58.571  -24.227  53.198 0.0000000000
80501  57.892  -25.187  53.871 0.0000000000
79256  57.353  -25.454  54.227 0.0000000000
81626  57.474  -24.373  55.654 0.0000000000
79249  56.668  -25.831  55.354 0.0000000000
79248  57.195  -25.371  55.019 0.0000000000
79277  56.468  -26.180  54.323 0.0000000000
78061  55.970  -26.585  53.971 0.0000000000
78051  54.761  -27.401  54.578 0.0000000000
82690  55.601  -24.029  60.618 0.0000000000
82709  55.969  -23.526  59.941 0.0000000000
79215  55.891  -26.222  59.257 0.0000000000
79204  56.293  -25.617  59.636 0.0000000000
79225  56.364  -25.807  58.046 0.0000000000
76706  54.218  -28.306  59.703 0.0000000000
76722  54.480  -28.095  58.739 0.0000000000
78025  54.854  -27.630  57.410 0.0000000000
78034  54.832  -27.535  56.554 0.0000000000
76778  52.793  -28.618  54.379 0.0000000000
75431  52.060  -29.098  54.255 0.0000000000
75418  50.946  -29.916  54.225 0.0000000000
74149  50.024  -30.226  53.196 0.0000000000
72869  50.384  -31.192  55.445 0.0000000000
72878  49.759  -31.285  54.506 0.0000000000
74135  49.694  -31.140  54.190 0.0000000000
74150  49.567  -30.917  53.615 0.0000000000
71535  53.262  -32.825  63.444 0.0000000000
72791  52.483  -31.891  62.187 0.0000000000
62578  52.364  -38.388  64.368 0.0000000000
64012  52.406  -37.943  63.950 0.0000000000
65338  53.037  -37.024  64.003 0.0000000000
65339  52.383  -37.314  63.379 0.0000000000
64045  49.944  -37.960  61.199 0.0000000000
66616  51.390  -36.472  61.365 0.0000000000
65363  51.497  -36.654  61.739 0.0000000000
66615  51.789  -36.047  61.569 0.0000000000
66602  52.330  -35.966  62.341 0.0000000000
67771  52.321  -35.373  61.779 0.0000000000
68980  52.529  -34.979  61.913 0.0000000000
69051  51.691  -34.379  60.263 0.0000000000
70295  52.232  -34.065  61.176 0.0000000000
70311  51.828  -33.836  60.577 0.0000000000
70312  51.561  -33.572  59.986 0.0000000000
71579  51.291  -33.014  59.614 0.0000000000
70328  51.349  -33.789  59.401 0.0000000000
69094  50.420  -34.503  57.926 0.0000000000
70348  50.658  -33.978  58.219 0.0000000000
69115  50.215  -34.190  57.283 0.0000000000
70380  50.191  -33.610  56.830 0.0000000000
69116  49.621  -34.354  56.840 0.0000000000
66678  47.651  -36.387  57.453 0.0000000000
67875  47.444  -34.911  55.708 0.0000000000
69118  48.169  -34.604  55.978 0.0000000000
69141  47.936  -34.120  55.349 0.0000000000
70399  48.088  -33.598  54.841 0.0000000000
69161  47.458  -33.873  54.683 0.0000000000
69180  45.521  -34.238  53.393 0.0000000000
66740  43.042  -36.010  53.841 0.0000000000
67915  43.579  -35.594  53.609 0.0000000000
67927  41.448  -35.789  52.561 0.0000000000
67940  41.483  -35.463  51.739 0.0000000000
62674  42.556  -40.042  56.677 0.0000000000
62673  43.003  -39.755  56.750 0.0000000000
62701  40.628  -39.895  55.324 0.0000000000
62699  41.722  -39.347  55.776 0.0000000000
64129  40.498  -39.293  54.988 0.0000000000
64142  40.775  -38.383  54.725 0.0000000000
64143  40.094  -38.790  54.486 0.0000000000
61349  38.841  -40.707  54.701 0.0000000000
64159  37.929  -38.577  53.337 0.0000000000
62728  38.258  -39.560  53.914 0.0000000000
51917  42.074  -47.350  63.457 0.0000000000
51956  40.009  -47.136  61.035 0.0000000000
51955  41.235  -46.957  61.464 0.0000000000
51970  39.850  -47.028  60.240 0.0000000000
53206  40.568  -46.827  59.898 0.0000000000
53207  39.686  -46.884  59.664 0.0000000000
51973  36.747  -47.034  60.061 0.0000000000
53225  36.527  -46.628  58.649 0.0000000000
53209  37.854  -46.784  59.618 0.0000000000
53224  37.302  -46.560  58.966 0.0000000000
53223  38.425  -46.452  58.935 0.0000000000
53257  37.739  -46.033  57.291 0.0000000000
53258  36.799  -46.297  57.198 0.0000000000
53278  35.560  -46.281  56.340 0.0000000000
53277  36.511  -46.126  56.304 0.0000000000
53295  35.347  -45.999  55.501 0.0000000000
50704  31.019  -48.124  60.676 0.0000000000
51978  31.408  -47.900  60.637 0.0000000000
53244  30.376  -46.779  58.424 0.0000000000
52001  32.929  -46.988  58.849 0.0000000000
53242  32.434  -46.726  58.276 0.0000000000
53266  28.575  -46.746  57.293 0.0000000000
53299  30.811  -45.938  55.658 0.0000000000
53283  30.226  -46.068  56.672 0.0000000000
53282  31.400  -46.209  56.561 0.0000000000
53281  32.499  -46.431  56.427 0.0000000000
53280  33.584  -46.560  56.222 0.0000000000
54479  31.585  -45.583  53.975 0.0000000000
54477  33.503  -45.264  54.129 0.0000000000
82922  54.453  -23.461  41.475 0.0000000000
78194  55.633  -27.217  44.277 0.0000000000
79446  54.894  -27.044  43.983 0.0000000000
78201  56.092  -27.076  43.877 0.0000000000
79455  56.804  -26.634  43.540 0.0000000000
79462  57.499  -26.199  42.959 0.0000000000
43822  31.933  -53.161  76.560 0.0000000000
45098  31.649  -52.695  77.013 0.0000000000
45099  31.249  -52.619  77.650 0.0000000000
50647  46.228  -47.653  64.801 0.0000000000
51932  46.716  -46.569  62.682 0.0000000000
51933  45.854  -46.626  62.277 0.0000000000
53190  44.690  -46.433  60.951 0.0000000000
53202  44.256  -46.191  60.184 0.0000000000
53191  43.861  -46.466  60.837 0.0000000000
53192  42.969  -46.605  60.746 0.0000000000
80532  59.735  -26.180  51.113 0.0000000000
47983  26.617  -50.829  66.690 0.0000000000
46682  26.548  -50.988  67.311 0.0000000000
46672  25.951  -51.294  68.278 0.0000000000
46626  41.751  -50.719  71.393 0.0000000000
46646  40.794  -50.743  70.563 0.0000000000
46649  38.000  -50.975  70.232 0.0000000000
43923  30.662  -53.435  68.866 0.0000000000
76790  54.117  -28.237  51.888 0.0000000000
83956  56.618  -22.821  57.384 0.0000000000
83948  56.321  -22.854  58.100 0.0000000000
83939  56.527  -23.293  58.724 0.0000000000
82727  56.676  -23.670  58.813 0.0000000000
75329  52.795  -29.462  61.711 0.0000000000
75341  53.035  -29.167  60.676 0.0000000000
74082  51.276  -31.213  59.275 0.0000000000
72829  51.000  -32.162  59.088 0.0000000000
62636  46.348  -39.578  59.767 0.0000000000
62635  46.949  -38.990  59.816 0.0000000000
64062  45.976  -38.824  59.195 0.0000000000
64077  46.389  -38.074  58.726 0.0000000000
65409  46.414  -37.608  58.163 0.0000000000
64094  45.905  -37.883  58.117 0.0000000000
64112  43.085  -38.682  56.175 0.0000000000
50681  35.226  -48.486  62.597 0.0000000000
50688  35.726  -48.333  62.114 0.0000000000
50690  34.188  -48.251  61.843 0.0000000000
81771  53.087  -24.566  43.989 0.0000000000
79457  54.483  -26.490  43.323 0.0000000000
45207  29.858  -53.178  71.769 0.0000000000
45190  28.672  -52.761  72.660 0.0000000000
45136  28.913  -52.642  75.249 0.0000000000
45151  37.243  -52.392  74.540 0.0000000000
43860  36.093  -52.902  73.880 0.0000000000
43861  35.185  -53.294  73.597 0.0000000000
42607  32.709  -53.618  74.113 0.0000000000
42614  32.807  -53.642  73.525 0.0000000000
42615  32.328  -53.670  73.476 0.0000000000
43874  32.068  -53.780  72.648 0.0000000000
43885  30.636  -53.463  71.763 0.0000000000
53134  49.702  -46.071  65.990 0.0000000000
53133  50.226  -45.609  66.314 0.0000000000
54337  50.641  -45.132  66.466 0.0000000000
57063  50.679  -43.055  66.281 0.0000000000
58399  50.353  -41.955  65.751 0.0000000000
58420  49.981  -42.640  64.953 0.0000000000
58439  49.448  -42.693  63.837 0.0000000000
55719  46.560  -44.659  60.946 0.0000000000
57160  46.893  -43.748  61.243 0.0000000000
57170  46.267  -43.790  60.756 0.0000000000
58533  44.150  -42.623  58.830 0.0000000000
59904  43.818  -41.904  58.576 0.0000000000
58534  43.514  -43.074  58.434 0.0000000000
54437  42.045  -46.131  57.681 0.0000000000
54443  42.207  -45.597  57.582 0.0000000000
54452  40.095  -45.134  56.350 0.0000000000
55804  39.869  -44.580  56.033 0.0000000000
53275  38.262  -45.752  56.657 0.0000000000
48050  29.496  -50.467  61.719 0.0000000000
48057  28.801  -50.282  60.521 0.0000000000
79375  59.699  -26.250  48.840 0.0000000000
48010  23.171  -50.718  65.372 0.0000000000
45249  25.882  -52.100  70.015 0.0000000000
45266  24.193  -52.474  69.066 0.0000000000
45269  21.677  -52.778  68.718 0.0000000000
47973  43.693  -49.940  68.494 0.0000000000
49320  44.565  -49.521  67.773 0.0000000000
49334  44.343  -49.031  67.020 0.0000000000
50618  44.127  -48.526  66.299 0.0000000000
50629  42.741  -48.136  65.562 0.0000000000
51889  42.767  -47.890  65.007 0.0000000000
49339  39.303  -49.654  66.523 0.0000000000
49357  37.391  -49.228  65.547 0.0000000000
46620  35.774  -51.837  71.578 0.0000000000
46633  35.076  -51.638  71.014 0.0000000000
46653  33.817  -51.275  69.544 0.0000000000
46669  31.658  -52.013  67.977 0.0000000000
46679  31.488  -51.777  67.424 0.0000000000
46678  31.913  -50.929  67.023 0.0000000000
47991  32.379  -50.169  66.297 0.0000000000
48019  30.784  -50.731  64.259 0.0000000000
48020  30.378  -51.205  64.133 0.0000000000
45337  29.074  -52.036  63.279 0.0000000000
46719  27.674  -51.273  64.060 0.0000000000
49401  26.249  -49.910  62.242 0.0000000000
49412  25.837  -49.830  61.590 0.0000000000
49402  25.568  -49.574  62.406 0.0000000000
49413  24.910  -49.439  61.742 0.0000000000
79299  58.037  -25.782  52.928 0.0000000000
76827  55.794  -29.026  50.495 0.0000000000
75476  56.427  -29.777  50.621 0.0000000000
46466  27.166  -50.924  79.887 0.0000000000
46505  25.862  -51.419  78.663 0.0000000000
46525  25.000  -51.623  78.070 0.0000000000
45067  21.559  -52.064  79.377 0.0000000000
45085  22.062  -52.101  78.426 0.0000000000
45103  22.557  -52.201  77.458 0.0000000000
45143  21.140  -52.228  75.626 0.0000000000
45162  20.416  -52.204  74.794 0.0000000000
79403  52.681  -26.158  47.278 0.0000000000
79380  53.415  -26.508  48.589 0.0000000000
80581  55.470  -25.496  50.515 0.0000000000
80557  56.771  -24.764  50.728 0.0000000000
81702  57.437  -24.225  51.010 0.0000000000
81682  57.679  -23.828  51.535 0.0000000000
84003  57.363  -22.767  53.517 0.0000000000
84001  57.874  -22.892  53.576 0.0000000000
81660  58.382  -23.885  53.616 0.0000000000
80478  57.722  -24.475  54.710 0.0000000000
78043  54.813  -27.414  55.651 0.0000000000
79205  55.806  -26.031  60.181 0.0000000000
77999  55.531  -26.564  60.062 0.0000000000
76723  53.825  -28.598  58.313 0.0000000000
76738  53.677  -28.563  57.503 0.0000000000
75416  52.222  -29.222  55.002 0.0000000000
72880  48.605  -32.186  53.876 0.0000000000
71658  49.016  -32.394  54.710 0.0000000000
71659  48.530  -32.654  54.252 0.0000000000
61206  51.076  -40.063  64.168 0.0000000000
62566  51.948  -39.201  64.660 0.0000000000
62580  51.199  -39.557  63.690 0.0000000000
62592  51.515  -38.567  63.297 0.0000000000
64027  51.409  -38.097  62.793 0.0000000000
65380  49.378  -37.638  60.218 0.0000000000
65379  50.110  -37.228  60.456 0.0000000000
66634  50.660  -36.547  60.360 0.0000000000
66633  51.261  -36.132  60.651 0.0000000000
67792  51.702  -35.314  60.648 0.0000000000
67808  51.438  -35.340  60.091 0.0000000000
69052  51.466  -34.622  59.689 0.0000000000
69076  51.189  -34.324  59.102 0.0000000000
69053  51.122  -34.848  59.158 0.0000000000
67834  50.474  -35.076  58.391 0.0000000000
66693  46.352  -36.290  56.387 0.0000000000
67897  46.022  -34.814  54.473 0.0000000000
69163  45.844  -34.596  54.124 0.0000000000
67925  43.100  -35.057  52.424 0.0000000000
66725  42.349  -36.849  54.407 0.0000000000
66753  41.426  -36.216  53.184 0.0000000000
67928  40.875  -36.065  52.650 0.0000000000
61311  41.853  -41.293  56.633 0.0000000000
62688  41.621  -40.302  56.210 0.0000000000
61335  40.864  -40.430  55.722 0.0000000000
62702  40.019  -40.183  55.121 0.0000000000
61362  37.212  -40.311  53.756 0.0000000000
61361  37.728  -40.003  53.856 0.0000000000
62730  36.666  -39.729  53.390 0.0000000000
51957  38.634  -47.382  61.222 0.0000000000
53239  36.112  -46.618  58.004 0.0000000000
53240  35.410  -46.691  57.760 0.0000000000
51993  29.689  -48.163  59.471 0.0000000000
51992  30.213  -47.895  59.687 0.0000000000
78192  57.198  -26.906  44.328 0.0000000000
79444  57.230  -26.751  44.008 0.0000000000
78096  59.461  -27.274  51.607 0.0000000000
78095  60.040  -27.387  51.604 0.0000000000
43854  30.817  -53.442  74.389 0.0000000000
43845  29.814  -52.941  75.602 0.0000000000
42598  33.753  -53.779  74.685 0.0000000000
43842  33.491  -53.658  75.100 0.0000000000
42599  33.136  -53.632  74.680 0.0000000000
42600  32.494  -53.575  74.744 0.0000000000
50615  48.283  -48.366  67.016 0.0000000000
51873  48.255  -47.808  66.344 0.0000000000
51885  48.771  -46.856  65.448 0.0000000000
53157  49.200  -46.201  65.089 0.0000000000
54356  49.192  -45.617  64.679 0.0000000000
54379  48.866  -45.327  64.122 0.0000000000
54380  48.378  -45.349  63.431 0.0000000000
54397  47.999  -45.358  62.770 0.0000000000
55696  47.555  -45.092  61.915 0.0000000000
53187  46.830  -46.019  61.795 0.0000000000
54412  46.647  -45.508  61.227 0.0000000000
54420  46.222  -45.331  60.640 0.0000000000
55752  44.663  -44.806  59.609 0.0000000000
55753  43.985  -44.981  59.247 0.0000000000
54429  44.354  -45.517  59.598 0.0000000000
54430  43.642  -45.791  59.176 0.0000000000
54431  43.027  -46.033  58.787 0.0000000000
53218  43.104  -46.379  59.241 0.0000000000
53232  42.620  -46.326  58.681 0.0000000000
53233  41.999  -46.543  58.255 0.0000000000
53234  41.076  -46.600  58.158 0.0000000000
48080  26.774  -50.546  59.376 0.0000000000
48101  25.240  -50.483  58.815 0.0000000000
46832  24.799  -50.744  58.347 0.0000000000
80594  58.137  -25.475  48.839 0.0000000000
49364  25.946  -49.793  64.529 0.0000000000
49365  25.552  -49.877  64.801 0.0000000000
48008  24.984  -50.078  65.120 0.0000000000
47996  24.610  -50.593  65.877 0.0000000000
47997  23.867  -50.818  65.851 0.0000000000
45212  25.117  -52.665  71.604 0.0000000000
46644  42.598  -50.580  70.702 0.0000000000
47934  42.619  -50.535  69.999 0.0000000000
49306  42.208  -49.937  68.555 0.0000000000
49323  41.411  -49.508  67.583 0.0000000000
47957  39.619  -50.422  68.638 0.0000000000
47975  39.206  -50.305  68.051 0.0000000000
47977  37.586  -50.209  67.767 0.0000000000
47978  36.608  -50.117  67.572 0.0000000000
43894  32.738  -53.072  70.451 0.0000000000
45224  33.342  -52.523  70.516 0.0000000000
43921  31.521  -52.952  68.587 0.0000000000
43936  31.067  -53.127  68.064 0.0000000000
43950  31.042  -52.866  67.703 0.0000000000
45307  30.198  -52.348  65.609 0.0000000000
46691  28.443  -51.743  65.546 0.0000000000
48006  27.107  -50.696  64.909 0.0000000000
48022  26.581  -50.164  64.350 0.0000000000
45051  21.114  -51.933  80.365 0.0000000000
45125  19.157  -52.421  76.884 0.0000000000
83973  57.507  -22.995  55.493 0.0000000000
83972  57.729  -23.215  55.092 0.0000000000
82792  57.383  -23.356  55.904 0.0000000000
82764  56.929  -23.836  57.191 0.0000000000
81589  57.011  -24.410  56.861 0.0000000000
80454  57.051  -24.833  56.600 0.0000000000
80448  56.659  -25.211  57.204 0.0000000000
76683  54.555  -27.412  61.697 0.0000000000
76694  54.653  -27.464  60.953 0.0000000000
74109  51.832  -29.824  56.699 0.0000000000
71631  50.137  -32.700  56.309 0.0000000000
67723  53.698  -35.421  64.561 0.0000000000
62608  49.099  -39.390  61.500 0.0000000000
62621  48.804  -38.861  60.978 0.0000000000
64047  48.599  -38.530  60.501 0.0000000000
64058  48.939  -37.908  60.176 0.0000000000
65391  49.216  -37.303  59.404 0.0000000000
65406  48.993  -36.896  58.691 0.0000000000
66663  48.596  -36.630  58.250 0.0000000000
66679  46.778  -36.741  57.196 0.0000000000
66706  45.396  -36.253  55.576 0.0000000000
67878  44.976  -36.163  55.092 0.0000000000
66723  44.079  -36.252  54.704 0.0000000000
66724  43.342  -36.460  54.583 0.0000000000
65467  42.778  -37.002  54.879 0.0000000000
66726  41.874  -37.234  54.450 0.0000000000
65483  40.953  -37.330  54.057 0.0000000000
58581  39.831  -42.612  55.767 0.0000000000
59949  39.551  -41.739  55.393 0.0000000000
59950  38.899  -42.011  55.148 0.0000000000
59962  38.343  -41.660  54.784 0.0000000000
61351  37.045  -41.134  53.961 0.0000000000
61363  36.315  -40.822  53.613 0.0000000000
51988  34.511  -47.205  59.335 0.0000000000
52000  33.787  -47.017  58.673 0.0000000000
52024  27.311  -47.540  56.734 0.0000000000
52023  28.015  -47.212  57.226 0.0000000000
53286  27.290  -46.943  55.997 0.0000000000
53302  27.611  -46.479  55.386 0.0000000000
53321  26.538  -47.105  54.528 0.0000000000
53320  27.157  -46.635  54.536 0.0000000000
82919  53.860  -23.627  42.662 0.0000000000
81775  53.487  -24.554  42.936 0.0000000000
80671  54.825  -25.077  41.870 0.0000000000
80636  59.637  -25.974  44.057 0.0000000000
46636  28.095  -52.137  70.094 0.0000000000
45175  25.387  -52.398  73.340 0.0000000000
45177  23.538  -52.600  73.388 0.0000000000
46605  38.993  -51.428  72.786 0.0000000000
46617  38.307  -51.408  71.825 0.0000000000
45203  36.694  -51.816  72.159 0.0000000000
45204  36.085  -52.133  72.167 0.0000000000
45205  34.950  -52.481  71.891 0.0000000000
45206  34.217  -52.680  71.682 0.0000000000
43881  33.620  -52.986  71.633 0.0000000000
43852  35.159  -53.587  74.558 0.0000000000
42611  34.499  -53.533  73.723 0.0000000000
42613  33.321  -53.604  73.436 0.0000000000
43863  33.693  -53.498  73.319 0.0000000000
43862  34.195  -53.393  73.312 0.0000000000
43910  30.691  -53.519  69.887 0.0000000000
45247  29.325  -52.942  69.670 0.0000000000
76792  52.189  -28.660  52.475 0.0000000000
75456  51.980  -29.245  51.214 0.0000000000
81547  55.162  -24.547  61.519 0.0000000000
80411  55.283  -25.174  61.687 0.0000000000
80395  55.365  -25.867  61.817 0.0000000000
79180  55.068  -26.533  62.027 0.0000000000
80382  54.828  -26.092  62.768 0.0000000000
77954  54.671  -27.153  62.047 0.0000000000
75328  53.484  -28.625  62.039 0.0000000000
76648  53.651  -28.061  63.416 0.0000000000
74060  52.265  -30.756  61.825 0.0000000000
61207  50.518  -40.500  63.791 0.0000000000
61221  50.245  -40.330  63.216 0.0000000000
57122  48.930  -43.501  63.621 0.0000000000
57144  48.773  -42.983  63.182 0.0000000000
57158  47.859  -43.572  62.148 0.0000000000
58485  48.240  -42.671  62.363 0.0000000000
58464  48.694  -42.520  62.821 0.0000000000
59825  49.033  -41.486  62.654 0.0000000000
59843  48.832  -40.975  62.175 0.0000000000
61237  48.626  -40.476  61.742 0.0000000000
61254  48.198  -40.235  61.343 0.0000000000
61255  47.573  -40.501  61.028 0.0000000000
61257  46.288  -41.087  60.241 0.0000000000
61272  46.352  -40.400  60.108 0.0000000000
62656  44.503  -39.674  58.284 0.0000000000
61309  43.221  -40.701  57.515 0.0000000000
59923  42.739  -41.337  57.362 0.0000000000
59936  40.836  -42.145  56.182 0.0000000000
57213  43.034  -44.132  58.133 0.0000000000
57214  42.450  -44.124  57.594 0.0000000000
55782  42.118  -44.987  57.241 0.0000000000
57228  41.876  -44.132  57.103 0.0000000000
58566  40.412  -42.875  56.074 0.0000000000
57259  38.484  -43.554  55.292 0.0000000000
55825  38.735  -44.463  55.523 0.0000000000
57260  37.816  -43.779  55.051 0.0000000000
55849  37.416  -44.179  54.925 0.0000000000
50685  32.210  -48.661  62.342 0.0000000000
50693  31.702  -48.580  61.913 0.0000000000
50700  30.652  -48.677  61.115 0.0000000000
50706  29.728  -48.705  60.015 0.0000000000
50710  28.782  -48.647  58.902 0.0000000000
50716  28.453  -48.385  58.330 0.0000000000
50717  27.892  -48.581  57.862 0.0000000000
48123  25.524  -50.529  57.612 0.0000000000
49437  27.351  -49.908  58.102 0.0000000000
49446  26.915  -49.501  57.602 0.0000000000
50718  27.283  -48.814  57.513 0.0000000000
50724  26.702  -48.504  56.938 0.0000000000
78189  53.848  -27.052  45.536 0.0000000000
78196  54.146  -27.164  45.047 0.0000000000
78188  54.524  -27.240  45.462 0.0000000000
78187  55.332  -27.356  45.241 0.0000000000
78186  56.260  -27.366  44.988 0.0000000000
79418  59.058  -26.393  46.824 0.0000000000
49393  23.649  -49.772  63.762 0.0000000000
49394  23.122  -49.898  63.629 0.0000000000
46697  22.044  -52.136  66.495 0.0000000000
45279  22.947  -52.575  68.245 0.0000000000
46675  23.357  -52.443  68.194 0.0000000000
49317  47.339  -49.428  68.371 0.0000000000
49330  47.928  -48.901  67.787 0.0000000000
49351  46.976  -48.703  66.698 0.0000000000
50626  46.323  -48.195  65.586 0.0000000000
49353  45.687  -48.497  66.131 0.0000000000
50648  45.652  -47.491  64.637 0.0000000000
51899  44.998  -47.219  64.301 0.0000000000
51915  44.391  -46.901  63.362 0.0000000000
51916  43.249  -47.050  63.443 0.0000000000
49337  41.286  -49.184  66.786 0.0000000000
50622  40.526  -49.104  65.845 0.0000000000
50632  40.091  -48.982  65.330 0.0000000000
50652  39.881  -48.580  64.621 0.0000000000
50669  38.814  -48.257  63.738 0.0000000000
50670  37.880  -48.273  63.626 0.0000000000
50671  37.020  -48.438  63.464 0.0000000000
50672  36.215  -48.578  63.421 0.0000000000
50636  36.898  -48.933  64.566 0.0000000000
50656  36.461  -48.796  64.195 0.0000000000
50673  35.444  -48.630  63.255 0.0000000000
50674  34.575  -48.676  63.144 0.0000000000
49386  34.004  -48.775  63.235 0.0000000000
49387  33.351  -48.789  63.135 0.0000000000
46630  38.160  -51.205  71.060 0.0000000000
47960  36.705  -50.399  68.479 0.0000000000
47979  35.589  -50.106  67.589 0.0000000000
45245  32.943  -52.229  69.742 0.0000000000
46667  33.336  -50.942  68.610 0.0000000000
47943  34.139  -50.699  68.724 0.0000000000
47962  34.820  -50.355  68.229 0.0000000000
47988  35.490  -49.895  66.829 0.0000000000
49345  33.318  -49.568  65.698 0.0000000000
49360  34.141  -49.214  64.991 0.0000000000
49398  32.535  -48.789  62.776 0.0000000000
49399  31.364  -49.322  62.679 0.0000000000
49400  30.625  -49.775  62.491 0.0000000000
48030  30.784  -50.225  63.230 0.0000000000
48040  30.120  -50.444  62.555 0.0000000000
46778  27.594  -51.134  60.944 0.0000000000
45320  29.848  -52.175  64.707 0.0000000000
46732  27.790  -51.545  63.073 0.0000000000
45338  28.298  -51.828  63.015 0.0000000000
45355  28.067  -51.589  62.254 0.0000000000
46743  27.840  -51.452  61.888 0.0000000000
46779  27.340  -51.038  61.119 0.0000000000
48060  26.870  -50.661  60.551 0.0000000000
48062  24.606  -49.922  60.233 0.0000000000
49420  25.178  -49.670  60.972 0.0000000000
76824  58.699  -28.373  51.089 0.0000000000
45079  30.713  -52.199  78.233 0.0000000000
43816  30.379  -52.736  78.065 0.0000000000
43817  29.989  -52.674  78.169 0.0000000000
45081  29.527  -52.310  78.068 0.0000000000
46539  28.373  -51.986  76.900 0.0000000000
46463  29.348  -50.810  79.217 0.0000000000
46502  28.738  -51.667  78.137 0.0000000000
46540  27.921  -51.820  76.768 0.0000000000
46563  26.644  -51.580  75.989 0.0000000000
46564  25.594  -51.649  75.710 0.0000000000
45139  24.824  -51.962  74.928 0.0000000000
45159  23.284  -52.425  74.318 0.0000000000
46468  25.495  -51.392  80.261 0.0000000000
46490  24.915  -51.680  79.618 0.0000000000
45160  22.351  -52.483  74.472 0.0000000000
45199  19.864  -52.342  72.945 0.0000000000
45164  18.682  -52.558  75.330 0.0000000000
45182  18.817  -52.536  74.336 0.0000000000
79436  53.235  -26.665  45.775 0.0000000000
78176  54.206  -27.124  46.146 0.0000000000
79422  54.543  -27.033  46.674 0.0000000000
78157  53.425  -26.787  46.802 0.0000000000
81684  56.255  -24.480  51.955 0.0000000000
82834  57.905  -23.495  52.188 0.0000000000
82845  58.451  -23.660  51.852 0.0000000000
81681  58.680  -23.753  51.888 0.0000000000
80499  58.554  -24.517  53.184 0.0000000000
81625  57.651  -24.163  55.181 0.0000000000
80461  57.583  -24.476  55.151 0.0000000000
79276  56.811  -25.986  53.794 0.0000000000
78063  54.323  -27.795  53.178 0.0000000000
81559  56.518  -24.085  59.326 0.0000000000
80429  56.595  -25.181  59.369 0.0000000000
79224  56.583  -25.393  58.251 0.0000000000
79234  55.948  -26.487  57.499 0.0000000000
77988  55.183  -27.015  60.477 0.0000000000
78000  55.316  -27.060  59.602 0.0000000000
78014  55.221  -27.366  58.751 0.0000000000
78024  55.394  -27.199  57.875 0.0000000000
76784  51.734  -28.854  52.973 0.0000000000
74122  50.351  -31.019  55.096 0.0000000000
74046  52.880  -30.776  63.232 0.0000000000
74047  52.617  -31.147  62.538 0.0000000000
72804  52.089  -31.906  61.498 0.0000000000
66587  53.516  -36.128  64.259 0.0000000000
67734  53.477  -35.190  64.002 0.0000000000
64036  50.929  -38.154  62.316 0.0000000000
65352  51.302  -37.617  62.281 0.0000000000
65364  50.953  -37.149  61.537 0.0000000000
65350  52.603  -36.494  63.116 0.0000000000
67735  53.165  -35.122  63.263 0.0000000000
68964  53.101  -34.479  62.825 0.0000000000
70274  52.851  -33.898  62.340 0.0000000000
69002  52.394  -34.684  61.543 0.0000000000
70294  52.540  -34.051  61.737 0.0000000000
71565  52.603  -33.522  61.946 0.0000000000
72817  51.652  -32.107  60.725 0.0000000000
70347  50.925  -33.754  58.691 0.0000000000
71600  50.766  -33.048  58.311 0.0000000000
66676  49.424  -35.827  57.997 0.0000000000
67836  49.221  -35.518  57.589 0.0000000000
67854  49.543  -34.984  57.394 0.0000000000
67856  47.992  -35.360  56.574 0.0000000000
67855  48.936  -35.058  57.054 0.0000000000
69139  49.238  -33.998  56.222 0.0000000000
70397  49.269  -33.462  55.760 0.0000000000
70398  48.665  -33.439  55.214 0.0000000000
70416  47.924  -33.327  54.304 0.0000000000
67926  42.398  -35.579  52.778 0.0000000000
64127  42.183  -38.793  55.741 0.0000000000
62687  42.188  -39.749  56.325 0.0000000000
65453  41.723  -38.353  55.248 0.0000000000
65484  40.246  -37.619  53.817 0.0000000000
61337  39.530  -40.779  55.098 0.0000000000
62715  39.463  -39.820  54.670 0.0000000000
62727  38.969  -39.444  54.232 0.0000000000
64144  39.400  -39.191  54.306 0.0000000000
64157  39.645  -38.259  53.935 0.0000000000
53193  42.004  -46.722  60.674 0.0000000000
53221  40.382  -46.665  58.945 0.0000000000
53236  39.162  -46.129  58.141 0.0000000000
53256  38.824  -45.889  57.228 0.0000000000
54464  36.352  -45.318  55.170 0.0000000000
54475  35.550  -44.996  54.569 0.0000000000
50698  32.266  -48.046  61.317 0.0000000000
50697  32.916  -48.023  61.419 0.0000000000
51976  33.043  -47.670  60.728 0.0000000000
51991  31.266  -47.624  60.054 0.0000000000
51990  32.445  -47.330  59.843 0.0000000000
52013  33.315  -46.882  58.211 0.0000000000
53265  29.502  -46.702  57.785 0.0000000000
53264  30.835  -46.412  57.574 0.0000000000
53296  34.241  -46.010  55.036 0.0000000000
53313  33.897  -45.592  54.470 0.0000000000
54476  34.505  -45.186  54.296 0.0000000000
54488  34.198  -44.592  54.034 0.0000000000
80669  56.748  -25.359  41.526 0.0000000000
79339  60.194  -26.760  50.689 0.0000000000
42625  32.486  -53.696  73.131 0.0000000000
43859  36.614  -52.659  73.853 0.0000000000
43935  31.183  -52.933  68.047 0.0000000000
45048  23.951  -51.912  80.085 0.0000000000
45061  30.336  -51.753  78.497 0.0000000000
45080  30.097  -52.400  78.391 0.0000000000
45082  28.940  -52.099  77.565 0.0000000000
45101  28.683  -52.127  77.079 0.0000000000
45184  38.324  -51.631  72.964 0.0000000000
45276  31.314  -52.526  67.889 0.0000000000
45321  29.295  -52.182  64.332 0.0000000000
45339  27.926  -51.615  62.571 0.0000000000
45372  28.433  -51.490  61.861 0.0000000000
45373  28.294  -51.555  62.053 0.0000000000
46469  24.558  -51.707  80.374 0.0000000000
46500  30.903  -51.724  78.127 0.0000000000
46521  28.424  -51.864  77.328 0.0000000000
46716  30.452  -51.346  64.447 0.0000000000
46744  27.582  -51.313  62.207 0.0000000000
46759  27.614  -51.270  61.529 0.0000000000
46831  25.284  -50.599  58.410 0.0000000000
48049  29.921  -50.047  62.026 0.0000000000
48097  28.030  -49.793  58.678 0.0000000000
49363  31.642  -50.087  65.117 0.0000000000
49382  24.350  -49.785  64.182 0.0000000000
49383  23.895  -49.922  64.273 0.0000000000
49429  28.715  -49.393  59.391 0.0000000000
50683  33.669  -48.580  62.414 0.0000000000
50692  32.575  -48.340  61.854 0.0000000000
50694  31.017  -48.731  61.683 0.0000000000
50701  30.158  -48.883  60.734 0.0000000000
50709  29.354  -48.418  59.349 0.0000000000
50723  27.389  -48.249  57.324 0.0000000000
51903  40.883  -48.080  64.130 0.0000000000
51922  37.035  -48.285  62.900 0.0000000000
51931  47.158  -46.399  62.792 0.0000000000
51950  45.624  -46.494  61.594 0.0000000000
51962  33.290  -47.940  61.306 0.0000000000
53135  49.244  -46.475  65.619 0.0000000000
53158  48.662  -46.425  64.536 0.0000000000
53173  48.893  -45.974  64.428 0.0000000000
53181  47.023  -46.252  62.353 0.0000000000
53304  26.410  -47.313  55.043 0.0000000000
54355  49.566  -45.396  65.299 0.0000000000
54398  47.615  -45.437  62.221 0.0000000000
54411  47.222  -45.454  61.815 0.0000000000
54456  36.541  -45.822  55.701 0.0000000000
54466  34.627  -45.609  54.685 0.0000000000
55673  48.655  -44.571  63.650 0.0000000000
55805  39.182  -44.822  55.790 0.0000000000
57243  39.831  -43.980  55.857 0.0000000000
58505  46.687  -42.870  60.951 0.0000000000
59937  40.352  -42.204  55.957 0.0000000000
61323  41.845  -40.589  56.476 0.0000000000
62594  50.308  -39.734  62.793 0.0000000000
64113  42.573  -39.139  56.135 0.0000000000
65365  50.328  -37.617  61.260 0.0000000000
67722  53.744  -34.899  64.677 0.0000000000
67753  52.889  -35.018  62.664 0.0000000000
67754  52.597  -35.254  62.275 0.0000000000
67791  52.025  -35.290  61.193 0.0000000000
68962  53.580  -34.358  64.086 0.0000000000
68979  52.673  -34.597  62.139 0.0000000000
69026  51.948  -34.623  60.801 0.0000000000
70365  50.661  -33.450  58.103 0.0000000000
76665  54.477  -27.424  62.032 0.0000000000
78193  56.611  -27.045  44.175 0.0000000000
78200  56.326  -26.908  43.753 0.0000000000
79160  54.726  -26.466  62.737 0.0000000000
79179  55.379  -26.094  61.713 0.0000000000
79445  55.418  -27.063  43.895 0.0000000000
80419  56.361  -25.386  59.738 0.0000000000
80430  56.521  -24.643  59.597 0.0000000000
81606  57.517  -24.093  55.749 0.0000000000
82779  57.508  -23.882  55.820 0.0000000000
82819  58.507  -23.718  52.967 0.0000000000
82917  53.515  -23.956  43.499 0.0000000000
83938  56.650  -23.460  58.685 0.0000000000
83940  56.332  -23.036  58.761 0.0000000000
83946  56.650  -23.410  58.437 0.0000000000
83947  56.551  -23.096  58.213 0.0000000000
84002  57.601  -22.774  53.547 0.0000000000
