#!ascii label  , from subject A00073330 vox2ras=TkReg
1522
120625  37.597  11.045  26.948 0.0000000000
129135  44.732  20.993  29.256 0.0000000000
118698  49.363  8.901  35.698 0.0000000000
120567  34.525  11.441  32.313 0.0000000000
116901  40.247  7.257  33.019 0.0000000000
129167  42.395  21.274  27.054 0.0000000000
131869  41.656  25.313  35.526 0.0000000000
134738  44.577  29.585  39.190 0.0000000000
118627  51.442  9.646  42.761 0.0000000000
114902  45.997  5.785  43.767 0.0000000000
124275  42.672  15.327  26.022 0.0000000000
118752  43.343  8.681  30.243 0.0000000000
121512  47.609  12.486  30.298 0.0000000000
123279  49.974  15.066  36.658 0.0000000000
135456  42.879  30.548  35.098 0.0000000000
131206  48.941  24.167  31.943 0.0000000000
117744  41.827  8.517  37.784 0.0000000000
119693  35.564  11.156  29.865 0.0000000000
119656  37.848  10.707  33.148 0.0000000000
119676  39.152  10.154  30.070 0.0000000000
123377  39.413  14.505  27.420 0.0000000000
122457  36.123  12.999  29.160 0.0000000000
134763  41.001  29.218  36.220 0.0000000000
116751  51.046  7.884  47.502 0.0000000000
114841  50.719  5.337  47.239 0.0000000000
112831  52.146  3.411  50.316 0.0000000000
134064  43.954  28.942  30.584 0.0000000000
126004  45.151  17.275  25.501 0.0000000000
121543  45.015  13.065  27.344 0.0000000000
124264  46.250  14.690  27.078 0.0000000000
123306  45.897  14.421  34.443 0.0000000000
125036  49.060  16.360  33.481 0.0000000000
124988  48.298  16.903  37.352 0.0000000000
124103  49.443  15.260  41.064 0.0000000000
131173  45.970  24.779  34.578 0.0000000000
132526  46.967  26.373  37.057 0.0000000000
129830  46.996  22.490  30.185 0.0000000000
129184  46.650  21.719  26.029 0.0000000000
116920  47.460  8.038  31.932 0.0000000000
116898  44.434  7.419  32.798 0.0000000000
118684  45.993  9.414  36.348 0.0000000000
116904  37.683  7.495  33.935 0.0000000000
113946  38.162  5.007  35.035 0.0000000000
131243  46.470  24.467  29.595 0.0000000000
129846  41.223  22.595  28.737 0.0000000000
130472  43.421  23.700  32.355 0.0000000000
127613  42.913  18.886  29.014 0.0000000000
136697  36.633  33.001  36.461 0.0000000000
137876  41.188  34.471  37.340 0.0000000000
132519  43.316  27.153  37.332 0.0000000000
118640  50.295  9.602  39.338 0.0000000000
117699  48.005  8.733  40.336 0.0000000000
116802  49.275  7.167  44.130 0.0000000000
112873  48.310  3.503  46.231 0.0000000000
122500  40.062  13.506  25.963 0.0000000000
118790  40.548  9.255  27.089 0.0000000000
121530  41.097  12.350  29.177 0.0000000000
120580  44.416  11.605  31.591 0.0000000000
119642  47.974  10.201  33.244 0.0000000000
124234  47.469  15.577  29.981 0.0000000000
122414  49.276  13.645  33.498 0.0000000000
120524  50.374  11.189  36.364 0.0000000000
121417  50.710  12.422  40.506 0.0000000000
120453  50.061  11.450  43.215 0.0000000000
135506  41.972  30.490  32.567 0.0000000000
133266  44.555  27.800  32.762 0.0000000000
133244  45.559  27.262  35.579 0.0000000000
132569  48.933  26.586  32.556 0.0000000000
130555  46.991  23.524  27.009 0.0000000000
126826  41.879  18.396  25.838 0.0000000000
116933  42.099  7.048  30.340 0.0000000000
115945  41.277  6.034  34.550 0.0000000000
115914  38.779  6.151  38.208 0.0000000000
116828  44.302  7.711  40.534 0.0000000000
119712  35.891  10.895  28.395 0.0000000000
119691  37.354  10.542  29.392 0.0000000000
119701  37.579  10.075  28.301 0.0000000000
122490  38.250  12.867  26.616 0.0000000000
122455  38.028  13.261  28.576 0.0000000000
121547  36.677  12.200  27.745 0.0000000000
121549  34.966  12.216  28.527 0.0000000000
116752  49.919  7.301  47.902 0.0000000000
114830  51.285  5.760  49.059 0.0000000000
114824  50.689  4.795  49.739 0.0000000000
112972  36.006  3.924  35.928 0.0000000000
127626  45.731  19.405  27.167 0.0000000000
125139  45.360  16.429  26.158 0.0000000000
126811  44.663  18.306  27.388 0.0000000000
123280  46.095  15.127  36.258 0.0000000000
124163  47.301  15.657  35.849 0.0000000000
129813  45.471  22.513  31.219 0.0000000000
130453  46.464  23.856  33.369 0.0000000000
129118  46.290  21.817  29.683 0.0000000000
128420  46.564  20.802  27.444 0.0000000000
117779  48.672  8.356  34.259 0.0000000000
117781  46.503  8.278  34.127 0.0000000000
118682  47.964  9.121  36.160 0.0000000000
120536  33.964  11.177  34.179 0.0000000000
120534  35.548  11.150  34.042 0.0000000000
118725  38.880  9.591  33.072 0.0000000000
117801  38.236  8.633  33.831 0.0000000000
116903  38.675  7.508  33.643 0.0000000000
114987  38.460  5.941  33.747 0.0000000000
114986  39.385  5.791  33.742 0.0000000000
129858  43.958  22.399  27.460 0.0000000000
130525  44.020  23.295  28.804 0.0000000000
129860  42.207  22.248  27.951 0.0000000000
120587  33.439  11.544  31.082 0.0000000000
120551  32.814  11.060  32.996 0.0000000000
131187  42.689  24.694  33.700 0.0000000000
129816  41.958  21.991  31.580 0.0000000000
130457  41.600  23.270  33.294 0.0000000000
133219  41.349  27.178  36.688 0.0000000000
134011  41.591  28.180  36.834 0.0000000000
132546  42.846  26.197  35.935 0.0000000000
131867  43.381  25.963  35.448 0.0000000000
118631  51.199  9.484  41.516 0.0000000000
117687  49.921  8.325  42.298 0.0000000000
116806  50.658  8.055  43.495 0.0000000000
111809  51.044  2.915  47.983 0.0000000000
113855  49.651  4.533  46.970 0.0000000000
110774  49.546  2.368  46.364 0.0000000000
122499  40.657  14.236  26.130 0.0000000000
122472  40.331  12.856  27.333 0.0000000000
123375  41.890  14.211  27.459 0.0000000000
121527  45.784  12.663  28.764 0.0000000000
121515  44.690  12.833  29.711 0.0000000000
121502  46.138  12.233  30.943 0.0000000000
120561  46.477  11.162  32.465 0.0000000000
120576  47.550  11.780  32.187 0.0000000000
125947  43.253  17.512  29.695 0.0000000000
124247  45.627  15.626  29.340 0.0000000000
125090  45.961  16.250  30.490 0.0000000000
124161  49.664  16.364  35.247 0.0000000000
124188  49.342  15.838  33.278 0.0000000000
122407  49.698  13.760  34.735 0.0000000000
121485  49.459  12.227  34.200 0.0000000000
121468  50.128  12.487  36.329 0.0000000000
121460  50.119  11.925  37.761 0.0000000000
121453  49.857  12.897  38.354 0.0000000000
123214  48.793  14.610  42.368 0.0000000000
123212  50.197  13.557  42.366 0.0000000000
135488  42.447  30.753  33.855 0.0000000000
133268  42.644  28.147  32.620 0.0000000000
133247  43.190  27.788  34.294 0.0000000000
137258  43.513  33.002  38.486 0.0000000000
137284  44.123  33.329  37.989 0.0000000000
136072  45.317  31.042  38.898 0.0000000000
131170  48.004  24.942  35.059 0.0000000000
133216  46.558  27.061  36.751 0.0000000000
132556  47.661  26.006  35.075 0.0000000000
132564  47.286  26.601  34.224 0.0000000000
131900  49.236  25.501  32.425 0.0000000000
131933  48.850  25.300  29.924 0.0000000000
130539  48.507  23.991  28.661 0.0000000000
126838  43.924  17.951  24.983 0.0000000000
128456  43.557  19.522  25.251 0.0000000000
126008  42.175  16.816  25.407 0.0000000000
124277  40.669  15.389  25.872 0.0000000000
118764  42.224  8.664  28.573 0.0000000000
116955  41.359  8.040  27.760 0.0000000000
115995  43.236  7.134  29.514 0.0000000000
117770  42.443  8.371  35.243 0.0000000000
116900  42.564  6.883  33.404 0.0000000000
116868  41.379  7.845  35.787 0.0000000000
115928  40.129  6.875  36.737 0.0000000000
116855  40.581  7.621  38.563 0.0000000000
116814  47.295  7.542  42.463 0.0000000000
116826  46.043  8.102  40.746 0.0000000000
116816  44.917  6.725  42.157 0.0000000000
120585  35.152  11.515  31.468 0.0000000000
120548  35.979  11.441  33.307 0.0000000000
120596  36.389  11.415  30.977 0.0000000000
119666  38.165  10.959  31.471 0.0000000000
118735  40.512  8.874  31.696 0.0000000000
126813  40.531  18.785  26.821 0.0000000000
120610  34.001  12.331  29.552 0.0000000000
118585  51.471  8.756  45.685 0.0000000000
116780  51.537  7.630  45.139 0.0000000000
115818  51.657  6.675  47.781 0.0000000000
113832  51.901  4.459  48.434 0.0000000000
125160  43.930  15.968  25.082 0.0000000000
122485  43.524  14.114  27.031 0.0000000000
123393  45.252  14.687  25.674 0.0000000000
122482  46.003  13.484  26.526 0.0000000000
122467  47.442  13.021  27.692 0.0000000000
124208  45.508  15.864  32.121 0.0000000000
125052  46.750  16.215  32.178 0.0000000000
124176  48.219  16.018  34.219 0.0000000000
125013  48.603  16.972  35.903 0.0000000000
124986  49.572  16.946  37.250 0.0000000000
123243  49.697  14.906  38.810 0.0000000000
124115  49.064  15.796  39.513 0.0000000000
123232  48.703  15.250  40.478 0.0000000000
123216  46.828  14.402  42.244 0.0000000000
136709  43.210  33.131  35.100 0.0000000000
132517  45.106  26.988  38.237 0.0000000000
133196  45.828  27.905  39.166 0.0000000000
131842  46.648  25.737  36.821 0.0000000000
131171  47.372  24.641  35.040 0.0000000000
130490  47.883  23.360  31.388 0.0000000000
129843  48.367  23.254  29.761 0.0000000000
129146  47.557  21.935  27.492 0.0000000000
127653  45.557  19.447  25.679 0.0000000000
117817  45.311  8.451  31.396 0.0000000000
115977  44.644  6.918  30.714 0.0000000000
116912  45.853  7.201  31.987 0.0000000000
117768  45.023  9.013  34.923 0.0000000000
117742  44.023  9.202  37.341 0.0000000000
111868  45.730  3.409  44.266 0.0000000000
113893  44.751  4.615  43.617 0.0000000000
116877  35.879  7.708  35.005 0.0000000000
119630  36.863  10.157  34.364 0.0000000000
117787  36.669  8.540  34.612 0.0000000000
115947  36.171  6.741  34.113 0.0000000000
114989  36.800  5.926  33.343 0.0000000000
113947  37.531  5.023  34.876 0.0000000000
113939  37.468  4.576  36.012 0.0000000000
131915  46.128  25.786  30.476 0.0000000000
131221  43.696  24.643  30.114 0.0000000000
129814  44.243  22.326  31.273 0.0000000000
127612  43.823  19.588  28.598 0.0000000000
129122  42.720  21.229  30.542 0.0000000000
127587  41.837  19.885  30.380 0.0000000000
125939  42.346  17.669  30.800 0.0000000000
125072  43.543  16.600  31.621 0.0000000000
123333  44.360  14.993  32.746 0.0000000000
137289  39.156  33.737  36.972 0.0000000000
137260  41.383  33.651  38.416 0.0000000000
136075  43.027  31.290  37.963 0.0000000000
133998  43.671  28.666  38.370 0.0000000000
132544  44.414  26.382  36.714 0.0000000000
131198  44.468  24.371  33.235 0.0000000000
118664  50.000  9.558  37.559 0.0000000000
117727  48.085  9.307  38.402 0.0000000000
117698  49.168  8.880  40.244 0.0000000000
116813  48.552  7.934  42.316 0.0000000000
115875  47.474  6.659  43.877 0.0000000000
115845  50.144  6.403  45.584 0.0000000000
114869  48.486  5.602  45.429 0.0000000000
112888  47.011  4.055  45.350 0.0000000000
121568  38.286  12.091  25.957 0.0000000000
119720  38.698  10.319  26.641 0.0000000000
119708  39.652  10.940  26.659 0.0000000000
119688  40.753  10.758  28.562 0.0000000000
119675  41.766  10.301  29.845 0.0000000000
122452  42.761  13.479  28.824 0.0000000000
121505  43.205  12.230  30.917 0.0000000000
119663  43.893  10.491  31.652 0.0000000000
118734  45.568  9.703  32.215 0.0000000000
118731  47.833  9.201  32.782 0.0000000000
118721  49.564  9.151  33.984 0.0000000000
125979  44.094  17.244  28.077 0.0000000000
123363  46.812  14.628  28.330 0.0000000000
122437  48.531  13.598  29.906 0.0000000000
125067  48.521  16.091  31.423 0.0000000000
123342  49.092  14.549  31.380 0.0000000000
121499  48.335  12.779  31.599 0.0000000000
121486  48.894  12.370  33.291 0.0000000000
120543  49.487  10.927  34.278 0.0000000000
118696  50.339  9.562  36.148 0.0000000000
119604  50.566  10.384  37.540 0.0000000000
119588  50.730  10.497  39.333 0.0000000000
120469  51.434  10.946  41.723 0.0000000000
122354  50.406  13.545  40.501 0.0000000000
121394  50.838  12.261  42.206 0.0000000000
119574  50.683  10.611  43.361 0.0000000000
118610  50.605  9.762  44.775 0.0000000000
134054  42.517  28.799  31.233 0.0000000000
134042  45.217  28.522  31.953 0.0000000000
134041  46.499  28.923  31.942 0.0000000000
133996  46.004  28.757  37.943 0.0000000000
134020  43.701  28.645  35.665 0.0000000000
132559  45.472  27.005  34.575 0.0000000000
133264  46.860  28.001  32.864 0.0000000000
133273  48.695  27.699  31.897 0.0000000000
131913  48.168  25.760  30.199 0.0000000000
131260  47.612  24.556  28.870 0.0000000000
129876  44.614  22.289  26.744 0.0000000000
130564  46.403  22.742  26.054 0.0000000000
129187  43.850  21.004  25.712 0.0000000000
127644  41.361  19.198  26.456 0.0000000000
125133  40.424  16.727  26.582 0.0000000000
123387  39.520  14.213  26.493 0.0000000000
118780  39.259  9.082  27.646 0.0000000000
117829  41.018  8.388  29.605 0.0000000000
116925  41.201  7.421  31.860 0.0000000000
115968  43.308  6.327  31.758 0.0000000000
115969  42.212  5.946  32.282 0.0000000000
114985  40.475  5.639  33.538 0.0000000000
114962  39.771  5.571  35.623 0.0000000000
114955  38.524  5.012  36.360 0.0000000000
117729  46.426  9.113  38.553 0.0000000000
117730  45.143  8.926  38.187 0.0000000000
117715  43.473  8.271  39.278 0.0000000000
114908  43.360  5.316  42.305 0.0000000000
116844  41.346  7.519  39.443 0.0000000000
110695  50.725  2.270  50.432 0.0000000000
109715  52.681  1.202  48.791 0.0000000000
120626  36.875  11.117  27.392 0.0000000000
119711  36.621  10.585  27.932 0.0000000000
119710  37.668  10.298  27.398 0.0000000000
121560  37.470  11.976  26.803 0.0000000000
121546  37.271  12.345  27.431 0.0000000000
121561  36.376  11.695  27.696 0.0000000000
121562  35.883  11.685  27.899 0.0000000000
114831  50.326  5.374  49.189 0.0000000000
128422  45.297  19.920  27.841 0.0000000000
126810  45.544  18.801  26.987 0.0000000000
128405  44.894  20.332  28.390 0.0000000000
129832  44.948  21.873  30.641 0.0000000000
129831  45.933  22.132  30.490 0.0000000000
129134  45.703  21.310  29.184 0.0000000000
129148  45.925  20.967  28.539 0.0000000000
117764  49.099  8.794  35.373 0.0000000000
117765  48.042  8.667  35.164 0.0000000000
117753  48.640  8.928  35.708 0.0000000000
120550  33.831  11.265  33.379 0.0000000000
120535  34.619  11.213  34.124 0.0000000000
120549  34.990  11.488  33.291 0.0000000000
118724  39.687  8.952  32.801 0.0000000000
117800  39.260  8.378  33.389 0.0000000000
116902  39.594  7.361  33.361 0.0000000000
115957  39.057  6.578  33.569 0.0000000000
115956  40.052  6.459  33.258 0.0000000000
129859  43.088  22.284  27.733 0.0000000000
129168  41.508  20.980  27.240 0.0000000000
120568  33.556  11.248  32.132 0.0000000000
120569  32.653  11.490  31.937 0.0000000000
119646  33.136  11.035  33.611 0.0000000000
131174  42.324  24.927  34.255 0.0000000000
131188  41.763  24.028  33.737 0.0000000000
131175  41.722  24.628  34.658 0.0000000000
132531  41.766  26.627  36.581 0.0000000000
131845  42.046  26.025  36.053 0.0000000000
131886  42.718  25.346  34.524 0.0000000000
117685  51.424  9.144  42.563 0.0000000000
117686  50.982  8.840  42.067 0.0000000000
117681  51.488  8.801  43.254 0.0000000000
111828  50.413  2.670  47.302 0.0000000000
123397  41.399  14.792  26.286 0.0000000000
123386  41.508  14.145  27.093 0.0000000000
123385  42.363  14.506  27.111 0.0000000000
121526  46.721  12.418  29.016 0.0000000000
121514  45.931  12.501  29.880 0.0000000000
121513  46.858  12.308  30.043 0.0000000000
121501  46.969  12.131  31.040 0.0000000000
125092  43.921  16.865  30.612 0.0000000000
125091  44.890  16.536  30.573 0.0000000000
124147  49.832  16.177  36.408 0.0000000000
123293  49.907  15.121  35.492 0.0000000000
122400  49.997  13.819  35.890 0.0000000000
122393  49.870  13.875  36.995 0.0000000000
121461  49.883  12.812  37.392 0.0000000000
122381  49.795  13.934  38.053 0.0000000000
122306  47.942  13.312  43.039 0.0000000000
136118  43.053  31.364  34.890 0.0000000000
136140  42.876  31.426  34.165 0.0000000000
134784  42.585  29.904  34.674 0.0000000000
134031  42.636  28.632  34.470 0.0000000000
134021  42.910  29.187  35.140 0.0000000000
136053  44.274  31.342  38.868 0.0000000000
136655  44.357  32.073  38.599 0.0000000000
135403  44.871  30.360  39.279 0.0000000000
131181  48.447  24.903  34.361 0.0000000000
131880  48.211  25.339  34.711 0.0000000000
131893  48.643  25.426  33.917 0.0000000000
131901  48.976  25.664  33.165 0.0000000000
131195  49.274  24.965  32.491 0.0000000000
131216  49.297  24.744  30.723 0.0000000000
130488  49.156  24.093  31.086 0.0000000000
125152  42.818  16.226  25.304 0.0000000000
126007  42.924  16.975  25.151 0.0000000000
124291  41.780  15.456  25.879 0.0000000000
123409  41.303  15.082  25.825 0.0000000000
118753  42.579  9.209  29.783 0.0000000000
117848  42.327  8.094  28.306 0.0000000000
117836  43.503  7.867  29.834 0.0000000000
117755  43.108  9.084  36.375 0.0000000000
117756  41.848  8.442  36.457 0.0000000000
117757  41.113  8.194  37.192 0.0000000000
117745  41.011  8.212  38.095 0.0000000000
116810  46.379  6.726  43.125 0.0000000000
116815  46.066  7.023  42.483 0.0000000000
115877  45.700  6.065  43.372 0.0000000000
120598  35.033  11.400  30.479 0.0000000000
120597  35.692  11.454  30.838 0.0000000000
119679  36.089  11.212  30.343 0.0000000000
119677  38.256  10.620  30.243 0.0000000000
119665  39.119  10.527  31.072 0.0000000000
118747  39.762  10.032  30.775 0.0000000000
125134  40.037  16.202  27.159 0.0000000000
125981  40.026  17.279  27.392 0.0000000000
124259  39.666  15.580  27.785 0.0000000000
123366  37.727  13.620  29.545 0.0000000000
123365  38.625  14.167  29.105 0.0000000000
120617  35.173  11.385  28.612 0.0000000000
120609  34.405  11.808  29.310 0.0000000000
120608  34.948  11.321  29.549 0.0000000000
120599  34.230  11.536  30.268 0.0000000000
117653  51.496  8.571  46.096 0.0000000000
117635  51.678  8.150  46.479 0.0000000000
116750  51.638  7.605  47.127 0.0000000000
114822  51.753  5.129  49.323 0.0000000000
114829  51.598  5.650  48.524 0.0000000000
113830  52.289  3.980  49.631 0.0000000000
112844  52.108  3.859  48.650 0.0000000000
111790  52.513  2.806  49.163 0.0000000000
134074  43.547  29.032  30.219 0.0000000000
134846  43.151  29.201  29.747 0.0000000000
126018  44.334  16.353  25.048 0.0000000000
123407  44.490  15.076  25.441 0.0000000000
124287  45.037  15.489  25.397 0.0000000000
124272  46.150  14.479  26.605 0.0000000000
123392  45.967  14.275  26.258 0.0000000000
122481  46.783  13.187  27.261 0.0000000000
123382  47.106  13.395  27.517 0.0000000000
123319  46.038  14.883  33.161 0.0000000000
124207  46.565  15.689  32.716 0.0000000000
124191  46.872  15.123  33.877 0.0000000000
125002  48.031  16.743  36.773 0.0000000000
125014  47.937  16.327  36.166 0.0000000000
125001  48.588  17.265  36.858 0.0000000000
125874  49.235  17.308  36.570 0.0000000000
124987  48.909  17.211  37.612 0.0000000000
124979  49.274  16.690  37.958 0.0000000000
124120  48.807  16.257  38.526 0.0000000000
123239  48.627  15.356  39.500 0.0000000000
123233  48.135  14.612  40.330 0.0000000000
123224  47.620  14.562  41.404 0.0000000000
122339  47.309  14.319  41.307 0.0000000000
131843  45.676  26.108  37.114 0.0000000000
131827  45.949  26.285  37.844 0.0000000000
131865  46.017  25.560  36.017 0.0000000000
130469  46.751  23.472  32.582 0.0000000000
131183  47.042  24.226  34.152 0.0000000000
130452  47.367  23.853  33.329 0.0000000000
130468  47.622  23.564  32.427 0.0000000000
129811  47.360  22.979  30.981 0.0000000000
129844  47.886  22.541  29.308 0.0000000000
129132  47.401  21.900  28.514 0.0000000000
127641  45.998  19.535  26.454 0.0000000000
128439  46.266  20.333  26.409 0.0000000000
126836  45.324  18.383  25.552 0.0000000000
126837  44.707  18.147  25.089 0.0000000000
117816  46.258  8.234  31.685 0.0000000000
116922  45.917  7.350  31.142 0.0000000000
116911  46.767  7.628  32.117 0.0000000000
118700  46.462  9.084  35.615 0.0000000000
117767  46.016  8.831  34.863 0.0000000000
118701  45.569  9.282  35.592 0.0000000000
118686  44.443  9.439  36.028 0.0000000000
118670  44.634  9.366  36.787 0.0000000000
117773  35.490  8.275  35.472 0.0000000000
117772  36.102  8.191  34.959 0.0000000000
120547  36.926  11.169  33.432 0.0000000000
119644  37.500  10.421  33.791 0.0000000000
117786  37.424  8.366  34.240 0.0000000000
116888  37.028  7.805  34.281 0.0000000000
116905  36.821  7.113  33.904 0.0000000000
115960  36.418  6.375  33.541 0.0000000000
115959  37.250  6.589  33.583 0.0000000000
114964  38.203  5.210  34.692 0.0000000000
114975  37.858  5.501  34.145 0.0000000000
131914  47.136  25.848  30.559 0.0000000000
131219  45.768  24.909  30.228 0.0000000000
130526  42.809  23.201  28.954 0.0000000000
131246  43.277  23.839  29.630 0.0000000000
130527  41.536  22.982  28.990 0.0000000000
130494  43.886  23.170  31.876 0.0000000000
129121  43.583  21.080  30.087 0.0000000000
129105  43.317  21.786  30.840 0.0000000000
129107  41.870  21.350  31.204 0.0000000000
126782  41.945  18.476  30.277 0.0000000000
125929  41.829  17.894  32.027 0.0000000000
125054  43.209  16.401  32.207 0.0000000000
136714  37.976  32.561  35.832 0.0000000000
136696  37.515  33.086  36.425 0.0000000000
137261  40.370  33.658  38.419 0.0000000000
136658  41.747  32.950  38.214 0.0000000000
136657  42.882  32.412  38.267 0.0000000000
133208  42.719  27.595  37.434 0.0000000000
133999  42.685  28.438  37.616 0.0000000000
134751  43.176  29.419  38.013 0.0000000000
133207  43.749  27.761  38.080 0.0000000000
132518  44.234  27.079  37.751 0.0000000000
132529  43.891  26.724  37.015 0.0000000000
131199  43.656  24.292  32.988 0.0000000000
131894  44.376  25.181  34.206 0.0000000000
130471  44.609  23.823  32.645 0.0000000000
118652  50.156  9.622  38.436 0.0000000000
118642  49.179  9.407  38.737 0.0000000000
117709  49.943  9.373  39.423 0.0000000000
116807  49.655  7.729  43.151 0.0000000000
117688  49.177  8.229  42.156 0.0000000000
116808  48.252  7.258  43.451 0.0000000000
115874  48.176  6.776  44.134 0.0000000000
115831  51.384  6.561  46.371 0.0000000000
115844  51.115  6.845  45.600 0.0000000000
115832  50.782  6.238  46.109 0.0000000000
112872  49.116  3.655  46.815 0.0000000000
113856  48.815  4.500  46.416 0.0000000000
113857  47.997  4.146  46.045 0.0000000000
113867  47.583  4.602  45.561 0.0000000000
112887  47.445  3.727  45.655 0.0000000000
111850  47.288  3.039  45.310 0.0000000000
111865  48.079  2.264  45.009 0.0000000000
121574  39.053  12.318  25.428 0.0000000000
120633  38.880  11.512  25.987 0.0000000000
121558  39.621  12.123  26.349 0.0000000000
121544  40.777  12.652  28.426 0.0000000000
121545  40.364  12.310  27.865 0.0000000000
120607  40.771  11.317  28.955 0.0000000000
119687  41.250  10.304  28.943 0.0000000000
120606  41.287  11.267  29.630 0.0000000000
122468  44.218  13.459  27.706 0.0000000000
122469  43.263  13.783  27.992 0.0000000000
122451  43.881  13.329  28.852 0.0000000000
121503  45.144  12.353  30.892 0.0000000000
121516  43.585  12.813  30.275 0.0000000000
121504  44.093  12.391  30.942 0.0000000000
120581  43.489  11.474  31.349 0.0000000000
118743  44.752  9.538  31.780 0.0000000000
119653  45.313  10.529  32.251 0.0000000000
120560  47.146  11.168  32.643 0.0000000000
119651  46.704  10.250  32.681 0.0000000000
118722  48.794  9.128  33.408 0.0000000000
119641  48.585  10.132  33.513 0.0000000000
127596  43.427  19.910  29.104 0.0000000000
127628  44.062  18.706  27.972 0.0000000000
125962  44.209  16.958  28.206 0.0000000000
124235  46.468  15.731  29.968 0.0000000000
124246  46.699  15.068  29.001 0.0000000000
124245  47.781  14.868  29.349 0.0000000000
123361  48.119  14.027  29.031 0.0000000000
124244  48.249  14.650  29.575 0.0000000000
125051  47.717  16.372  32.586 0.0000000000
125068  47.912  16.490  31.523 0.0000000000
125050  48.667  16.297  32.426 0.0000000000
123318  49.324  14.861  32.939 0.0000000000
123330  49.249  14.698  32.066 0.0000000000
122421  49.154  13.932  32.483 0.0000000000
122428  48.867  13.592  31.076 0.0000000000
122422  48.772  13.314  32.021 0.0000000000
121493  48.477  12.375  32.500 0.0000000000
122415  48.910  13.127  32.744 0.0000000000
121476  49.917  12.481  35.237 0.0000000000
120532  49.920  11.268  34.810 0.0000000000
119618  50.247  10.696  35.096 0.0000000000
119629  50.046  10.069  34.613 0.0000000000
119617  50.463  10.214  35.574 0.0000000000
119611  50.538  10.312  36.633 0.0000000000
120517  50.465  11.104  37.210 0.0000000000
121452  50.116  11.974  38.664 0.0000000000
120500  50.506  11.193  38.982 0.0000000000
120488  50.810  11.305  39.912 0.0000000000
119585  51.398  10.408  40.978 0.0000000000
120479  51.325  11.312  40.962 0.0000000000
124114  49.460  15.440  39.563 0.0000000000
123238  49.879  14.735  39.843 0.0000000000
123231  49.977  14.969  40.787 0.0000000000
121381  49.832  12.293  42.826 0.0000000000
122321  50.305  12.809  42.458 0.0000000000
120463  50.380  11.693  42.840 0.0000000000
120462  50.944  11.337  42.614 0.0000000000
118625  50.803  10.104  44.056 0.0000000000
136167  42.885  31.783  32.506 0.0000000000
136744  43.581  32.937  32.334 0.0000000000
135522  42.324  31.211  32.247 0.0000000000
134046  41.785  29.050  32.160 0.0000000000
133267  43.444  27.859  32.690 0.0000000000
134043  44.062  28.271  31.938 0.0000000000
133265  45.761  27.882  32.759 0.0000000000
132507  46.397  27.265  38.622 0.0000000000
133989  45.947  28.818  38.913 0.0000000000
133995  46.323  28.124  38.253 0.0000000000
133231  45.978  27.238  36.145 0.0000000000
133217  45.971  27.843  37.018 0.0000000000
133218  45.561  27.866  36.512 0.0000000000
133232  45.218  27.780  35.943 0.0000000000
133233  44.488  27.846  35.533 0.0000000000
133245  45.068  27.254  35.082 0.0000000000
132570  48.407  26.931  33.167 0.0000000000
133253  47.062  27.145  33.539 0.0000000000
133262  48.497  27.502  32.630 0.0000000000
134039  48.305  28.389  32.279 0.0000000000
132582  48.404  26.842  30.741 0.0000000000
132576  49.047  26.729  31.389 0.0000000000
131259  48.076  24.530  28.638 0.0000000000
130541  47.333  24.113  28.095 0.0000000000
130542  46.160  23.522  27.724 0.0000000000
130557  45.256  22.607  26.762 0.0000000000
129164  47.371  22.140  26.572 0.0000000000
129874  47.892  22.783  27.083 0.0000000000
129183  47.066  22.334  26.133 0.0000000000
127642  43.029  19.272  25.508 0.0000000000
128440  43.711  20.529  25.494 0.0000000000
128441  43.155  20.163  25.730 0.0000000000
127643  42.354  19.300  25.991 0.0000000000
126827  41.114  18.124  26.269 0.0000000000
125994  40.896  17.158  26.054 0.0000000000
123398  40.575  14.608  25.947 0.0000000000
124278  40.065  14.850  26.098 0.0000000000
123399  39.717  13.914  25.952 0.0000000000
122502  38.517  12.881  25.935 0.0000000000
118800  39.460  9.521  26.774 0.0000000000
118791  39.269  9.102  26.966 0.0000000000
117851  39.932  8.622  27.308 0.0000000000
116941  41.879  7.676  29.184 0.0000000000
117839  40.708  8.349  28.664 0.0000000000
117828  41.564  7.804  29.967 0.0000000000
117820  41.199  8.251  30.924 0.0000000000
117819  41.637  7.502  30.635 0.0000000000
116913  44.924  6.902  32.125 0.0000000000
115967  44.284  6.711  31.481 0.0000000000
116914  43.864  6.863  32.272 0.0000000000
115944  41.911  6.529  33.907 0.0000000000
115954  42.120  6.081  33.254 0.0000000000
114983  41.682  5.774  33.501 0.0000000000
114997  41.322  5.657  32.961 0.0000000000
114984  41.265  5.564  33.826 0.0000000000
114972  40.613  5.648  34.680 0.0000000000
115921  39.323  6.491  37.537 0.0000000000
114954  39.182  5.801  36.775 0.0000000000
114947  38.620  5.707  37.556 0.0000000000
114948  37.910  4.858  37.369 0.0000000000
114938  37.993  5.131  38.114 0.0000000000
117728  47.454  9.255  38.546 0.0000000000
117712  47.151  8.915  39.428 0.0000000000
117702  44.963  8.142  40.318 0.0000000000
117701  45.612  8.281  40.232 0.0000000000
117714  44.634  8.363  39.537 0.0000000000
117731  43.786  8.769  38.438 0.0000000000
116841  43.920  8.027  39.816 0.0000000000
112922  43.832  3.848  42.879 0.0000000000
114905  43.808  4.923  42.768 0.0000000000
113896  43.547  4.533  42.617 0.0000000000
119703  35.637  10.918  29.077 0.0000000000
119692  36.329  10.854  29.640 0.0000000000
119702  36.510  10.609  28.741 0.0000000000
119690  38.507  10.004  29.098 0.0000000000
122473  38.885  13.631  26.976 0.0000000000
123378  38.839  13.820  28.048 0.0000000000
122474  38.179  13.097  27.558 0.0000000000
122475  37.309  12.675  27.984 0.0000000000
122476  36.322  12.617  28.412 0.0000000000
122477  35.603  12.681  28.698 0.0000000000
121548  35.474  12.075  28.195 0.0000000000
116743  50.933  7.151  48.282 0.0000000000
116742  51.487  7.249  47.917 0.0000000000
115809  50.759  6.393  48.702 0.0000000000
114823  51.264  5.077  49.730 0.0000000000
112832  51.404  3.592  50.354 0.0000000000
126825  45.745  18.561  26.185 0.0000000000
125992  45.524  17.536  26.096 0.0000000000
125977  45.259  17.852  26.788 0.0000000000
125131  45.225  16.769  26.843 0.0000000000
124178  46.786  15.033  35.118 0.0000000000
124164  46.528  15.230  35.955 0.0000000000
124132  47.617  16.140  37.541 0.0000000000
130454  45.528  24.038  33.304 0.0000000000
131184  46.174  24.366  34.004 0.0000000000
130470  45.764  23.510  32.637 0.0000000000
130492  46.105  23.083  31.856 0.0000000000
129812  46.499  22.695  31.106 0.0000000000
129845  47.065  22.022  29.320 0.0000000000
129133  46.573  21.495  28.886 0.0000000000
128404  46.156  20.667  27.935 0.0000000000
116894  48.394  7.891  32.781 0.0000000000
116895  47.631  7.654  33.013 0.0000000000
117780  47.578  8.115  34.077 0.0000000000
118699  47.270  8.922  35.656 0.0000000000
118683  46.918  9.279  36.326 0.0000000000
119643  38.181  10.234  33.314 0.0000000000
118726  38.085  9.676  33.741 0.0000000000
115958  38.127  6.661  33.662 0.0000000000
114974  38.705  5.497  34.323 0.0000000000
130524  45.228  23.582  28.685 0.0000000000
131244  45.490  24.216  29.545 0.0000000000
130545  42.487  22.650  28.370 0.0000000000
130546  41.878  22.539  28.416 0.0000000000
120588  32.644  12.065  30.957 0.0000000000
119647  32.709  10.943  33.762 0.0000000000
119634  33.291  10.905  34.319 0.0000000000
131200  42.834  24.029  32.801 0.0000000000
129815  42.776  22.645  31.566 0.0000000000
130473  42.475  23.305  32.310 0.0000000000
129797  41.713  22.568  32.403 0.0000000000
134012  40.612  28.274  36.018 0.0000000000
133209  41.988  27.392  37.055 0.0000000000
132530  42.839  26.633  36.602 0.0000000000
132545  43.675  26.348  36.280 0.0000000000
131896  42.925  25.110  34.068 0.0000000000
117696  50.668  9.399  40.412 0.0000000000
117691  50.042  8.672  41.129 0.0000000000
117690  50.677  9.245  40.984 0.0000000000
117683  50.288  8.141  42.978 0.0000000000
112858  50.710  3.838  47.879 0.0000000000
114842  50.103  5.044  47.080 0.0000000000
112859  49.927  3.753  47.328 0.0000000000
111829  49.606  2.810  46.951 0.0000000000
111848  49.058  2.538  46.209 0.0000000000
121566  39.814  12.744  26.296 0.0000000000
122487  40.811  13.887  26.576 0.0000000000
122471  40.965  13.428  27.753 0.0000000000
122453  41.703  13.238  28.843 0.0000000000
121542  45.713  12.781  27.742 0.0000000000
121528  44.896  12.957  28.321 0.0000000000
120579  45.390  11.607  31.811 0.0000000000
120562  45.860  11.160  32.305 0.0000000000
120578  46.323  11.739  31.781 0.0000000000
120577  47.044  11.723  31.908 0.0000000000
120559  47.925  11.312  32.755 0.0000000000
126780  42.915  18.105  29.282 0.0000000000
125963  43.854  17.134  28.717 0.0000000000
125107  44.164  16.810  29.753 0.0000000000
124236  45.883  15.876  29.975 0.0000000000
125089  47.173  16.187  30.691 0.0000000000
124175  49.327  16.157  34.162 0.0000000000
123305  49.521  15.167  34.179 0.0000000000
121467  50.248  11.890  36.995 0.0000000000
121433  50.103  12.939  39.221 0.0000000000
123222  49.720  14.883  41.726 0.0000000000
123213  49.672  14.155  42.443 0.0000000000
121382  49.205  12.921  42.895 0.0000000000
136735  43.450  32.908  33.117 0.0000000000
136157  42.916  31.652  33.414 0.0000000000
135489  42.105  30.360  33.236 0.0000000000
134036  41.772  29.288  32.601 0.0000000000
134794  42.119  29.662  33.769 0.0000000000
133257  42.793  27.898  33.477 0.0000000000
133256  43.789  27.526  33.628 0.0000000000
137272  42.844  34.065  38.413 0.0000000000
137863  43.276  34.255  37.854 0.0000000000
137270  44.044  32.972  38.456 0.0000000000
136674  44.436  32.481  38.154 0.0000000000
132525  47.280  25.951  36.654 0.0000000000
132541  47.281  25.908  36.204 0.0000000000
132542  46.901  26.421  36.065 0.0000000000
132557  46.864  26.570  35.107 0.0000000000
132558  45.966  26.878  35.110 0.0000000000
132563  47.949  26.563  33.836 0.0000000000
132562  48.554  26.179  33.519 0.0000000000
132568  49.257  26.165  31.927 0.0000000000
131905  49.297  26.041  31.199 0.0000000000
131911  49.369  25.448  31.027 0.0000000000
131239  49.131  24.738  29.969 0.0000000000
130540  48.166  24.108  28.157 0.0000000000
128454  45.190  20.355  25.359 0.0000000000
129200  45.636  21.290  25.536 0.0000000000
127656  43.408  18.704  25.197 0.0000000000
126840  42.381  17.663  25.416 0.0000000000
126009  41.423  16.583  25.648 0.0000000000
125154  41.256  15.809  25.658 0.0000000000
118778  41.465  9.026  27.802 0.0000000000
117861  40.686  8.502  27.151 0.0000000000
117849  41.905  8.309  27.887 0.0000000000
116947  42.142  7.908  28.185 0.0000000000
116932  42.439  7.211  29.658 0.0000000000
117796  43.959  7.876  33.514 0.0000000000
116899  43.422  7.251  33.110 0.0000000000
117785  42.516  7.896  34.544 0.0000000000
116874  42.095  7.683  34.679 0.0000000000
115935  41.261  6.798  35.066 0.0000000000
115936  40.575  6.266  35.544 0.0000000000
116869  40.819  7.592  36.319 0.0000000000
115920  39.939  7.072  37.389 0.0000000000
116856  39.728  7.060  38.564 0.0000000000
117694  47.101  8.194  41.232 0.0000000000
117700  46.739  8.416  40.516 0.0000000000
116821  46.417  7.840  41.447 0.0000000000
116822  45.176  7.393  41.527 0.0000000000
120566  35.521  11.581  32.420 0.0000000000
120565  36.515  11.506  32.523 0.0000000000
120582  37.642  11.209  31.859 0.0000000000
119678  37.135  11.085  30.598 0.0000000000
119667  37.492  11.199  31.386 0.0000000000
120563  37.969  11.060  32.144 0.0000000000
118737  39.006  10.140  32.403 0.0000000000
118736  39.776  9.797  31.978 0.0000000000
117810  40.221  8.780  32.376 0.0000000000
128443  41.205  19.844  26.811 0.0000000000
128424  40.919  20.297  27.214 0.0000000000
125964  39.343  17.842  28.212 0.0000000000
123364  39.255  14.870  28.471 0.0000000000
121533  34.645  12.411  28.948 0.0000000000
121534  34.013  12.732  29.506 0.0000000000
120600  33.534  12.018  30.155 0.0000000000
120586  34.282  11.352  31.260 0.0000000000
133220  40.645  27.283  36.331 0.0000000000
132532  40.798  26.421  36.478 0.0000000000
117678  51.582  8.620  44.520 0.0000000000
117652  51.672  8.367  45.630 0.0000000000
115830  51.691  6.851  46.876 0.0000000000
114840  51.512  5.865  47.567 0.0000000000
113842  51.737  5.079  48.355 0.0000000000
113843  51.265  4.757  47.956 0.0000000000
112845  51.515  3.880  48.289 0.0000000000
111808  51.956  2.574  48.134 0.0000000000
124274  43.184  15.356  25.763 0.0000000000
123384  43.039  14.623  26.658 0.0000000000
123395  43.621  14.760  26.103 0.0000000000
122498  44.099  14.103  26.516 0.0000000000
122484  44.542  13.561  26.820 0.0000000000
122495  45.634  14.077  26.088 0.0000000000
121555  45.582  13.006  26.942 0.0000000000
121554  46.317  12.847  27.272 0.0000000000
121553  46.980  12.734  27.627 0.0000000000
121539  47.990  12.739  28.810 0.0000000000
124223  45.123  16.195  31.633 0.0000000000
125070  45.756  16.369  31.511 0.0000000000
125053  46.165  16.109  32.134 0.0000000000
124206  47.186  16.105  32.716 0.0000000000
124189  48.116  16.176  33.626 0.0000000000
124177  47.614  15.533  34.648 0.0000000000
125025  48.629  16.381  34.764 0.0000000000
125024  49.052  16.708  34.681 0.0000000000
125012  49.226  17.093  35.831 0.0000000000
124130  49.690  16.040  37.402 0.0000000000
123260  49.764  15.028  37.742 0.0000000000
124119  49.442  15.961  38.463 0.0000000000
124110  49.190  15.527  40.169 0.0000000000
124104  49.136  15.422  40.754 0.0000000000
123223  48.735  15.141  41.505 0.0000000000
123215  47.785  14.649  42.257 0.0000000000
122307  47.041  13.596  43.128 0.0000000000
136117  43.497  31.973  35.650 0.0000000000
133991  44.399  28.764  38.921 0.0000000000
134737  44.981  29.607  39.421 0.0000000000
132509  45.656  27.244  38.811 0.0000000000
131826  46.361  26.310  37.652 0.0000000000
131172  46.683  24.564  34.788 0.0000000000
131882  46.914  24.693  35.348 0.0000000000
131864  47.039  25.097  35.863 0.0000000000
131163  47.573  24.945  35.480 0.0000000000
131197  48.135  23.961  33.098 0.0000000000
130467  48.407  23.833  32.250 0.0000000000
130509  48.642  23.562  30.431 0.0000000000
129828  48.361  23.283  30.218 0.0000000000
129857  48.022  22.560  28.113 0.0000000000
129165  47.079  21.347  26.959 0.0000000000
128453  45.924  20.472  25.796 0.0000000000
127654  44.909  19.291  25.157 0.0000000000
125151  43.499  16.356  25.108 0.0000000000
117818  44.529  8.607  31.082 0.0000000000
117826  44.035  8.156  30.406 0.0000000000
116929  45.447  7.615  30.793 0.0000000000
115966  45.224  6.917  31.354 0.0000000000
116897  45.461  7.496  32.690 0.0000000000
117793  46.866  7.832  33.458 0.0000000000
117794  45.981  7.882  33.416 0.0000000000
117795  44.961  8.039  33.363 0.0000000000
117769  43.910  9.150  35.339 0.0000000000
117743  42.823  8.945  37.531 0.0000000000
113879  45.734  4.553  44.288 0.0000000000
113892  45.337  4.782  43.964 0.0000000000
112917  44.887  3.829  43.806 0.0000000000
116878  35.487  7.422  35.270 0.0000000000
119631  36.123  10.512  34.455 0.0000000000
118716  36.302  9.583  34.758 0.0000000000
118715  37.332  9.355  34.252 0.0000000000
116889  36.398  7.579  34.540 0.0000000000
114988  37.619  6.007  33.583 0.0000000000
114976  37.148  5.563  33.775 0.0000000000
113948  36.332  4.614  35.204 0.0000000000
131245  44.401  24.002  29.538 0.0000000000
131220  44.735  24.797  30.105 0.0000000000
129169  40.651  20.994  27.717 0.0000000000
129150  41.026  21.598  27.925 0.0000000000
129120  44.480  21.361  30.056 0.0000000000
128389  44.445  20.598  28.956 0.0000000000
129136  44.122  20.987  29.665 0.0000000000
128378  43.375  20.658  29.777 0.0000000000
127597  42.765  19.694  29.480 0.0000000000
129106  42.452  21.734  31.075 0.0000000000
127586  42.410  20.050  29.890 0.0000000000
126781  42.459  18.317  29.757 0.0000000000
125948  42.739  17.636  30.215 0.0000000000
124224  44.565  16.101  31.744 0.0000000000
123332  45.267  15.157  32.626 0.0000000000
123320  45.083  14.469  33.356 0.0000000000
137273  40.319  34.308  37.385 0.0000000000
137867  39.474  34.168  38.036 0.0000000000
137866  40.460  34.394  37.818 0.0000000000
137855  41.961  34.123  38.294 0.0000000000
137259  42.564  33.579  38.410 0.0000000000
136054  43.595  31.715  38.509 0.0000000000
136074  43.733  31.042  38.572 0.0000000000
134762  41.794  29.317  36.824 0.0000000000
135421  42.804  30.243  37.663 0.0000000000
135420  43.502  30.327  38.304 0.0000000000
134750  43.923  29.520  38.669 0.0000000000
133198  44.183  28.242  38.576 0.0000000000
132528  44.847  26.554  37.393 0.0000000000
131884  45.281  25.330  34.927 0.0000000000
131885  43.994  25.608  34.808 0.0000000000
131185  45.116  24.662  33.855 0.0000000000
130455  44.949  24.220  33.240 0.0000000000
130493  45.036  23.077  31.890 0.0000000000
118680  49.859  9.387  36.609 0.0000000000
118666  48.376  9.411  37.067 0.0000000000
118665  49.284  9.451  37.246 0.0000000000
117711  48.394  9.192  39.157 0.0000000000
117692  48.852  8.465  41.437 0.0000000000
117693  47.731  8.383  41.174 0.0000000000
116809  46.962  7.007  43.242 0.0000000000
115868  47.131  6.132  44.248 0.0000000000
116800  51.233  8.173  44.050 0.0000000000
116801  50.553  7.436  44.347 0.0000000000
115865  49.790  6.814  44.859 0.0000000000
114856  49.801  5.517  46.363 0.0000000000
114868  49.462  5.933  45.639 0.0000000000
115866  48.719  6.505  44.657 0.0000000000
114887  48.143  6.081  44.836 0.0000000000
114870  47.226  5.173  45.046 0.0000000000
114871  46.704  4.901  44.789 0.0000000000
112902  46.520  3.918  44.944 0.0000000000
121569  37.936  11.814  26.340 0.0000000000
119721  38.061  10.633  26.900 0.0000000000
119719  39.506  10.425  26.639 0.0000000000
119707  40.123  10.334  27.076 0.0000000000
121557  39.966  12.304  26.952 0.0000000000
120623  40.155  11.295  27.486 0.0000000000
118779  40.690  9.639  27.468 0.0000000000
119698  41.293  9.681  28.361 0.0000000000
118754  41.807  9.746  29.348 0.0000000000
122486  42.850  14.133  27.532 0.0000000000
122470  42.163  13.948  27.948 0.0000000000
122440  42.345  13.130  29.532 0.0000000000
122438  43.862  13.116  29.655 0.0000000000
122439  43.156  13.188  29.648 0.0000000000
121517  42.448  12.502  30.331 0.0000000000
120594  42.666  11.409  30.896 0.0000000000
119664  43.016  10.419  31.164 0.0000000000
118744  43.532  9.253  30.954 0.0000000000
118742  45.608  8.957  31.946 0.0000000000
117808  46.894  8.584  32.166 0.0000000000
119652  46.015  10.344  32.451 0.0000000000
118732  47.100  9.295  32.579 0.0000000000
117807  47.494  8.477  32.282 0.0000000000
117805  48.523  8.341  32.807 0.0000000000
117792  48.899  8.409  33.500 0.0000000000
117778  49.485  8.696  34.913 0.0000000000
127611  44.542  19.790  28.219 0.0000000000
125978  44.537  17.143  27.589 0.0000000000
125132  45.024  16.165  27.699 0.0000000000
125120  44.523  16.398  28.544 0.0000000000
124257  45.769  15.342  28.305 0.0000000000
124256  46.311  14.857  27.949 0.0000000000
123373  47.545  13.668  27.979 0.0000000000
123372  48.073  13.454  28.490 0.0000000000
121524  48.172  12.801  29.596 0.0000000000
125069  46.909  16.367  31.503 0.0000000000
125088  48.108  16.124  30.677 0.0000000000
124204  49.207  15.650  32.252 0.0000000000
124222  48.835  15.398  31.277 0.0000000000
124233  48.383  15.236  30.203 0.0000000000
123343  48.788  14.472  30.574 0.0000000000
121511  48.284  12.870  30.608 0.0000000000
121494  47.987  12.132  32.087 0.0000000000
120558  48.517  11.624  33.094 0.0000000000
120544  48.930  11.174  33.660 0.0000000000
119640  49.267  10.057  33.905 0.0000000000
118714  50.123  9.002  34.752 0.0000000000
118697  49.825  8.863  35.628 0.0000000000
118679  50.366  9.788  37.062 0.0000000000
118663  50.499  9.858  37.954 0.0000000000
118651  50.561  9.945  38.837 0.0000000000
120509  50.448  11.129  38.076 0.0000000000
119596  50.608  10.444  38.429 0.0000000000
118639  50.857  9.896  39.673 0.0000000000
118634  51.081  9.742  40.606 0.0000000000
118633  51.397  9.944  41.320 0.0000000000
122361  49.850  13.894  39.034 0.0000000000
122355  50.187  13.779  39.808 0.0000000000
121418  50.412  12.977  39.893 0.0000000000
123221  50.353  14.032  41.911 0.0000000000
122347  50.580  13.327  41.265 0.0000000000
121407  50.968  12.373  41.481 0.0000000000
120470  51.275  11.598  41.888 0.0000000000
119580  51.364  10.527  42.361 0.0000000000
118624  51.296  9.629  43.889 0.0000000000
118609  51.438  9.087  45.098 0.0000000000
118586  51.053  9.044  45.857 0.0000000000
118576  50.851  8.832  46.331 0.0000000000
117637  50.368  8.682  46.527 0.0000000000
134053  43.538  28.604  31.217 0.0000000000
134045  42.305  28.601  32.101 0.0000000000
134052  44.588  28.803  31.179 0.0000000000
134051  45.772  29.335  31.096 0.0000000000
134808  47.395  29.416  31.750 0.0000000000
135455  43.323  30.766  35.647 0.0000000000
134736  45.586  29.699  39.027 0.0000000000
135418  45.425  30.662  38.506 0.0000000000
133205  46.124  28.151  37.546 0.0000000000
134771  43.652  29.869  36.192 0.0000000000
134772  43.091  29.795  35.471 0.0000000000
134030  43.328  28.105  34.842 0.0000000000
133246  44.014  27.611  34.757 0.0000000000
133255  45.033  27.123  33.845 0.0000000000
132565  46.539  26.772  34.263 0.0000000000
133254  46.202  27.253  33.538 0.0000000000
134040  47.573  28.954  32.288 0.0000000000
134048  48.341  28.796  31.414 0.0000000000
133275  48.524  27.820  31.076 0.0000000000
131217  47.515  25.269  30.002 0.0000000000
131934  48.456  25.168  29.663 0.0000000000
131241  48.008  25.025  29.363 0.0000000000
130522  47.059  24.343  28.956 0.0000000000
130523  46.330  23.968  28.776 0.0000000000
130543  44.874  22.873  27.607 0.0000000000
129877  43.649  21.976  27.037 0.0000000000
129856  48.382  23.276  28.706 0.0000000000
130553  48.255  23.650  28.117 0.0000000000
130563  46.870  23.115  26.245 0.0000000000
129904  45.350  21.577  25.601 0.0000000000
129905  45.143  21.669  25.664 0.0000000000
129875  45.366  22.414  26.309 0.0000000000
129893  44.174  21.701  26.295 0.0000000000
129188  42.795  20.840  26.445 0.0000000000
128442  41.887  20.228  26.682 0.0000000000
125980  40.467  17.748  26.744 0.0000000000
125140  40.767  16.237  25.912 0.0000000000
125141  40.331  15.746  26.371 0.0000000000
124267  39.842  15.181  26.824 0.0000000000
121559  38.191  12.420  26.279 0.0000000000
118793  38.153  9.944  27.572 0.0000000000
118781  38.453  9.649  27.978 0.0000000000
118767  39.578  9.258  28.780 0.0000000000
117850  40.647  8.225  27.789 0.0000000000
118766  40.444  8.717  29.201 0.0000000000
118756  39.843  9.676  29.929 0.0000000000
118746  40.400  9.382  30.866 0.0000000000
117798  40.493  7.557  32.705 0.0000000000
115987  43.705  6.952  29.990 0.0000000000
115996  43.142  6.908  29.586 0.0000000000
115979  42.761  6.308  31.119 0.0000000000
115953  42.874  6.562  32.636 0.0000000000
115980  42.065  6.380  31.306 0.0000000000
115970  41.370  6.235  32.288 0.0000000000
116916  40.780  6.925  32.547 0.0000000000
114973  39.622  5.444  34.483 0.0000000000
114963  38.725  5.215  35.148 0.0000000000
115937  40.090  5.935  35.844 0.0000000000
114956  37.791  4.621  36.727 0.0000000000
118667  47.401  9.458  37.054 0.0000000000
118657  46.044  9.356  37.809 0.0000000000
117713  45.952  8.620  39.396 0.0000000000
117741  44.802  9.248  37.398 0.0000000000
117732  42.681  8.517  38.555 0.0000000000
115878  45.053  5.858  43.072 0.0000000000
115882  44.473  6.120  42.509 0.0000000000
116823  44.066  6.842  41.525 0.0000000000
114909  42.727  4.928  42.074 0.0000000000
115886  43.379  6.190  41.762 0.0000000000
116829  43.049  7.098  40.730 0.0000000000
116842  43.280  7.778  39.917 0.0000000000
117716  42.575  8.038  39.309 0.0000000000
117733  41.699  8.116  38.780 0.0000000000
116854  41.178  7.825  38.858 0.0000000000
116845  40.221  7.011  39.483 0.0000000000
112833  50.420  3.328  50.362 0.0000000000
111768  51.402  2.819  50.524 0.0000000000
110702  51.506  1.917  50.165 0.0000000000
110701  52.334  2.066  49.864 0.0000000000
110694  51.001  2.167  50.357 0.0000000000
110700  52.678  2.249  49.392 0.0000000000
110703  50.438  1.869  50.224 0.0000000000
110722  52.148  1.463  49.537 0.0000000000
110723  51.274  1.427  49.685 0.0000000000
110752  50.811  2.470  47.330 0.0000000000
110773  50.364  2.173  46.643 0.0000000000
111769  51.060  2.569  50.463 0.0000000000
111770  50.487  2.556  50.489 0.0000000000
111775  52.488  2.754  49.934 0.0000000000
111776  51.796  2.583  50.408 0.0000000000
111777  51.341  2.291  50.378 0.0000000000
111791  52.242  3.112  48.688 0.0000000000
111792  51.811  3.276  48.394 0.0000000000
111810  50.327  3.168  47.507 0.0000000000
111830  48.794  2.961  46.440 0.0000000000
111849  48.229  2.641  45.632 0.0000000000
111851  46.914  3.546  45.171 0.0000000000
111867  46.353  3.150  44.597 0.0000000000
112824  51.606  3.085  50.544 0.0000000000
112825  51.108  3.033  50.498 0.0000000000
112826  50.747  2.862  50.518 0.0000000000
112830  52.431  3.429  49.749 0.0000000000
112843  52.373  3.651  49.169 0.0000000000
112874  47.875  3.636  45.936 0.0000000000
112886  47.799  3.255  45.784 0.0000000000
112903  45.887  3.854  44.514 0.0000000000
112904  45.373  4.024  44.232 0.0000000000
112916  45.428  3.626  44.127 0.0000000000
112918  44.331  4.079  43.409 0.0000000000
112923  43.276  4.080  42.410 0.0000000000
113821  52.303  3.833  49.985 0.0000000000
113822  51.983  4.372  49.991 0.0000000000
113823  50.996  4.284  50.064 0.0000000000
113831  52.197  4.603  49.031 0.0000000000
113844  50.378  4.575  47.485 0.0000000000
113866  48.327  4.809  45.917 0.0000000000
113868  46.872  4.538  45.087 0.0000000000
113878  46.349  4.514  44.663 0.0000000000
113880  45.186  4.355  44.023 0.0000000000
113894  44.068  4.546  43.081 0.0000000000
113897  42.983  4.548  42.233 0.0000000000
113921  37.951  4.924  38.619 0.0000000000
113938  38.117  4.857  35.477 0.0000000000
113955  37.326  5.325  34.227 0.0000000000
113956  36.754  5.198  34.258 0.0000000000
114854  51.475  6.345  46.909 0.0000000000
114855  51.072  5.956  46.729 0.0000000000
114857  48.840  5.130  46.060 0.0000000000
114888  47.531  5.800  44.741 0.0000000000
114889  46.412  5.367  44.319 0.0000000000
114890  45.707  5.021  44.084 0.0000000000
114903  45.398  5.362  43.670 0.0000000000
114904  44.347  5.309  42.968 0.0000000000
114907  43.993  5.681  42.527 0.0000000000
114911  42.930  5.694  41.789 0.0000000000
114937  38.361  5.497  38.665 0.0000000000
114946  39.008  6.019  37.272 0.0000000000
114961  40.351  5.742  35.289 0.0000000000
114971  41.072  5.660  34.351 0.0000000000
114996  41.701  5.761  33.170 0.0000000000
114998  40.932  5.711  32.841 0.0000000000
115808  51.369  6.522  48.411 0.0000000000
115843  51.611  7.102  46.039 0.0000000000
115846  49.330  6.256  45.241 0.0000000000
115864  50.575  6.971  45.101 0.0000000000
115867  47.853  6.350  44.443 0.0000000000
115876  46.495  6.307  43.654 0.0000000000
115880  45.995  6.522  43.099 0.0000000000
115881  45.372  6.386  42.781 0.0000000000
115883  43.818  5.961  42.270 0.0000000000
115885  44.003  6.361  42.058 0.0000000000
115890  42.935  6.517  41.260 0.0000000000
115913  39.199  6.564  38.701 0.0000000000
115922  38.863  6.153  37.759 0.0000000000
115929  39.836  6.144  36.328 0.0000000000
115938  35.300  6.704  34.973 0.0000000000
115946  40.847  5.912  34.930 0.0000000000
115955  41.661  5.927  33.803 0.0000000000
115971  40.655  6.014  32.800 0.0000000000
115976  45.344  6.980  30.945 0.0000000000
115978  43.617  6.575  30.811 0.0000000000
115986  44.359  7.134  30.276 0.0000000000
115988  42.866  6.636  30.029 0.0000000000
115989  42.467  6.551  30.696 0.0000000000
116744  50.405  6.851  48.407 0.0000000000
116763  51.747  7.634  46.233 0.0000000000
116764  50.749  8.342  47.019 0.0000000000
116765  50.117  8.082  47.109 0.0000000000
116781  51.027  7.212  45.042 0.0000000000
116803  48.613  6.957  44.116 0.0000000000
116805  51.106  8.395  43.457 0.0000000000
116812  49.347  8.053  42.485 0.0000000000
116817  44.359  6.530  42.076 0.0000000000
116819  48.173  8.225  41.676 0.0000000000
116820  47.549  8.022  41.721 0.0000000000
116824  43.356  6.671  41.323 0.0000000000
116827  45.417  7.904  40.798 0.0000000000
116843  42.360  7.538  39.840 0.0000000000
116846  39.592  6.799  39.131 0.0000000000
116862  40.431  7.619  37.431 0.0000000000
116863  39.930  7.253  37.888 0.0000000000
116875  41.636  7.606  35.175 0.0000000000
116876  41.105  7.225  35.554 0.0000000000
116883  48.434  7.897  33.403 0.0000000000
116884  48.139  7.885  33.667 0.0000000000
116885  42.996  7.430  33.707 0.0000000000
116886  42.401  7.364  34.119 0.0000000000
116887  41.677  7.030  34.510 0.0000000000
116896  46.472  7.576  32.738 0.0000000000
116909  48.305  8.006  32.412 0.0000000000
116910  47.744  7.892  32.192 0.0000000000
116915  41.292  6.868  32.046 0.0000000000
116921  46.909  7.886  31.848 0.0000000000
116923  45.261  7.127  30.778 0.0000000000
116924  41.603  7.055  31.354 0.0000000000
116930  44.911  7.427  30.540 0.0000000000
116931  43.962  7.443  30.148 0.0000000000
116939  43.339  7.449  29.604 0.0000000000
116940  42.642  7.514  29.163 0.0000000000
116942  41.308  7.962  28.804 0.0000000000
116948  41.917  7.812  28.338 0.0000000000
116949  41.311  7.951  28.356 0.0000000000
116953  42.063  7.963  27.953 0.0000000000
116954  41.926  7.977  27.893 0.0000000000
117628  51.584  8.086  46.882 0.0000000000
117629  51.467  8.044  47.087 0.0000000000
117636  51.225  8.449  46.691 0.0000000000
117682  50.796  8.428  42.935 0.0000000000
117697  50.146  9.202  40.098 0.0000000000
117710  49.447  9.264  39.420 0.0000000000
117717  41.994  7.821  39.356 0.0000000000
117734  41.112  7.964  38.586 0.0000000000
117752  48.957  8.961  35.723 0.0000000000
117754  43.999  9.337  36.391 0.0000000000
117763  49.519  8.749  35.283 0.0000000000
117766  46.983  8.620  34.924 0.0000000000
117771  41.779  8.123  35.627 0.0000000000
117782  45.490  8.437  34.134 0.0000000000
117783  44.412  8.519  34.196 0.0000000000
117784  43.228  8.069  34.256 0.0000000000
117791  49.382  8.683  34.266 0.0000000000
117797  43.403  7.641  33.654 0.0000000000
117799  40.127  8.080  32.957 0.0000000000
117806  48.067  8.307  32.381 0.0000000000
117809  40.749  8.017  32.220 0.0000000000
117814  47.719  8.110  31.977 0.0000000000
117815  47.203  8.137  31.901 0.0000000000
117824  45.669  7.895  31.041 0.0000000000
117825  45.089  8.036  30.715 0.0000000000
117827  43.296  8.361  29.858 0.0000000000
117837  42.922  8.126  29.198 0.0000000000
117838  41.312  8.022  29.208 0.0000000000
117840  39.956  8.556  27.992 0.0000000000
117859  42.106  8.103  27.893 0.0000000000
117860  41.530  8.318  27.639 0.0000000000
117862  39.899  8.890  26.839 0.0000000000
117870  40.197  8.990  26.843 0.0000000000
117871  39.881  9.160  26.753 0.0000000000
118577  50.553  9.018  46.126 0.0000000000
118628  51.385  9.373  42.171 0.0000000000
118630  51.474  9.875  41.959 0.0000000000
118635  50.637  9.543  40.011 0.0000000000
118641  49.780  9.471  38.905 0.0000000000
118653  49.545  9.474  38.146 0.0000000000
118654  48.676  9.404  38.079 0.0000000000
118655  47.814  9.382  37.834 0.0000000000
118656  46.912  9.435  37.844 0.0000000000
118668  46.438  9.474  37.105 0.0000000000
118669  45.440  9.381  37.159 0.0000000000
118681  49.069  9.149  36.106 0.0000000000
118685  45.133  9.472  36.272 0.0000000000
118702  44.736  9.366  35.630 0.0000000000
118703  44.355  9.353  35.676 0.0000000000
118704  35.982  8.834  35.074 0.0000000000
118713  50.281  9.385  35.416 0.0000000000
118723  48.305  9.438  33.197 0.0000000000
118730  48.344  8.815  32.876 0.0000000000
118733  46.289  9.278  32.330 0.0000000000
118745  42.797  9.741  30.673 0.0000000000
118755  40.511  9.020  29.850 0.0000000000
118765  41.774  9.385  28.772 0.0000000000
118768  38.688  9.700  28.519 0.0000000000
118777  42.001  8.453  28.071 0.0000000000
118782  37.924  9.957  27.772 0.0000000000
118789  41.093  8.692  27.322 0.0000000000
118792  38.563  9.734  27.207 0.0000000000
118799  39.943  9.475  26.782 0.0000000000
118801  38.963  9.596  26.809 0.0000000000
119573  51.224  10.214  43.053 0.0000000000
119575  49.927  10.872  43.738 0.0000000000
119581  51.099  10.673  42.860 0.0000000000
119583  51.476  10.392  41.610 0.0000000000
119586  51.123  10.491  40.208 0.0000000000
119628  50.318  9.599  35.067 0.0000000000
119645  36.765  10.699  34.035 0.0000000000
119650  47.390  10.248  32.938 0.0000000000
119654  38.941  10.484  31.928 0.0000000000
119655  38.365  10.603  32.551 0.0000000000
119662  44.676  10.780  32.018 0.0000000000
119674  42.373  10.359  30.533 0.0000000000
119680  35.567  11.315  30.342 0.0000000000
119689  39.269  9.776  29.444 0.0000000000
119699  40.706  10.219  28.004 0.0000000000
119700  38.277  9.852  28.422 0.0000000000
119709  38.238  10.221  27.033 0.0000000000
119718  40.034  9.820  26.845 0.0000000000
120452  50.543  11.279  43.014 0.0000000000
120461  51.336  11.116  42.172 0.0000000000
120478  51.452  10.747  41.315 0.0000000000
120525  50.221  11.365  35.544 0.0000000000
120533  36.288  11.053  33.902 0.0000000000
120545  48.346  10.905  33.306 0.0000000000
120546  37.493  10.922  33.292 0.0000000000
120564  37.516  11.172  32.607 0.0000000000
120583  36.982  11.398  31.646 0.0000000000
120584  36.038  11.574  31.629 0.0000000000
120595  41.886  11.325  30.370 0.0000000000
120616  40.478  11.307  28.267 0.0000000000
120618  34.797  11.936  28.586 0.0000000000
120624  39.748  11.419  26.766 0.0000000000
120627  35.923  11.293  27.906 0.0000000000
120632  39.384  11.585  26.225 0.0000000000
120634  38.149  11.357  26.505 0.0000000000
120638  39.105  12.008  25.674 0.0000000000
120639  38.943  11.978  25.454 0.0000000000
121380  50.477  12.094  42.582 0.0000000000
121432  50.368  12.100  39.547 0.0000000000
121500  47.670  12.325  31.387 0.0000000000
121518  41.624  12.083  29.932 0.0000000000
121525  47.523  12.497  29.299 0.0000000000
121529  41.801  12.722  29.631 0.0000000000
121531  40.577  12.019  28.605 0.0000000000
121532  35.175  12.566  28.715 0.0000000000
121540  47.421  12.578  28.306 0.0000000000
121541  46.536  12.599  28.071 0.0000000000
121556  45.106  13.205  26.845 0.0000000000
121567  39.385  12.480  25.857 0.0000000000
121575  38.868  12.233  25.542 0.0000000000
122322  49.699  13.295  42.663 0.0000000000
122324  47.885  14.143  42.828 0.0000000000
122338  50.625  13.120  41.991 0.0000000000
122427  49.121  13.989  31.775 0.0000000000
122441  36.833  13.276  29.721 0.0000000000
122450  48.242  13.232  28.951 0.0000000000
122454  41.114  12.949  28.577 0.0000000000
122456  37.064  12.948  28.941 0.0000000000
122466  48.022  13.018  28.209 0.0000000000
122483  45.194  13.458  26.484 0.0000000000
122488  40.263  13.171  26.769 0.0000000000
122489  38.938  13.480  26.066 0.0000000000
122491  37.670  12.597  27.242 0.0000000000
122496  45.237  13.963  26.008 0.0000000000
122497  44.560  14.007  26.212 0.0000000000
122501  39.162  12.994  25.545 0.0000000000
122507  38.944  12.530  25.410 0.0000000000
122508  38.786  12.534  25.546 0.0000000000
123230  50.268  14.259  41.118 0.0000000000
123237  50.170  14.316  40.417 0.0000000000
123294  46.012  14.777  35.701 0.0000000000
123331  45.881  15.404  32.615 0.0000000000
123353  48.487  14.405  29.824 0.0000000000
123362  47.354  14.431  28.551 0.0000000000
123374  46.847  14.329  27.809 0.0000000000
123376  41.634  13.943  27.563 0.0000000000
123383  46.625  13.902  27.083 0.0000000000
123394  44.563  14.530  25.753 0.0000000000
123396  42.547  14.979  26.433 0.0000000000
123406  44.823  15.204  25.367 0.0000000000
123408  44.103  14.961  25.611 0.0000000000
123410  41.071  14.892  25.785 0.0000000000
124109  49.513  15.293  40.387 0.0000000000
124131  48.403  16.539  37.802 0.0000000000
124162  48.191  16.081  35.314 0.0000000000
124190  47.598  15.914  33.435 0.0000000000
124205  48.893  15.981  31.815 0.0000000000
124209  44.542  15.607  32.207 0.0000000000
124210  43.517  15.755  32.524 0.0000000000
124221  49.171  15.110  31.715 0.0000000000
124225  44.034  16.005  31.987 0.0000000000
124248  44.967  15.886  29.033 0.0000000000
124258  45.169  15.781  28.466 0.0000000000
124265  45.622  15.589  27.201 0.0000000000
124266  45.389  15.685  27.890 0.0000000000
124273  45.702  15.228  26.129 0.0000000000
124276  42.074  15.254  26.209 0.0000000000
124288  44.393  15.613  25.214 0.0000000000
124289  43.677  15.557  25.385 0.0000000000
124290  42.700  15.699  25.648 0.0000000000
124292  41.079  15.189  25.696 0.0000000000
124300  44.147  15.816  25.130 0.0000000000
124301  44.036  15.733  25.176 0.0000000000
124978  49.468  16.505  37.779 0.0000000000
125000  49.533  16.953  36.366 0.0000000000
125037  48.479  16.305  33.627 0.0000000000
125038  48.022  16.270  33.299 0.0000000000
125049  49.150  16.165  32.831 0.0000000000
125087  48.487  15.772  30.894 0.0000000000
125105  45.572  15.988  29.906 0.0000000000
125106  44.944  16.215  29.645 0.0000000000
125121  44.277  16.567  29.178 0.0000000000
125122  39.668  16.703  28.047 0.0000000000
125149  45.083  16.224  25.503 0.0000000000
125150  44.626  16.086  25.121 0.0000000000
125153  42.016  16.095  25.569 0.0000000000
125159  44.239  16.031  25.059 0.0000000000
125862  49.426  17.223  36.837 0.0000000000
125863  49.259  17.338  37.048 0.0000000000
125875  48.978  17.495  36.849 0.0000000000
125886  48.987  17.410  36.326 0.0000000000
125887  48.831  17.348  36.523 0.0000000000
125928  42.531  17.208  31.835 0.0000000000
125993  41.610  17.455  25.715 0.0000000000
126005  44.468  16.929  25.060 0.0000000000
126006  43.658  17.064  25.002 0.0000000000
126019  44.018  16.430  24.997 0.0000000000
126770  42.028  18.192  30.435 0.0000000000
126771  41.664  18.497  31.008 0.0000000000
126796  43.307  18.255  28.675 0.0000000000
126797  42.891  18.408  29.177 0.0000000000
126812  43.952  17.781  27.948 0.0000000000
126839  43.159  17.813  25.187 0.0000000000
127598  41.894  18.977  30.009 0.0000000000
127627  44.934  19.452  27.722 0.0000000000
127629  40.761  19.561  26.931 0.0000000000
127655  44.116  19.012  25.001 0.0000000000
127657  42.684  18.536  25.494 0.0000000000
128379  42.814  20.471  29.938 0.0000000000
128380  42.074  20.854  30.640 0.0000000000
128390  43.746  20.406  29.277 0.0000000000
128391  43.089  20.203  29.552 0.0000000000
128403  46.512  20.895  27.774 0.0000000000
128406  44.126  20.133  28.719 0.0000000000
128421  45.976  20.041  27.389 0.0000000000
128423  41.428  20.520  27.060 0.0000000000
128438  46.557  20.840  26.662 0.0000000000
128452  46.340  20.941  26.055 0.0000000000
128455  44.153  20.274  25.196 0.0000000000
129119  45.357  21.566  29.918 0.0000000000
129123  42.239  21.310  30.844 0.0000000000
129147  46.783  21.204  27.953 0.0000000000
129149  45.293  20.955  28.799 0.0000000000
129166  43.280  21.431  26.649 0.0000000000
129170  40.160  21.012  27.999 0.0000000000
129185  46.114  21.649  25.616 0.0000000000
129186  44.594  21.520  25.768 0.0000000000
129189  42.146  20.850  26.864 0.0000000000
129199  46.151  21.268  25.730 0.0000000000
129201  44.774  21.130  25.413 0.0000000000
129202  44.275  20.835  25.408 0.0000000000
129796  42.260  22.870  32.040 0.0000000000
129810  47.725  23.169  30.936 0.0000000000
129829  47.964  23.106  30.456 0.0000000000
129833  44.128  21.654  30.607 0.0000000000
129861  41.367  22.295  28.360 0.0000000000
129873  48.187  23.184  27.825 0.0000000000
129878  42.755  21.796  27.379 0.0000000000
129879  41.843  21.753  27.608 0.0000000000
129889  47.297  22.744  26.349 0.0000000000
129890  46.728  22.545  25.980 0.0000000000
129891  45.852  22.190  25.689 0.0000000000
129892  44.975  21.979  26.025 0.0000000000
130456  42.138  23.812  33.041 0.0000000000
130474  41.913  23.265  32.727 0.0000000000
130489  48.592  23.698  31.345 0.0000000000
130491  47.048  23.173  31.739 0.0000000000
130495  43.125  23.259  31.942 0.0000000000
130508  49.148  24.168  30.193 0.0000000000
130510  48.288  23.422  30.906 0.0000000000
130520  48.978  24.337  29.698 0.0000000000
130521  48.771  23.861  29.490 0.0000000000
130544  43.535  22.731  28.175 0.0000000000
130554  47.861  23.587  27.454 0.0000000000
130556  45.990  22.967  26.550 0.0000000000
130562  47.452  23.217  26.721 0.0000000000
131162  47.752  25.063  35.392 0.0000000000
131169  48.272  25.029  34.776 0.0000000000
131182  47.971  24.375  34.092 0.0000000000
131186  43.961  24.815  33.593 0.0000000000
131196  48.979  24.623  33.084 0.0000000000
131205  49.297  24.866  31.822 0.0000000000
131218  46.748  25.079  30.213 0.0000000000
131240  48.609  24.595  29.294 0.0000000000
131242  47.287  24.749  29.517 0.0000000000
131258  48.331  24.292  28.668 0.0000000000
131841  47.211  25.706  36.429 0.0000000000
131844  44.943  26.268  36.822 0.0000000000
131863  47.540  25.350  35.576 0.0000000000
131866  44.687  25.934  36.035 0.0000000000
131868  42.409  25.744  35.387 0.0000000000
131881  47.883  25.368  35.142 0.0000000000
131883  46.381  24.978  35.281 0.0000000000
131887  42.048  25.329  34.968 0.0000000000
131895  43.430  25.202  34.084 0.0000000000
131904  49.352  25.700  31.660 0.0000000000
131912  49.022  25.991  30.582 0.0000000000
131932  49.200  25.256  30.394 0.0000000000
132508  46.250  27.221  38.799 0.0000000000
132515  46.583  26.948  38.257 0.0000000000
132516  45.998  26.634  38.376 0.0000000000
132520  42.493  27.057  37.056 0.0000000000
132527  45.554  26.456  37.854 0.0000000000
132543  46.473  26.750  35.759 0.0000000000
132555  48.274  25.910  34.276 0.0000000000
132566  45.841  26.912  34.247 0.0000000000
132575  49.287  26.179  31.533 0.0000000000
133195  46.315  27.752  38.601 0.0000000000
133197  44.835  27.840  38.797 0.0000000000
133204  46.419  27.614  37.731 0.0000000000
133206  44.492  27.393  38.252 0.0000000000
133230  46.522  26.841  36.224 0.0000000000
133252  47.552  26.914  33.599 0.0000000000
133263  47.830  27.611  33.062 0.0000000000
133984  45.503  29.346  39.271 0.0000000000
133985  45.236  29.354  39.394 0.0000000000
133988  46.258  28.369  38.487 0.0000000000
133990  45.195  28.865  39.338 0.0000000000
134000  42.200  27.871  37.314 0.0000000000
134007  45.854  28.374  37.351 0.0000000000
134009  44.207  29.283  36.392 0.0000000000
134019  44.655  28.268  35.961 0.0000000000
134035  42.021  28.732  33.055 0.0000000000
134044  43.047  28.278  31.927 0.0000000000
134049  48.178  29.108  31.956 0.0000000000
134055  42.036  28.915  31.687 0.0000000000
134063  44.929  29.298  30.347 0.0000000000
134065  43.156  28.841  30.530 0.0000000000
134724  45.460  29.677  39.239 0.0000000000
134725  45.262  29.644  39.361 0.0000000000
134748  45.685  29.755  38.583 0.0000000000
134795  41.819  29.712  32.944 0.0000000000
134809  47.144  29.305  31.850 0.0000000000
134810  41.683  29.781  32.226 0.0000000000
135390  45.319  29.993  39.262 0.0000000000
135391  45.101  29.909  39.380 0.0000000000
135402  45.390  30.514  39.026 0.0000000000
135404  44.162  30.384  38.898 0.0000000000
135471  42.713  30.828  34.558 0.0000000000
135505  42.386  31.102  32.988 0.0000000000
136051  45.256  30.892  39.048 0.0000000000
136052  45.021  31.237  39.081 0.0000000000
136166  43.307  32.437  32.033 0.0000000000
136656  43.825  32.263  38.643 0.0000000000
136695  38.542  33.148  36.388 0.0000000000
136716  36.174  32.515  36.050 0.0000000000
137257  43.989  32.648  38.646 0.0000000000
137271  43.442  33.821  38.279 0.0000000000
137274  39.749  34.131  37.509 0.0000000000
137290  38.015  33.497  37.056 0.0000000000
137854  42.529  34.104  38.365 0.0000000000
137856  40.941  34.214  38.364 0.0000000000
137857  39.980  34.072  38.293 0.0000000000
137864  42.655  34.381  38.102 0.0000000000
137865  41.575  34.543  37.985 0.0000000000
137874  42.989  34.382  37.500 0.0000000000
137875  42.201  34.452  37.412 0.0000000000
137877  40.605  34.389  37.345 0.0000000000
