#!ascii label  , from subject A00073330 vox2ras=TkReg
486
85772  18.498  -21.919  1.341 0.0000000000
94706  24.183  -13.567  0.700 0.0000000000
104980  20.414  -4.701  -5.321 0.0000000000
100414  16.715  -8.826  -1.116 0.0000000000
81205  19.477  -25.876  2.624 0.0000000000
84662  22.398  -22.305  1.908 0.0000000000
89055  20.821  -18.201  -0.417 0.0000000000
94740  19.737  -13.720  -2.152 0.0000000000
100412  22.702  -8.449  -1.864 0.0000000000
108143  25.612  -2.041  -0.408 0.0000000000
109333  19.307  -0.459  -5.096 0.0000000000
82352  19.053  -24.221  1.827 0.0000000000
82333  21.051  -24.282  2.191 0.0000000000
84680  20.662  -22.214  0.701 0.0000000000
92460  17.809  -15.631  -0.443 0.0000000000
94709  16.026  -13.278  0.511 0.0000000000
101613  18.262  -7.411  -3.808 0.0000000000
99289  19.466  -9.550  -3.879 0.0000000000
102789  21.128  -6.609  -3.389 0.0000000000
103844  23.458  -5.498  -0.570 0.0000000000
106026  22.610  -3.588  -2.354 0.0000000000
111375  18.495  1.408  -2.448 0.0000000000
109311  17.392  -0.840  -2.916 0.0000000000
111410  19.447  1.494  -5.130 0.0000000000
91294  22.671  -16.207  -0.238 0.0000000000
87966  23.796  -19.026  0.579 0.0000000000
91278  24.917  -16.294  0.870 0.0000000000
104944  17.279  -5.027  -3.096 0.0000000000
96941  26.463  -11.204  1.089 0.0000000000
87972  17.335  -19.193  1.087 0.0000000000
86836  19.858  -20.365  0.464 0.0000000000
89078  18.924  -17.955  -0.294 0.0000000000
91311  20.078  -16.204  -0.970 0.0000000000
94724  21.448  -13.905  -1.452 0.0000000000
96974  17.093  -11.364  -1.324 0.0000000000
96990  21.197  -11.539  -2.819 0.0000000000
96958  23.519  -10.969  -0.160 0.0000000000
100374  24.956  -8.408  0.973 0.0000000000
106029  17.142  -2.874  -2.629 0.0000000000
107076  20.307  -2.637  -5.321 0.0000000000
110396  20.269  1.048  -7.634 0.0000000000
110371  22.122  0.546  -6.188 0.0000000000
109320  22.559  -0.961  -4.128 0.0000000000
110317  24.813  -0.044  -2.812 0.0000000000
86834  21.909  -20.543  0.522 0.0000000000
85774  16.851  -20.832  2.061 0.0000000000
85757  17.361  -22.315  2.242 0.0000000000
84666  18.919  -22.796  1.436 0.0000000000
84665  19.938  -22.797  1.068 0.0000000000
85771  19.323  -22.155  1.129 0.0000000000
103899  19.719  -5.944  -5.046 0.0000000000
102808  20.120  -6.747  -4.634 0.0000000000
103882  20.854  -5.653  -4.055 0.0000000000
104955  21.783  -4.667  -3.142 0.0000000000
106037  21.487  -3.757  -3.936 0.0000000000
111374  18.828  1.853  -2.875 0.0000000000
110319  18.670  1.027  -2.770 0.0000000000
112443  19.354  2.369  -4.421 0.0000000000
93561  23.767  -14.544  0.430 0.0000000000
91279  24.203  -16.228  0.419 0.0000000000
93544  24.624  -14.636  0.892 0.0000000000
103830  16.944  -5.647  -0.896 0.0000000000
103850  16.634  -4.843  -1.285 0.0000000000
80059  18.223  -25.987  2.677 0.0000000000
80045  18.439  -26.622  3.063 0.0000000000
80043  20.213  -26.544  3.512 0.0000000000
81193  20.688  -25.939  3.610 0.0000000000
83474  21.410  -23.713  2.078 0.0000000000
82318  21.840  -24.002  3.492 0.0000000000
89058  17.697  -18.483  0.409 0.0000000000
90135  17.300  -17.504  0.519 0.0000000000
93579  18.355  -14.216  -1.164 0.0000000000
92458  19.563  -15.617  -1.289 0.0000000000
92470  19.707  -15.029  -1.592 0.0000000000
92456  20.835  -15.049  -1.476 0.0000000000
93590  20.644  -14.151  -1.809 0.0000000000
96975  16.375  -11.007  -0.591 0.0000000000
98108  16.910  -10.316  -1.461 0.0000000000
99287  20.801  -9.592  -3.644 0.0000000000
98137  20.690  -10.551  -3.434 0.0000000000
98122  21.740  -10.468  -2.570 0.0000000000
96972  21.876  -11.571  -2.119 0.0000000000
98106  22.601  -9.867  -1.306 0.0000000000
99239  23.893  -9.398  0.292 0.0000000000
100395  23.619  -8.437  -0.405 0.0000000000
106004  24.570  -3.602  -0.161 0.0000000000
103824  24.977  -5.567  0.603 0.0000000000
109321  18.067  -0.711  -3.588 0.0000000000
108183  17.521  -1.515  -3.293 0.0000000000
108182  18.103  -1.752  -3.911 0.0000000000
107078  18.600  -2.614  -4.274 0.0000000000
108193  19.809  -1.519  -5.301 0.0000000000
109331  22.077  -0.894  -4.852 0.0000000000
110336  22.905  -0.161  -4.185 0.0000000000
109318  23.911  -0.591  -3.064 0.0000000000
87969  20.418  -19.422  0.050 0.0000000000
86835  20.963  -20.470  0.214 0.0000000000
87968  21.778  -19.393  0.065 0.0000000000
87965  25.017  -18.929  0.870 0.0000000000
87947  24.328  -19.954  0.709 0.0000000000
82337  17.757  -24.387  2.259 0.0000000000
82335  19.482  -24.824  1.915 0.0000000000
82320  20.385  -24.989  2.575 0.0000000000
82351  19.875  -24.223  1.539 0.0000000000
83492  21.065  -23.823  1.420 0.0000000000
84663  21.747  -22.887  1.371 0.0000000000
92444  16.038  -15.401  0.841 0.0000000000
93581  16.787  -14.386  -0.055 0.0000000000
94726  17.586  -13.381  -0.786 0.0000000000
100428  17.612  -8.202  -2.459 0.0000000000
99276  17.791  -9.494  -2.581 0.0000000000
100456  19.077  -8.557  -4.034 0.0000000000
100438  20.401  -8.652  -4.176 0.0000000000
101598  21.506  -7.564  -2.798 0.0000000000
101579  22.755  -7.515  -1.674 0.0000000000
103865  22.450  -5.684  -1.988 0.0000000000
106016  22.893  -3.939  -1.628 0.0000000000
107042  23.561  -2.696  -1.633 0.0000000000
110306  16.975  0.078  -0.728 0.0000000000
109296  17.829  0.162  -1.981 0.0000000000
110357  18.743  0.088  -3.738 0.0000000000
110374  19.371  0.470  -5.416 0.0000000000
90132  22.302  -17.130  -0.281 0.0000000000
89075  22.682  -18.677  -0.111 0.0000000000
90131  23.345  -17.128  -0.043 0.0000000000
89052  24.225  -17.872  0.583 0.0000000000
101562  16.874  -7.824  -0.105 0.0000000000
102735  17.326  -6.539  -0.860 0.0000000000
103884  17.671  -5.621  -3.381 0.0000000000
104969  19.023  -4.782  -5.171 0.0000000000
82307  21.323  -25.034  3.673 0.0000000000
95845  24.859  -12.452  1.056 0.0000000000
94687  25.250  -13.528  1.309 0.0000000000
86838  17.762  -20.031  1.133 0.0000000000
85790  19.267  -21.284  0.877 0.0000000000
87971  18.221  -19.392  0.547 0.0000000000
89056  19.680  -18.577  -0.124 0.0000000000
89077  19.817  -17.734  -0.486 0.0000000000
91313  18.418  -16.373  -0.595 0.0000000000
90150  19.910  -16.991  -0.754 0.0000000000
90149  20.704  -16.966  -0.664 0.0000000000
91309  21.240  -15.654  -0.748 0.0000000000
93563  22.248  -14.556  -0.470 0.0000000000
94707  22.767  -13.517  0.084 0.0000000000
95858  16.953  -12.152  -0.696 0.0000000000
95883  18.442  -12.619  -2.076 0.0000000000
98124  18.405  -10.486  -2.939 0.0000000000
96991  19.641  -11.790  -2.768 0.0000000000
94759  20.343  -12.925  -2.418 0.0000000000
94737  21.355  -12.922  -1.797 0.0000000000
95857  22.137  -12.458  -1.253 0.0000000000
95847  23.453  -12.617  0.163 0.0000000000
96943  24.132  -11.506  0.429 0.0000000000
99221  25.761  -9.373  1.085 0.0000000000
102730  23.798  -6.431  0.071 0.0000000000
106041  16.923  -3.770  -2.864 0.0000000000
106052  18.962  -3.770  -5.034 0.0000000000
106051  19.864  -3.499  -5.454 0.0000000000
111428  19.350  1.002  -5.788 0.0000000000
109347  20.216  -0.159  -6.304 0.0000000000
110387  20.974  0.717  -7.215 0.0000000000
108203  20.494  -0.959  -5.678 0.0000000000
108202  21.114  -1.209  -5.555 0.0000000000
108191  21.479  -1.610  -4.945 0.0000000000
107065  21.483  -3.159  -4.362 0.0000000000
108181  22.684  -1.787  -3.552 0.0000000000
108170  23.750  -1.861  -2.370 0.0000000000
109294  25.424  -0.834  -1.412 0.0000000000
85789  20.351  -21.315  0.586 0.0000000000
85788  21.352  -21.490  0.574 0.0000000000
85769  22.541  -21.567  1.375 0.0000000000
87949  22.499  -19.925  0.532 0.0000000000
86819  22.648  -20.644  0.913 0.0000000000
85773  17.499  -21.599  1.750 0.0000000000
84667  17.926  -22.645  1.853 0.0000000000
103915  19.891  -5.304  -5.423 0.0000000000
103898  20.412  -5.651  -4.974 0.0000000000
104968  20.858  -4.784  -4.761 0.0000000000
104956  21.166  -4.740  -3.924 0.0000000000
106038  21.069  -4.100  -4.494 0.0000000000
112429  19.247  2.530  -3.557 0.0000000000
80058  18.888  -26.140  2.707 0.0000000000
80044  19.391  -26.537  3.088 0.0000000000
81204  20.243  -25.647  3.004 0.0000000000
84647  22.016  -22.908  2.328 0.0000000000
83461  21.755  -23.482  3.013 0.0000000000
84633  22.339  -22.846  3.040 0.0000000000
84646  22.643  -22.324  2.568 0.0000000000
89059  16.786  -18.289  1.264 0.0000000000
93593  19.142  -14.619  -1.468 0.0000000000
93592  19.675  -14.335  -1.830 0.0000000000
93591  20.193  -14.193  -1.960 0.0000000000
98109  16.449  -10.367  -0.768 0.0000000000
99259  16.507  -9.523  -0.956 0.0000000000
100426  22.061  -8.494  -2.390 0.0000000000
99274  21.374  -9.559  -3.123 0.0000000000
99273  21.925  -9.496  -2.450 0.0000000000
98107  22.390  -10.487  -1.668 0.0000000000
99257  22.447  -9.353  -1.833 0.0000000000
99256  22.889  -9.308  -1.242 0.0000000000
100411  23.153  -8.433  -1.161 0.0000000000
107029  25.036  -2.707  -0.224 0.0000000000
106003  25.478  -3.717  0.392 0.0000000000
109334  18.751  -0.389  -4.333 0.0000000000
108194  18.774  -1.433  -4.598 0.0000000000
110354  23.359  0.634  -5.002 0.0000000000
111408  24.242  1.216  -5.100 0.0000000000
110353  24.534  0.850  -4.419 0.0000000000
89054  22.115  -18.308  -0.217 0.0000000000
83495  18.437  -23.617  1.868 0.0000000000
82353  18.448  -24.265  1.985 0.0000000000
82336  18.589  -24.790  2.032 0.0000000000
83493  20.299  -23.635  1.258 0.0000000000
84664  20.928  -23.120  0.792 0.0000000000
83491  21.411  -23.488  1.593 0.0000000000
84679  21.379  -22.403  0.751 0.0000000000
93565  16.222  -14.388  0.359 0.0000000000
94727  16.700  -13.790  -0.081 0.0000000000
101614  17.850  -7.846  -3.222 0.0000000000
101631  18.911  -8.008  -4.158 0.0000000000
102790  20.583  -6.644  -4.091 0.0000000000
101629  19.988  -7.740  -4.560 0.0000000000
101612  20.500  -7.681  -4.153 0.0000000000
101611  20.954  -7.616  -3.487 0.0000000000
102772  21.715  -6.598  -2.719 0.0000000000
102771  22.285  -6.598  -2.111 0.0000000000
104954  22.300  -4.316  -2.653 0.0000000000
104942  22.602  -4.668  -1.927 0.0000000000
106025  23.070  -3.282  -1.791 0.0000000000
106015  23.476  -3.642  -1.140 0.0000000000
111366  18.243  1.926  -1.889 0.0000000000
110297  17.079  1.041  -0.384 0.0000000000
110305  17.565  0.774  -1.440 0.0000000000
110320  18.233  0.757  -2.277 0.0000000000
111391  19.173  1.592  -3.962 0.0000000000
110338  18.985  0.858  -3.410 0.0000000000
110356  19.131  0.504  -4.434 0.0000000000
91293  23.449  -16.239  0.094 0.0000000000
90130  24.001  -16.906  0.290 0.0000000000
90121  24.597  -16.998  0.699 0.0000000000
89040  24.952  -17.553  0.907 0.0000000000
101540  16.579  -7.638  0.816 0.0000000000
101539  17.081  -7.202  0.233 0.0000000000
101561  17.259  -7.449  -0.644 0.0000000000
103867  17.155  -5.490  -2.677 0.0000000000
102773  17.314  -6.228  -2.369 0.0000000000
103883  18.216  -5.646  -4.093 0.0000000000
104957  18.403  -4.674  -4.522 0.0000000000
81203  20.916  -25.356  3.461 0.0000000000
82319  21.039  -24.494  3.027 0.0000000000
82306  22.100  -24.673  4.132 0.0000000000
96942  25.479  -11.583  1.084 0.0000000000
86839  16.864  -19.818  1.638 0.0000000000
89079  18.207  -18.104  -0.066 0.0000000000
89057  18.666  -18.692  0.074 0.0000000000
91314  17.570  -16.358  -0.087 0.0000000000
91312  19.295  -16.319  -0.968 0.0000000000
91310  20.705  -15.905  -0.815 0.0000000000
90148  21.397  -16.508  -0.532 0.0000000000
93578  21.203  -14.339  -1.507 0.0000000000
92455  21.478  -15.095  -0.919 0.0000000000
93577  21.707  -14.443  -0.996 0.0000000000
94708  22.400  -14.055  -0.347 0.0000000000
94723  21.882  -13.482  -1.102 0.0000000000
96961  16.604  -11.473  -0.657 0.0000000000
95868  17.957  -12.708  -1.603 0.0000000000
96993  18.152  -12.007  -2.159 0.0000000000
99290  18.693  -9.915  -3.447 0.0000000000
99275  18.266  -9.888  -3.058 0.0000000000
97006  20.590  -11.385  -3.127 0.0000000000
97007  20.207  -11.386  -3.158 0.0000000000
95897  20.349  -11.962  -2.804 0.0000000000
95881  19.842  -12.327  -2.644 0.0000000000
95879  20.741  -12.243  -2.680 0.0000000000
94758  20.607  -12.720  -2.440 0.0000000000
95866  21.234  -12.481  -2.325 0.0000000000
98094  22.748  -11.028  -0.953 0.0000000000
96960  22.512  -11.618  -1.155 0.0000000000
96959  23.263  -11.598  -0.378 0.0000000000
95856  22.707  -12.464  -0.508 0.0000000000
99222  24.818  -9.421  0.717 0.0000000000
100373  25.884  -8.314  1.355 0.0000000000
102750  23.166  -6.505  -0.644 0.0000000000
109297  17.281  -0.587  -1.789 0.0000000000
108162  17.071  -1.246  -1.876 0.0000000000
107067  17.260  -2.370  -2.915 0.0000000000
108173  16.925  -2.003  -1.926 0.0000000000
107057  17.064  -2.435  -2.255 0.0000000000
106030  16.879  -3.323  -2.220 0.0000000000
106040  17.258  -3.363  -3.168 0.0000000000
107077  19.435  -2.588  -4.947 0.0000000000
106039  18.156  -3.585  -3.968 0.0000000000
111427  19.556  1.652  -6.300 0.0000000000
110388  20.049  0.751  -6.911 0.0000000000
110373  19.605  0.551  -6.131 0.0000000000
110386  21.825  0.985  -7.130 0.0000000000
110372  21.268  0.173  -6.553 0.0000000000
109359  20.821  0.101  -6.598 0.0000000000
109346  21.218  -0.482  -6.114 0.0000000000
109332  21.559  -0.938  -5.422 0.0000000000
110337  22.514  -0.539  -4.554 0.0000000000
108190  22.116  -1.704  -4.370 0.0000000000
107074  21.691  -2.171  -4.528 0.0000000000
107064  21.976  -2.719  -4.025 0.0000000000
110318  24.265  -0.333  -2.982 0.0000000000
109309  23.729  -1.135  -2.885 0.0000000000
109308  24.353  -0.862  -2.468 0.0000000000
109295  24.782  -1.016  -1.713 0.0000000000
109307  25.156  -0.453  -2.078 0.0000000000
85787  22.105  -21.276  0.811 0.0000000000
85770  21.901  -21.992  0.876 0.0000000000
89053  23.104  -18.305  -0.081 0.0000000000
87988  22.710  -18.954  -0.026 0.0000000000
87967  22.841  -19.178  0.196 0.0000000000
86818  23.572  -20.715  1.154 0.0000000000
85768  23.355  -21.223  1.701 0.0000000000
83494  19.423  -23.569  1.474 0.0000000000
84681  19.925  -21.963  0.868 0.0000000000
102810  18.653  -6.868  -4.425 0.0000000000
102809  19.472  -6.813  -4.711 0.0000000000
103881  21.380  -5.641  -3.276 0.0000000000
106036  22.194  -3.652  -3.252 0.0000000000
111365  18.747  2.493  -2.291 0.0000000000
92441  22.794  -15.413  -0.071 0.0000000000
92440  23.596  -15.430  0.262 0.0000000000
92421  24.426  -15.443  0.608 0.0000000000
92420  25.191  -15.500  1.115 0.0000000000
103868  16.550  -4.945  -2.131 0.0000000000
81221  17.987  -25.328  2.313 0.0000000000
80060  17.645  -25.718  2.820 0.0000000000
78788  20.301  -27.084  4.024 0.0000000000
80033  20.781  -26.450  4.097 0.0000000000
87973  16.749  -19.128  1.521 0.0000000000
90134  17.816  -17.867  0.150 0.0000000000
92459  18.681  -15.342  -1.010 0.0000000000
92471  19.308  -15.164  -1.362 0.0000000000
92457  20.206  -15.447  -1.369 0.0000000000
92469  20.214  -14.808  -1.783 0.0000000000
98125  17.654  -10.743  -2.282 0.0000000000
99288  20.134  -9.519  -4.059 0.0000000000
98138  20.136  -10.553  -3.542 0.0000000000
98123  21.258  -10.502  -3.136 0.0000000000
96989  21.526  -11.055  -2.708 0.0000000000
98093  22.956  -10.366  -0.689 0.0000000000
98092  23.665  -10.348  0.072 0.0000000000
99240  23.369  -9.380  -0.533 0.0000000000
100394  24.160  -8.429  0.371 0.0000000000
104928  23.802  -4.529  -0.532 0.0000000000
103825  24.222  -5.378  0.029 0.0000000000
104917  24.773  -4.569  0.237 0.0000000000
104916  25.434  -4.503  0.524 0.0000000000
109322  17.581  -0.997  -3.330 0.0000000000
107066  17.767  -2.525  -3.623 0.0000000000
109345  21.870  -0.381  -5.517 0.0000000000
110355  22.469  -0.127  -5.040 0.0000000000
109319  23.260  -0.829  -3.447 0.0000000000
110335  24.013  0.099  -3.637 0.0000000000
82338  17.189  -24.522  2.823 0.0000000000
81220  18.928  -25.518  2.291 0.0000000000
81219  19.879  -25.316  2.297 0.0000000000
82334  20.520  -24.546  1.959 0.0000000000
82350  20.460  -24.101  1.488 0.0000000000
83475  21.067  -24.160  1.852 0.0000000000
92443  16.981  -15.360  0.144 0.0000000000
93564  16.839  -14.703  -0.015 0.0000000000
93580  17.463  -14.616  -0.450 0.0000000000
94741  18.846  -13.592  -1.823 0.0000000000
100413  17.222  -8.429  -1.578 0.0000000000
100441  18.137  -8.955  -3.118 0.0000000000
100439  19.186  -8.872  -3.984 0.0000000000
101630  19.394  -7.795  -4.438 0.0000000000
100454  19.871  -8.600  -4.387 0.0000000000
100437  20.894  -8.625  -3.619 0.0000000000
100427  21.423  -8.564  -2.964 0.0000000000
101597  22.205  -7.535  -2.286 0.0000000000
102751  22.675  -6.572  -1.390 0.0000000000
103845  22.842  -5.580  -1.251 0.0000000000
103866  21.946  -5.686  -2.601 0.0000000000
104929  23.184  -4.641  -1.198 0.0000000000
107041  24.113  -2.800  -0.781 0.0000000000
109310  17.876  -0.150  -2.610 0.0000000000
110339  18.397  0.341  -3.091 0.0000000000
90133  21.498  -17.435  -0.466 0.0000000000
100396  16.904  -8.216  -0.737 0.0000000000
101580  17.422  -7.350  -1.602 0.0000000000
101599  17.580  -7.095  -2.408 0.0000000000
102752  17.271  -6.401  -1.681 0.0000000000
102791  18.040  -6.439  -3.826 0.0000000000
103916  19.418  -5.317  -5.233 0.0000000000
104982  19.528  -4.792  -5.452 0.0000000000
94705  24.578  -13.021  0.972 0.0000000000
94688  24.795  -14.090  1.178 0.0000000000
85792  17.282  -20.584  1.586 0.0000000000
85791  18.144  -20.961  1.181 0.0000000000
86837  18.786  -20.222  0.822 0.0000000000
87970  19.306  -19.415  0.384 0.0000000000
90153  17.447  -16.911  0.209 0.0000000000
90152  18.065  -17.312  -0.181 0.0000000000
90151  19.076  -17.147  -0.621 0.0000000000
89076  20.338  -17.478  -0.584 0.0000000000
91295  21.864  -15.967  -0.462 0.0000000000
92442  22.110  -15.277  -0.491 0.0000000000
93562  22.837  -14.609  0.124 0.0000000000
95859  16.315  -12.632  0.106 0.0000000000
94742  18.165  -13.361  -1.432 0.0000000000
94761  19.400  -13.320  -2.234 0.0000000000
99258  17.161  -9.558  -1.663 0.0000000000
98139  19.628  -10.716  -3.395 0.0000000000
98140  19.223  -11.008  -3.071 0.0000000000
96992  18.992  -11.586  -2.624 0.0000000000
95882  19.030  -12.729  -2.331 0.0000000000
94760  19.818  -13.135  -2.409 0.0000000000
94739  20.292  -13.570  -2.154 0.0000000000
94738  20.915  -13.249  -1.921 0.0000000000
96973  21.475  -12.066  -2.332 0.0000000000
95865  21.614  -12.510  -1.837 0.0000000000
94722  22.323  -12.984  -0.677 0.0000000000
95846  24.184  -12.544  0.560 0.0000000000
98078  24.575  -10.447  0.635 0.0000000000
98077  25.628  -10.393  0.897 0.0000000000
101578  23.144  -7.498  -0.905 0.0000000000
101560  23.674  -7.460  -0.155 0.0000000000
102729  24.609  -6.424  0.589 0.0000000000
101533  25.174  -7.372  0.983 0.0000000000
108172  17.146  -1.567  -2.328 0.0000000000
104934  16.532  -4.109  -1.675 0.0000000000
104945  16.856  -4.415  -2.733 0.0000000000
104958  17.624  -4.541  -3.497 0.0000000000
106060  19.623  -4.218  -5.524 0.0000000000
106059  20.193  -4.166  -5.624 0.0000000000
112442  19.472  2.567  -5.123 0.0000000000
109348  19.617  -0.092  -5.769 0.0000000000
109360  20.521  0.347  -6.741 0.0000000000
108204  19.908  -0.634  -5.611 0.0000000000
108192  20.718  -1.762  -5.247 0.0000000000
107075  21.177  -2.657  -4.760 0.0000000000
106050  20.707  -3.760  -5.165 0.0000000000
106049  21.189  -3.484  -4.572 0.0000000000
107054  22.548  -2.728  -3.040 0.0000000000
108180  23.291  -1.530  -3.014 0.0000000000
108171  23.053  -2.100  -2.850 0.0000000000
107053  23.062  -2.682  -2.321 0.0000000000
108158  24.165  -2.134  -1.562 0.0000000000
108157  24.830  -1.694  -0.988 0.0000000000
108156  25.885  -1.275  -0.764 0.0000000000
110316  25.953  0.106  -2.439 0.0000000000
110304  26.160  -0.232  -1.896 0.0000000000
109293  26.313  -0.602  -1.435 0.0000000000
87989  22.446  -18.924  -0.039 0.0000000000
87948  23.291  -19.903  0.737 0.0000000000
93543  25.362  -14.619  1.295 0.0000000000
86820  16.572  -19.738  1.861 0.0000000000
89051  25.135  -18.062  1.002 0.0000000000
89074  22.898  -18.796  -0.055 0.0000000000
92468  20.488  -14.554  -1.802 0.0000000000
94725  18.250  -13.662  -1.338 0.0000000000
95848  15.861  -12.721  0.575 0.0000000000
95867  18.565  -12.950  -2.038 0.0000000000
95880  20.386  -12.415  -2.631 0.0000000000
95896  20.493  -11.764  -2.905 0.0000000000
95898  20.169  -12.121  -2.746 0.0000000000
96944  23.766  -12.070  0.197 0.0000000000
97008  19.881  -11.639  -2.954 0.0000000000
97009  19.508  -11.524  -2.858 0.0000000000
99291  18.219  -9.573  -3.082 0.0000000000
99303  19.803  -9.025  -4.261 0.0000000000
99304  19.727  -9.216  -4.138 0.0000000000
100440  18.701  -8.646  -3.737 0.0000000000
100455  19.444  -8.710  -4.195 0.0000000000
102712  17.199  -6.496  -0.038 0.0000000000
102792  17.704  -6.587  -3.109 0.0000000000
103849  16.882  -5.614  -1.877 0.0000000000
103900  18.966  -5.728  -4.797 0.0000000000
103914  20.207  -5.107  -5.413 0.0000000000
104905  25.369  -5.044  0.536 0.0000000000
104918  24.291  -4.682  -0.192 0.0000000000
104927  24.279  -4.221  -0.259 0.0000000000
104943  22.226  -5.002  -2.479 0.0000000000
104959  17.059  -4.021  -3.139 0.0000000000
104981  20.008  -4.740  -5.656 0.0000000000
105991  25.757  -4.329  0.571 0.0000000000
106014  24.008  -3.740  -0.551 0.0000000000
106061  19.270  -4.385  -5.350 0.0000000000
108169  24.428  -1.544  -1.869 0.0000000000
109306  25.792  -0.384  -1.844 0.0000000000
110303  26.604  -0.085  -1.870 0.0000000000
