#!ascii label  , from subject A00073330 vox2ras=TkReg
350
28190  46.304  -66.652  22.419 0.0000000000
25783  41.503  -69.003  13.041 0.0000000000
21830  40.901  -71.238  24.460 0.0000000000
25614  38.412  -68.268  21.330 0.0000000000
25741  47.840  -69.183  15.727 0.0000000000
24404  44.833  -69.216  19.536 0.0000000000
24441  49.637  -70.221  17.923 0.0000000000
25698  39.929  -68.203  17.069 0.0000000000
28262  35.625  -66.319  20.103 0.0000000000
26878  42.848  -67.784  24.403 0.0000000000
23142  39.445  -69.670  22.635 0.0000000000
25668  43.501  -68.314  18.305 0.0000000000
24473  44.498  -69.248  14.907 0.0000000000
24561  48.501  -69.559  10.782 0.0000000000
29463  53.143  -65.466  22.278 0.0000000000
28146  48.383  -67.187  24.058 0.0000000000
24327  44.723  -69.210  26.004 0.0000000000
30834  39.634  -64.515  21.775 0.0000000000
23189  47.678  -70.412  20.090 0.0000000000
25748  40.588  -68.627  15.461 0.0000000000
27002  38.378  -67.883  16.467 0.0000000000
25567  41.600  -69.009  25.611 0.0000000000
23129  40.049  -70.500  23.342 0.0000000000
25692  46.890  -68.821  17.503 0.0000000000
25645  43.840  -68.530  19.097 0.0000000000
25693  45.581  -68.515  17.481 0.0000000000
25720  43.972  -68.769  16.367 0.0000000000
25743  45.922  -69.011  15.474 0.0000000000
23344  47.329  -70.171  10.498 0.0000000000
26857  49.179  -68.039  25.155 0.0000000000
25584  46.470  -68.377  24.817 0.0000000000
25537  46.878  -69.254  25.823 0.0000000000
26905  38.312  -67.620  23.335 0.0000000000
28196  37.637  -66.487  22.887 0.0000000000
29549  34.693  -64.853  19.149 0.0000000000
30857  36.126  -64.369  20.878 0.0000000000
21866  43.716  -71.215  22.083 0.0000000000
23157  43.551  -70.587  21.281 0.0000000000
23174  45.623  -70.364  20.616 0.0000000000
24423  47.941  -69.529  18.542 0.0000000000
25716  48.708  -69.253  16.911 0.0000000000
26945  38.856  -67.649  19.491 0.0000000000
26948  36.871  -67.301  20.771 0.0000000000
26975  37.574  -67.374  18.558 0.0000000000
28306  36.149  -66.674  17.262 0.0000000000
25826  42.402  -68.954  10.881 0.0000000000
28164  44.825  -67.043  23.039 0.0000000000
25591  39.360  -68.443  24.156 0.0000000000
24363  39.146  -68.875  21.578 0.0000000000
23177  42.800  -69.593  20.537 0.0000000000
24383  41.246  -68.952  20.527 0.0000000000
25647  41.425  -68.101  19.216 0.0000000000
25670  41.145  -68.019  18.101 0.0000000000
25722  41.952  -68.725  16.012 0.0000000000
24492  43.275  -69.460  13.929 0.0000000000
24511  48.150  -69.315  13.443 0.0000000000
24530  46.547  -69.437  12.755 0.0000000000
23322  45.246  -69.927  12.112 0.0000000000
24533  43.450  -69.917  12.248 0.0000000000
29486  52.444  -65.622  21.316 0.0000000000
28186  50.388  -65.775  22.171 0.0000000000
29448  51.377  -65.806  23.256 0.0000000000
28161  48.068  -67.024  23.404 0.0000000000
26875  45.887  -68.059  24.175 0.0000000000
25586  44.454  -68.479  24.929 0.0000000000
24329  41.926  -69.611  26.194 0.0000000000
23102  43.024  -70.576  27.263 0.0000000000
21829  41.642  -71.672  24.654 0.0000000000
30837  36.550  -64.898  21.535 0.0000000000
28218  47.714  -66.213  21.787 0.0000000000
29490  48.066  -65.800  21.143 0.0000000000
28219  46.683  -66.129  21.846 0.0000000000
25771  40.813  -68.749  14.472 0.0000000000
25772  39.993  -68.473  14.739 0.0000000000
24330  41.099  -69.888  25.703 0.0000000000
24331  40.402  -69.881  25.073 0.0000000000
21835  40.705  -71.099  23.558 0.0000000000
25718  46.420  -68.785  16.534 0.0000000000
25719  45.165  -68.704  16.470 0.0000000000
25742  47.103  -69.102  15.757 0.0000000000
22164  47.310  -71.518  8.985 0.0000000000
25561  48.623  -68.646  25.439 0.0000000000
25608  37.891  -68.092  21.958 0.0000000000
26906  37.817  -67.001  23.126 0.0000000000
26923  37.524  -67.496  22.388 0.0000000000
32250  35.039  -63.559  19.618 0.0000000000
23156  44.685  -70.772  21.436 0.0000000000
24422  48.893  -69.810  18.711 0.0000000000
24401  47.310  -69.879  19.350 0.0000000000
24443  48.645  -69.528  18.205 0.0000000000
25691  48.196  -69.246  17.681 0.0000000000
25690  48.950  -69.389  17.301 0.0000000000
26956  39.614  -67.721  18.224 0.0000000000
26958  38.296  -67.501  19.097 0.0000000000
26973  39.005  -67.737  17.879 0.0000000000
27004  36.908  -67.180  16.889 0.0000000000
28307  35.545  -65.943  16.767 0.0000000000
26900  44.377  -67.546  23.627 0.0000000000
26901  43.431  -67.343  23.794 0.0000000000
24341  38.892  -69.174  22.940 0.0000000000
24348  39.407  -69.387  22.087 0.0000000000
23176  43.429  -69.943  20.613 0.0000000000
23158  42.263  -70.250  21.199 0.0000000000
24380  43.413  -69.305  20.118 0.0000000000
25646  42.643  -68.434  19.377 0.0000000000
25625  42.251  -68.684  20.021 0.0000000000
25627  40.497  -68.452  20.278 0.0000000000
25648  40.105  -67.775  19.033 0.0000000000
25669  42.304  -68.237  18.238 0.0000000000
25744  44.757  -69.031  15.512 0.0000000000
25721  42.829  -68.764  16.208 0.0000000000
25745  43.596  -69.152  15.204 0.0000000000
25746  42.409  -68.976  15.225 0.0000000000
24491  44.084  -69.422  14.277 0.0000000000
22146  49.620  -71.500  10.399 0.0000000000
24560  49.525  -69.609  10.233 0.0000000000
24546  50.087  -69.735  10.916 0.0000000000
24547  49.294  -69.348  11.354 0.0000000000
24528  48.835  -69.247  12.460 0.0000000000
24512  46.977  -69.309  13.521 0.0000000000
24548  48.198  -69.397  11.708 0.0000000000
23345  45.838  -70.663  10.774 0.0000000000
23332  46.198  -69.990  11.587 0.0000000000
23333  45.051  -70.382  11.481 0.0000000000
23323  44.438  -70.110  12.001 0.0000000000
23334  44.022  -70.460  11.394 0.0000000000
29484  54.134  -65.127  21.270 0.0000000000
29485  53.440  -65.433  21.281 0.0000000000
29487  51.127  -65.725  21.431 0.0000000000
29464  52.133  -65.604  22.384 0.0000000000
28144  50.064  -66.611  24.219 0.0000000000
28158  51.660  -65.980  23.761 0.0000000000
28160  49.264  -66.488  23.354 0.0000000000
26898  46.332  -67.625  23.600 0.0000000000
26897  47.273  -67.543  23.802 0.0000000000
25564  45.027  -68.915  25.501 0.0000000000
25585  45.478  -68.484  24.839 0.0000000000
25565  44.052  -68.938  25.836 0.0000000000
25566  42.772  -69.021  25.955 0.0000000000
25539  43.493  -69.382  26.425 0.0000000000
21799  42.493  -72.025  26.692 0.0000000000
21800  42.049  -71.578  26.440 0.0000000000
23104  41.771  -70.910  26.427 0.0000000000
28261  36.279  -66.864  20.384 0.0000000000
28221  36.449  -66.401  21.692 0.0000000000
29526  35.618  -65.633  20.804 0.0000000000
30856  36.987  -64.223  21.150 0.0000000000
25724  40.327  -68.427  16.336 0.0000000000
26989  39.047  -67.944  17.101 0.0000000000
25588  42.222  -68.328  25.082 0.0000000000
25589  41.084  -68.356  25.036 0.0000000000
25568  40.694  -69.185  25.246 0.0000000000
23141  40.117  -70.106  22.283 0.0000000000
25643  45.290  -68.980  19.146 0.0000000000
24405  44.060  -69.007  19.599 0.0000000000
25644  44.776  -68.747  19.077 0.0000000000
25667  44.675  -68.413  18.349 0.0000000000
25694  44.343  -68.439  17.385 0.0000000000
25695  43.147  -68.442  17.273 0.0000000000
25767  45.264  -69.142  15.072 0.0000000000
24562  47.615  -69.608  11.217 0.0000000000
22147  46.501  -71.066  9.930 0.0000000000
26871  49.633  -67.320  24.778 0.0000000000
26873  47.626  -67.888  24.569 0.0000000000
26858  48.296  -68.116  25.050 0.0000000000
25562  47.457  -68.620  25.367 0.0000000000
24325  46.016  -69.450  25.992 0.0000000000
29473  38.698  -65.741  23.055 0.0000000000
30822  38.327  -65.102  22.459 0.0000000000
29548  35.105  -65.413  19.753 0.0000000000
30858  35.426  -64.672  20.445 0.0000000000
32229  35.213  -64.125  20.063 0.0000000000
32249  35.903  -63.228  19.861 0.0000000000
21834  41.592  -71.520  23.677 0.0000000000
21849  41.413  -71.182  22.783 0.0000000000
21867  42.818  -70.932  21.856 0.0000000000
24378  45.086  -69.757  20.004 0.0000000000
23191  45.856  -69.878  19.845 0.0000000000
24425  46.192  -69.257  19.037 0.0000000000
25665  47.270  -69.145  18.195 0.0000000000
25629  38.481  -67.945  20.544 0.0000000000
26936  37.546  -67.695  21.273 0.0000000000
26946  38.299  -67.631  19.998 0.0000000000
26960  36.819  -67.271  19.906 0.0000000000
28279  36.140  -66.817  19.476 0.0000000000
26991  37.599  -67.441  17.611 0.0000000000
26992  36.833  -67.145  17.953 0.0000000000
28280  35.442  -66.234  19.059 0.0000000000
29563  34.900  -65.465  18.633 0.0000000000
29564  34.566  -64.679  18.397 0.0000000000
25794  41.940  -69.184  12.280 0.0000000000
28191  45.264  -66.441  22.424 0.0000000000
28165  43.891  -66.895  23.221 0.0000000000
25603  38.376  -68.432  23.000 0.0000000000
23159  40.959  -70.027  21.432 0.0000000000
24381  42.676  -68.991  20.156 0.0000000000
24360  41.521  -69.534  20.836 0.0000000000
24361  40.564  -69.300  21.083 0.0000000000
25612  40.084  -68.887  20.913 0.0000000000
25613  39.504  -68.631  20.923 0.0000000000
25628  39.180  -68.028  20.118 0.0000000000
25697  40.792  -68.232  17.122 0.0000000000
25696  41.909  -68.418  17.046 0.0000000000
25723  41.173  -68.538  16.220 0.0000000000
25747  41.450  -68.817  15.266 0.0000000000
25770  41.799  -69.141  14.134 0.0000000000
24493  42.591  -69.377  13.787 0.0000000000
24468  49.421  -69.550  15.680 0.0000000000
22145  50.107  -71.047  9.942 0.0000000000
24487  48.481  -69.327  14.390 0.0000000000
24470  47.734  -69.294  15.138 0.0000000000
24488  47.416  -69.338  14.326 0.0000000000
24489  46.251  -69.312  14.480 0.0000000000
24513  45.885  -69.448  13.584 0.0000000000
24549  47.036  -69.473  11.882 0.0000000000
24531  45.570  -69.632  12.725 0.0000000000
24514  44.838  -69.538  13.515 0.0000000000
24515  43.837  -69.675  13.329 0.0000000000
24516  42.936  -69.543  13.161 0.0000000000
24534  42.395  -69.463  12.420 0.0000000000
24552  42.627  -69.575  11.574 0.0000000000
29519  52.917  -65.627  20.330 0.0000000000
29518  53.745  -65.292  20.470 0.0000000000
29520  51.796  -65.708  20.271 0.0000000000
28216  49.648  -65.879  21.651 0.0000000000
28217  48.726  -66.099  21.747 0.0000000000
29436  52.970  -65.815  24.100 0.0000000000
29447  51.931  -65.712  23.229 0.0000000000
29465  51.265  -65.705  22.631 0.0000000000
28187  49.494  -66.102  22.460 0.0000000000
28189  47.344  -66.677  22.462 0.0000000000
28162  46.866  -67.202  23.041 0.0000000000
26899  45.355  -67.624  23.557 0.0000000000
26877  43.893  -67.994  24.280 0.0000000000
26874  46.786  -67.988  24.252 0.0000000000
25587  43.376  -68.427  25.061 0.0000000000
23119  40.735  -70.631  25.167 0.0000000000
24307  42.228  -70.209  26.633 0.0000000000
23118  41.254  -70.769  25.799 0.0000000000
21821  41.154  -71.243  25.196 0.0000000000
26937  36.876  -67.183  21.578 0.0000000000
29498  36.906  -65.601  22.194 0.0000000000
30836  37.507  -64.847  22.016 0.0000000000
30855  37.995  -64.185  21.182 0.0000000000
21777  42.898  -71.839  27.220 0.0000000000
21820  41.646  -71.583  25.685 0.0000000000
21848  42.560  -71.413  22.766 0.0000000000
21850  40.635  -70.793  22.775 0.0000000000
23103  42.558  -71.013  27.111 0.0000000000
23126  40.240  -70.508  24.342 0.0000000000
23139  42.038  -70.938  22.102 0.0000000000
23160  40.399  -69.785  21.605 0.0000000000
23175  44.416  -70.221  20.625 0.0000000000
23321  45.787  -69.761  12.163 0.0000000000
23331  47.008  -69.701  11.254 0.0000000000
23341  50.256  -70.330  10.410 0.0000000000
23342  49.470  -69.922  9.693 0.0000000000
23358  47.319  -70.809  9.670 0.0000000000
24308  41.610  -70.263  26.203 0.0000000000
24326  45.335  -69.342  26.008 0.0000000000
24328  42.599  -69.626  26.491 0.0000000000
24342  38.531  -68.688  22.629 0.0000000000
24347  40.027  -69.584  21.670 0.0000000000
24349  38.716  -68.829  22.157 0.0000000000
24359  42.233  -69.489  20.602 0.0000000000
24362  39.771  -69.145  21.366 0.0000000000
24379  44.198  -69.574  20.072 0.0000000000
24382  41.942  -69.007  20.380 0.0000000000
24400  48.337  -70.085  19.361 0.0000000000
24402  46.401  -69.640  19.391 0.0000000000
24403  45.649  -69.326  19.369 0.0000000000
24406  43.328  -68.818  19.683 0.0000000000
24424  46.825  -69.387  18.814 0.0000000000
24442  49.264  -69.665  17.843 0.0000000000
24456  48.843  -69.289  16.275 0.0000000000
24471  46.869  -69.297  15.055 0.0000000000
24472  44.916  -69.173  14.995 0.0000000000
24490  45.159  -69.301  14.468 0.0000000000
24510  49.262  -69.302  13.453 0.0000000000
24517  42.155  -69.355  13.204 0.0000000000
24529  47.642  -69.332  12.617 0.0000000000
24532  44.550  -69.823  12.675 0.0000000000
24535  41.881  -69.214  12.643 0.0000000000
24550  46.216  -69.630  12.229 0.0000000000
24569  49.767  -69.957  9.624 0.0000000000
25538  46.402  -69.358  25.875 0.0000000000
25540  42.997  -69.462  26.504 0.0000000000
25563  46.133  -68.979  25.514 0.0000000000
25569  40.222  -69.359  24.937 0.0000000000
25583  47.085  -68.211  24.748 0.0000000000
25602  38.834  -68.480  23.610 0.0000000000
25607  38.165  -68.301  22.343 0.0000000000
25615  37.782  -67.950  21.741 0.0000000000
25626  41.687  -68.527  20.016 0.0000000000
25649  39.326  -67.726  19.373 0.0000000000
25664  47.813  -69.268  18.126 0.0000000000
25666  45.920  -68.837  18.579 0.0000000000
25671  40.212  -67.897  17.855 0.0000000000
25699  39.442  -68.135  16.830 0.0000000000
25725  39.646  -68.291  16.368 0.0000000000
25766  45.630  -69.203  14.887 0.0000000000
25768  43.441  -69.344  14.481 0.0000000000
25769  42.843  -69.274  14.473 0.0000000000
25795  41.639  -68.829  12.319 0.0000000000
25814  42.033  -69.076  11.819 0.0000000000
26872  48.577  -67.522  24.573 0.0000000000
26876  44.903  -68.100  24.173 0.0000000000
26881  39.717  -67.917  24.309 0.0000000000
26896  47.965  -67.399  24.093 0.0000000000
26922  38.022  -68.003  22.818 0.0000000000
26924  36.886  -66.929  22.069 0.0000000000
26935  38.056  -67.806  20.712 0.0000000000
26947  37.522  -67.531  20.361 0.0000000000
26957  39.094  -67.601  18.770 0.0000000000
26959  37.555  -67.413  19.487 0.0000000000
26972  39.564  -67.903  17.558 0.0000000000
26974  38.328  -67.542  18.214 0.0000000000
26976  36.814  -67.172  18.968 0.0000000000
26988  39.501  -68.047  17.155 0.0000000000
26990  38.330  -67.717  17.337 0.0000000000
27001  39.082  -68.088  16.388 0.0000000000
27003  37.632  -67.571  16.682 0.0000000000
27034  39.256  -68.210  15.101 0.0000000000
28145  48.976  -66.926  24.123 0.0000000000
28159  50.579  -65.989  23.328 0.0000000000
28163  45.821  -67.153  22.961 0.0000000000
28171  38.271  -66.604  23.286 0.0000000000
28172  37.885  -66.690  23.128 0.0000000000
28188  48.439  -66.495  22.506 0.0000000000
28195  38.029  -66.077  23.044 0.0000000000
28197  37.016  -66.494  22.399 0.0000000000
28215  50.293  -65.762  21.544 0.0000000000
28222  35.947  -66.018  21.303 0.0000000000
28243  36.440  -66.870  21.092 0.0000000000
28244  35.966  -66.405  20.935 0.0000000000
28295  36.068  -66.780  18.433 0.0000000000
28296  35.410  -66.108  17.927 0.0000000000
29435  53.587  -65.590  24.304 0.0000000000
29474  37.687  -65.617  22.621 0.0000000000
29475  37.259  -66.026  22.594 0.0000000000
29483  54.429  -64.770  21.234 0.0000000000
29497  37.347  -65.331  22.306 0.0000000000
29499  36.181  -65.574  21.485 0.0000000000
29578  34.823  -65.129  17.477 0.0000000000
29579  34.508  -64.481  17.838 0.0000000000
30835  38.609  -64.555  21.887 0.0000000000
30838  35.854  -64.982  21.155 0.0000000000
30872  34.908  -64.449  19.740 0.0000000000
32227  36.478  -63.719  20.444 0.0000000000
32228  35.652  -63.905  20.279 0.0000000000
