#!ascii label  , from subject A00073529 vox2ras=TkReg
1339
102868  -52.988  4.442  49.724 0.0000000000
112241  -47.033  16.562  36.152 0.0000000000
111517  -49.119  15.573  44.365 0.0000000000
103084  -54.234  4.315  32.776 0.0000000000
110891  -52.498  14.672  31.259 0.0000000000
106853  -48.457  9.621  32.988 0.0000000000
105437  -48.669  7.336  27.901 0.0000000000
104588  -47.269  6.126  34.658 0.0000000000
100753  -47.187  1.582  53.412 0.0000000000
104397  -51.353  6.079  51.899 0.0000000000
116247  -43.069  22.658  36.609 0.0000000000
116225  -49.661  22.512  38.222 0.0000000000
114247  -50.142  19.708  33.368 0.0000000000
107570  -53.805  11.013  45.839 0.0000000000
108444  -45.193  11.221  39.181 0.0000000000
106799  -52.434  9.146  39.904 0.0000000000
102202  -56.781  4.016  42.211 0.0000000000
102999  -50.453  4.277  39.448 0.0000000000
103758  -45.555  5.006  41.301 0.0000000000
102882  -50.808  4.198  47.961 0.0000000000
110937  -52.005  14.143  28.002 0.0000000000
107721  -51.689  10.547  28.062 0.0000000000
107742  -48.932  10.107  26.316 0.0000000000
105423  -45.707  7.388  29.271 0.0000000000
102835  -49.022  4.798  53.538 0.0000000000
103672  -48.194  5.648  50.614 0.0000000000
116243  -39.259  23.013  36.453 0.0000000000
114881  -50.217  20.961  36.191 0.0000000000
108401  -52.033  11.872  45.936 0.0000000000
110004  -52.630  14.318  44.636 0.0000000000
113546  -44.012  17.785  37.811 0.0000000000
109273  -44.974  13.328  36.567 0.0000000000
105392  -51.655  6.774  33.100 0.0000000000
106092  -50.800  8.237  36.293 0.0000000000
105353  -53.921  7.085  36.528 0.0000000000
105307  -55.439  6.788  39.978 0.0000000000
103029  -56.434  3.967  37.437 0.0000000000
103002  -53.937  4.435  39.641 0.0000000000
103050  -53.451  3.770  35.919 0.0000000000
104551  -46.817  6.202  37.584 0.0000000000
112281  -48.896  16.433  33.520 0.0000000000
109301  -47.011  12.795  32.748 0.0000000000
108528  -49.302  11.425  30.481 0.0000000000
106135  -49.511  7.851  30.577 0.0000000000
103105  -51.230  4.902  30.660 0.0000000000
103071  -51.098  4.400  32.635 0.0000000000
103858  -48.031  5.330  30.770 0.0000000000
104598  -44.878  6.699  32.504 0.0000000000
100088  -49.624  1.066  54.628 0.0000000000
102090  -51.217  3.777  53.826 0.0000000000
103662  -54.097  5.889  51.121 0.0000000000
114849  -38.229  20.214  38.391 0.0000000000
114833  -41.748  20.484  39.861 0.0000000000
114201  -45.403  19.878  40.057 0.0000000000
113551  -48.747  18.627  38.144 0.0000000000
112902  -51.794  17.664  36.819 0.0000000000
112953  -52.497  17.279  32.472 0.0000000000
113662  -50.743  17.393  29.435 0.0000000000
114912  -48.429  19.824  31.799 0.0000000000
105218  -49.811  7.867  47.060 0.0000000000
105969  -52.428  8.260  48.356 0.0000000000
104450  -54.684  6.733  48.371 0.0000000000
109227  -46.954  13.039  42.273 0.0000000000
107657  -47.210  10.145  36.380 0.0000000000
106781  -48.081  9.753  40.038 0.0000000000
108418  -50.427  12.020  42.401 0.0000000000
106757  -53.273  9.699  42.543 0.0000000000
104481  -55.074  6.654  43.945 0.0000000000
102898  -55.067  4.563  46.103 0.0000000000
103731  -52.938  4.975  43.918 0.0000000000
103746  -49.454  5.047  42.492 0.0000000000
101514  -47.153  3.083  41.834 0.0000000000
103035  -49.113  4.825  36.238 0.0000000000
102996  -48.071  4.202  39.070 0.0000000000
101523  -44.964  2.808  41.624 0.0000000000
102859  -52.195  3.921  50.791 0.0000000000
102874  -51.131  4.005  49.302 0.0000000000
102875  -52.037  4.324  48.869 0.0000000000
110952  -50.606  13.687  27.435 0.0000000000
109355  -50.861  11.955  26.649 0.0000000000
109353  -49.063  11.790  27.346 0.0000000000
107731  -46.672  10.197  27.846 0.0000000000
110757  -51.144  15.411  44.583 0.0000000000
112229  -45.484  16.947  36.886 0.0000000000
103840  -53.448  5.496  32.594 0.0000000000
105381  -52.614  6.694  34.066 0.0000000000
104591  -54.620  5.502  34.406 0.0000000000
104565  -55.759  5.432  36.883 0.0000000000
103064  -55.464  3.867  34.962 0.0000000000
102254  -55.136  3.339  36.519 0.0000000000
102269  -53.964  3.700  34.224 0.0000000000
112308  -50.996  15.806  32.438 0.0000000000
110889  -49.895  14.439  31.202 0.0000000000
110122  -51.088  13.134  30.261 0.0000000000
106163  -49.902  8.465  27.453 0.0000000000
106881  -50.299  9.498  28.757 0.0000000000
105425  -49.530  7.537  28.859 0.0000000000
104635  -50.295  5.986  30.156 0.0000000000
103884  -49.549  5.570  29.345 0.0000000000
103102  -49.251  4.776  30.280 0.0000000000
104644  -47.885  6.038  29.210 0.0000000000
104621  -45.135  6.950  30.579 0.0000000000
103618  -50.290  5.380  52.961 0.0000000000
102812  -50.657  4.488  53.749 0.0000000000
103619  -51.233  5.518  52.707 0.0000000000
102836  -52.298  4.964  52.748 0.0000000000
104398  -52.267  6.274  51.711 0.0000000000
116245  -41.109  22.873  36.461 0.0000000000
114872  -40.753  20.994  37.900 0.0000000000
115526  -42.413  21.065  38.327 0.0000000000
114835  -43.946  20.891  40.245 0.0000000000
115528  -43.997  21.209  38.673 0.0000000000
116223  -48.370  22.923  38.411 0.0000000000
114857  -47.766  20.613  38.803 0.0000000000
114217  -49.592  20.103  38.575 0.0000000000
112889  -50.268  18.041  37.661 0.0000000000
114222  -51.108  19.717  37.823 0.0000000000
114890  -50.491  19.624  34.134 0.0000000000
114237  -51.773  18.707  35.354 0.0000000000
113602  -51.364  18.496  33.520 0.0000000000
113649  -51.582  17.331  30.464 0.0000000000
113634  -50.689  18.240  31.245 0.0000000000
113647  -49.834  18.388  30.448 0.0000000000
114260  -49.063  19.773  32.182 0.0000000000
108396  -46.734  11.893  45.554 0.0000000000
105987  -45.979  8.879  46.220 0.0000000000
106728  -47.347  9.829  45.476 0.0000000000
105217  -48.661  7.688  46.930 0.0000000000
105998  -48.931  9.041  45.700 0.0000000000
108390  -53.079  11.502  46.416 0.0000000000
106721  -52.354  9.729  46.810 0.0000000000
106710  -53.679  9.463  47.313 0.0000000000
105196  -54.169  7.731  48.618 0.0000000000
105994  -54.390  8.756  46.729 0.0000000000
109240  -44.666  12.704  41.056 0.0000000000
110016  -45.482  13.693  42.189 0.0000000000
108424  -45.854  11.758  41.134 0.0000000000
107683  -47.624  10.924  33.066 0.0000000000
107673  -46.863  11.106  34.303 0.0000000000
106843  -47.853  10.124  34.372 0.0000000000
106071  -51.457  8.309  38.296 0.0000000000
106819  -49.625  8.879  37.664 0.0000000000
106797  -50.488  9.079  39.737 0.0000000000
107595  -49.167  10.532  41.656 0.0000000000
106769  -51.575  9.838  41.298 0.0000000000
108420  -52.268  11.596  42.494 0.0000000000
106771  -53.161  9.584  41.520 0.0000000000
104533  -56.317  5.487  41.149 0.0000000000
104504  -55.141  6.722  41.974 0.0000000000
103733  -56.239  5.478  43.250 0.0000000000
103702  -56.180  5.277  45.107 0.0000000000
102928  -56.092  4.359  44.403 0.0000000000
102926  -54.474  4.528  44.422 0.0000000000
102958  -55.159  4.170  42.695 0.0000000000
103001  -52.838  4.692  39.515 0.0000000000
103774  -52.214  5.296  41.080 0.0000000000
103772  -50.455  4.995  40.999 0.0000000000
102955  -48.578  4.432  42.344 0.0000000000
102983  -49.346  3.993  40.396 0.0000000000
103827  -48.752  5.414  34.102 0.0000000000
103046  -50.092  4.758  34.597 0.0000000000
103818  -48.658  5.310  35.168 0.0000000000
104538  -46.395  5.820  39.976 0.0000000000
103791  -47.831  4.925  38.392 0.0000000000
103770  -46.562  4.871  40.446 0.0000000000
102212  -46.667  3.347  40.862 0.0000000000
102967  -45.487  4.090  41.342 0.0000000000
101522  -43.851  2.803  41.465 0.0000000000
100768  -50.459  1.182  52.464 0.0000000000
102893  -49.349  4.392  46.663 0.0000000000
110917  -52.816  14.001  29.283 0.0000000000
110133  -52.339  12.651  29.483 0.0000000000
110166  -52.235  12.342  27.262 0.0000000000
108568  -51.065  10.463  26.367 0.0000000000
106171  -48.482  8.570  26.630 0.0000000000
104654  -47.069  7.097  28.797 0.0000000000
106169  -46.557  8.659  27.142 0.0000000000
102086  -48.100  3.377  53.338 0.0000000000
102833  -47.435  4.370  52.997 0.0000000000
104413  -49.691  5.896  51.045 0.0000000000
117475  -42.185  24.629  36.607 0.0000000000
115559  -50.221  21.823  37.415 0.0000000000
115599  -49.050  21.657  34.152 0.0000000000
115618  -49.217  21.168  33.137 0.0000000000
108399  -49.972  11.760  45.562 0.0000000000
109202  -52.993  13.803  46.278 0.0000000000
109216  -53.453  12.817  45.197 0.0000000000
108455  -44.703  12.121  37.634 0.0000000000
106120  -50.276  7.656  33.347 0.0000000000
106101  -49.880  8.603  35.019 0.0000000000
105365  -51.216  7.654  34.651 0.0000000000
105351  -52.203  7.499  35.898 0.0000000000
105320  -53.713  7.945  38.048 0.0000000000
106061  -54.172  8.642  39.527 0.0000000000
105338  -55.028  7.212  37.749 0.0000000000
104545  -56.015  5.925  38.783 0.0000000000
103005  -56.852  4.069  39.853 0.0000000000
102989  -55.772  3.724  41.018 0.0000000000
102241  -56.097  3.432  38.617 0.0000000000
103027  -53.620  4.072  37.806 0.0000000000
103026  -52.584  4.316  37.629 0.0000000000
104574  -47.254  6.022  35.697 0.0000000000
111497  -47.355  16.151  44.741 0.0000000000
112253  -47.900  16.517  35.267 0.0000000000
111600  -46.594  15.251  34.368 0.0000000000
110880  -48.014  14.895  32.245 0.0000000000
109315  -48.079  12.690  31.779 0.0000000000
107702  -48.716  10.523  31.135 0.0000000000
108539  -51.202  11.183  29.179 0.0000000000
106874  -49.553  9.661  29.961 0.0000000000
106126  -49.036  8.710  31.228 0.0000000000
105401  -50.595  6.662  31.554 0.0000000000
104625  -51.491  5.581  31.268 0.0000000000
103093  -52.470  4.697  31.658 0.0000000000
103073  -52.784  3.914  33.236 0.0000000000
103080  -51.032  4.467  31.716 0.0000000000
103849  -49.523  4.877  32.296 0.0000000000
103837  -47.968  5.570  32.871 0.0000000000
104632  -47.007  6.205  30.098 0.0000000000
104611  -45.723  6.306  31.798 0.0000000000
101421  -49.514  2.636  54.420 0.0000000000
101403  -50.825  2.491  54.458 0.0000000000
101422  -51.097  2.111  53.650 0.0000000000
101435  -51.441  2.781  53.059 0.0000000000
102126  -52.419  4.084  52.013 0.0000000000
102861  -53.960  4.969  50.448 0.0000000000
114197  -39.814  19.584  40.182 0.0000000000
114850  -39.497  20.123  38.941 0.0000000000
114824  -41.531  19.928  40.427 0.0000000000
114199  -43.080  19.418  39.892 0.0000000000
113538  -44.731  18.727  38.680 0.0000000000
113549  -46.534  18.547  38.155 0.0000000000
116232  -44.874  22.488  37.166 0.0000000000
115530  -46.348  21.033  38.685 0.0000000000
114215  -47.299  19.851  39.291 0.0000000000
112898  -47.776  17.472  36.790 0.0000000000
112243  -49.200  17.293  36.278 0.0000000000
112255  -51.134  16.847  35.667 0.0000000000
112284  -52.521  15.839  33.978 0.0000000000
114231  -51.773  18.907  36.286 0.0000000000
112258  -53.051  16.936  35.124 0.0000000000
112298  -53.353  15.851  32.559 0.0000000000
112325  -52.572  15.918  30.185 0.0000000000
112353  -51.546  15.873  28.763 0.0000000000
113673  -49.792  17.488  28.732 0.0000000000
113660  -48.669  18.664  29.641 0.0000000000
115616  -48.282  21.508  32.205 0.0000000000
105190  -48.818  6.758  48.372 0.0000000000
104448  -50.332  6.819  49.344 0.0000000000
106731  -50.714  9.807  45.906 0.0000000000
105208  -51.310  7.972  47.955 0.0000000000
105180  -51.584  7.244  49.488 0.0000000000
105182  -53.228  7.516  49.595 0.0000000000
104435  -54.327  6.801  49.526 0.0000000000
102870  -54.694  5.106  48.672 0.0000000000
110795  -48.029  14.492  43.053 0.0000000000
109284  -45.759  12.823  34.628 0.0000000000
107655  -45.945  11.158  35.933 0.0000000000
107635  -46.483  10.187  38.007 0.0000000000
106825  -48.650  9.405  36.283 0.0000000000
106809  -48.123  9.577  37.960 0.0000000000
107623  -46.633  10.242  39.141 0.0000000000
107594  -48.206  10.716  41.485 0.0000000000
109229  -49.058  13.003  42.564 0.0000000000
110008  -49.788  14.278  43.292 0.0000000000
110022  -51.464  13.204  42.987 0.0000000000
109234  -53.275  12.126  43.425 0.0000000000
107581  -53.475  10.808  43.856 0.0000000000
106041  -54.102  8.164  41.425 0.0000000000
105251  -53.869  8.173  42.703 0.0000000000
106011  -54.207  8.209  44.656 0.0000000000
104464  -55.135  6.665  45.973 0.0000000000
103682  -55.313  5.468  47.224 0.0000000000
102877  -54.223  4.656  48.082 0.0000000000
102896  -52.764  4.713  46.255 0.0000000000
103700  -52.305  4.958  45.528 0.0000000000
103698  -50.707  5.231  45.130 0.0000000000
102972  -54.202  4.541  41.516 0.0000000000
103748  -51.597  5.492  42.866 0.0000000000
102943  -49.122  5.086  44.097 0.0000000000
102941  -47.943  4.413  43.375 0.0000000000
102187  -46.840  3.331  43.145 0.0000000000
103060  -51.910  4.269  34.011 0.0000000000
103038  -51.644  4.361  36.371 0.0000000000
103024  -50.610  4.402  37.257 0.0000000000
103800  -47.760  5.485  37.225 0.0000000000
103010  -48.742  4.376  37.964 0.0000000000
102998  -49.406  3.807  39.316 0.0000000000
102222  -47.725  3.516  40.008 0.0000000000
101525  -46.603  2.959  41.634 0.0000000000
102867  -51.804  3.990  50.157 0.0000000000
110935  -49.860  14.316  27.723 0.0000000000
110163  -50.133  13.069  27.363 0.0000000000
109344  -48.935  12.391  27.611 0.0000000000
111500  -50.915  15.783  45.024 0.0000000000
111518  -50.200  15.558  44.423 0.0000000000
112896  -45.901  17.236  36.957 0.0000000000
112240  -45.865  16.485  36.631 0.0000000000
111580  -46.340  15.676  35.622 0.0000000000
103841  -54.023  5.352  32.902 0.0000000000
104590  -53.939  5.867  33.848 0.0000000000
103829  -54.403  5.259  33.615 0.0000000000
103820  -55.274  5.046  34.879 0.0000000000
103063  -55.087  4.005  34.147 0.0000000000
102270  -54.917  3.526  34.682 0.0000000000
102276  -54.553  3.788  33.736 0.0000000000
111623  -52.117  15.329  32.357 0.0000000000
110890  -51.396  14.688  31.230 0.0000000000
110902  -51.888  13.946  30.620 0.0000000000
105446  -49.414  8.236  27.239 0.0000000000
105438  -49.399  7.822  27.894 0.0000000000
104657  -49.164  6.901  28.553 0.0000000000
104646  -49.630  6.363  29.311 0.0000000000
103892  -49.205  6.138  28.872 0.0000000000
103891  -48.985  5.743  28.868 0.0000000000
104656  -48.516  6.447  28.573 0.0000000000
100754  -48.263  1.596  54.029 0.0000000000
103646  -50.718  5.722  52.356 0.0000000000
103647  -51.253  5.783  52.356 0.0000000000
104378  -52.035  5.952  52.161 0.0000000000
116246  -42.082  22.781  36.491 0.0000000000
115574  -41.556  22.014  36.806 0.0000000000
115575  -42.477  21.901  36.876 0.0000000000
115527  -43.179  21.185  38.469 0.0000000000
115577  -44.012  21.712  37.193 0.0000000000
116874  -48.746  23.965  38.075 0.0000000000
116873  -48.216  23.832  38.385 0.0000000000
116224  -49.005  22.976  38.441 0.0000000000
114858  -49.010  20.918  38.650 0.0000000000
115533  -49.499  21.889  38.548 0.0000000000
114218  -50.402  20.062  38.288 0.0000000000
114860  -50.603  20.727  38.103 0.0000000000
114889  -49.962  20.394  34.138 0.0000000000
114248  -50.746  19.039  33.604 0.0000000000
114262  -50.327  19.193  32.996 0.0000000000
113618  -50.669  18.649  32.519 0.0000000000
114261  -49.816  19.338  32.503 0.0000000000
113633  -49.726  18.836  31.621 0.0000000000
109207  -47.523  12.847  45.676 0.0000000000
108397  -47.808  11.848  45.421 0.0000000000
107563  -47.038  10.902  45.381 0.0000000000
107564  -48.125  10.833  45.277 0.0000000000
106729  -48.524  9.892  45.411 0.0000000000
107557  -53.494  10.939  46.483 0.0000000000
106722  -53.283  10.129  46.932 0.0000000000
106723  -54.041  10.218  46.696 0.0000000000
106711  -54.169  9.394  47.055 0.0000000000
106724  -54.257  9.574  46.489 0.0000000000
108443  -44.558  11.889  38.643 0.0000000000
108432  -44.697  11.840  39.719 0.0000000000
109247  -45.014  12.040  40.688 0.0000000000
108433  -45.456  11.378  40.237 0.0000000000
107684  -47.950  10.260  33.502 0.0000000000
106844  -48.300  9.689  34.196 0.0000000000
106058  -51.949  8.593  39.220 0.0000000000
106057  -50.954  8.603  39.034 0.0000000000
106798  -51.509  9.073  39.854 0.0000000000
106784  -51.064  9.417  40.589 0.0000000000
106785  -52.011  9.495  40.596 0.0000000000
106770  -52.382  9.823  41.323 0.0000000000
106786  -52.853  9.529  40.595 0.0000000000
102975  -56.743  4.335  41.615 0.0000000000
103765  -56.244  5.527  41.863 0.0000000000
102960  -56.650  4.436  42.451 0.0000000000
103734  -56.553  4.988  43.795 0.0000000000
102189  -56.452  3.958  42.829 0.0000000000
102947  -56.051  3.952  43.671 0.0000000000
102959  -55.926  3.754  42.851 0.0000000000
103000  -51.536  4.736  39.637 0.0000000000
103783  -51.434  4.977  40.231 0.0000000000
102984  -50.440  4.691  40.494 0.0000000000
103826  -48.014  5.739  33.876 0.0000000000
103817  -47.979  5.715  34.921 0.0000000000
104531  -46.136  5.542  40.527 0.0000000000
103759  -45.979  4.473  41.016 0.0000000000
102966  -44.622  4.284  41.603 0.0000000000
100782  -50.512  1.840  51.989 0.0000000000
102881  -49.729  4.143  47.337 0.0000000000
102894  -50.384  4.523  46.700 0.0000000000
111661  -52.501  14.482  28.700 0.0000000000
110938  -52.590  13.600  28.423 0.0000000000
110149  -52.197  13.209  27.591 0.0000000000
108558  -49.932  10.901  26.517 0.0000000000
108559  -51.011  11.088  26.389 0.0000000000
107743  -49.606  10.283  26.324 0.0000000000
106912  -49.667  9.322  26.347 0.0000000000
106904  -48.842  9.585  26.260 0.0000000000
106170  -47.244  8.392  27.045 0.0000000000
106902  -46.839  9.186  27.106 0.0000000000
106892  -45.794  9.216  27.630 0.0000000000
103615  -46.744  4.935  52.525 0.0000000000
103661  -49.537  5.717  51.596 0.0000000000
104412  -49.084  5.747  50.780 0.0000000000
117474  -41.149  24.614  36.374 0.0000000000
116272  -48.715  22.384  33.530 0.0000000000
116911  -48.256  23.102  33.288 0.0000000000
111502  -52.217  15.304  45.172 0.0000000000
109993  -52.600  14.466  46.206 0.0000000000
110744  -52.821  14.491  45.424 0.0000000000
109213  -53.145  13.166  46.068 0.0000000000
110012  -53.197  13.287  44.425 0.0000000000
113536  -42.829  18.074  38.570 0.0000000000
109267  -44.980  12.411  36.845 0.0000000000
105391  -50.949  6.898  32.591 0.0000000000
106111  -50.447  7.974  34.375 0.0000000000
105379  -51.035  7.303  33.714 0.0000000000
105368  -53.612  6.743  35.556 0.0000000000
105367  -52.773  6.973  35.201 0.0000000000
105352  -53.046  7.244  36.220 0.0000000000
105335  -52.463  7.576  36.928 0.0000000000
105336  -53.361  7.501  37.204 0.0000000000
105321  -54.478  7.805  38.295 0.0000000000
105337  -54.227  7.439  37.448 0.0000000000
103802  -56.252  4.790  37.550 0.0000000000
104554  -55.968  5.724  37.846 0.0000000000
103793  -56.374  5.061  38.494 0.0000000000
103794  -56.592  4.479  39.187 0.0000000000
103017  -56.645  3.964  39.003 0.0000000000
102242  -56.399  3.694  38.860 0.0000000000
102249  -56.316  3.569  38.330 0.0000000000
102253  -54.327  3.520  36.202 0.0000000000
102246  -54.436  3.570  37.123 0.0000000000
103040  -53.506  3.867  36.876 0.0000000000
103039  -52.576  4.178  36.628 0.0000000000
112266  -49.193  16.687  34.529 0.0000000000
112280  -47.917  16.024  33.339 0.0000000000
112294  -48.523  15.971  32.856 0.0000000000
110121  -49.821  13.257  30.625 0.0000000000
110112  -48.884  13.470  31.247 0.0000000000
109324  -49.156  12.351  30.742 0.0000000000
108518  -48.409  11.562  31.525 0.0000000000
108540  -51.940  11.207  28.381 0.0000000000
109333  -51.484  11.783  29.424 0.0000000000
107720  -51.118  10.302  28.409 0.0000000000
106143  -49.648  8.504  29.406 0.0000000000
106875  -49.921  9.574  29.387 0.0000000000
106142  -49.596  9.126  29.717 0.0000000000
106134  -49.360  8.873  30.242 0.0000000000
106127  -49.430  7.932  31.778 0.0000000000
105407  -49.804  6.974  30.490 0.0000000000
103873  -50.791  5.287  30.276 0.0000000000
104624  -50.879  5.870  30.909 0.0000000000
103861  -51.329  5.314  30.809 0.0000000000
103862  -51.930  5.106  31.205 0.0000000000
103092  -51.619  4.717  31.282 0.0000000000
103091  -50.804  4.551  30.918 0.0000000000
103872  -48.737  5.080  30.180 0.0000000000
103860  -49.464  4.706  31.504 0.0000000000
103859  -48.916  4.858  30.960 0.0000000000
103848  -48.791  5.203  32.057 0.0000000000
105435  -46.724  7.476  28.437 0.0000000000
104643  -46.862  6.876  29.224 0.0000000000
104642  -46.208  7.091  29.393 0.0000000000
104610  -44.974  6.740  31.506 0.0000000000
104622  -45.821  6.394  30.794 0.0000000000
102087  -48.656  3.472  53.603 0.0000000000
102810  -49.077  4.302  53.637 0.0000000000
102089  -50.395  3.724  54.105 0.0000000000
101404  -51.119  3.133  54.194 0.0000000000
100740  -50.677  1.405  54.183 0.0000000000
101423  -51.319  2.949  53.793 0.0000000000
102109  -51.810  3.513  53.250 0.0000000000
102837  -53.074  5.299  52.280 0.0000000000
102856  -52.891  4.619  52.211 0.0000000000
102857  -53.562  5.130  51.656 0.0000000000
102860  -52.726  4.266  51.112 0.0000000000
114212  -37.691  19.680  38.885 0.0000000000
114194  -37.239  19.186  39.580 0.0000000000
114195  -38.162  19.420  39.590 0.0000000000
114180  -38.472  19.170  40.192 0.0000000000
114196  -39.078  19.633  39.807 0.0000000000
116242  -38.433  23.043  36.464 0.0000000000
115571  -38.814  22.355  36.719 0.0000000000
115525  -41.553  20.967  38.164 0.0000000000
114871  -39.915  20.817  37.926 0.0000000000
114851  -40.889  20.561  38.865 0.0000000000
114832  -40.551  19.988  40.004 0.0000000000
114184  -42.216  19.497  40.193 0.0000000000
114825  -42.507  20.284  40.332 0.0000000000
114836  -44.858  20.614  40.281 0.0000000000
114200  -44.174  19.829  40.206 0.0000000000
113531  -45.011  19.327  39.521 0.0000000000
113539  -45.789  18.931  38.885 0.0000000000
113532  -46.007  19.480  39.525 0.0000000000
115556  -45.932  21.558  37.954 0.0000000000
114216  -48.522  19.998  38.848 0.0000000000
113541  -48.049  19.281  38.696 0.0000000000
113550  -47.627  18.627  38.189 0.0000000000
112887  -48.304  18.019  37.539 0.0000000000
112899  -48.988  17.523  36.864 0.0000000000
112888  -49.377  18.001  37.631 0.0000000000
112901  -51.016  17.701  37.172 0.0000000000
112917  -50.555  17.230  36.457 0.0000000000
112918  -51.596  17.160  36.397 0.0000000000
112268  -51.851  16.372  34.852 0.0000000000
112256  -52.186  16.719  35.612 0.0000000000
114879  -50.556  20.917  36.829 0.0000000000
114873  -50.835  20.647  37.555 0.0000000000
114226  -51.184  19.893  36.794 0.0000000000
113583  -52.149  18.088  34.401 0.0000000000
113568  -52.684  17.558  35.031 0.0000000000
112931  -52.799  17.347  34.345 0.0000000000
112285  -53.142  16.036  33.802 0.0000000000
112954  -53.133  16.628  33.106 0.0000000000
112310  -53.164  15.806  31.388 0.0000000000
112968  -52.974  16.527  31.966 0.0000000000
112982  -51.353  17.129  29.806 0.0000000000
112997  -51.676  16.587  29.633 0.0000000000
112996  -51.132  16.739  29.133 0.0000000000
112352  -51.017  16.256  28.600 0.0000000000
113008  -50.661  16.783  28.791 0.0000000000
113661  -49.944  17.940  29.357 0.0000000000
114274  -48.918  19.240  31.443 0.0000000000
113646  -49.134  18.843  30.824 0.0000000000
114288  -48.447  19.114  30.532 0.0000000000
114301  -48.133  19.040  29.944 0.0000000000
114273  -48.068  19.566  31.134 0.0000000000
115617  -48.876  21.323  32.726 0.0000000000
105204  -46.751  7.272  47.393 0.0000000000
105206  -49.226  7.252  47.746 0.0000000000
105191  -49.820  7.008  48.547 0.0000000000
105207  -50.308  7.548  47.890 0.0000000000
108400  -51.010  11.770  45.755 0.0000000000
107566  -50.338  10.812  45.576 0.0000000000
107567  -51.433  10.892  45.803 0.0000000000
106708  -52.464  9.027  47.409 0.0000000000
105993  -52.088  8.975  47.264 0.0000000000
105968  -52.045  8.162  48.263 0.0000000000
105193  -51.915  7.808  48.712 0.0000000000
105181  -52.441  7.451  49.585 0.0000000000
105194  -52.776  7.916  48.961 0.0000000000
103674  -54.738  5.922  49.110 0.0000000000
103679  -54.947  5.748  48.061 0.0000000000
110032  -45.990  13.089  41.952 0.0000000000
110794  -46.994  14.412  42.945 0.0000000000
110878  -46.741  14.018  33.206 0.0000000000
110081  -46.045  13.617  34.279 0.0000000000
109285  -46.059  12.751  33.994 0.0000000000
107665  -47.227  10.352  35.341 0.0000000000
108479  -46.186  11.413  35.209 0.0000000000
107656  -46.421  10.788  35.834 0.0000000000
107645  -45.826  11.027  36.454 0.0000000000
107646  -46.472  10.429  36.915 0.0000000000
106091  -50.037  8.651  35.989 0.0000000000
106836  -49.251  9.022  35.665 0.0000000000
106826  -49.409  8.961  36.642 0.0000000000
106810  -49.029  9.230  38.399 0.0000000000
106795  -48.303  9.535  39.244 0.0000000000
107636  -47.364  9.844  38.569 0.0000000000
107624  -47.487  9.932  39.658 0.0000000000
107609  -46.868  10.401  40.226 0.0000000000
107610  -47.878  10.189  40.627 0.0000000000
108428  -49.814  11.303  42.096 0.0000000000
108427  -48.790  11.390  42.018 0.0000000000
108417  -49.434  12.152  42.340 0.0000000000
110020  -49.724  13.724  42.979 0.0000000000
109230  -50.072  12.871  42.624 0.0000000000
110021  -50.708  13.503  42.956 0.0000000000
109231  -51.001  12.682  42.665 0.0000000000
107587  -52.705  10.837  42.473 0.0000000000
109233  -52.683  12.389  42.936 0.0000000000
108421  -53.025  11.557  42.806 0.0000000000
108422  -53.344  11.399  43.364 0.0000000000
106751  -53.441  9.919  43.526 0.0000000000
106062  -54.624  8.227  39.875 0.0000000000
106049  -54.156  8.829  40.230 0.0000000000
106050  -54.371  8.175  40.638 0.0000000000
104490  -54.979  6.642  42.914 0.0000000000
105262  -54.342  7.590  42.155 0.0000000000
105252  -54.367  7.386  43.286 0.0000000000
106021  -53.965  8.195  43.731 0.0000000000
105242  -54.525  7.415  44.325 0.0000000000
105230  -54.635  7.545  45.327 0.0000000000
104473  -55.131  6.672  44.957 0.0000000000
102899  -55.781  4.676  45.903 0.0000000000
103690  -55.928  5.364  45.981 0.0000000000
102886  -55.367  4.879  46.721 0.0000000000
102878  -54.969  4.961  47.694 0.0000000000
102885  -54.586  4.616  47.045 0.0000000000
102884  -53.552  4.524  47.285 0.0000000000
102897  -54.060  4.553  46.230 0.0000000000
102925  -53.577  4.728  44.309 0.0000000000
102911  -53.528  4.732  45.293 0.0000000000
103713  -52.877  4.954  44.856 0.0000000000
103699  -51.297  5.147  45.560 0.0000000000
103712  -52.086  5.225  44.740 0.0000000000
102988  -55.067  4.242  40.782 0.0000000000
102973  -55.109  4.159  41.740 0.0000000000
102987  -54.088  4.522  40.570 0.0000000000
103762  -51.323  5.448  41.840 0.0000000000
103763  -52.418  5.334  42.058 0.0000000000
103747  -50.490  5.396  42.689 0.0000000000
103729  -50.840  5.428  43.715 0.0000000000
103728  -49.674  5.228  43.618 0.0000000000
102942  -48.741  4.901  43.518 0.0000000000
103745  -48.930  4.936  42.839 0.0000000000
102200  -48.264  3.828  41.790 0.0000000000
102954  -47.794  4.083  42.768 0.0000000000
102198  -46.833  3.119  42.613 0.0000000000
101502  -46.385  2.853  42.998 0.0000000000
101513  -46.688  2.855  42.213 0.0000000000
103072  -51.966  4.170  32.888 0.0000000000
103059  -51.029  4.438  33.712 0.0000000000
103036  -49.724  4.697  35.881 0.0000000000
103047  -50.868  4.509  34.906 0.0000000000
103037  -50.714  4.497  36.115 0.0000000000
103023  -49.729  4.512  37.049 0.0000000000
104562  -47.299  5.953  36.704 0.0000000000
103799  -47.289  5.803  37.540 0.0000000000
103782  -47.405  4.632  39.553 0.0000000000
103792  -48.284  4.642  38.038 0.0000000000
102997  -48.759  3.853  38.871 0.0000000000
102231  -48.274  3.749  39.375 0.0000000000
102232  -48.575  3.642  39.620 0.0000000000
102211  -45.675  3.409  41.361 0.0000000000
101524  -45.860  2.880  41.631 0.0000000000
101511  -45.202  2.294  41.993 0.0000000000
102131  -51.902  3.647  51.125 0.0000000000
102139  -51.392  3.623  50.574 0.0000000000
102137  -50.086  3.390  49.316 0.0000000000
110936  -51.086  14.492  27.711 0.0000000000
110953  -51.427  13.542  27.401 0.0000000000
110164  -50.794  12.882  27.054 0.0000000000
109354  -49.796  12.108  27.101 0.0000000000
108557  -48.771  11.015  27.180 0.0000000000
107741  -47.691  10.061  27.088 0.0000000000
108556  -47.940  10.681  27.430 0.0000000000
111501  -51.887  15.521  45.137 0.0000000000
110781  -51.913  14.651  44.227 0.0000000000
113547  -44.563  18.089  37.847 0.0000000000
112228  -44.920  16.511  36.948 0.0000000000
110068  -45.208  13.787  36.178 0.0000000000
104603  -52.194  6.258  32.593 0.0000000000
105393  -52.242  6.609  33.322 0.0000000000
104589  -53.271  6.197  33.685 0.0000000000
104575  -53.383  6.454  34.536 0.0000000000
104563  -54.454  6.497  35.913 0.0000000000
104564  -55.242  6.112  36.312 0.0000000000
104577  -54.925  5.803  35.356 0.0000000000
104578  -55.486  5.193  35.881 0.0000000000
103812  -55.956  4.409  36.503 0.0000000000
103041  -56.086  3.600  36.671 0.0000000000
102271  -55.390  3.544  35.428 0.0000000000
102261  -55.003  3.317  35.647 0.0000000000
103062  -53.456  3.826  35.046 0.0000000000
112307  -50.253  15.732  32.147 0.0000000000
111621  -49.463  15.346  31.937 0.0000000000
111622  -50.746  15.341  31.762 0.0000000000
110900  -50.024  13.871  30.842 0.0000000000
109325  -50.192  12.306  30.174 0.0000000000
106906  -51.225  9.677  27.273 0.0000000000
107733  -51.092  9.868  27.994 0.0000000000
106151  -50.516  9.218  27.883 0.0000000000
106150  -50.029  8.691  28.235 0.0000000000
105415  -49.640  7.112  29.790 0.0000000000
104634  -49.877  6.353  29.821 0.0000000000
103885  -50.127  5.668  29.688 0.0000000000
103114  -50.272  5.134  29.611 0.0000000000
103104  -50.429  4.762  30.162 0.0000000000
103113  -49.732  4.883  29.565 0.0000000000
103883  -48.788  5.364  29.417 0.0000000000
103871  -48.048  5.463  30.001 0.0000000000
105414  -45.380  7.223  29.840 0.0000000000
100106  -48.857  0.795  54.421 0.0000000000
103617  -49.117  5.174  53.197 0.0000000000
102811  -49.844  4.296  53.823 0.0000000000
103599  -50.030  4.948  53.552 0.0000000000
103600  -50.916  5.134  53.332 0.0000000000
102813  -51.470  4.685  53.380 0.0000000000
102091  -51.911  4.246  53.294 0.0000000000
103620  -52.074  5.598  52.513 0.0000000000
103621  -52.759  5.608  52.381 0.0000000000
103649  -53.376  5.926  51.910 0.0000000000
114869  -37.611  20.929  37.660 0.0000000000
116244  -40.167  22.958  36.483 0.0000000000
115572  -39.718  22.219  36.761 0.0000000000
115573  -40.637  22.115  36.768 0.0000000000
115551  -41.115  21.459  37.378 0.0000000000
114852  -42.082  20.787  39.055 0.0000000000
114834  -42.935  20.988  39.877 0.0000000000
114853  -42.792  21.061  39.042 0.0000000000
115512  -43.965  21.126  39.604 0.0000000000
115529  -45.082  21.059  39.189 0.0000000000
116872  -47.535  24.336  38.432 0.0000000000
115557  -46.945  21.806  38.176 0.0000000000
115532  -48.341  21.908  38.436 0.0000000000
113542  -49.176  19.321  38.491 0.0000000000
113552  -49.809  18.626  38.100 0.0000000000
113543  -50.143  19.366  38.300 0.0000000000
113553  -50.923  18.679  37.872 0.0000000000
113554  -51.551  18.595  37.410 0.0000000000
114885  -50.082  20.654  35.281 0.0000000000
114230  -51.213  19.474  35.676 0.0000000000
114236  -51.190  19.080  34.598 0.0000000000
113582  -51.353  18.668  34.036 0.0000000000
113603  -51.847  17.957  33.067 0.0000000000
112967  -52.203  17.191  31.252 0.0000000000
113619  -51.570  17.852  31.904 0.0000000000
113648  -50.822  17.786  30.191 0.0000000000
113632  -49.259  18.962  31.298 0.0000000000
109988  -47.225  13.695  46.072 0.0000000000
109206  -46.513  12.859  45.835 0.0000000000
107562  -45.954  10.944  45.615 0.0000000000
106727  -46.446  10.167  45.543 0.0000000000
105216  -47.485  7.792  46.804 0.0000000000
105989  -48.222  8.398  46.189 0.0000000000
105990  -49.335  8.391  46.320 0.0000000000
108402  -52.819  11.964  46.283 0.0000000000
107568  -52.424  10.997  46.223 0.0000000000
107556  -52.943  10.852  46.610 0.0000000000
106709  -52.989  9.376  47.449 0.0000000000
105980  -53.379  8.809  47.841 0.0000000000
105970  -53.088  8.391  48.440 0.0000000000
105981  -54.067  8.660  47.703 0.0000000000
105210  -54.550  7.681  47.529 0.0000000000
110031  -45.116  13.137  41.668 0.0000000000
109241  -45.484  12.494  41.414 0.0000000000
109242  -46.396  12.369  41.754 0.0000000000
108504  -47.233  12.337  32.604 0.0000000000
108496  -46.905  12.072  33.066 0.0000000000
108497  -47.115  11.352  33.470 0.0000000000
107674  -47.380  10.617  34.199 0.0000000000
106834  -47.851  10.003  34.898 0.0000000000
106082  -51.064  8.232  37.290 0.0000000000
106081  -50.230  8.608  36.966 0.0000000000
106070  -50.514  8.523  37.998 0.0000000000
106811  -49.957  8.827  38.749 0.0000000000
106796  -49.415  9.238  39.546 0.0000000000
106782  -48.824  9.664  40.506 0.0000000000
106783  -50.005  9.411  40.551 0.0000000000
106768  -50.633  9.834  41.305 0.0000000000
108429  -50.799  11.206  42.132 0.0000000000
108419  -51.362  11.852  42.440 0.0000000000
107598  -51.958  10.347  41.833 0.0000000000
107599  -52.526  10.187  42.030 0.0000000000
107600  -52.892  10.153  42.349 0.0000000000
104532  -55.879  6.084  40.568 0.0000000000
105277  -55.265  6.695  41.231 0.0000000000
104520  -55.782  6.097  41.559 0.0000000000
104505  -55.704  6.049  42.610 0.0000000000
104491  -55.689  6.005  43.587 0.0000000000
104482  -55.702  5.970  44.564 0.0000000000
103714  -56.218  5.441  44.166 0.0000000000
102915  -56.356  4.839  44.730 0.0000000000
102913  -55.587  4.514  45.230 0.0000000000
102912  -54.725  4.540  45.305 0.0000000000
102927  -55.412  4.333  44.456 0.0000000000
102946  -55.253  4.206  43.610 0.0000000000
102945  -54.170  4.556  43.512 0.0000000000
102986  -53.074  4.884  40.377 0.0000000000
103784  -52.030  5.080  40.234 0.0000000000
103773  -51.118  5.185  40.809 0.0000000000
103761  -50.219  5.139  41.627 0.0000000000
102956  -49.274  4.737  42.016 0.0000000000
102970  -49.521  4.597  41.386 0.0000000000
102969  -48.725  4.040  41.312 0.0000000000
102214  -48.197  3.566  41.286 0.0000000000
103839  -49.541  5.060  33.263 0.0000000000
103058  -50.246  4.704  33.467 0.0000000000
103828  -49.419  5.037  34.318 0.0000000000
103819  -49.253  4.935  35.361 0.0000000000
103811  -49.158  4.877  35.946 0.0000000000
104544  -46.630  6.115  38.849 0.0000000000
103790  -47.251  5.653  38.135 0.0000000000
103781  -47.125  5.405  39.271 0.0000000000
103771  -47.023  4.322  40.014 0.0000000000
102221  -47.119  3.633  40.220 0.0000000000
102980  -46.796  3.962  40.329 0.0000000000
102968  -46.211  3.989  40.896 0.0000000000
102210  -44.733  3.489  41.550 0.0000000000
102209  -43.784  3.660  41.533 0.0000000000
110903  -52.789  14.238  30.309 0.0000000000
110123  -52.234  13.118  29.896 0.0000000000
110124  -52.731  13.562  29.665 0.0000000000
109335  -52.463  12.032  28.454 0.0000000000
108561  -52.151  11.276  27.391 0.0000000000
110165  -51.622  12.675  26.970 0.0000000000
108560  -51.753  10.867  26.770 0.0000000000
107753  -51.303  10.156  26.556 0.0000000000
106913  -50.174  9.131  26.599 0.0000000000
106172  -49.195  8.486  26.784 0.0000000000
105445  -48.877  7.997  27.239 0.0000000000
105436  -47.837  7.290  28.084 0.0000000000
105444  -48.072  7.838  27.335 0.0000000000
106162  -46.819  7.937  27.584 0.0000000000
106161  -46.137  8.302  27.613 0.0000000000
106893  -46.513  9.534  27.426 0.0000000000
106901  -46.268  8.818  27.240 0.0000000000
101419  -47.976  2.644  53.533 0.0000000000
102108  -47.522  3.370  53.080 0.0000000000
102808  -48.052  3.836  53.249 0.0000000000
102834  -48.513  4.693  53.280 0.0000000000
103643  -47.227  5.246  52.153 0.0000000000
103616  -47.882  4.998  52.829 0.0000000000
103645  -49.649  5.615  52.210 0.0000000000
104395  -49.830  5.779  51.680 0.0000000000
104414  -50.703  6.302  51.006 0.0000000000
116888  -39.687  23.788  36.260 0.0000000000
116889  -40.643  23.761  36.313 0.0000000000
116890  -41.638  23.721  36.366 0.0000000000
116891  -42.673  23.674  36.512 0.0000000000
115534  -50.277  21.695  38.122 0.0000000000
115590  -49.697  21.275  35.736 0.0000000000
115600  -49.506  21.094  34.698 0.0000000000
115609  -49.367  21.087  33.705 0.0000000000
114900  -49.418  20.458  32.964 0.0000000000
115608  -49.030  21.697  33.257 0.0000000000
109200  -51.913  13.459  46.279 0.0000000000
109212  -52.419  12.800  46.249 0.0000000000
108403  -53.320  11.829  46.002 0.0000000000
108405  -53.607  11.830  45.064 0.0000000000
109259  -44.099  12.830  38.111 0.0000000000
108456  -45.083  11.299  38.052 0.0000000000
106119  -49.570  8.175  32.912 0.0000000000
106109  -48.979  8.925  33.559 0.0000000000
106110  -49.707  8.409  34.005 0.0000000000
106102  -50.623  8.188  35.331 0.0000000000
105366  -52.007  7.353  34.880 0.0000000000
106103  -51.388  7.814  35.607 0.0000000000
106093  -51.596  7.838  36.608 0.0000000000
106083  -51.939  7.944  37.614 0.0000000000
106072  -52.396  8.297  38.512 0.0000000000
106059  -52.836  8.730  39.285 0.0000000000
106800  -53.222  9.161  39.908 0.0000000000
106074  -54.009  8.370  38.807 0.0000000000
106075  -54.639  8.099  39.090 0.0000000000
105306  -55.106  7.544  39.496 0.0000000000
104553  -55.462  6.389  37.281 0.0000000000
105339  -55.547  6.605  38.228 0.0000000000
104539  -55.959  6.033  39.684 0.0000000000
104540  -56.382  5.371  40.305 0.0000000000
103785  -56.654  4.624  40.078 0.0000000000
102990  -56.800  4.199  40.743 0.0000000000
102215  -56.386  3.691  41.223 0.0000000000
102225  -56.308  3.618  40.321 0.0000000000
103004  -55.690  3.748  40.088 0.0000000000
102234  -55.577  3.666  39.181 0.0000000000
102247  -55.306  3.407  37.387 0.0000000000
103028  -54.584  3.720  38.033 0.0000000000
103015  -53.774  4.290  38.721 0.0000000000
103014  -52.648  4.468  38.616 0.0000000000
103013  -51.524  4.477  38.508 0.0000000000
104573  -46.537  6.483  35.430 0.0000000000
104561  -46.613  6.391  36.482 0.0000000000
104550  -45.923  6.808  37.299 0.0000000000
104543  -45.954  6.723  38.450 0.0000000000
104537  -45.854  6.539  39.639 0.0000000000
104530  -45.506  6.055  40.835 0.0000000000
112252  -47.006  16.265  35.550 0.0000000000
111581  -46.897  16.053  35.200 0.0000000000
111590  -47.056  15.989  34.597 0.0000000000
110871  -47.077  15.028  33.271 0.0000000000
110104  -47.381  13.498  32.452 0.0000000000
110888  -48.417  14.445  31.856 0.0000000000
110111  -47.957  13.479  31.925 0.0000000000
109302  -47.513  12.756  32.289 0.0000000000
108506  -47.960  11.245  32.187 0.0000000000
107694  -48.127  10.576  32.336 0.0000000000
106859  -48.625  9.599  31.794 0.0000000000
109327  -52.070  12.511  29.614 0.0000000000
109326  -51.391  12.230  29.742 0.0000000000
108529  -50.445  11.307  29.782 0.0000000000
107719  -50.556  10.297  29.130 0.0000000000
107711  -50.088  10.365  29.631 0.0000000000
107710  -49.467  10.483  30.227 0.0000000000
106867  -49.004  9.609  30.707 0.0000000000
106118  -48.983  8.803  32.395 0.0000000000
105390  -50.081  7.352  32.262 0.0000000000
105408  -50.266  6.504  30.726 0.0000000000
104614  -51.314  6.223  31.704 0.0000000000
104602  -51.654  6.414  32.345 0.0000000000
104616  -52.531  5.689  32.218 0.0000000000
103864  -53.212  4.940  31.884 0.0000000000
103083  -53.750  4.383  32.235 0.0000000000
102280  -53.601  4.058  32.385 0.0000000000
103082  -52.957  4.200  32.260 0.0000000000
103081  -51.919  4.392  31.968 0.0000000000
103090  -49.885  4.521  30.752 0.0000000000
103079  -50.187  4.501  31.558 0.0000000000
103070  -50.276  4.591  32.452 0.0000000000
103838  -48.792  5.359  33.066 0.0000000000
104601  -47.248  6.049  33.632 0.0000000000
104655  -47.513  6.855  28.702 0.0000000000
104633  -47.729  5.775  29.756 0.0000000000
103857  -47.404  5.681  30.527 0.0000000000
104631  -45.882  6.845  29.892 0.0000000000
104623  -46.582  5.906  31.069 0.0000000000
103846  -47.279  5.630  31.248 0.0000000000
101420  -48.999  2.415  54.193 0.0000000000
100738  -49.415  1.692  54.554 0.0000000000
102088  -49.624  3.286  54.206 0.0000000000
101402  -49.911  2.529  54.607 0.0000000000
100739  -50.162  1.652  54.672 0.0000000000
100756  -50.774  1.190  53.316 0.0000000000
101434  -50.918  2.101  52.721 0.0000000000
102125  -51.808  3.406  52.207 0.0000000000
102110  -52.301  4.134  52.713 0.0000000000
102132  -52.242  3.853  51.637 0.0000000000
114870  -38.764  20.857  37.798 0.0000000000
115550  -40.228  21.482  37.274 0.0000000000
114831  -39.760  19.792  39.757 0.0000000000
114823  -40.891  19.660  40.520 0.0000000000
114183  -41.178  19.238  40.531 0.0000000000
113520  -42.187  18.996  39.915 0.0000000000
114198  -42.494  19.172  39.868 0.0000000000
113537  -43.614  18.257  38.395 0.0000000000
114826  -43.384  20.520  40.442 0.0000000000
113530  -43.864  19.065  39.370 0.0000000000
113548  -45.509  18.390  37.973 0.0000000000
112885  -46.188  17.862  37.413 0.0000000000
112897  -46.669  17.279  36.873 0.0000000000
116248  -44.155  22.511  36.841 0.0000000000
115555  -44.713  21.614  37.641 0.0000000000
114855  -46.013  20.683  39.498 0.0000000000
114856  -46.820  20.592  39.073 0.0000000000
114838  -46.499  20.279  39.635 0.0000000000
114202  -46.412  19.876  39.752 0.0000000000
113540  -46.827  19.267  39.000 0.0000000000
112886  -47.196  17.995  37.473 0.0000000000
112242  -48.421  17.127  36.135 0.0000000000
112900  -50.012  17.559  37.105 0.0000000000
112267  -50.621  16.651  34.766 0.0000000000
112282  -50.194  16.478  33.763 0.0000000000
112283  -51.444  16.202  33.990 0.0000000000
112297  -51.959  15.653  33.348 0.0000000000
111612  -52.664  15.457  33.410 0.0000000000
115535  -50.647  21.138  37.901 0.0000000000
114227  -51.633  19.075  37.195 0.0000000000
113557  -52.024  18.230  36.785 0.0000000000
113567  -52.397  18.041  35.685 0.0000000000
112919  -52.395  17.347  36.120 0.0000000000
112269  -52.695  16.341  34.772 0.0000000000
111613  -53.122  15.307  33.038 0.0000000000
111624  -53.106  15.145  31.836 0.0000000000
111633  -53.110  15.128  30.729 0.0000000000
111648  -52.647  15.185  29.474 0.0000000000
112983  -52.052  16.729  30.275 0.0000000000
112324  -52.052  16.323  29.811 0.0000000000
111660  -51.779  15.327  28.530 0.0000000000
111659  -50.535  15.468  27.968 0.0000000000
113672  -48.984  17.960  28.786 0.0000000000
114899  -48.501  20.569  32.250 0.0000000000
104428  -47.729  5.857  49.688 0.0000000000
105205  -47.979  7.020  47.883 0.0000000000
104446  -48.233  6.403  48.805 0.0000000000
104429  -48.905  5.943  50.072 0.0000000000
104447  -49.364  6.500  49.174 0.0000000000
104430  -50.038  6.313  50.085 0.0000000000
104431  -51.048  6.801  50.025 0.0000000000
106730  -49.609  9.893  45.576 0.0000000000
105999  -49.914  9.143  45.985 0.0000000000
105991  -50.463  8.743  46.564 0.0000000000
106720  -51.258  9.397  46.470 0.0000000000
105992  -51.464  8.752  47.144 0.0000000000
105219  -50.752  8.200  47.357 0.0000000000
105192  -50.904  7.283  48.834 0.0000000000
105179  -51.094  7.082  49.441 0.0000000000
104415  -51.703  6.526  51.030 0.0000000000
104432  -52.089  6.954  50.267 0.0000000000
104416  -52.622  6.681  51.074 0.0000000000
104417  -53.505  6.599  51.066 0.0000000000
105183  -53.820  7.449  49.408 0.0000000000
104434  -53.728  7.069  50.141 0.0000000000
103663  -54.535  5.904  50.148 0.0000000000
102862  -54.482  5.274  49.561 0.0000000000
102869  -54.004  4.722  49.192 0.0000000000
111515  -46.960  15.643  43.973 0.0000000000
110777  -47.505  15.069  43.483 0.0000000000
110778  -48.540  15.051  43.621 0.0000000000
110851  -46.130  15.063  35.284 0.0000000000
109279  -45.525  12.737  35.356 0.0000000000
108487  -45.977  12.316  34.404 0.0000000000
108478  -45.883  12.097  34.920 0.0000000000
109274  -45.173  12.762  36.283 0.0000000000
108464  -45.192  11.753  36.929 0.0000000000
107634  -45.702  10.762  37.458 0.0000000000
107622  -45.765  10.627  38.602 0.0000000000
106845  -49.090  9.020  34.654 0.0000000000
106835  -48.496  9.485  35.285 0.0000000000
106824  -47.902  9.839  35.861 0.0000000000
106818  -48.802  9.303  37.297 0.0000000000
106817  -48.042  9.793  36.878 0.0000000000
107647  -47.278  9.955  37.440 0.0000000000
107608  -45.959  10.704  39.731 0.0000000000
108434  -46.300  11.028  40.742 0.0000000000
108425  -46.787  11.584  41.523 0.0000000000
109243  -47.369  12.274  42.091 0.0000000000
108416  -48.403  12.230  42.259 0.0000000000
109228  -48.002  13.048  42.445 0.0000000000
110019  -48.665  13.865  42.814 0.0000000000
110797  -49.347  14.252  43.184 0.0000000000
110779  -49.660  14.857  43.655 0.0000000000
110009  -50.392  14.274  43.378 0.0000000000
110010  -51.474  14.029  43.489 0.0000000000
110011  -52.515  13.892  44.102 0.0000000000
109232  -51.856  12.507  42.758 0.0000000000
109218  -52.168  13.164  43.300 0.0000000000
109219  -52.970  12.957  43.643 0.0000000000
109220  -53.397  12.475  44.284 0.0000000000
108409  -53.500  11.631  44.109 0.0000000000
107573  -53.702  10.928  44.851 0.0000000000
106787  -53.585  9.297  40.506 0.0000000000
106040  -53.916  8.907  41.033 0.0000000000
106030  -53.659  8.760  41.993 0.0000000000
105261  -53.920  8.209  42.138 0.0000000000
106020  -53.579  8.989  43.109 0.0000000000
106743  -53.649  10.062  44.554 0.0000000000
106734  -54.099  9.977  45.655 0.0000000000
106002  -54.287  8.781  45.542 0.0000000000
105221  -54.708  7.652  46.399 0.0000000000
104460  -55.107  6.444  47.138 0.0000000000
104474  -55.655  5.949  45.519 0.0000000000
104465  -55.515  5.885  46.372 0.0000000000
102876  -53.213  4.492  48.463 0.0000000000
102883  -52.306  4.577  47.573 0.0000000000
102895  -51.507  4.786  46.528 0.0000000000
102909  -50.800  4.925  46.144 0.0000000000
102908  -50.119  4.933  45.649 0.0000000000
102974  -55.834  3.677  41.955 0.0000000000
102957  -54.263  4.521  42.474 0.0000000000
103750  -53.474  4.811  43.128 0.0000000000
103775  -53.261  5.006  41.298 0.0000000000
103764  -53.391  4.947  42.251 0.0000000000
103749  -52.644  5.257  43.022 0.0000000000
103730  -51.883  5.352  43.828 0.0000000000
103710  -50.307  5.273  44.592 0.0000000000
102924  -49.425  5.115  44.704 0.0000000000
102906  -48.344  4.624  44.936 0.0000000000
102175  -47.465  4.148  44.216 0.0000000000
102188  -47.363  3.860  43.275 0.0000000000
102268  -53.449  3.761  33.523 0.0000000000
103061  -52.860  3.934  34.371 0.0000000000
103049  -52.643  4.106  35.576 0.0000000000
103048  -51.775  4.304  35.210 0.0000000000
103025  -51.561  4.393  37.455 0.0000000000
103012  -50.499  4.279  38.356 0.0000000000
103809  -47.898  5.549  35.994 0.0000000000
103801  -48.393  4.877  37.465 0.0000000000
103022  -49.030  4.693  36.814 0.0000000000
103011  -49.611  4.138  38.130 0.0000000000
102224  -49.033  3.678  39.985 0.0000000000
102223  -48.480  3.552  40.381 0.0000000000
102213  -47.426  3.213  41.219 0.0000000000
101526  -46.976  2.961  41.712 0.0000000000
100087  -49.315  1.176  54.580 0.0000000000
100107  -49.698  0.300  54.486 0.0000000000
100755  -48.892  1.627  54.361 0.0000000000
100767  -50.196  0.600  52.163 0.0000000000
101401  -49.471  2.325  54.494 0.0000000000
101451  -51.289  2.769  52.478 0.0000000000
102069  -49.943  2.979  54.523 0.0000000000
102070  -50.262  3.074  54.473 0.0000000000
102071  -50.780  3.260  54.272 0.0000000000
102190  -56.612  4.174  42.712 0.0000000000
102199  -47.524  3.479  42.238 0.0000000000
102201  -56.440  3.760  42.093 0.0000000000
102216  -56.763  3.921  41.407 0.0000000000
102226  -56.693  3.863  40.530 0.0000000000
102233  -48.858  3.628  39.817 0.0000000000
102235  -56.187  3.544  39.441 0.0000000000
102236  -56.567  3.790  39.657 0.0000000000
102240  -55.461  3.512  38.286 0.0000000000
102248  -56.116  3.412  37.693 0.0000000000
102255  -55.733  3.342  36.837 0.0000000000
102260  -54.230  3.574  35.256 0.0000000000
102262  -55.620  3.361  36.102 0.0000000000
102274  -53.503  3.867  32.798 0.0000000000
102275  -54.016  3.755  33.264 0.0000000000
102281  -53.996  3.953  32.632 0.0000000000
102282  -54.352  3.949  33.087 0.0000000000
102809  -48.388  4.206  53.313 0.0000000000
102866  -51.198  3.866  49.822 0.0000000000
102887  -55.868  4.971  46.254 0.0000000000
102900  -56.154  4.933  45.738 0.0000000000
102910  -52.849  4.798  45.593 0.0000000000
102914  -56.164  4.748  45.079 0.0000000000
102922  -48.144  4.577  44.311 0.0000000000
102923  -48.736  4.872  44.531 0.0000000000
102929  -56.363  4.718  44.342 0.0000000000
102944  -53.537  4.732  43.840 0.0000000000
102948  -56.450  4.409  43.390 0.0000000000
102971  -50.141  4.856  41.121 0.0000000000
102981  -47.335  3.981  39.822 0.0000000000
102982  -48.678  3.750  40.831 0.0000000000
102985  -51.110  4.909  40.273 0.0000000000
103003  -54.957  4.218  39.824 0.0000000000
103009  -48.236  4.522  38.367 0.0000000000
103016  -54.764  3.967  38.922 0.0000000000
103030  -56.489  3.762  38.250 0.0000000000
103051  -55.773  3.795  35.807 0.0000000000
103074  -54.590  4.230  33.446 0.0000000000
103089  -49.474  4.652  30.487 0.0000000000
103094  -53.162  4.711  31.965 0.0000000000
103103  -49.710  4.636  30.109 0.0000000000
103112  -49.277  4.888  29.854 0.0000000000
103598  -49.391  4.766  53.622 0.0000000000
103601  -51.624  5.217  52.971 0.0000000000
103648  -52.653  6.022  52.164 0.0000000000
103660  -48.890  5.614  51.351 0.0000000000
103673  -48.770  5.708  50.693 0.0000000000
103683  -55.589  5.336  46.585 0.0000000000
103688  -51.779  4.989  45.912 0.0000000000
103689  -52.070  4.884  46.045 0.0000000000
103701  -52.872  4.864  45.317 0.0000000000
103703  -56.357  4.965  44.945 0.0000000000
103711  -51.177  5.327  44.613 0.0000000000
103715  -56.447  5.014  44.547 0.0000000000
103727  -49.152  5.135  43.104 0.0000000000
103732  -53.517  4.754  43.596 0.0000000000
103751  -56.237  5.511  42.350 0.0000000000
103752  -56.572  4.957  42.873 0.0000000000
103760  -49.601  4.882  41.874 0.0000000000
103766  -56.525  5.038  41.871 0.0000000000
103769  -45.964  5.377  40.794 0.0000000000
103776  -56.610  4.777  40.965 0.0000000000
103803  -56.563  4.289  38.298 0.0000000000
103821  -55.597  4.418  35.421 0.0000000000
103830  -54.867  4.728  33.991 0.0000000000
103831  -55.338  4.386  34.635 0.0000000000
103842  -54.395  4.765  33.158 0.0000000000
103850  -52.507  5.313  31.741 0.0000000000
103851  -53.032  5.293  32.115 0.0000000000
103852  -53.628  5.002  32.162 0.0000000000
103853  -54.085  4.764  32.539 0.0000000000
103863  -52.797  4.963  31.665 0.0000000000
103870  -47.552  5.759  30.078 0.0000000000
103874  -51.370  5.098  30.670 0.0000000000
103882  -48.123  5.607  29.549 0.0000000000
104377  -51.614  5.783  52.348 0.0000000000
104396  -50.349  5.907  51.737 0.0000000000
104399  -52.956  6.385  51.685 0.0000000000
104418  -54.139  6.507  50.481 0.0000000000
104433  -52.973  7.137  50.362 0.0000000000
104449  -50.843  6.996  49.411 0.0000000000
104461  -55.420  5.744  46.860 0.0000000000
104519  -55.232  6.692  41.478 0.0000000000
104521  -56.263  5.526  41.614 0.0000000000
104546  -56.403  5.239  39.411 0.0000000000
104552  -47.308  5.876  37.258 0.0000000000
104576  -54.191  6.214  34.903 0.0000000000
104604  -52.876  6.022  32.936 0.0000000000
104605  -53.527  5.805  33.155 0.0000000000
104615  -51.985  5.777  31.827 0.0000000000
104630  -45.267  7.136  30.104 0.0000000000
104645  -48.572  5.824  28.943 0.0000000000
104647  -49.971  6.028  29.733 0.0000000000
105189  -48.322  6.718  48.335 0.0000000000
105195  -53.491  7.959  48.956 0.0000000000
105209  -51.819  8.097  48.178 0.0000000000
105220  -51.240  8.327  47.515 0.0000000000
105276  -54.773  7.266  41.210 0.0000000000
105292  -54.934  7.497  40.310 0.0000000000
105293  -55.318  6.734  40.787 0.0000000000
105322  -55.125  7.427  38.645 0.0000000000
105323  -55.550  6.757  39.124 0.0000000000
105354  -54.768  6.863  36.847 0.0000000000
105380  -51.809  7.118  33.951 0.0000000000
105400  -49.891  7.139  31.234 0.0000000000
105416  -49.933  6.523  30.191 0.0000000000
105424  -46.384  7.228  29.100 0.0000000000
105434  -45.528  7.902  28.503 0.0000000000
105443  -47.328  7.763  27.631 0.0000000000
105971  -53.657  8.332  48.337 0.0000000000
105977  -51.493  8.378  47.597 0.0000000000
105978  -51.992  8.469  47.776 0.0000000000
105979  -52.736  8.721  47.882 0.0000000000
105997  -47.992  9.127  45.687 0.0000000000
106000  -50.432  9.233  46.174 0.0000000000
106001  -53.887  9.493  45.045 0.0000000000
106010  -53.733  9.086  44.324 0.0000000000
106031  -53.965  8.209  41.878 0.0000000000
106060  -53.576  8.775  39.348 0.0000000000
106073  -53.251  8.366  38.660 0.0000000000
106084  -52.857  7.931  37.850 0.0000000000
106164  -50.412  9.032  27.527 0.0000000000
106173  -49.728  8.555  26.924 0.0000000000
106174  -50.209  8.843  27.005 0.0000000000
106179  -48.765  8.982  26.356 0.0000000000
106180  -49.099  8.904  26.399 0.0000000000
106181  -49.632  8.838  26.576 0.0000000000
106182  -49.941  8.808  26.741 0.0000000000
106719  -50.705  9.286  46.273 0.0000000000
106732  -51.782  10.179  46.235 0.0000000000
106733  -52.311  10.351  46.445 0.0000000000
106735  -54.359  9.320  46.130 0.0000000000
106766  -49.015  9.983  41.226 0.0000000000
106767  -49.632  9.882  41.276 0.0000000000
106801  -53.810  9.074  39.871 0.0000000000
106882  -50.666  9.544  28.142 0.0000000000
106894  -50.966  9.584  27.625 0.0000000000
106895  -51.347  9.818  27.440 0.0000000000
106903  -48.186  9.271  26.520 0.0000000000
106905  -50.863  9.404  26.975 0.0000000000
106910  -48.595  9.043  26.358 0.0000000000
106911  -48.963  9.346  26.246 0.0000000000
107555  -52.545  10.491  46.532 0.0000000000
107569  -52.868  11.371  46.438 0.0000000000
107586  -52.242  10.793  42.239 0.0000000000
107588  -53.209  10.668  42.928 0.0000000000
107593  -47.238  10.795  41.187 0.0000000000
107596  -50.220  10.527  41.753 0.0000000000
107597  -51.176  10.477  41.757 0.0000000000
107611  -48.581  10.169  41.153 0.0000000000
107664  -46.717  10.956  34.829 0.0000000000
107675  -47.869  10.171  34.091 0.0000000000
107693  -47.811  11.124  32.505 0.0000000000
107732  -47.514  10.517  27.560 0.0000000000
107734  -51.464  10.076  27.766 0.0000000000
107740  -46.906  9.687  27.354 0.0000000000
107744  -51.142  9.796  26.677 0.0000000000
107745  -51.549  9.971  27.080 0.0000000000
107750  -49.086  9.707  26.168 0.0000000000
107751  -49.626  9.915  26.224 0.0000000000
107752  -50.567  9.810  26.406 0.0000000000
108391  -53.252  11.315  46.437 0.0000000000
108426  -47.781  11.487  41.818 0.0000000000
108430  -51.665  11.046  42.173 0.0000000000
108463  -44.874  12.279  37.110 0.0000000000
108471  -45.662  11.737  35.827 0.0000000000
108472  -46.030  11.245  35.690 0.0000000000
108488  -46.447  11.739  34.131 0.0000000000
108489  -46.946  11.188  34.033 0.0000000000
108505  -47.616  11.792  32.386 0.0000000000
108517  -48.164  12.142  31.753 0.0000000000
108530  -51.159  11.647  29.522 0.0000000000
108538  -50.604  10.792  29.438 0.0000000000
108541  -52.348  11.590  28.114 0.0000000000
108550  -48.674  11.616  27.546 0.0000000000
108551  -51.921  10.723  27.607 0.0000000000
108552  -52.237  11.312  27.845 0.0000000000
108566  -49.890  10.349  26.323 0.0000000000
108567  -50.368  10.417  26.334 0.0000000000
109201  -52.647  13.621  46.316 0.0000000000
109291  -46.555  12.702  33.384 0.0000000000
109316  -48.607  12.525  31.322 0.0000000000
109334  -52.055  12.034  29.235 0.0000000000
109345  -49.627  12.736  27.401 0.0000000000
109346  -52.385  11.847  27.731 0.0000000000
109356  -51.706  11.798  26.704 0.0000000000
109357  -52.132  11.633  27.117 0.0000000000
109974  -52.190  14.247  46.388 0.0000000000
109975  -52.771  14.081  46.294 0.0000000000
109994  -53.050  14.201  45.989 0.0000000000
110005  -53.093  14.025  45.101 0.0000000000
110074  -45.466  13.579  35.613 0.0000000000
110092  -46.424  13.512  33.578 0.0000000000
110103  -46.845  13.497  32.964 0.0000000000
110113  -49.644  13.783  30.945 0.0000000000
110120  -49.075  12.919  30.933 0.0000000000
110134  -52.719  12.923  29.101 0.0000000000
110148  -49.600  13.294  27.602 0.0000000000
110150  -52.575  12.674  28.060 0.0000000000
110734  -52.195  14.951  46.353 0.0000000000
110743  -52.555  14.855  45.822 0.0000000000
110758  -51.577  15.299  44.612 0.0000000000
110759  -52.453  14.869  44.971 0.0000000000
110760  -52.806  14.466  45.166 0.0000000000
110780  -50.910  15.099  44.145 0.0000000000
110782  -52.370  14.434  44.461 0.0000000000
110796  -48.857  14.510  43.244 0.0000000000
110859  -46.102  14.516  34.832 0.0000000000
110870  -46.596  14.529  33.718 0.0000000000
110879  -47.365  14.485  32.698 0.0000000000
110887  -47.743  13.983  32.202 0.0000000000
110892  -52.999  14.746  31.080 0.0000000000
110901  -50.712  13.942  30.694 0.0000000000
110951  -50.081  13.626  27.535 0.0000000000
111488  -52.185  15.358  45.500 0.0000000000
111519  -50.689  15.500  44.517 0.0000000000
111572  -46.088  15.897  36.181 0.0000000000
111589  -46.463  15.455  34.986 0.0000000000
111601  -47.116  15.608  33.735 0.0000000000
111602  -52.738  15.576  33.749 0.0000000000
111603  -52.951  15.513  33.672 0.0000000000
111609  -47.501  15.413  33.046 0.0000000000
111610  -48.024  15.382  32.542 0.0000000000
111611  -48.829  15.644  32.392 0.0000000000
111620  -48.518  15.163  32.157 0.0000000000
111647  -52.162  15.535  29.046 0.0000000000
112239  -45.301  16.034  36.699 0.0000000000
112254  -49.615  16.996  35.702 0.0000000000
112257  -52.817  16.824  35.352 0.0000000000
112265  -47.962  16.328  34.158 0.0000000000
112270  -53.011  16.661  34.697 0.0000000000
112293  -47.935  15.744  32.913 0.0000000000
112295  -49.774  16.090  32.701 0.0000000000
112296  -51.058  16.067  33.158 0.0000000000
112309  -51.580  15.645  32.858 0.0000000000
112339  -51.318  16.338  28.964 0.0000000000
112340  -51.877  16.009  29.218 0.0000000000
112341  -52.421  15.711  29.621 0.0000000000
112877  -42.997  17.707  38.176 0.0000000000
112883  -44.370  17.297  37.451 0.0000000000
112884  -45.261  17.536  37.252 0.0000000000
112916  -49.699  17.302  36.499 0.0000000000
112920  -52.835  17.269  35.402 0.0000000000
112932  -53.019  17.136  34.812 0.0000000000
112943  -52.671  17.345  33.597 0.0000000000
112944  -53.096  16.830  34.099 0.0000000000
112984  -52.700  16.451  30.995 0.0000000000
112995  -50.415  17.236  28.947 0.0000000000
113006  -49.335  17.157  28.443 0.0000000000
113007  -50.191  16.918  28.561 0.0000000000
113529  -42.519  18.598  39.317 0.0000000000
113533  -46.508  19.588  39.486 0.0000000000
113544  -50.698  19.451  38.134 0.0000000000
113556  -51.548  18.120  37.304 0.0000000000
113584  -52.720  17.498  34.676 0.0000000000
113617  -50.046  18.924  32.230 0.0000000000
113635  -51.402  17.718  30.973 0.0000000000
114181  -39.321  19.209  40.484 0.0000000000
114185  -43.201  19.972  40.336 0.0000000000
114186  -43.713  20.191  40.487 0.0000000000
114203  -46.833  20.049  39.615 0.0000000000
114213  -38.552  19.763  39.106 0.0000000000
114214  -46.757  19.658  39.438 0.0000000000
114223  -51.358  19.000  37.630 0.0000000000
114275  -49.361  19.273  31.966 0.0000000000
114287  -47.743  19.354  30.307 0.0000000000
114827  -44.044  20.435  40.546 0.0000000000
114837  -45.814  20.364  40.021 0.0000000000
114839  -47.035  20.232  39.338 0.0000000000
114854  -45.470  20.760  39.883 0.0000000000
114859  -50.009  20.939  38.540 0.0000000000
114878  -50.306  21.140  36.574 0.0000000000
114882  -50.618  20.290  35.976 0.0000000000
114886  -50.573  19.915  34.968 0.0000000000
115511  -43.366  21.158  39.200 0.0000000000
115513  -44.477  21.015  39.947 0.0000000000
115531  -47.328  21.250  38.534 0.0000000000
115552  -41.986  21.398  37.502 0.0000000000
115553  -42.849  21.359  37.618 0.0000000000
115554  -43.693  21.378  37.735 0.0000000000
115558  -47.596  21.916  38.303 0.0000000000
115560  -50.532  21.304  37.546 0.0000000000
115576  -43.384  21.785  36.986 0.0000000000
115579  -50.087  21.483  36.669 0.0000000000
115580  -50.372  21.405  37.152 0.0000000000
116882  -47.642  23.686  38.392 0.0000000000
