#!ascii label  , from subject A00073529 vox2ras=TkReg
843
71978  -22.606  -28.343  4.101 0.5555555820
71979  -23.289  -28.315  3.365 0.6666666865
73133  -23.370  -27.440  2.897 0.7777777910
73151  -24.000  -27.373  2.292 0.7777777910
75369  -23.009  -25.327  2.468 0.8888888955
75395  -25.668  -25.588  0.590 0.8888888955
71964  -21.278  -28.284  5.391 0.5555555820
73121  -21.402  -27.429  4.912 0.5555555820
74233  -21.587  -26.728  4.431 0.6666666865
74246  -22.215  -26.364  3.700 0.8888888955
74264  -24.159  -26.504  1.759 0.8888888955
75371  -24.298  -25.922  1.331 0.8888888955
75394  -24.638  -25.281  0.814 1.0000000000
76628  -25.974  -24.307  0.429 1.0000000000
74232  -20.765  -26.412  5.008 0.7777777910
75356  -21.641  -25.146  3.834 1.0000000000
76569  -21.494  -24.143  3.647 1.0000000000
77736  -23.218  -23.910  1.588 1.0000000000
76586  -22.373  -24.337  2.589 1.0000000000
76608  -24.151  -24.233  1.042 1.0000000000
77735  -22.687  -23.389  1.858 1.0000000000
77752  -23.470  -23.418  1.266 1.0000000000
77753  -24.180  -23.398  0.798 1.0000000000
77772  -25.966  -23.502  0.468 1.0000000000
77770  -24.762  -23.363  0.420 1.0000000000
78920  -25.818  -22.629  0.501 1.0000000000
78919  -24.964  -22.484  0.365 1.0000000000
79980  -26.052  -21.392  0.642 0.7777777910
77704  -20.574  -23.263  4.337 0.8888888955
76585  -21.786  -23.912  3.103 1.0000000000
77751  -22.953  -22.901  1.416 1.0000000000
77734  -21.881  -23.278  2.621 1.0000000000
78917  -23.604  -22.161  0.827 1.0000000000
78918  -24.174  -22.450  0.550 1.0000000000
79979  -25.180  -21.475  0.339 1.0000000000
80953  -26.727  -20.843  1.047 0.7777777910
80954  -27.408  -20.535  1.704 0.7777777910
78875  -20.441  -22.208  4.183 0.5555555820
80923  -21.214  -20.515  2.826 0.7777777910
79931  -20.997  -21.401  3.123 0.8888888955
79959  -22.797  -21.494  1.364 1.0000000000
78902  -23.210  -22.405  1.198 1.0000000000
79944  -22.247  -21.516  1.942 0.8888888955
79977  -23.647  -21.417  0.545 1.0000000000
80969  -24.578  -20.432  0.000 1.0000000000
80970  -25.329  -20.385  0.300 0.8888888955
80971  -26.042  -20.105  0.608 0.8888888955
83104  -27.125  -18.518  1.326 0.7777777910
83087  -27.756  -18.915  1.775 0.6666666865
82003  -19.671  -19.684  4.419 0.4444444478
80922  -20.638  -20.463  3.502 0.7777777910
82018  -20.758  -19.392  3.153 0.6666666865
80951  -22.177  -20.156  1.650 0.7777777910
80952  -22.674  -20.449  1.141 0.8888888955
80967  -23.179  -20.459  0.471 0.8888888955
80983  -24.138  -19.908  -0.422 1.0000000000
82064  -24.911  -19.700  -0.177 1.0000000000
82065  -25.522  -19.278  -0.053 0.8888888955
82066  -26.150  -19.182  0.403 0.7777777910
83103  -26.444  -18.381  0.528 0.7777777910
83088  -28.424  -18.477  1.975 0.5555555820
84164  -27.641  -17.626  1.327 0.7777777910
82030  -21.212  -19.072  2.518 0.6666666865
82031  -21.687  -19.437  1.933 0.7777777910
82047  -22.300  -19.445  1.302 0.8888888955
82048  -22.763  -19.534  0.585 0.8888888955
83120  -23.390  -19.062  -0.340 1.0000000000
82080  -24.174  -19.272  -0.694 1.0000000000
80984  -24.483  -19.713  -0.407 0.8888888955
83121  -25.556  -18.257  -0.314 0.8888888955
84162  -26.421  -17.815  0.346 0.8888888955
84178  -25.573  -17.812  -0.380 0.8888888955
84179  -26.009  -17.528  -0.044 0.7777777910
84180  -26.587  -17.003  0.203 0.7777777910
84152  -28.402  -17.337  1.566 0.6666666865
83085  -20.772  -18.363  2.747 0.6666666865
83067  -20.236  -18.994  3.655 0.5555555820
83086  -21.340  -18.387  2.129 0.7777777910
83101  -21.870  -18.533  1.491 0.8888888955
83102  -22.395  -18.574  0.841 0.8888888955
83119  -22.976  -18.549  0.004 1.0000000000
83136  -24.474  -18.522  -0.819 1.0000000000
85175  -27.165  -16.592  0.214 0.7777777910
85164  -28.018  -16.538  0.774 0.6666666865
85155  -28.802  -16.536  1.633 0.5555555820
84151  -20.923  -17.453  2.385 0.6666666865
84161  -22.043  -17.850  1.143 0.8888888955
84177  -22.385  -17.532  0.546 1.0000000000
83134  -23.203  -18.013  -0.431 1.0000000000
84196  -24.134  -17.604  -1.061 0.8888888955
84197  -25.158  -17.636  -0.697 0.8888888955
85192  -25.334  -16.525  -0.868 0.8888888955
84198  -25.573  -17.015  -0.504 0.8888888955
86091  -26.920  -16.143  -0.203 0.7777777910
86093  -28.005  -15.479  -0.024 0.7777777910
86092  -27.321  -15.858  -0.191 0.7777777910
86084  -28.832  -15.450  0.957 0.5555555820
86108  -26.634  -15.620  -0.579 0.7777777910
87058  -28.218  -14.919  -0.579 0.6666666865
85141  -20.175  -16.681  3.458 0.4444444478
85162  -21.614  -16.517  1.420 0.7777777910
84176  -21.911  -17.181  1.105 0.8888888955
85189  -23.097  -16.579  -0.394 1.0000000000
85190  -23.747  -16.626  -0.897 0.8888888955
85191  -24.578  -16.652  -1.100 0.8888888955
86109  -27.513  -15.252  -0.598 0.6666666865
87043  -28.620  -14.742  -0.050 0.5555555820
87034  -21.578  -14.784  1.123 0.6666666865
86069  -21.385  -15.595  1.769 0.6666666865
86089  -22.157  -15.672  0.598 0.7777777910
86104  -23.295  -15.692  -0.708 0.8888888955
86090  -22.632  -15.661  -0.132 0.7777777910
86105  -24.118  -15.724  -0.998 0.8888888955
87053  -24.507  -14.856  -1.199 0.7777777910
86106  -24.948  -15.710  -1.089 0.8888888955
87054  -25.383  -14.832  -1.164 0.7777777910
87056  -27.109  -14.706  -1.062 0.6666666865
88073  -25.615  -14.312  -1.199 0.6666666865
88060  -27.654  -14.094  -1.435 0.6666666865
87057  -27.902  -14.829  -1.023 0.5555555820
89048  -27.266  -13.336  -2.041 0.6666666865
89034  -28.816  -13.487  -0.882 0.5555555820
88046  -28.991  -13.873  -0.148 0.4444444478
89049  -28.324  -13.386  -1.660 0.5555555820
89018  -20.638  -12.457  1.879 0.3333333433
88031  -21.071  -13.558  1.499 0.3333333433
88041  -21.678  -13.659  0.640 0.5555555820
87041  -22.282  -14.690  0.342 0.6666666865
87042  -22.846  -14.739  -0.426 0.7777777910
88055  -23.213  -13.860  -0.608 0.6666666865
87052  -23.631  -14.799  -0.923 0.6666666865
88056  -23.985  -13.903  -1.246 0.6666666865
88057  -25.032  -14.102  -1.240 0.6666666865
88058  -25.712  -13.646  -1.534 0.6666666865
89047  -26.300  -13.026  -2.022 0.6666666865
90013  -28.905  -12.417  -1.956 0.5555555820
89029  -21.215  -12.565  1.045 0.4444444478
89993  -20.801  -11.689  1.428 0.5555555820
89030  -21.897  -12.657  0.208 0.5555555820
89044  -22.827  -12.876  -0.301 0.6666666865
88042  -22.406  -13.741  -0.079 0.6666666865
89045  -23.592  -13.114  -0.711 0.6666666865
88043  -24.519  -13.492  -1.326 0.6666666865
88044  -25.014  -13.360  -1.448 0.6666666865
90012  -27.724  -12.652  -2.460 0.6666666865
89994  -21.570  -11.454  0.811 0.4444444478
90007  -23.594  -12.181  -0.341 0.6666666865
89995  -23.889  -12.762  -0.692 0.6666666865
89031  -24.084  -13.111  -1.077 0.6666666865
90011  -26.738  -12.557  -2.380 0.6666666865
74263  -23.437  -26.423  2.439 0.8888888955
75357  -22.357  -25.301  3.150 1.0000000000
75370  -23.766  -25.409  1.628 1.0000000000
75422  -24.933  -24.649  0.367 1.0000000000
82004  -20.182  -19.609  3.846 0.5555555820
83137  -25.081  -18.709  -0.535 0.8888888955
83074  -20.029  -18.082  3.849 0.5555555820
85151  -20.553  -16.531  2.751 0.5555555820
84160  -21.514  -17.488  1.652 0.7777777910
84194  -22.930  -17.455  -0.137 1.0000000000
85193  -25.954  -16.458  -0.517 0.8888888955
86055  -19.851  -15.990  3.840 0.2222222239
88061  -28.438  -14.240  -0.907 0.4444444478
90006  -22.567  -11.821  0.151 0.6666666865
83058  -19.426  -19.182  4.605 0.4444444478
83075  -20.289  -18.353  3.468 0.4444444478
90014  -29.542  -11.646  -1.931 0.5555555820
89999  -29.943  -12.084  -1.026 0.5555555820
89005  -20.311  -12.248  2.817 0.2222222239
70750  -22.220  -29.378  4.702 0.5555555820
70764  -23.105  -29.239  3.770 0.5555555820
72002  -23.798  -28.231  2.686 0.5555555820
72003  -24.381  -28.202  2.232 0.5555555820
73171  -25.010  -26.949  1.120 0.7777777910
74281  -26.169  -26.494  0.826 0.8888888955
73152  -24.716  -27.408  1.597 0.6666666865
75396  -26.566  -25.329  0.712 0.7777777910
76609  -26.554  -24.457  0.723 0.8888888955
70739  -20.660  -28.901  6.269 0.4444444478
73110  -20.777  -27.428  5.607 0.5555555820
74231  -20.273  -26.032  5.798 0.2222222239
74245  -21.365  -26.014  4.236 0.6666666865
78904  -26.497  -22.425  0.834 0.8888888955
79961  -26.751  -21.799  1.053 0.6666666865
76550  -20.439  -24.300  4.937 0.5555555820
82032  -28.131  -19.789  2.126 0.6666666865
78836  -19.665  -22.630  5.271 0.4444444478
80893  -19.135  -20.471  5.492 0.2222222239
84153  -29.094  -17.563  2.130 0.5555555820
84132  -19.155  -17.924  4.659 0.3333333433
86076  -29.125  -15.831  1.822 0.5555555820
87029  -29.783  -14.377  2.483 0.4444444478
86044  -19.526  -16.332  4.331 0.3333333433
87035  -29.160  -14.398  0.574 0.5555555820
88034  -29.274  -13.869  0.394 0.4444444478
88015  -20.647  -13.424  2.382 0.3333333433
87021  -21.000  -14.544  2.035 0.4444444478
89035  -29.450  -13.021  -0.468 0.4444444478
90985  -30.357  -10.880  -1.467 0.2222222239
89987  -20.468  -11.345  2.286 0.3333333433
90008  -24.445  -11.876  -0.681 0.6666666865
89997  -24.657  -12.479  -1.052 0.6666666865
89060  -25.716  -12.173  -1.922 0.6666666865
90022  -26.048  -11.858  -2.210 0.6666666865
90023  -26.890  -11.833  -2.937 0.6666666865
90025  -28.887  -11.619  -2.686 0.6666666865
90980  -23.203  -11.144  0.078 0.5555555820
71965  -21.858  -28.294  4.733 0.5555555820
73122  -22.120  -27.423  4.277 0.6666666865
73132  -22.791  -27.440  3.591 0.6666666865
74247  -22.959  -26.747  3.136 0.8888888955
74262  -22.866  -26.021  3.030 1.0000000000
74280  -25.257  -26.394  0.838 0.8888888955
70749  -21.638  -28.845  5.152 0.4444444478
74279  -24.666  -26.429  1.217 0.8888888955
75423  -25.391  -24.865  0.364 1.0000000000
75393  -24.043  -24.827  1.199 1.0000000000
75424  -25.929  -25.043  0.422 1.0000000000
76627  -25.180  -24.150  0.226 1.0000000000
74219  -20.434  -26.706  5.898 0.6666666865
75337  -20.889  -25.270  4.554 0.8888888955
76570  -21.934  -24.577  3.254 1.0000000000
76551  -21.078  -24.304  4.241 0.8888888955
77705  -21.127  -23.722  3.935 1.0000000000
76587  -23.138  -24.449  1.936 1.0000000000
76607  -23.652  -24.366  1.450 1.0000000000
76626  -24.617  -24.193  0.526 1.0000000000
77754  -26.572  -23.563  0.811 0.8888888955
77771  -25.449  -23.425  0.355 1.0000000000
78903  -23.704  -22.777  0.883 1.0000000000
77722  -21.181  -23.223  3.427 1.0000000000
77683  -19.841  -23.232  5.306 0.5555555820
78886  -22.080  -22.389  2.219 1.0000000000
78885  -21.336  -22.353  2.790 0.8888888955
78901  -22.635  -22.354  1.627 1.0000000000
79960  -23.299  -21.720  1.000 1.0000000000
79978  -24.389  -21.464  0.259 1.0000000000
82049  -26.714  -19.571  1.074 0.7777777910
82050  -27.421  -19.465  1.617 0.6666666865
78858  -19.522  -22.041  5.240 0.5555555820
78859  -19.801  -22.332  4.923 0.5555555820
79916  -19.930  -21.404  4.497 0.6666666865
79930  -20.501  -21.363  3.835 0.6666666865
77721  -20.748  -22.733  3.844 0.7777777910
78876  -20.825  -22.223  3.493 0.7777777910
80935  -21.795  -20.547  2.129 0.8888888955
79943  -21.584  -21.463  2.460 0.8888888955
80936  -22.369  -20.839  1.675 0.8888888955
79976  -23.134  -21.113  0.923 1.0000000000
83105  -27.711  -18.360  1.665 0.6666666865
81991  -19.255  -19.689  4.964 0.3333333433
80906  -19.541  -20.532  4.784 0.3333333433
80907  -20.049  -20.508  4.136 0.4444444478
82019  -21.348  -19.799  2.517 0.7777777910
80968  -23.801  -20.458  -0.079 1.0000000000
82063  -23.705  -19.503  -0.465 1.0000000000
83122  -25.965  -18.537  0.047 0.7777777910
84163  -26.821  -17.543  0.596 0.7777777910
83135  -23.630  -18.530  -0.693 1.0000000000
85163  -27.423  -17.073  0.697 0.7777777910
83066  -19.767  -18.646  4.162 0.4444444478
85174  -26.527  -16.530  -0.145 0.7777777910
85176  -27.631  -16.103  0.182 0.6666666865
86085  -29.234  -15.315  1.643 0.5555555820
84150  -20.440  -17.481  3.069 0.5555555820
84195  -23.455  -17.473  -0.623 1.0000000000
86107  -25.726  -15.633  -0.933 0.8888888955
85152  -21.164  -16.505  2.110 0.5555555820
85172  -22.043  -16.546  0.821 1.0000000000
85173  -22.545  -16.571  0.215 0.7777777910
88035  -29.586  -13.747  0.904 0.5555555820
86083  -21.756  -15.817  1.144 0.7777777910
86068  -20.794  -15.533  2.467 0.6666666865
88072  -25.388  -14.434  -1.144 0.6666666865
87055  -26.087  -14.635  -1.124 0.6666666865
87071  -25.794  -14.622  -1.106 0.6666666865
88059  -26.711  -13.895  -1.552 0.6666666865
89050  -28.998  -13.019  -1.255 0.5555555820
89033  -24.989  -12.781  -1.429 0.6666666865
89046  -25.532  -12.644  -1.720 0.6666666865
90010  -26.243  -12.477  -2.227 0.6666666865
84140  -19.857  -17.824  4.025 0.4444444478
86056  -20.244  -15.638  3.181 0.3333333433
83065  -19.379  -18.269  4.490 0.4444444478
90973  -30.510  -11.467  -0.763 0.3333333433
90026  -29.450  -11.105  -2.417 0.3333333433
70740  -21.249  -29.397  5.780 0.4444444478
70741  -21.918  -29.942  5.299 0.5555555820
79962  -27.233  -21.602  1.481 0.6666666865
79915  -19.452  -21.479  5.221 0.3333333433
79898  -19.004  -21.312  5.983 0.1111111119
83057  -19.156  -18.773  4.878 0.4444444478
84133  -19.532  -17.843  4.303 0.3333333433
84141  -20.115  -17.562  3.667 0.3333333433
87020  -20.563  -14.520  2.863 0.3333333433
90024  -27.993  -11.807  -2.902 0.6666666865
69574  -27.430  -30.035  2.391 0.4444444478
70752  -29.260  -29.415  4.092 0.2222222239
69550  -24.023  -30.330  3.294 0.4444444478
69551  -25.066  -30.105  2.885 0.4444444478
70766  -24.391  -29.693  2.906 0.4444444478
69571  -25.310  -29.473  2.389 0.4444444478
70789  -26.380  -29.359  1.719 0.4444444478
70790  -27.268  -29.210  1.811 0.4444444478
71980  -28.466  -28.581  3.014 0.2222222239
70788  -25.577  -28.990  1.815 0.4444444478
70810  -26.718  -28.938  1.547 0.4444444478
73135  -29.471  -27.425  3.248 0.1111111119
73136  -30.240  -27.487  3.707 0.1111111119
72026  -26.904  -28.264  1.501 0.4444444478
73155  -28.442  -27.438  2.409 0.3333333433
72004  -24.974  -28.334  1.791 0.4444444478
72024  -25.504  -28.264  1.404 0.4444444478
72005  -27.478  -28.410  1.852 0.3333333433
74248  -29.639  -26.875  3.082 0.2222222239
73174  -27.082  -27.461  1.469 0.4444444478
73154  -27.590  -27.531  1.882 0.3333333433
73153  -25.138  -27.894  1.405 0.5555555820
72025  -26.099  -28.172  1.203 0.4444444478
75372  -28.631  -25.513  1.838 0.2222222239
75373  -29.533  -25.448  2.467 0.1111111119
76571  -30.465  -24.591  3.234 0.1111111119
74266  -28.099  -26.634  1.929 0.3333333433
75397  -27.522  -25.423  1.179 0.4444444478
76611  -28.033  -24.637  1.409 0.6666666865
77738  -29.419  -23.824  2.470 0.4444444478
77755  -27.480  -23.790  1.247 0.6666666865
78889  -29.233  -22.670  2.387 0.3333333433
78906  -27.918  -23.336  1.492 0.6666666865
78888  -28.137  -22.551  1.849 0.5555555820
78905  -27.246  -22.667  1.335 0.6666666865
78887  -27.592  -22.111  1.668 0.5555555820
79946  -28.600  -21.654  2.241 0.5555555820
78877  -29.701  -22.108  2.642 0.4444444478
80938  -28.896  -20.692  2.390 0.4444444478
82033  -29.102  -19.631  2.535 0.4444444478
90020  -24.965  -11.573  -0.962 0.5555555820
90021  -25.431  -11.778  -1.531 0.5555555820
90036  -27.395  -11.322  -3.421 0.5555555820
69552  -26.039  -30.530  2.711 0.4444444478
70768  -28.738  -29.234  3.650 0.2222222239
70765  -23.837  -29.196  3.027 0.4444444478
73156  -28.965  -27.349  2.779 0.2222222239
74267  -29.267  -26.604  2.596 0.2222222239
74268  -29.988  -25.910  2.830 0.1111111119
76588  -28.619  -24.654  1.774 0.4444444478
76589  -29.137  -24.646  2.174 0.3333333433
75398  -28.045  -25.391  1.454 0.4444444478
77756  -28.027  -23.890  1.444 0.6666666865
77737  -28.598  -23.776  1.819 0.4444444478
90994  -25.188  -11.126  -1.043 0.5555555820
90983  -25.120  -10.411  -0.853 0.5555555820
70786  -24.155  -28.700  2.577 0.4444444478
78890  -29.785  -23.337  2.781 0.2222222239
90037  -27.884  -11.406  -3.481 0.5555555820
68271  -25.070  -31.837  3.632 0.4444444478
68290  -26.377  -31.160  3.226 0.4444444478
68291  -27.053  -30.963  3.468 0.4444444478
69555  -28.201  -30.082  3.336 0.2222222239
70753  -30.380  -29.633  4.548 0.1111111119
69533  -23.178  -30.354  3.999 0.4444444478
68288  -24.657  -30.836  3.258 0.4444444478
71981  -29.025  -28.563  3.650 0.1111111119
73137  -30.647  -27.560  4.004 0.1111111119
70754  -31.001  -29.445  4.614 0.1111111119
74250  -30.644  -27.175  3.883 0.1111111119
74234  -30.617  -26.487  3.682 0.1111111119
75343  -31.206  -25.614  4.059 0.1111111119
76572  -30.965  -24.572  3.706 0.1111111119
77723  -30.372  -23.758  3.199 0.1111111119
79935  -30.034  -21.658  2.771 0.1111111119
78878  -30.105  -22.588  2.912 0.2222222239
80939  -29.904  -20.664  2.732 0.2222222239
80940  -30.435  -20.126  3.118 0.2222222239
82034  -29.935  -19.543  2.879 0.3333333433
83089  -29.402  -18.623  2.607 0.4444444478
84154  -29.754  -17.767  2.829 0.3333333433
85157  -29.766  -17.063  3.024 0.3333333433
85156  -29.461  -16.546  2.487 0.3333333433
87036  -29.426  -14.601  1.539 0.4444444478
89036  -30.261  -12.487  0.024 0.3333333433
90998  -28.327  -11.408  -3.338 0.5555555820
91937  -23.528  -10.738  -0.009 0.5555555820
91938  -23.830  -10.381  -0.163 0.5555555820
90995  -25.658  -10.990  -1.507 0.5555555820
90997  -26.883  -11.038  -3.115 0.5555555820
69549  -23.507  -29.797  3.487 0.4444444478
73172  -25.532  -27.420  1.083 0.5555555820
73173  -26.541  -27.429  1.154 0.5555555820
74282  -27.274  -26.591  1.325 0.6666666865
76610  -27.111  -24.553  1.017 0.6666666865
80937  -28.128  -20.856  2.199 0.5555555820
70787  -24.693  -29.102  2.440 0.4444444478
69573  -26.656  -30.000  2.166 0.4444444478
69575  -27.936  -29.934  2.766 0.4444444478
70791  -27.841  -29.453  2.407 0.4444444478
70751  -28.588  -29.683  3.653 0.3333333433
71966  -29.388  -28.893  3.993 0.1111111119
69534  -23.691  -30.855  3.669 0.4444444478
69572  -25.843  -29.763  2.262 0.4444444478
72006  -28.021  -28.514  2.387 0.4444444478
71982  -29.840  -28.045  3.766 0.1111111119
73134  -28.690  -27.959  2.926 0.2222222239
74249  -30.231  -26.636  3.363 0.1111111119
73124  -31.192  -27.551  4.275 0.1111111119
74265  -27.643  -26.913  1.742 0.3333333433
75374  -30.062  -25.353  2.777 0.1111111119
76590  -29.959  -24.617  2.767 0.1111111119
75359  -30.872  -25.203  3.723 0.1111111119
74283  -27.931  -25.921  1.517 0.3333333433
77739  -29.840  -23.889  2.865 0.3333333433
79936  -30.601  -21.832  3.128 0.1111111119
79947  -29.420  -21.564  2.489 0.3333333433
90982  -24.536  -10.898  -0.626 0.5555555820
69553  -26.891  -30.601  2.756 0.4444444478
75358  -30.519  -25.413  3.324 0.1111111119
91939  -24.386  -9.851  -0.362 0.5555555820
67189  -26.171  -31.867  3.572 0.4444444478
68289  -25.384  -31.287  3.268 0.4444444478
69535  -28.038  -30.575  3.680 0.4444444478
69536  -28.666  -30.313  4.063 0.2222222239
69554  -27.625  -30.480  3.090 0.4444444478
68269  -23.530  -31.089  3.916 0.4444444478
73123  -30.502  -28.027  4.070 0.1111111119
71967  -29.926  -28.752  4.123 0.1111111119
74235  -30.913  -26.617  3.989 0.1111111119
63398  -28.446  -34.872  7.692 0.1111111119
64598  -24.222  -34.643  6.205 0.3333333433
64589  -27.033  -34.720  7.030 0.2222222239
63397  -27.731  -35.039  7.736 0.2222222239
64591  -29.228  -34.413  7.437 0.1111111119
65835  -22.469  -33.380  6.125 0.3333333433
64597  -23.244  -34.326  6.299 0.3333333433
64609  -25.375  -34.328  5.473 0.3333333433
64610  -26.313  -34.097  5.501 0.3333333433
64601  -27.302  -34.155  6.115 0.2222222239
64611  -26.973  -33.898  5.354 0.2222222239
64602  -28.349  -34.000  6.557 0.2222222239
68241  -21.464  -31.822  6.650 0.2222222239
67144  -21.775  -32.412  6.236 0.2222222239
65836  -23.283  -33.581  5.973 0.3333333433
64607  -23.833  -33.989  5.955 0.3333333433
64608  -24.464  -34.224  5.599 0.3333333433
65837  -27.958  -33.703  5.991 0.1111111119
68250  -21.632  -31.307  6.251 0.2222222239
67155  -22.142  -32.034  5.768 0.3333333433
68257  -22.324  -31.369  5.408 0.3333333433
67156  -22.858  -32.389  5.268 0.3333333433
68258  -23.189  -31.506  4.466 0.3333333433
67157  -23.690  -32.479  4.723 0.3333333433
67171  -24.357  -32.433  4.343 0.3333333433
65861  -25.830  -33.030  4.505 0.3333333433
65860  -24.977  -33.110  4.535 0.3333333433
65862  -26.682  -32.930  4.529 0.3333333433
65863  -27.243  -32.722  4.617 0.3333333433
65850  -28.330  -33.027  5.480 0.1111111119
67158  -28.178  -32.806  5.218 0.2222222239
69517  -21.282  -30.361  6.290 0.2222222239
69523  -21.783  -30.483  5.680 0.2222222239
68270  -24.231  -31.526  3.709 0.3333333433
67188  -25.562  -32.011  3.663 0.3333333433
67173  -26.051  -32.504  3.963 0.3333333433
67175  -27.843  -32.251  4.753 0.3333333433
70731  -20.983  -29.876  6.405 0.3333333433
67190  -26.732  -31.559  3.697 0.3333333433
68292  -27.613  -30.882  3.738 0.3333333433
83090  -30.167  -18.751  2.986 0.2222222239
86077  -29.496  -15.350  2.291 0.3333333433
85143  -29.758  -15.845  2.771 0.2222222239
64599  -25.064  -34.793  6.060 0.3333333433
64600  -26.073  -34.682  6.374 0.3333333433
64590  -28.022  -34.530  7.094 0.2222222239
64603  -28.966  -33.851  6.657 0.1111111119
67145  -22.413  -32.659  5.817 0.3333333433
65846  -24.694  -33.763  4.957 0.3333333433
65847  -25.615  -33.689  4.951 0.3333333433
65849  -27.575  -33.281  5.264 0.3333333433
69524  -22.433  -30.506  4.941 0.3333333433
68272  -27.346  -31.509  4.031 0.3333333433
63370  -27.385  -35.647  8.263 0.1111111119
63371  -28.767  -35.535  8.488 0.1111111119
63409  -22.837  -35.135  6.588 0.3333333433
63410  -23.836  -35.264  6.602 0.3333333433
63411  -24.805  -35.227  6.633 0.3333333433
64588  -26.410  -35.038  7.025 0.3333333433
64566  -29.556  -34.981  8.227 0.1111111119
65839  -29.630  -33.538  6.674 0.1111111119
68240  -21.081  -31.287  7.001 0.2222222239
67146  -29.272  -33.117  6.066 0.1111111119
67159  -28.907  -32.529  5.544 0.1111111119
68260  -29.456  -31.582  5.245 0.1111111119
67176  -28.645  -31.682  4.937 0.1111111119
68273  -28.171  -31.187  4.249 0.1111111119
70730  -20.657  -29.384  6.693 0.1111111119
84142  -30.081  -17.518  3.088 0.2222222239
87011  -30.289  -14.205  3.034 0.2222222239
71956  -20.676  -28.318  5.988 0.2222222239
75336  -20.363  -25.303  5.389 0.5555555820
85144  -30.087  -16.449  3.236 0.2222222239
63412  -25.417  -35.040  6.553 0.3333333433
65844  -22.960  -33.055  5.740 0.3333333433
65834  -21.620  -33.276  6.525 0.2222222239
64596  -22.159  -34.265  6.500 0.2222222239
65845  -23.726  -33.362  5.333 0.3333333433
65838  -28.617  -33.376  6.034 0.1111111119
68249  -21.215  -30.807  6.620 0.2222222239
68259  -23.819  -32.036  4.247 0.3333333433
65859  -24.280  -33.054  4.760 0.3333333433
65848  -26.499  -33.518  4.994 0.3333333433
67172  -25.152  -32.375  4.032 0.3333333433
67174  -26.872  -32.251  4.106 0.3333333433
69516  -20.929  -30.338  6.734 0.2222222239
63396  -26.781  -35.295  7.545 0.2222222239
63395  -25.715  -35.392  7.191 0.3333333433
64595  -21.418  -33.959  6.776 0.2222222239
83076  -30.479  -18.226  3.216 0.1111111119
84144  -31.943  -18.070  3.894 0.1111111119
84143  -30.837  -17.711  3.503 0.1111111119
85145  -31.427  -16.588  3.803 0.1111111119
86062  -32.189  -15.320  3.779 0.1111111119
86061  -30.958  -15.026  3.580 0.1111111119
89012  -30.120  -13.237  1.156 0.2222222239
86060  -30.042  -15.040  2.980 0.1111111119
87013  -31.812  -14.605  3.512 0.1111111119
89022  -30.522  -12.725  0.865 0.1111111119
89021  -29.914  -13.136  0.446 0.2222222239
90000  -30.679  -11.792  -0.207 0.1111111119
89037  -31.016  -12.168  0.517 0.1111111119
90981  -23.872  -11.196  -0.252 0.4444444478
91923  -22.633  -9.314  0.987 0.4444444478
91930  -23.213  -10.280  0.293 0.4444444478
90974  -30.949  -11.075  -0.346 0.1111111119
90999  -28.938  -11.052  -3.317 0.3333333433
91000  -29.714  -10.409  -2.820 0.2222222239
91952  -30.546  -9.714  -2.071 0.1111111119
91942  -31.051  -9.920  -1.202 0.1111111119
90984  -25.786  -10.205  -1.094 0.4444444478
91950  -26.746  -9.570  -2.604 0.4444444478
90996  -26.492  -10.684  -2.129 0.4444444478
91009  -26.834  -10.453  -3.031 0.4444444478
91010  -27.047  -10.674  -3.632 0.4444444478
91023  -28.057  -10.309  -4.548 0.4444444478
91012  -28.846  -10.255  -3.923 0.2222222239
91963  -29.481  -9.519  -3.695 0.2222222239
91013  -29.563  -9.991  -3.387 0.2222222239
91964  -30.079  -9.647  -2.988 0.2222222239
92849  -30.477  -9.253  -2.597 0.2222222239
95573  -28.959  -5.497  -5.174 0.1111111119
94686  -29.693  -6.850  -3.870 0.1111111119
92861  -31.100  -8.107  -2.522 0.1111111119
92824  -22.310  -8.465  1.862 0.4444444478
91924  -23.533  -8.479  0.749 0.4444444478
91931  -23.645  -9.489  0.284 0.4444444478
91932  -24.368  -8.776  0.309 0.3333333433
91940  -25.174  -9.509  -0.444 0.4444444478
91961  -26.950  -9.795  -4.094 0.4444444478
91962  -27.660  -10.151  -4.463 0.4444444478
92869  -26.703  -8.725  -4.733 0.3333333433
91986  -28.234  -9.228  -5.142 0.3333333433
92871  -28.707  -8.783  -4.829 0.1111111119
92859  -29.399  -8.810  -4.095 0.1111111119
93774  -29.839  -8.173  -3.683 0.1111111119
93788  -29.894  -7.594  -3.708 0.1111111119
92825  -23.008  -8.018  1.481 0.2222222239
91941  -26.173  -9.301  -0.895 0.3333333433
91951  -26.869  -9.086  -3.180 0.3333333433
91973  -26.917  -9.464  -4.979 0.4444444478
92877  -26.837  -8.471  -5.453 0.2222222239
92870  -26.912  -9.156  -5.445 0.2222222239
92879  -28.088  -8.732  -5.290 0.2222222239
93786  -28.472  -7.812  -5.063 0.1111111119
93785  -26.751  -7.741  -5.011 0.1111111119
93798  -27.189  -7.862  -5.599 0.1111111119
94701  -27.720  -7.092  -5.516 0.1111111119
94685  -28.684  -7.169  -4.907 0.1111111119
94702  -28.454  -6.470  -5.227 0.1111111119
91933  -25.203  -8.563  0.166 0.3333333433
91926  -25.383  -8.000  0.460 0.3333333433
91934  -25.883  -8.445  0.175 0.3333333433
92847  -26.605  -8.655  -1.449 0.3333333433
92858  -26.804  -8.545  -3.531 0.3333333433
94700  -27.170  -6.967  -5.223 0.1111111119
95571  -26.697  -6.217  -6.015 0.1111111119
95572  -27.792  -6.056  -5.606 0.1111111119
97294  -27.343  -3.906  -6.899 0.1111111119
93743  -24.836  -7.450  2.719 0.1111111119
92829  -26.202  -7.523  0.938 0.1111111119
92834  -26.097  -7.969  0.444 0.2222222239
92841  -27.062  -7.862  -0.842 0.2222222239
92840  -26.544  -8.424  -0.320 0.3333333433
93759  -27.198  -7.600  -1.721 0.2222222239
92848  -26.867  -8.393  -2.309 0.3333333433
93764  -27.012  -7.533  -2.662 0.3333333433
94668  -27.313  -6.893  -2.285 0.2222222239
94674  -27.319  -6.700  -3.005 0.1111111119
95541  -27.352  -5.709  -3.488 0.1111111119
94683  -27.086  -6.794  -4.307 0.1111111119
95551  -27.165  -5.808  -4.813 0.1111111119
95570  -25.985  -5.448  -6.798 0.1111111119
96404  -29.063  -4.376  -5.391 0.1111111119
93750  -25.687  -7.427  1.653 0.1111111119
93751  -26.955  -7.084  1.543 0.1111111119
92835  -26.843  -7.806  0.400 0.1111111119
93755  -27.191  -7.340  0.576 0.1111111119
94664  -27.863  -5.616  -0.955 0.1111111119
94669  -27.646  -6.262  -1.660 0.1111111119
94675  -27.587  -5.885  -2.518 0.1111111119
96380  -27.243  -4.865  -2.951 0.1111111119
96379  -26.735  -4.649  -3.928 0.1111111119
96389  -26.466  -4.899  -5.360 0.1111111119
93752  -27.526  -6.479  1.165 0.1111111119
94660  -27.726  -5.911  0.858 0.1111111119
94663  -27.757  -5.996  -0.323 0.1111111119
95534  -27.895  -5.086  -0.486 0.1111111119
96367  -27.842  -4.475  -1.094 0.1111111119
96372  -27.563  -4.652  -2.059 0.1111111119
95532  -27.850  -5.045  0.467 0.1111111119
95530  -28.222  -5.115  1.482 0.1111111119
83077  -31.278  -18.693  3.674 0.1111111119
85146  -33.063  -16.515  3.815 0.1111111119
88006  -30.870  -13.720  3.018 0.1111111119
87012  -30.886  -14.394  3.423 0.1111111119
88005  -30.243  -13.755  2.650 0.1111111119
90001  -31.515  -11.628  0.144 0.1111111119
90986  -31.397  -10.449  -0.660 0.1111111119
92860  -30.237  -8.768  -3.111 0.2222222239
93787  -29.171  -7.945  -4.430 0.1111111119
94677  -30.787  -6.905  -3.273 0.1111111119
93765  -27.348  -7.080  -1.840 0.2222222239
96373  -27.752  -4.931  -1.479 0.1111111119
96371  -27.026  -4.023  -2.752 0.1111111119
96364  -27.948  -4.196  -0.046 0.1111111119
84145  -33.251  -17.312  3.865 0.1111111119
90969  -21.832  -10.310  1.426 0.4444444478
91960  -26.904  -10.155  -3.410 0.4444444478
91974  -27.682  -9.682  -5.066 0.4444444478
92878  -27.457  -8.765  -5.533 0.2222222239
93745  -26.782  -6.939  3.107 0.1111111119
94657  -27.886  -6.042  1.932 0.1111111119
84134  -32.862  -18.083  4.147 0.1111111119
83091  -30.701  -18.889  3.342 0.1111111119
84146  -34.188  -17.191  3.491 0.1111111119
84135  -33.717  -17.855  3.768 0.1111111119
85147  -33.702  -16.385  3.427 0.1111111119
86063  -33.115  -15.501  3.549 0.1111111119
88025  -31.578  -13.424  2.602 0.1111111119
88007  -31.672  -13.955  3.131 0.1111111119
88008  -32.461  -14.202  3.093 0.1111111119
89014  -31.467  -12.975  1.963 0.1111111119
89024  -32.189  -12.546  1.596 0.1111111119
90002  -32.526  -11.573  0.304 0.1111111119
90972  -22.477  -10.702  0.601 0.4444444478
90975  -31.934  -11.061  -0.235 0.1111111119
91953  -31.484  -9.246  -1.546 0.1111111119
91943  -31.987  -9.853  -1.015 0.1111111119
93766  -32.957  -7.716  -1.962 0.1111111119
93776  -31.376  -7.408  -2.754 0.1111111119
91925  -24.003  -8.165  0.723 0.3333333433
92826  -23.790  -7.541  1.087 0.2222222239
92827  -24.700  -7.681  0.724 0.2222222239
95543  -31.240  -6.248  -3.292 0.1111111119
93742  -23.820  -6.936  2.173 0.1111111119
91927  -25.693  -7.976  0.474 0.2222222239
96405  -29.924  -4.639  -4.686 0.1111111119
97282  -30.620  -3.829  -5.081 0.1111111119
93735  -23.919  -6.677  3.697 0.1111111119
93736  -24.908  -7.065  3.769 0.1111111119
93744  -25.935  -7.484  2.707 0.1111111119
97295  -28.448  -3.729  -6.027 0.1111111119
94653  -27.512  -6.446  3.713 0.1111111119
97256  -26.614  -3.311  -3.568 0.1111111119
97268  -26.402  -3.652  -4.811 0.1111111119
97293  -26.501  -3.817  -6.881 0.1111111119
98196  -27.493  -2.738  -6.668 0.1111111119
97247  -27.448  -3.657  -1.779 0.1111111119
97246  -26.966  -2.983  -2.489 0.1111111119
88023  -29.935  -13.603  1.895 0.1111111119
91011  -27.873  -10.776  -3.893 0.4444444478
89013  -30.662  -13.027  1.614 0.1111111119
89038  -31.922  -12.078  0.830 0.1111111119
89023  -31.280  -12.520  1.278 0.1111111119
91975  -28.745  -9.550  -4.619 0.2222222239
92850  -30.913  -8.844  -2.203 0.1111111119
95574  -29.633  -5.253  -4.678 0.1111111119
96421  -28.199  -4.853  -5.820 0.1111111119
94687  -30.535  -6.197  -3.524 0.1111111119
95552  -29.142  -6.327  -4.671 0.1111111119
95553  -29.904  -5.598  -4.150 0.1111111119
93777  -32.306  -7.346  -2.436 0.1111111119
92851  -32.022  -8.294  -1.933 0.1111111119
93775  -30.468  -7.727  -3.147 0.2222222239
93799  -27.903  -8.041  -5.412 0.2222222239
94684  -28.193  -7.559  -5.333 0.1111111119
92833  -24.644  -8.219  0.476 0.3333333433
93748  -24.234  -7.204  1.284 0.1111111119
93773  -26.891  -7.681  -3.929 0.2222222239
95591  -26.679  -5.666  -6.944 0.1111111119
95592  -27.406  -5.476  -6.451 0.1111111119
95604  -26.648  -5.254  -7.621 0.1111111119
96420  -27.697  -4.583  -6.527 0.1111111119
97308  -26.605  -4.271  -7.607 0.1111111119
93749  -24.721  -7.434  1.519 0.1111111119
92828  -25.480  -7.597  0.820 0.1111111119
96402  -25.738  -4.598  -6.720 0.1111111119
96403  -25.921  -5.128  -6.169 0.1111111119
93756  -27.556  -6.909  0.349 0.1111111119
92836  -27.373  -7.591  0.071 0.1111111119
93760  -27.593  -7.085  -0.916 0.1111111119
94670  -27.781  -5.530  -1.335 0.1111111119
95537  -27.671  -5.399  -1.828 0.1111111119
95542  -27.496  -5.305  -2.557 0.1111111119
88024  -30.772  -13.357  2.338 0.1111111119
97243  -27.517  -3.283  -0.694 0.1111111119
94656  -27.483  -6.502  2.688 0.1111111119
94678  -31.813  -6.646  -2.947 0.1111111119
95554  -31.160  -5.527  -3.565 0.1111111119
94648  -23.341  -6.414  4.206 0.1111111119
96390  -30.696  -4.864  -4.000 0.1111111119
92821  -25.377  -7.539  3.053 0.1111111119
97279  -26.101  -3.941  -6.107 0.1111111119
98148  -26.509  -2.253  -2.019 0.1111111119
63394  -24.528  -35.981  7.374 0.2222222239
77682  -19.329  -23.333  6.355 0.2222222239
76527  -19.901  -24.359  5.831 0.3333333433
128377  -20.763  -10.456  2.470 0.2222222239
92818  -21.877  -8.533  2.697 0.1111111119
87008  -20.189  -14.820  3.765 0.1111111119
89004  -20.281  -12.260  3.534 0.1111111119
89978  -20.565  -10.725  3.712 0.1111111119
128386  -21.522  -9.007  3.744 0.1111111119
92819  -22.694  -7.584  2.460 0.1111111119
89988  -20.989  -10.819  1.665 0.2222222239
73109  -20.374  -27.323  6.504 0.2222222239
75319  -19.935  -25.359  6.218 0.2222222239
81990  -18.888  -19.548  5.636 0.1111111119
128383  -21.250  -10.074  2.035 0.3333333433
91915  -21.673  -9.279  1.856 0.3333333433
76526  -19.418  -24.589  6.654 0.2222222239
88994  -20.566  -12.278  3.845 0.1111111119
128387  -21.199  -9.632  2.754 0.1111111119
128384  -20.488  -10.985  4.109 0.1111111119
128371  -20.936  -10.750  4.333 0.1111111119
128380  -20.972  -9.914  3.916 0.1111111119
89977  -20.257  -11.600  3.929 0.1111111119
77724  -31.027  -23.689  3.580 0.1111111119
62267  -24.233  -36.479  7.777 0.1111111119
63368  -25.360  -36.069  7.905 0.1111111119
62265  -22.747  -36.340  7.417 0.1111111119
63392  -22.399  -35.686  6.998 0.1111111119
64587  -21.594  -34.612  6.828 0.1111111119
73093  -20.094  -27.137  6.943 0.1111111119
77681  -18.691  -22.863  6.968 0.1111111119
85134  -19.309  -17.161  4.466 0.2222222239
85140  -19.768  -17.040  4.037 0.2222222239
86043  -19.301  -16.592  4.605 0.2222222239
78834  -18.872  -22.160  6.492 0.1111111119
78835  -19.420  -22.312  5.607 0.1111111119
62244  -22.168  -36.855  7.753 0.1111111119
62247  -24.793  -36.554  8.153 0.1111111119
63369  -26.328  -35.814  8.103 0.1111111119
62264  -21.882  -36.137  7.411 0.1111111119
63391  -21.530  -35.342  7.123 0.1111111119
65825  -21.035  -33.251  7.082 0.1111111119
67135  -21.333  -32.367  6.903 0.1111111119
73094  -20.327  -27.759  7.026 0.1111111119
73108  -20.096  -26.683  6.877 0.1111111119
85133  -18.963  -17.389  4.796 0.2222222239
128287  -19.643  -15.864  4.561 0.2222222239
87007  -19.718  -15.693  4.169 0.1111111119
62246  -23.912  -36.834  8.106 0.1111111119
74218  -20.091  -26.262  6.537 0.1111111119
71955  -20.465  -28.375  6.620 0.1111111119
63393  -23.341  -35.875  7.010 0.1111111119
63408  -22.081  -35.051  6.727 0.1111111119
63367  -24.903  -36.218  7.799 0.1111111119
62266  -23.646  -36.432  7.575 0.1111111119
62245  -23.055  -36.872  7.965 0.1111111119
73076  -20.370  -27.424  7.345 0.1111111119
128285  -19.695  -17.022  4.450 0.1111111119
64586  -20.876  -34.363  7.152 0.1111111119
73077  -20.386  -27.946  7.243 0.1111111119
74217  -19.735  -26.268  7.002 0.1111111119
128329  -20.606  -15.898  5.004 0.1111111119
128288  -19.919  -15.140  4.629 0.1111111119
88014  -20.550  -13.382  3.125 0.1111111119
84123  -18.876  -18.214  5.122 0.1111111119
70767  -28.316  -29.281  3.084 0.2222222239
70808  -25.842  -28.583  1.414 0.4444444478
70809  -26.253  -28.760  1.458 0.4444444478
79945  -27.790  -21.576  1.966 0.5555555820
82062  -23.283  -19.611  -0.020 0.8888888955
82081  -24.696  -19.219  -0.578 0.8888888955
82082  -25.057  -19.246  -0.392 0.8888888955
85136  -33.422  -16.064  3.538 0.1111111119
86110  -27.960  -15.157  -0.621 0.6666666865
87070  -25.569  -14.556  -1.086 0.6666666865
88045  -25.310  -13.115  -1.580 0.6666666865
88047  -29.415  -13.507  0.238 0.4444444478
89032  -24.558  -12.956  -1.237 0.6666666865
89061  -25.939  -12.441  -2.086 0.6666666865
89996  -24.228  -12.581  -0.794 0.6666666865
89998  -29.382  -12.685  -1.212 0.5555555820
90009  -25.000  -12.180  -1.234 0.5555555820
91024  -28.347  -10.043  -4.668 0.4444444478
91985  -27.846  -9.141  -5.353 0.3333333433
92811  -25.104  -7.410  3.251 0.1111111119
92832  -24.301  -8.018  0.662 0.3333333433
92842  -27.496  -7.419  -0.336 0.1111111119
92862  -31.718  -7.786  -2.397 0.1111111119
93800  -28.462  -8.279  -5.040 0.2222222239
94676  -30.233  -7.268  -3.487 0.1111111119
95535  -27.869  -5.148  -1.046 0.1111111119
95538  -27.779  -5.194  -1.341 0.1111111119
95589  -25.912  -5.037  -7.679 0.1111111119
95590  -26.126  -5.356  -7.414 0.1111111119
95593  -28.036  -5.507  -5.739 0.1111111119
95602  -26.000  -5.048  -7.861 0.1111111119
95603  -26.196  -5.134  -7.731 0.1111111119
95605  -27.083  -5.519  -7.248 0.1111111119
95617  -26.120  -4.899  -8.161 0.1111111119
95618  -26.181  -4.998  -7.819 0.1111111119
95619  -26.408  -5.035  -7.783 0.1111111119
96368  -27.821  -4.941  -1.205 0.1111111119
96418  -25.766  -4.819  -7.374 0.1111111119
96419  -25.653  -4.775  -7.015 0.1111111119
96431  -25.994  -4.853  -7.853 0.1111111119
96432  -25.884  -4.610  -7.657 0.1111111119
96433  -26.893  -4.749  -7.715 0.1111111119
96434  -27.251  -4.906  -7.294 0.1111111119
96445  -25.887  -4.830  -7.996 0.1111111119
96446  -26.046  -4.674  -7.877 0.1111111119
96447  -26.397  -4.800  -7.772 0.1111111119
97278  -25.918  -4.076  -6.761 0.1111111119
97292  -25.844  -4.178  -7.002 0.1111111119
97307  -26.012  -4.216  -7.445 0.1111111119
97309  -27.083  -4.445  -7.482 0.1111111119
97321  -26.106  -4.405  -7.720 0.1111111119
97322  -26.297  -4.520  -7.762 0.1111111119
128281  -18.714  -18.403  5.489 0.1111111119
128354  -21.001  -11.230  4.598 0.1111111119
128378  -20.459  -11.301  4.151 0.1111111119
128379  -20.636  -10.979  4.314 0.1111111119
128388  -20.368  -11.199  3.952 0.1111111119
