#!ascii label  , from subject A00073529 vox2ras=TkReg
511
12883  -44.248  -79.922  24.335 0.0000000000
16042  -45.019  -77.126  20.454 0.0000000000
18317  -43.954  -74.167  21.320 0.0000000000
13984  -48.382  -78.872  22.479 0.0000000000
20456  -48.191  -71.953  19.018 0.0000000000
13940  -39.766  -78.530  25.000 0.0000000000
19380  -37.321  -73.603  21.942 0.0000000000
22498  -35.692  -70.469  27.009 0.0000000000
21507  -42.229  -71.137  21.044 0.0000000000
19413  -46.833  -72.428  21.001 0.0000000000
22604  -43.973  -70.203  19.690 0.0000000000
15002  -38.525  -76.967  23.014 0.0000000000
17100  -35.716  -75.396  24.599 0.0000000000
28263  -35.891  -65.814  26.978 0.0000000000
27107  -34.796  -66.213  24.732 0.0000000000
9504  -43.604  -82.801  22.251 0.0000000000
15028  -47.157  -77.824  21.380 0.0000000000
11874  -45.957  -80.510  19.970 0.0000000000
12975  -44.820  -79.848  19.378 0.0000000000
15008  -44.455  -77.434  23.302 0.0000000000
12901  -47.025  -79.832  23.852 0.0000000000
18323  -49.752  -74.170  21.338 0.0000000000
17196  -48.534  -75.068  19.855 0.0000000000
15998  -41.798  -76.706  22.436 0.0000000000
18314  -40.633  -74.281  21.451 0.0000000000
22560  -39.628  -70.100  21.537 0.0000000000
19312  -36.826  -73.348  25.893 0.0000000000
21463  -34.859  -71.723  24.407 0.0000000000
24782  -36.897  -68.282  22.696 0.0000000000
27177  -38.410  -66.474  20.596 0.0000000000
9524  -45.497  -81.910  21.376 0.0000000000
18385  -43.424  -73.672  17.514 0.0000000000
16060  -42.270  -76.582  19.512 0.0000000000
14055  -41.212  -78.243  16.546 0.0000000000
23669  -41.405  -69.672  20.354 0.0000000000
22592  -43.173  -70.244  20.266 0.0000000000
11802  -44.164  -81.180  23.506 0.0000000000
15027  -46.160  -77.628  21.163 0.0000000000
12933  -45.851  -79.202  20.732 0.0000000000
13999  -44.860  -79.021  20.590 0.0000000000
12974  -43.997  -79.710  19.191 0.0000000000
13998  -43.734  -78.751  20.179 0.0000000000
16023  -44.077  -75.821  22.078 0.0000000000
17163  -46.031  -74.965  22.012 0.0000000000
20442  -47.434  -72.020  20.686 0.0000000000
19400  -49.144  -73.146  21.427 0.0000000000
20429  -49.699  -73.100  20.656 0.0000000000
18327  -49.593  -74.407  20.327 0.0000000000
19429  -49.715  -73.471  19.425 0.0000000000
14982  -41.940  -78.128  23.588 0.0000000000
14981  -40.912  -77.970  23.547 0.0000000000
18298  -37.420  -74.654  22.184 0.0000000000
17157  -39.385  -75.071  21.832 0.0000000000
19391  -39.018  -73.455  21.527 0.0000000000
21504  -39.582  -71.756  21.421 0.0000000000
21490  -38.009  -71.616  21.721 0.0000000000
20332  -36.043  -72.431  26.078 0.0000000000
20358  -35.383  -72.494  25.425 0.0000000000
22513  -34.708  -70.311  25.715 0.0000000000
28388  -35.579  -64.904  23.352 0.0000000000
25903  -35.834  -67.145  23.255 0.0000000000
27154  -37.105  -66.329  22.452 0.0000000000
25921  -38.002  -67.454  21.798 0.0000000000
12902  -47.852  -79.617  23.358 0.0000000000
10639  -45.882  -81.806  22.410 0.0000000000
11842  -47.459  -80.276  22.047 0.0000000000
10696  -44.417  -81.715  19.394 0.0000000000
19461  -41.703  -73.461  17.434 0.0000000000
17208  -42.471  -75.089  18.716 0.0000000000
14033  -40.061  -78.303  18.006 0.0000000000
19395  -43.175  -72.940  21.132 0.0000000000
19397  -45.522  -73.275  21.175 0.0000000000
20439  -43.893  -71.704  21.120 0.0000000000
21522  -45.199  -70.845  20.452 0.0000000000
21536  -46.595  -71.283  19.529 0.0000000000
14979  -38.951  -77.668  23.386 0.0000000000
15978  -37.064  -76.498  23.431 0.0000000000
18296  -36.185  -74.530  22.848 0.0000000000
25820  -35.286  -67.549  27.254 0.0000000000
24732  -34.556  -68.102  26.251 0.0000000000
28284  -34.815  -65.518  25.901 0.0000000000
29545  -35.055  -64.343  24.537 0.0000000000
32018  -36.405  -62.648  23.102 0.0000000000
15029  -48.123  -77.872  21.573 0.0000000000
11861  -46.862  -80.426  21.116 0.0000000000
12934  -46.710  -79.337  20.978 0.0000000000
12976  -45.517  -80.061  19.598 0.0000000000
11889  -44.580  -80.430  18.301 0.0000000000
11905  -44.639  -80.149  16.855 0.0000000000
13017  -45.061  -79.191  16.275 0.0000000000
14058  -44.608  -78.369  16.015 0.0000000000
13961  -44.499  -78.704  24.235 0.0000000000
12900  -45.934  -79.787  24.064 0.0000000000
15982  -47.675  -77.104  23.708 0.0000000000
15010  -49.246  -77.251  23.408 0.0000000000
18320  -47.629  -74.087  21.871 0.0000000000
17140  -49.114  -75.502  23.011 0.0000000000
16028  -49.503  -76.467  22.190 0.0000000000
16027  -48.853  -76.790  21.489 0.0000000000
17177  -47.968  -75.706  20.296 0.0000000000
17176  -47.042  -75.953  20.193 0.0000000000
14984  -44.030  -78.046  23.795 0.0000000000
15007  -43.492  -77.462  23.089 0.0000000000
16022  -43.181  -75.910  22.026 0.0000000000
15996  -39.826  -76.412  22.395 0.0000000000
16020  -41.143  -75.958  22.018 0.0000000000
18315  -41.666  -74.198  21.380 0.0000000000
20423  -41.126  -72.328  21.302 0.0000000000
22576  -40.402  -70.518  21.296 0.0000000000
24801  -39.673  -68.648  20.879 0.0000000000
18241  -36.074  -74.676  25.565 0.0000000000
19356  -35.400  -73.746  24.333 0.0000000000
20405  -35.856  -72.870  22.813 0.0000000000
23638  -34.881  -69.437  24.203 0.0000000000
23639  -35.588  -69.414  23.333 0.0000000000
22557  -36.547  -70.632  22.378 0.0000000000
23653  -38.120  -69.474  21.952 0.0000000000
24800  -39.009  -68.292  21.242 0.0000000000
10623  -45.611  -81.663  23.241 0.0000000000
9506  -45.106  -82.351  22.064 0.0000000000
10677  -45.443  -81.508  20.290 0.0000000000
9558  -43.787  -82.401  19.669 0.0000000000
18391  -49.309  -73.789  17.688 0.0000000000
18335  -47.759  -74.715  18.589 0.0000000000
17193  -45.051  -75.879  19.483 0.0000000000
17192  -43.941  -75.879  19.304 0.0000000000
15067  -43.400  -77.064  19.878 0.0000000000
13996  -42.123  -78.222  19.799 0.0000000000
14036  -42.966  -78.776  16.914 0.0000000000
24816  -40.729  -68.956  19.707 0.0000000000
23683  -41.423  -69.403  19.522 0.0000000000
11773  -44.638  -80.512  23.936 0.0000000000
15051  -45.464  -77.469  20.850 0.0000000000
15026  -45.424  -77.897  21.045 0.0000000000
15050  -44.655  -77.994  20.752 0.0000000000
17161  -43.525  -75.078  21.647 0.0000000000
17162  -44.768  -75.193  21.898 0.0000000000
20443  -48.527  -72.065  20.113 0.0000000000
20445  -49.784  -73.189  19.791 0.0000000000
20457  -49.084  -72.418  19.062 0.0000000000
13926  -40.226  -78.841  25.927 0.0000000000
13957  -40.379  -78.358  24.268 0.0000000000
18311  -37.920  -74.188  21.823 0.0000000000
19390  -38.138  -73.471  21.676 0.0000000000
20420  -38.462  -72.577  21.574 0.0000000000
20407  -37.562  -72.608  21.789 0.0000000000
22479  -35.859  -70.041  27.303 0.0000000000
21407  -36.801  -70.843  27.120 0.0000000000
22499  -36.165  -70.752  27.100 0.0000000000
21427  -36.366  -71.321  26.756 0.0000000000
21426  -35.407  -71.385  26.264 0.0000000000
22497  -34.979  -70.328  26.472 0.0000000000
28389  -36.115  -65.088  22.793 0.0000000000
27153  -36.290  -66.172  22.892 0.0000000000
28391  -37.520  -65.433  21.974 0.0000000000
29597  -37.273  -64.645  21.991 0.0000000000
12903  -48.318  -79.228  23.075 0.0000000000
11826  -47.756  -80.110  22.621 0.0000000000
11843  -47.855  -79.898  22.469 0.0000000000
17189  -40.925  -75.825  19.048 0.0000000000
15078  -40.193  -78.006  18.876 0.0000000000
15077  -39.703  -77.813  18.518 0.0000000000
20425  -43.105  -71.820  21.134 0.0000000000
20438  -43.542  -72.076  21.177 0.0000000000
20426  -43.422  -71.393  21.109 0.0000000000
22593  -44.379  -70.375  20.290 0.0000000000
22594  -44.930  -70.408  20.251 0.0000000000
21535  -45.598  -70.656  19.912 0.0000000000
22618  -45.050  -70.454  19.426 0.0000000000
17113  -36.366  -75.701  23.322 0.0000000000
17112  -35.839  -75.504  23.911 0.0000000000
25821  -36.157  -67.592  27.499 0.0000000000
27037  -35.882  -66.641  27.205 0.0000000000
27036  -35.172  -66.815  26.950 0.0000000000
28285  -35.379  -65.338  26.573 0.0000000000
30825  -35.706  -63.428  23.713 0.0000000000
9541  -43.218  -83.341  21.201 0.0000000000
13982  -47.377  -78.689  21.417 0.0000000000
12956  -45.281  -79.643  20.114 0.0000000000
12990  -45.011  -80.136  18.980 0.0000000000
12988  -43.563  -79.607  18.408 0.0000000000
12999  -44.008  -79.402  17.557 0.0000000000
13016  -44.379  -78.920  16.779 0.0000000000
13015  -43.651  -78.960  17.023 0.0000000000
14985  -45.167  -77.983  23.796 0.0000000000
13962  -45.541  -78.940  24.137 0.0000000000
14988  -48.482  -77.755  23.695 0.0000000000
16004  -48.689  -76.005  23.361 0.0000000000
19412  -45.816  -72.419  20.980 0.0000000000
18319  -46.333  -74.063  21.670 0.0000000000
19398  -46.701  -73.200  21.311 0.0000000000
18321  -48.798  -73.887  21.955 0.0000000000
18303  -49.672  -74.675  21.939 0.0000000000
17141  -49.536  -75.586  22.510 0.0000000000
18337  -49.201  -74.477  19.673 0.0000000000
17178  -48.810  -75.484  20.518 0.0000000000
17195  -47.463  -75.234  19.368 0.0000000000
15006  -42.425  -77.497  22.946 0.0000000000
15999  -42.857  -76.734  22.457 0.0000000000
16021  -42.132  -75.939  21.996 0.0000000000
15003  -39.395  -77.149  22.847 0.0000000000
15995  -38.841  -76.363  22.533 0.0000000000
18313  -39.659  -74.304  21.596 0.0000000000
17158  -40.338  -75.212  21.786 0.0000000000
17159  -41.386  -75.118  21.690 0.0000000000
19394  -41.947  -73.178  21.221 0.0000000000
19393  -40.900  -73.323  21.291 0.0000000000
22575  -39.650  -70.950  21.467 0.0000000000
21505  -40.364  -71.551  21.355 0.0000000000
23668  -40.449  -69.622  20.998 0.0000000000
23655  -39.723  -69.379  21.411 0.0000000000
18212  -36.460  -74.071  25.783 0.0000000000
20382  -34.980  -72.291  24.892 0.0000000000
19331  -35.447  -73.418  24.977 0.0000000000
20383  -35.148  -72.756  24.535 0.0000000000
20394  -35.364  -73.090  23.662 0.0000000000
21477  -35.270  -71.831  23.435 0.0000000000
25885  -34.685  -67.163  25.077 0.0000000000
23622  -34.557  -69.385  25.135 0.0000000000
24751  -34.754  -67.822  24.622 0.0000000000
24768  -36.045  -68.196  23.085 0.0000000000
23640  -36.354  -69.031  22.858 0.0000000000
23651  -36.213  -69.830  22.761 0.0000000000
23652  -37.058  -69.450  22.418 0.0000000000
22558  -37.552  -70.553  21.965 0.0000000000
27169  -38.155  -66.494  21.308 0.0000000000
25937  -38.532  -67.507  21.142 0.0000000000
25938  -38.984  -67.978  20.775 0.0000000000
11803  -45.131  -81.098  23.610 0.0000000000
11804  -46.167  -80.748  23.699 0.0000000000
9523  -44.595  -82.594  21.450 0.0000000000
9542  -43.850  -82.979  20.791 0.0000000000
11860  -46.458  -80.364  20.506 0.0000000000
10678  -46.172  -81.097  20.755 0.0000000000
10698  -45.654  -81.114  19.821 0.0000000000
9575  -43.517  -82.182  19.066 0.0000000000
20469  -49.245  -72.806  17.827 0.0000000000
19468  -49.223  -73.312  16.669 0.0000000000
18361  -46.946  -74.707  18.216 0.0000000000
17212  -46.630  -75.232  19.089 0.0000000000
17211  -45.862  -75.194  18.962 0.0000000000
17191  -42.887  -75.836  19.184 0.0000000000
17209  -43.588  -75.128  18.692 0.0000000000
15066  -42.746  -77.225  19.782 0.0000000000
15048  -42.412  -77.849  19.922 0.0000000000
15047  -41.923  -78.048  19.780 0.0000000000
14034  -40.850  -78.595  17.670 0.0000000000
14020  -41.411  -78.946  18.350 0.0000000000
14035  -41.958  -78.917  17.305 0.0000000000
22578  -42.360  -70.368  20.612 0.0000000000
22579  -42.994  -70.548  20.626 0.0000000000
23670  -42.105  -70.005  20.310 0.0000000000
23685  -42.782  -69.970  19.798 0.0000000000
22603  -43.160  -70.038  19.510 0.0000000000
29481  -35.989  -64.313  26.254 0.0000000000
30743  -36.730  -63.646  25.993 0.0000000000
10637  -44.069  -82.363  22.700 0.0000000000
16025  -46.860  -77.121  21.061 0.0000000000
13981  -46.471  -78.573  21.218 0.0000000000
13980  -45.542  -78.445  21.040 0.0000000000
12955  -44.363  -79.484  19.935 0.0000000000
12989  -44.399  -79.896  18.431 0.0000000000
14012  -43.599  -79.321  19.656 0.0000000000
12973  -43.147  -79.480  19.148 0.0000000000
17136  -44.827  -76.089  22.495 0.0000000000
17137  -45.827  -75.890  22.572 0.0000000000
17138  -47.095  -75.562  22.634 0.0000000000
19399  -47.939  -73.003  21.324 0.0000000000
20427  -48.576  -72.500  20.955 0.0000000000
19401  -49.760  -73.429  21.019 0.0000000000
17180  -49.687  -74.749  21.085 0.0000000000
19415  -49.800  -73.513  20.372 0.0000000000
18338  -49.722  -74.005  19.929 0.0000000000
18364  -49.499  -73.895  18.867 0.0000000000
15005  -41.387  -77.411  22.912 0.0000000000
17133  -38.214  -75.517  22.267 0.0000000000
17134  -39.126  -75.709  22.124 0.0000000000
17156  -38.708  -75.103  21.929 0.0000000000
18312  -38.702  -74.348  21.726 0.0000000000
19392  -39.938  -73.412  21.409 0.0000000000
20421  -39.323  -72.573  21.436 0.0000000000
21503  -38.865  -71.729  21.516 0.0000000000
22559  -38.750  -70.621  21.645 0.0000000000
20333  -37.134  -72.288  26.114 0.0000000000
19311  -36.189  -73.301  25.801 0.0000000000
21448  -35.283  -71.854  25.804 0.0000000000
22527  -34.688  -70.511  24.775 0.0000000000
27134  -35.322  -65.821  23.678 0.0000000000
25902  -35.345  -66.801  23.768 0.0000000000
27135  -35.687  -66.332  23.328 0.0000000000
25919  -36.634  -67.248  22.853 0.0000000000
25920  -37.392  -67.356  22.394 0.0000000000
27155  -37.703  -66.433  21.910 0.0000000000
28404  -38.071  -65.490  21.475 0.0000000000
13964  -47.714  -78.874  23.783 0.0000000000
11805  -47.156  -80.511  23.216 0.0000000000
10640  -46.852  -81.023  22.399 0.0000000000
10657  -46.266  -81.382  21.691 0.0000000000
10716  -45.302  -81.136  19.407 0.0000000000
19443  -41.384  -74.031  17.866 0.0000000000
18357  -41.927  -74.436  18.329 0.0000000000
18358  -43.110  -74.201  18.076 0.0000000000
17190  -41.862  -75.824  19.156 0.0000000000
16059  -41.225  -76.629  19.365 0.0000000000
15065  -41.769  -77.505  19.677 0.0000000000
14019  -40.553  -78.278  18.647 0.0000000000
19396  -44.381  -73.258  21.131 0.0000000000
19411  -44.723  -72.440  21.038 0.0000000000
20440  -44.956  -71.616  20.888 0.0000000000
21521  -43.963  -70.884  20.778 0.0000000000
20441  -46.120  -71.718  20.718 0.0000000000
21523  -46.398  -71.296  20.279 0.0000000000
21524  -47.348  -71.598  20.102 0.0000000000
21525  -47.620  -71.680  19.582 0.0000000000
13956  -39.350  -78.254  24.026 0.0000000000
14978  -37.970  -77.357  23.616 0.0000000000
14977  -37.026  -77.124  24.082 0.0000000000
15979  -37.700  -76.629  23.198 0.0000000000
17132  -37.329  -75.569  22.655 0.0000000000
18297  -36.702  -74.887  22.607 0.0000000000
19379  -36.513  -73.892  22.466 0.0000000000
24688  -35.537  -68.599  27.453 0.0000000000
23588  -35.193  -69.478  27.135 0.0000000000
23605  -34.624  -69.197  26.198 0.0000000000
24712  -34.833  -68.399  26.931 0.0000000000
25865  -34.574  -67.264  25.897 0.0000000000
27080  -34.689  -66.355  25.542 0.0000000000
29480  -35.129  -64.510  25.777 0.0000000000
29479  -34.782  -65.068  25.529 0.0000000000
28339  -34.809  -65.320  24.659 0.0000000000
29570  -35.450  -64.175  23.667 0.0000000000
29595  -35.893  -64.147  23.052 0.0000000000
30851  -36.411  -63.338  22.678 0.0000000000
13983  -48.106  -78.758  21.897 0.0000000000
12936  -48.010  -79.449  22.317 0.0000000000
12935  -47.431  -79.582  21.433 0.0000000000
12958  -46.794  -79.918  20.789 0.0000000000
11890  -45.307  -80.626  19.298 0.0000000000
11888  -44.137  -80.799  17.610 0.0000000000
13000  -44.596  -79.627  17.336 0.0000000000
11919  -44.890  -79.905  15.721 0.0000000000
14059  -45.067  -78.638  15.517 0.0000000000
13945  -44.778  -79.374  24.307 0.0000000000
12884  -45.078  -79.917  24.153 0.0000000000
13946  -45.346  -79.505  24.178 0.0000000000
13963  -46.684  -78.983  24.014 0.0000000000
14987  -47.291  -78.083  23.809 0.0000000000
13965  -48.373  -78.710  23.369 0.0000000000
15009  -48.913  -77.951  23.151 0.0000000000
18318  -45.160  -74.181  21.469 0.0000000000
17164  -46.969  -74.715  22.137 0.0000000000
18301  -48.559  -74.751  22.465 0.0000000000
17116  -49.482  -76.087  23.200 0.0000000000
16005  -49.577  -76.573  23.019 0.0000000000
15030  -48.850  -77.880  22.325 0.0000000000
16026  -47.832  -77.040  21.237 0.0000000000
17179  -49.424  -74.997  20.773 0.0000000000
16045  -48.369  -76.218  20.910 0.0000000000
16044  -47.399  -76.457  20.729 0.0000000000
16043  -46.162  -76.701  20.620 0.0000000000
16064  -45.908  -76.311  20.176 0.0000000000
13944  -43.889  -79.291  24.531 0.0000000000
14983  -42.993  -78.149  23.652 0.0000000000
16000  -44.064  -76.668  22.609 0.0000000000
14980  -39.900  -77.873  23.408 0.0000000000
15004  -40.378  -77.287  22.856 0.0000000000
15997  -40.823  -76.644  22.417 0.0000000000
16019  -40.391  -75.980  22.128 0.0000000000
17160  -42.436  -75.069  21.658 0.0000000000
18316  -42.770  -74.123  21.327 0.0000000000
20424  -42.137  -72.112  21.214 0.0000000000
20422  -40.190  -72.492  21.346 0.0000000000
21506  -41.270  -71.323  21.214 0.0000000000
22577  -41.359  -70.414  20.938 0.0000000000
24802  -40.446  -69.059  20.418 0.0000000000
19332  -35.832  -73.635  25.494 0.0000000000
18240  -35.593  -74.416  24.957 0.0000000000
18262  -35.590  -74.671  24.135 0.0000000000
19368  -35.584  -74.046  23.707 0.0000000000
19378  -35.825  -73.885  23.096 0.0000000000
20406  -36.664  -72.729  22.190 0.0000000000
24767  -35.256  -68.064  23.895 0.0000000000
22544  -34.988  -70.703  23.769 0.0000000000
22545  -35.691  -70.678  22.959 0.0000000000
21488  -36.057  -71.727  22.507 0.0000000000
21489  -36.995  -71.635  21.976 0.0000000000
24783  -37.703  -68.408  22.216 0.0000000000
24784  -38.564  -68.470  21.715 0.0000000000
23654  -39.050  -69.447  21.713 0.0000000000
24785  -39.266  -68.805  21.495 0.0000000000
11774  -45.415  -80.428  23.916 0.0000000000
10622  -44.639  -81.821  23.203 0.0000000000
10624  -46.422  -81.277  23.072 0.0000000000
10638  -44.995  -82.260  22.715 0.0000000000
9505  -44.380  -82.664  22.184 0.0000000000
10658  -46.750  -80.860  21.497 0.0000000000
9544  -45.484  -81.663  20.723 0.0000000000
10697  -45.036  -81.553  19.728 0.0000000000
9559  -44.510  -81.944  19.823 0.0000000000
9543  -44.802  -82.120  20.475 0.0000000000
23702  -42.240  -69.848  18.654 0.0000000000
21549  -45.431  -70.783  19.008 0.0000000000
21550  -46.456  -71.453  18.499 0.0000000000
21537  -47.303  -71.661  18.877 0.0000000000
20468  -48.491  -72.354  18.071 0.0000000000
19445  -49.509  -73.380  18.266 0.0000000000
18363  -48.966  -74.225  18.233 0.0000000000
18390  -48.700  -73.920  16.570 0.0000000000
18362  -48.116  -74.458  17.808 0.0000000000
18336  -48.370  -74.618  18.942 0.0000000000
17194  -46.191  -75.857  19.759 0.0000000000
16063  -45.409  -76.426  20.089 0.0000000000
18359  -44.397  -74.463  18.143 0.0000000000
17210  -44.738  -75.184  18.805 0.0000000000
16062  -44.210  -76.743  19.946 0.0000000000
16041  -44.319  -77.401  20.353 0.0000000000
15049  -43.470  -77.680  20.187 0.0000000000
14011  -42.831  -78.983  19.611 0.0000000000
12987  -42.674  -79.449  18.560 0.0000000000
12986  -41.972  -79.207  18.770 0.0000000000
12998  -42.998  -79.306  17.650 0.0000000000
9522  -43.819  -83.073  21.680 0.0000000000
10679  -46.610  -80.788  21.100 0.0000000000
11806  -47.742  -80.135  22.981 0.0000000000
11825  -47.454  -80.453  22.680 0.0000000000
12918  -48.064  -79.711  22.820 0.0000000000
12919  -48.324  -79.216  22.778 0.0000000000
12937  -48.254  -79.187  22.538 0.0000000000
12972  -42.398  -79.215  19.153 0.0000000000
12997  -42.140  -79.301  18.123 0.0000000000
13955  -38.651  -77.998  23.839 0.0000000000
13972  -48.606  -78.682  22.893 0.0000000000
13997  -42.660  -78.371  19.917 0.0000000000
14018  -40.057  -78.177  18.422 0.0000000000
14989  -49.069  -77.117  23.717 0.0000000000
15001  -38.054  -76.810  23.155 0.0000000000
15031  -49.399  -77.283  22.871 0.0000000000
15063  -39.558  -77.114  19.158 0.0000000000
15966  -35.904  -76.052  24.566 0.0000000000
15983  -48.695  -76.715  23.658 0.0000000000
15984  -49.314  -76.659  23.498 0.0000000000
15993  -37.402  -76.189  23.004 0.0000000000
15994  -38.002  -76.304  22.805 0.0000000000
16024  -46.388  -77.139  20.983 0.0000000000
16046  -49.039  -75.864  21.043 0.0000000000
16061  -43.235  -76.568  19.582 0.0000000000
17114  -36.949  -75.904  23.022 0.0000000000
17115  -49.144  -76.196  23.416 0.0000000000
17131  -36.703  -75.451  22.877 0.0000000000
17135  -39.815  -75.674  22.053 0.0000000000
17197  -49.047  -74.979  20.237 0.0000000000
18278  -35.869  -74.805  23.376 0.0000000000
18279  -36.297  -75.108  22.942 0.0000000000
18299  -38.171  -74.782  21.928 0.0000000000
18302  -49.331  -74.694  22.353 0.0000000000
18328  -49.770  -74.303  20.814 0.0000000000
19402  -49.867  -73.810  20.916 0.0000000000
19409  -43.397  -72.329  21.160 0.0000000000
19410  -43.837  -72.458  21.148 0.0000000000
19414  -49.783  -73.301  20.559 0.0000000000
20331  -35.518  -72.046  25.914 0.0000000000
20357  -34.926  -72.018  25.092 0.0000000000
20359  -35.839  -72.980  25.736 0.0000000000
20428  -49.359  -72.775  20.784 0.0000000000
20444  -49.624  -72.858  20.108 0.0000000000
20458  -49.684  -72.967  19.091 0.0000000000
20467  -47.715  -71.999  18.208 0.0000000000
21406  -36.406  -70.822  27.107 0.0000000000
21425  -34.896  -70.908  26.052 0.0000000000
21447  -34.917  -71.435  25.487 0.0000000000
21464  -35.036  -72.376  23.974 0.0000000000
21476  -34.948  -71.426  23.831 0.0000000000
21508  -43.125  -70.944  20.961 0.0000000000
21509  -43.601  -71.194  21.048 0.0000000000
21520  -43.317  -70.625  20.687 0.0000000000
21534  -45.157  -70.469  20.171 0.0000000000
21548  -44.909  -70.650  18.756 0.0000000000
22480  -36.366  -70.289  27.317 0.0000000000
22561  -40.058  -69.870  21.357 0.0000000000
22574  -39.196  -71.254  21.490 0.0000000000
22591  -42.460  -70.123  20.284 0.0000000000
22605  -44.894  -70.317  19.856 0.0000000000
22606  -45.251  -70.488  19.605 0.0000000000
22615  -42.853  -70.022  18.835 0.0000000000
23572  -35.494  -69.191  27.387 0.0000000000
23573  -35.886  -69.449  27.476 0.0000000000
23589  -35.625  -69.871  27.250 0.0000000000
23684  -42.230  -69.843  19.920 0.0000000000
24750  -34.502  -68.219  25.384 0.0000000000
24766  -34.717  -68.584  24.606 0.0000000000
25846  -34.806  -67.412  26.652 0.0000000000
25886  -34.958  -67.072  24.352 0.0000000000
27061  -34.902  -66.406  26.383 0.0000000000
27062  -35.394  -66.192  26.879 0.0000000000
27108  -35.043  -66.322  24.125 0.0000000000
27133  -34.972  -65.658  24.228 0.0000000000
27152  -35.770  -65.672  23.175 0.0000000000
28286  -36.324  -65.102  26.779 0.0000000000
28311  -34.717  -65.545  25.243 0.0000000000
28340  -34.914  -64.944  24.418 0.0000000000
28368  -34.935  -65.234  24.312 0.0000000000
28369  -35.113  -65.007  23.989 0.0000000000
29513  -34.824  -64.809  25.091 0.0000000000
29514  -35.075  -64.251  25.160 0.0000000000
29544  -34.857  -64.844  24.672 0.0000000000
29571  -35.736  -63.761  23.402 0.0000000000
29594  -35.643  -64.410  23.354 0.0000000000
30801  -35.464  -63.554  24.275 0.0000000000
30826  -35.985  -63.331  23.239 0.0000000000
31997  -35.778  -63.056  24.099 0.0000000000
31998  -36.049  -62.814  23.679 0.0000000000
