#!ascii label  , from subject A00073529 vox2ras=TkReg
1809
7597  -41.365  -84.088  13.384 0.1000000015
7618  -41.370  -84.359  12.479 0.1000000015
6753  -40.819  -85.053  11.201 0.1000000015
7637  -41.581  -83.927  11.429 0.1000000015
7638  -42.171  -83.193  11.824 0.1000000015
7657  -41.204  -84.233  10.146 0.1000000015
8657  -41.563  -83.098  10.386 0.1000000015
8632  -40.870  -82.847  11.077 0.1000000015
8656  -40.478  -83.050  10.153 0.1000000015
8631  -39.702  -83.133  11.097 0.1000000015
8583  -38.400  -83.081  13.069 0.1000000015
8608  -39.049  -83.259  12.122 0.1000000015
9662  -43.209  -82.264  14.133 0.1000000015
8586  -42.197  -83.476  13.106 0.1000000015
8563  -42.627  -82.845  14.073 0.1000000015
7619  -41.978  -83.729  12.383 0.1000000015
8587  -42.837  -82.700  13.190 0.1000000015
8611  -42.535  -83.061  12.363 0.1000000015
8612  -42.790  -82.477  12.245 0.1000000015
8633  -41.865  -82.707  11.357 0.1000000015
9723  -42.280  -82.274  11.696 0.1000000015
9704  -41.893  -82.157  11.802 0.1000000015
8609  -40.148  -82.806  11.918 0.1000000015
14149  -39.680  -79.601  11.646 0.1000000015
12001  -38.323  -80.321  12.782 0.1000000015
11974  -38.534  -80.299  13.555 0.1000000015
13054  -39.008  -80.138  14.010 0.1000000015
9658  -38.365  -81.965  14.162 0.1000000015
9685  -38.964  -82.593  13.741 0.1000000015
8584  -39.562  -82.864  12.875 0.1000000015
10768  -43.122  -81.558  15.594 0.1000000015
10769  -44.070  -81.048  15.091 0.2000000030
9638  -42.712  -82.187  15.115 0.1000000015
10770  -44.546  -80.493  14.706 0.1000000015
9663  -43.983  -81.447  14.031 0.1000000015
9639  -43.482  -81.752  14.776 0.1000000015
10817  -44.425  -80.441  13.955 0.1000000015
17358  -40.437  -75.925  9.767 0.1000000015
16266  -42.051  -76.432  9.000 0.1000000015
10816  -44.199  -80.785  13.509 0.1000000015
9706  -43.080  -82.001  12.449 0.1000000015
9724  -42.684  -82.245  12.040 0.1000000015
16291  -42.500  -76.745  8.083 0.1000000015
16267  -42.739  -77.139  9.186 0.1000000015
16241  -42.177  -76.716  10.137 0.1000000015
15196  -42.438  -77.850  10.991 0.1000000015
15195  -41.998  -78.328  11.473 0.1000000015
10838  -42.922  -81.375  12.713 0.1000000015
10837  -42.462  -81.429  12.647 0.1000000015
8610  -41.151  -82.429  11.888 0.1000000015
15209  -42.766  -77.854  9.742 0.1000000015
14168  -42.367  -78.503  9.969 0.1000000015
14152  -42.052  -78.596  10.780 0.1000000015
14134  -40.587  -78.961  12.313 0.1000000015
13081  -40.598  -78.977  13.249 0.1000000015
13056  -41.026  -79.249  14.047 0.1000000015
9687  -41.430  -81.804  12.939 0.1000000015
8585  -40.486  -82.438  12.607 0.1000000015
14167  -41.559  -78.968  10.135 0.1000000015
14133  -39.983  -79.282  11.907 0.1000000015
13110  -40.175  -79.116  12.894 0.1000000015
13055  -39.821  -79.773  14.132 0.1000000015
10791  -40.066  -81.170  14.455 0.1000000015
9659  -39.490  -81.905  14.173 0.1000000015
13079  -39.121  -79.834  13.287 0.1000000015
11950  -39.432  -80.510  14.438 0.1000000015
9686  -40.109  -82.316  13.468 0.1000000015
11934  -44.599  -80.390  15.246 0.1000000015
11918  -44.318  -80.507  15.981 0.2000000030
10751  -43.580  -81.056  16.247 0.1000000015
11888  -44.137  -80.799  17.610 0.2000000030
10734  -43.362  -81.312  17.454 0.2000000030
11935  -44.897  -79.922  14.778 0.1000000015
10796  -44.588  -80.231  14.281 0.1000000015
18500  -39.215  -74.788  10.026 0.1000000015
17380  -40.517  -75.734  9.232 0.1000000015
10815  -43.218  -80.661  13.283 0.1000000015
11975  -43.254  -80.167  13.664 0.1000000015
16242  -42.532  -77.266  10.445 0.1000000015
16220  -42.426  -77.221  11.390 0.1000000015
15181  -42.214  -77.816  12.087 0.1000000015
14116  -41.335  -78.621  13.183 0.1000000015
14099  -41.958  -78.647  13.733 0.1000000015
11952  -41.827  -80.012  14.439 0.1000000015
10792  -41.442  -81.136  14.119 0.1000000015
10814  -42.250  -81.238  13.218 0.1000000015
9660  -40.539  -81.753  13.976 0.1000000015
12999  -44.008  -79.402  17.557 0.1000000015
13016  -44.379  -78.920  16.779 0.1000000015
13017  -45.061  -79.191  16.275 0.1000000015
13000  -44.596  -79.627  17.336 0.1000000015
11905  -44.639  -80.149  16.855 0.2000000030
11889  -44.580  -80.430  18.301 0.2000000030
13033  -45.190  -79.247  15.219 0.1000000015
14059  -45.067  -78.638  15.517 0.1000000015
14081  -45.049  -78.683  14.906 0.1000000015
13083  -44.248  -79.462  13.874 0.1000000015
17357  -39.734  -75.463  10.004 0.1000000015
16217  -40.442  -76.221  10.931 0.1000000015
16192  -40.239  -76.437  12.243 0.1000000015
11955  -44.751  -79.821  14.272 0.1000000015
11976  -43.764  -79.927  13.661 0.1000000015
18512  -39.284  -74.458  9.580 0.1000000015
18499  -38.870  -74.341  10.402 0.1000000015
16240  -41.130  -76.284  9.850 0.1000000015
16194  -42.134  -76.660  12.101 0.1000000015
16195  -42.431  -76.940  12.146 0.1000000015
15169  -42.495  -77.536  12.596 0.1000000015
14118  -42.825  -77.784  13.576 0.1000000015
13058  -43.201  -78.891  14.113 0.1000000015
10794  -42.979  -80.264  13.692 0.1000000015
19581  -39.239  -74.090  9.133 0.1000000015
13057  -42.287  -79.099  14.236 0.1000000015
10793  -42.466  -80.526  13.862 0.1000000015
19580  -38.756  -73.587  9.507 0.1000000015
19579  -38.162  -73.153  9.040 0.1000000015
20631  -37.392  -72.702  9.268 0.1000000015
14036  -42.966  -78.776  16.914 0.1000000015
13015  -43.651  -78.960  17.023 0.1000000015
14035  -41.958  -78.917  17.305 0.1000000015
12988  -43.563  -79.607  18.408 0.1000000015
12989  -44.399  -79.896  18.431 0.1000000015
14056  -42.509  -78.225  16.413 0.1000000015
14057  -43.663  -78.319  16.375 0.1000000015
14058  -44.608  -78.369  16.015 0.1000000015
14077  -42.064  -77.511  15.806 0.1000000015
14079  -43.982  -77.824  15.609 0.1000000015
20578  -37.623  -73.298  11.930 0.1000000015
19558  -38.112  -73.611  11.402 0.1000000015
18487  -38.475  -74.320  11.119 0.1000000015
18475  -38.340  -74.801  11.498 0.1000000015
17333  -38.881  -75.204  10.840 0.1000000015
16216  -39.410  -75.981  11.461 0.1000000015
15133  -42.651  -76.950  15.166 0.1000000015
14080  -44.522  -78.174  15.136 0.1000000015
14103  -44.775  -78.533  14.642 0.1000000015
17356  -39.115  -74.950  10.265 0.1000000015
16193  -41.376  -76.499  12.135 0.1000000015
16168  -41.190  -76.438  13.376 0.1000000015
16169  -42.125  -76.424  12.968 0.1000000015
14101  -43.374  -77.950  14.081 0.1000000015
15154  -43.818  -77.690  14.766 0.1000000015
13059  -43.982  -78.932  14.062 0.1000000015
20595  -36.981  -72.400  11.392 0.1000000015
16149  -42.581  -76.545  13.410 0.1000000015
15153  -42.965  -76.895  14.279 0.1000000015
19569  -38.104  -73.138  11.000 0.1000000015
20615  -38.353  -73.164  10.058 0.1000000015
20614  -37.799  -72.790  10.480 0.1000000015
20613  -36.632  -72.271  10.335 0.1000000015
20630  -36.365  -72.230  9.374 0.1000000015
20647  -36.717  -72.730  8.496 0.1000000015
12987  -42.674  -79.449  18.560 0.1000000015
14055  -41.212  -78.243  16.546 0.1000000015
14034  -40.850  -78.595  17.670 0.1000000015
12986  -41.972  -79.207  18.770 0.1000000015
12974  -43.997  -79.710  19.191 0.1000000015
14054  -40.246  -78.309  17.158 0.1000000015
12973  -43.147  -79.480  19.148 0.1000000015
15111  -41.072  -77.580  15.754 0.1000000015
12975  -44.820  -79.848  19.378 0.2000000030
17311  -38.507  -75.496  11.875 0.1000000015
17287  -38.344  -75.851  12.639 0.1000000015
15132  -41.612  -76.949  15.169 0.1000000015
12955  -44.363  -79.484  19.935 0.1000000015
12956  -45.281  -79.643  20.114 0.2000000030
19546  -37.506  -73.900  12.379 0.1000000015
15168  -40.337  -76.698  13.864 0.1000000015
16147  -41.728  -76.270  14.085 0.1000000015
15152  -42.123  -76.421  14.550 0.1000000015
21697  -35.957  -71.962  11.257 0.1000000015
21716  -35.904  -71.978  10.524 0.1000000015
21715  -35.326  -71.364  10.454 0.1000000015
20612  -35.908  -71.995  10.023 0.1000000015
20629  -35.726  -71.614  9.481 0.1000000015
15093  -39.473  -77.937  17.420 0.1000000015
14033  -40.061  -78.303  18.006 0.1000000015
14019  -40.553  -78.278  18.647 0.1000000015
15109  -38.812  -77.511  16.713 0.1000000015
14009  -40.861  -78.200  19.131 0.1000000015
15110  -39.972  -77.855  16.268 0.1000000015
14010  -41.652  -78.503  19.368 0.1000000015
14012  -43.599  -79.321  19.656 0.1000000015
15150  -39.660  -76.957  14.408 0.1000000015
14011  -42.831  -78.983  19.611 0.1000000015
20577  -37.053  -72.878  12.380 0.1000000015
19545  -36.994  -73.391  12.913 0.1000000015
19530  -36.887  -73.974  13.316 0.1000000015
18474  -37.962  -74.753  12.093 0.1000000015
17286  -37.705  -75.615  13.224 0.1000000015
16166  -38.632  -76.382  13.307 0.1000000015
16146  -39.287  -76.675  13.814 0.1000000015
15131  -40.409  -77.260  15.199 0.1000000015
13998  -43.734  -78.751  20.179 0.1000000015
21670  -36.322  -72.172  12.270 0.1000000015
16191  -39.099  -76.270  12.405 0.1000000015
16167  -39.804  -76.600  13.253 0.1000000015
15151  -41.070  -76.639  14.396 0.1000000015
13999  -44.860  -79.021  20.590 0.1000000015
21669  -35.665  -71.691  12.199 0.1000000015
21696  -35.172  -71.342  11.577 0.1000000015
23826  -35.262  -69.395  10.473 0.1000000015
22753  -35.147  -70.369  9.917 0.1000000015
23839  -35.537  -69.587  9.304 0.1000000015
15076  -38.867  -77.085  18.781 0.1000000015
15077  -39.703  -77.813  18.518 0.1000000015
15078  -40.193  -78.006  18.876 0.1000000015
15092  -38.526  -77.281  17.778 0.1000000015
15064  -40.536  -77.677  19.266 0.1000000015
15091  -37.973  -76.884  17.322 0.1000000015
15065  -41.769  -77.505  19.677 0.1000000015
13996  -42.123  -78.222  19.799 0.1000000015
15149  -38.854  -76.956  14.742 0.1000000015
15129  -38.185  -77.094  16.311 0.1000000015
15047  -41.923  -78.048  19.780 0.1000000015
21643  -35.670  -71.868  13.387 0.1000000015
17310  -37.991  -75.302  12.501 0.1000000015
16145  -38.603  -76.645  14.230 0.1000000015
16127  -37.685  -76.633  15.620 0.1000000015
15048  -42.412  -77.849  19.922 0.1000000015
22695  -34.930  -71.052  13.158 0.1000000015
20559  -35.962  -72.494  13.707 0.1000000015
20542  -36.095  -73.188  14.099 0.1000000015
18462  -37.161  -74.802  13.312 0.1000000015
17285  -37.129  -75.335  13.803 0.1000000015
16165  -37.946  -76.243  13.838 0.1000000015
22720  -35.095  -71.256  12.472 0.1000000015
22740  -34.773  -70.382  11.597 0.1000000015
22741  -34.837  -70.897  11.953 0.1000000015
23814  -35.060  -68.975  11.326 0.1000000015
23825  -34.898  -69.699  11.220 0.1000000015
24968  -35.916  -68.608  9.921 0.1000000015
24949  -36.257  -67.686  10.343 0.1000000015
17238  -37.045  -75.822  17.002 0.1000000015
16088  -37.750  -76.397  17.677 0.1000000015
16089  -38.297  -76.620  18.396 0.1000000015
16058  -40.134  -76.401  19.154 0.1000000015
16059  -41.225  -76.629  19.365 0.1000000015
18425  -36.158  -74.683  15.118 0.1000000015
17247  -36.720  -75.699  15.486 0.1000000015
16126  -37.108  -76.158  15.615 0.1000000015
16110  -37.612  -76.634  16.749 0.1000000015
21642  -34.953  -71.165  13.664 0.1000000015
19514  -36.258  -73.809  14.183 0.1000000015
17264  -37.431  -75.850  13.994 0.1000000015
16144  -37.660  -76.340  14.599 0.1000000015
15066  -42.746  -77.225  19.782 0.1000000015
15049  -43.470  -77.680  20.187 0.1000000015
15050  -44.655  -77.994  20.752 0.1000000015
22719  -34.657  -70.404  12.562 0.1000000015
23813  -34.699  -69.381  12.024 0.1000000015
24930  -35.002  -68.213  12.038 0.1000000015
26073  -35.540  -67.072  11.568 0.1000000015
24948  -35.625  -68.231  10.972 0.1000000015
26093  -35.924  -67.459  10.914 0.1000000015
27330  -36.537  -65.984  10.289 0.1000000015
16074  -38.894  -76.214  18.883 0.1000000015
16057  -39.424  -76.532  19.126 0.1000000015
17188  -40.326  -75.739  18.985 0.1000000015
17189  -40.925  -75.825  19.048 0.1000000015
21625  -35.353  -71.973  14.523 0.1000000015
19499  -35.923  -73.795  14.853 0.1000000015
18424  -35.844  -73.861  15.435 0.1000000015
17237  -36.434  -75.282  16.251 0.1000000015
23797  -34.412  -69.258  13.097 0.1000000015
22694  -34.553  -70.398  13.715 0.1000000015
21624  -34.904  -71.188  14.405 0.1000000015
20541  -35.817  -72.688  14.239 0.1000000015
19513  -35.949  -73.339  14.492 0.1000000015
18446  -36.678  -74.719  14.020 0.1000000015
16060  -42.270  -76.582  19.512 0.1000000015
24913  -34.839  -67.780  12.579 0.1000000015
26058  -35.012  -67.296  12.422 0.1000000015
27313  -35.585  -65.814  11.630 0.1000000015
28567  -35.862  -65.057  11.116 0.1000000015
27314  -36.012  -65.877  10.885 0.1000000015
28585  -36.302  -65.173  10.518 0.1000000015
18380  -37.425  -74.295  17.601 0.1000000015
16073  -38.047  -75.813  18.363 0.1000000015
17204  -38.721  -75.294  18.468 0.1000000015
17205  -39.689  -75.531  18.821 0.1000000015
18355  -40.157  -74.741  18.333 0.1000000015
17222  -36.634  -74.849  17.156 0.1000000015
18405  -36.021  -74.080  16.308 0.1000000015
24894  -34.389  -68.355  13.882 0.1000000015
23777  -34.332  -69.311  14.238 0.1000000015
26057  -34.748  -67.423  12.932 0.1000000015
27298  -35.111  -66.322  12.619 0.1000000015
29819  -36.170  -64.349  10.778 0.1000000015
29829  -36.572  -64.468  10.177 0.1000000015
17203  -38.002  -74.977  18.053 0.1000000015
18354  -39.322  -74.719  18.258 0.1000000015
18379  -36.590  -73.945  17.131 0.1000000015
22677  -34.520  -70.168  14.910 0.1000000015
21603  -34.811  -70.878  15.173 0.1000000015
20523  -35.498  -72.457  15.147 0.1000000015
19477  -35.668  -72.901  15.630 0.1000000015
26043  -34.619  -67.521  13.624 0.1000000015
27280  -34.843  -66.873  13.293 0.1000000015
28566  -35.642  -64.794  11.756 0.1000000015
29801  -35.848  -64.317  11.362 0.1000000015
31036  -37.145  -63.050  10.104 0.1000000015
20501  -35.994  -72.372  16.537 0.1000000015
19455  -36.330  -73.198  16.774 0.1000000015
19456  -36.965  -73.294  17.318 0.1000000015
24877  -34.480  -68.479  14.747 0.1000000015
23760  -34.437  -69.190  15.044 0.1000000015
21604  -35.159  -71.536  15.446 0.1000000015
21582  -35.542  -71.617  16.280 0.1000000015
31002  -35.917  -63.827  11.875 0.1000000015
31020  -36.205  -63.621  11.374 0.1000000015
32189  -37.240  -62.451  11.689 0.1000000015
32202  -37.261  -62.614  10.659 0.1000000015
21583  -36.169  -71.586  16.832 0.1000000015
22656  -34.967  -70.537  15.838 0.1000000015
22636  -35.217  -70.395  16.217 0.1000000015
27256  -34.855  -66.903  14.031 0.1000000015
28520  -35.446  -65.444  13.276 0.1000000015
29776  -35.768  -64.235  12.316 0.1000000015
32176  -36.820  -62.847  12.083 0.1000000015
33309  -37.588  -62.174  12.230 0.1000000015
26022  -34.732  -67.544  14.643 0.1000000015
27281  -35.156  -66.247  13.694 0.1000000015
29734  -35.850  -64.912  13.646 0.1000000015
29751  -35.740  -64.601  13.054 0.1000000015
31003  -36.393  -63.404  12.311 0.1000000015
32177  -37.202  -62.732  12.553 0.1000000015
33294  -38.209  -61.336  12.953 0.1000000015
32160  -37.823  -62.451  13.179 0.1000000015
28495  -35.685  -65.593  14.039 0.1000000015
29752  -36.378  -64.226  13.496 0.1000000015
31004  -36.826  -63.254  12.830 0.1000000015
30986  -37.277  -63.437  13.310 0.1000000015
8634  -42.476  -82.568  11.915 0.1000000015
9705  -42.426  -81.791  12.253 0.1000000015
13109  -39.640  -79.469  12.428 0.1000000015
10789  -37.815  -81.304  14.215 0.1000000015
10790  -38.910  -81.261  14.367 0.1000000015
9689  -43.584  -81.602  13.242 0.1000000015
17334  -39.583  -75.763  10.768 0.1000000015
14135  -41.637  -78.392  12.238 0.1000000015
14151  -41.286  -78.903  11.233 0.1000000015
13080  -40.016  -79.318  13.430 0.1000000015
11951  -40.594  -80.266  14.564 0.1000000015
11919  -44.890  -79.905  15.721 0.1000000015
11904  -44.039  -80.730  16.823 0.2000000030
16219  -42.273  -76.902  11.240 0.1000000015
15182  -42.449  -77.347  12.071 0.1000000015
14117  -42.298  -78.001  13.074 0.1000000015
14100  -42.697  -78.327  13.871 0.1000000015
10813  -41.714  -81.394  13.458 0.1000000015
16218  -41.658  -76.562  11.081 0.1000000015
11954  -43.597  -79.383  13.931 0.1000000015
19570  -38.500  -73.491  10.498 0.1000000015
16170  -42.452  -76.659  12.789 0.1000000015
15170  -42.605  -77.187  13.164 0.1000000015
11953  -42.943  -79.789  14.013 0.1000000015
19595  -38.545  -73.672  8.629 0.1000000015
14020  -41.411  -78.946  18.350 0.1000000015
12998  -42.998  -79.306  17.650 0.1000000015
14078  -43.132  -77.581  15.765 0.1000000015
12990  -45.011  -80.136  18.980 0.2000000030
15135  -44.007  -77.684  15.183 0.1000000015
15134  -43.551  -77.268  15.163 0.1000000015
14102  -44.294  -78.368  14.473 0.1000000015
16148  -42.237  -76.283  13.803 0.1000000015
22752  -34.934  -70.365  10.769 0.1000000015
22765  -35.403  -70.468  9.221 0.1000000015
15130  -38.926  -77.273  15.478 0.1000000015
21695  -34.843  -70.923  11.564 0.1000000015
16128  -38.317  -76.798  14.926 0.1000000015
16109  -37.019  -76.090  16.144 0.1000000015
27343  -36.964  -65.896  9.767 0.1000000015
18404  -35.763  -73.433  15.750 0.1000000015
17132  -37.329  -75.569  22.655 0.5000000000
12880  -41.563  -79.841  25.567 0.5000000000
13928  -41.378  -79.575  25.768 0.5000000000
18297  -36.702  -74.887  22.607 0.5000000000
17133  -38.214  -75.517  22.267 0.5000000000
15002  -38.525  -76.967  23.014 0.5000000000
13942  -41.807  -79.185  25.281 0.5000000000
20406  -36.664  -72.729  22.190 0.5000000000
19379  -36.513  -73.892  22.466 0.5000000000
18298  -37.420  -74.654  22.184 0.5000000000
13958  -41.412  -78.512  24.417 0.5000000000
19380  -37.321  -73.603  21.942 0.5000000000
18311  -37.920  -74.188  21.823 0.5000000000
19390  -38.138  -73.471  21.676 0.4000000060
18312  -38.702  -74.348  21.726 0.4000000060
13944  -43.889  -79.291  24.531 0.5000000000
13945  -44.778  -79.374  24.307 0.5000000000
13961  -44.499  -78.704  24.235 0.5000000000
13962  -45.541  -78.940  24.137 0.5000000000
16002  -46.771  -76.507  23.245 0.5000000000
15981  -46.577  -77.412  23.649 0.5000000000
16003  -47.907  -76.224  23.313 0.4000000060
18301  -48.559  -74.751  22.465 0.4000000060
11717  -38.553  -79.873  26.917 0.1000000015
12871  -40.682  -79.764  26.434 0.5000000000
18296  -36.185  -74.530  22.848 0.5000000000
17113  -36.366  -75.701  23.322 0.5000000000
15979  -37.700  -76.629  23.198 0.5000000000
13941  -40.823  -78.712  25.238 0.5000000000
20405  -35.856  -72.870  22.813 0.5000000000
19378  -35.825  -73.885  23.096 0.5000000000
22545  -35.691  -70.678  22.959 0.5000000000
23638  -34.881  -69.437  24.203 0.5000000000
23639  -35.588  -69.414  23.333 0.5000000000
21488  -36.057  -71.727  22.507 0.5000000000
23651  -36.213  -69.830  22.761 0.3000000119
21489  -36.995  -71.635  21.976 0.5000000000
20407  -37.562  -72.608  21.789 0.4000000060
19391  -39.018  -73.455  21.527 0.4000000060
22557  -36.547  -70.632  22.378 0.3000000119
17158  -40.338  -75.212  21.786 0.6999999881
16019  -40.391  -75.980  22.128 0.5000000000
23640  -36.354  -69.031  22.858 0.3000000119
23652  -37.058  -69.450  22.418 0.3000000119
20420  -38.462  -72.577  21.574 0.4000000060
18313  -39.659  -74.304  21.596 0.5000000000
16020  -41.143  -75.958  22.018 0.6000000238
15998  -41.798  -76.706  22.436 0.6000000238
14981  -40.912  -77.970  23.547 0.6000000238
13959  -42.447  -78.662  24.385 0.5000000000
22558  -37.552  -70.553  21.965 0.3000000119
21490  -38.009  -71.616  21.721 0.3000000119
19392  -39.938  -73.412  21.409 0.4000000060
17159  -41.386  -75.118  21.690 0.5000000000
16021  -42.132  -75.939  21.996 0.6000000238
15007  -43.492  -77.462  23.089 0.6000000238
14984  -44.030  -78.046  23.795 0.5000000000
22559  -38.750  -70.621  21.645 0.4000000060
21504  -39.582  -71.756  21.421 0.4000000060
18315  -41.666  -74.198  21.380 0.5000000000
17160  -42.436  -75.069  21.658 0.5000000000
16000  -44.064  -76.668  22.609 0.5000000000
14985  -45.167  -77.983  23.796 0.5000000000
22560  -39.628  -70.100  21.537 0.4000000060
21505  -40.364  -71.551  21.355 0.4000000060
20423  -41.126  -72.328  21.302 0.5000000000
18316  -42.770  -74.123  21.327 0.5000000000
17161  -43.525  -75.078  21.647 0.4000000060
17136  -44.827  -76.089  22.495 0.5000000000
16001  -45.458  -76.965  23.168 0.5000000000
21506  -41.270  -71.323  21.214 0.4000000060
20424  -42.137  -72.112  21.214 0.5000000000
18317  -43.954  -74.167  21.320 0.5000000000
17162  -44.768  -75.193  21.898 0.4000000060
17137  -45.827  -75.890  22.572 0.4000000060
20438  -43.542  -72.076  21.177 0.5000000000
19397  -45.522  -73.275  21.175 0.4000000060
17164  -46.969  -74.715  22.137 0.4000000060
18300  -47.742  -74.938  22.393 0.4000000060
19411  -44.723  -72.440  21.038 0.3000000119
19412  -45.816  -72.419  20.980 0.4000000060
19398  -46.701  -73.200  21.311 0.3000000119
19399  -47.939  -73.003  21.324 0.3000000119
19400  -49.144  -73.146  21.427 0.3000000119
12847  -37.884  -79.250  27.941 0.1000000015
11694  -37.947  -79.547  27.461 0.1000000015
12848  -38.224  -79.262  27.431 0.1000000015
13904  -38.297  -78.892  27.186 0.4000000060
12860  -39.339  -79.530  26.821 0.4000000060
12861  -40.117  -79.669  26.676 0.4000000060
13915  -40.416  -79.338  26.405 0.5000000000
13914  -39.739  -79.146  26.467 0.4000000060
13926  -40.226  -78.841  25.927 0.5000000000
13927  -41.022  -79.284  26.018 0.5000000000
17112  -35.839  -75.504  23.911 0.5000000000
15977  -36.250  -76.356  24.060 0.5000000000
15978  -37.064  -76.498  23.431 0.5000000000
14978  -37.970  -77.357  23.616 0.4000000060
21477  -35.270  -71.831  23.435 0.5000000000
20394  -35.364  -73.090  23.662 0.5000000000
19368  -35.584  -74.046  23.707 0.5000000000
22527  -34.688  -70.511  24.775 0.5000000000
22544  -34.988  -70.703  23.769 0.5000000000
13957  -40.379  -78.358  24.268 0.6000000238
24767  -35.256  -68.064  23.895 0.4000000060
25903  -35.834  -67.145  23.255 0.2000000030
27135  -35.687  -66.332  23.328 0.2000000030
24768  -36.045  -68.196  23.085 0.3000000119
23653  -38.120  -69.474  21.952 0.4000000060
25920  -37.392  -67.356  22.394 0.3000000119
27154  -37.105  -66.329  22.452 0.3000000119
25921  -38.002  -67.454  21.798 0.4000000060
24784  -38.564  -68.470  21.715 0.4000000060
23654  -39.050  -69.447  21.713 0.4000000060
22576  -40.402  -70.518  21.296 0.4000000060
22577  -41.359  -70.414  20.938 0.4000000060
24800  -39.009  -68.292  21.242 0.3000000119
24801  -39.673  -68.648  20.879 0.3000000119
22578  -42.360  -70.368  20.612 0.3000000119
20425  -43.105  -71.820  21.134 0.4000000060
23670  -42.105  -70.005  20.310 0.3000000119
21521  -43.963  -70.884  20.778 0.3000000119
20440  -44.956  -71.616  20.888 0.4000000060
19413  -46.833  -72.428  21.001 0.3000000119
23685  -42.782  -69.970  19.798 0.2000000030
22604  -43.973  -70.203  19.690 0.2000000030
21522  -45.199  -70.845  20.452 0.3000000119
20442  -47.434  -72.020  20.686 0.3000000119
22616  -43.572  -70.225  18.931 0.1000000015
22618  -45.050  -70.454  19.426 0.2000000030
21523  -46.398  -71.296  20.279 0.4000000060
23765  -42.953  -69.044  15.163 0.1000000015
13903  -37.810  -78.489  27.641 0.1000000015
13913  -38.778  -78.899  26.634 0.5000000000
13925  -39.200  -78.656  25.788 0.4000000060
17100  -35.716  -75.396  24.599 0.5000000000
14976  -36.584  -76.944  24.574 0.4000000060
14962  -37.056  -77.465  24.775 0.4000000060
13938  -37.624  -77.959  25.008 0.4000000060
13939  -38.477  -78.259  24.637 0.5000000000
20383  -35.148  -72.756  24.535 0.5000000000
19356  -35.400  -73.746  24.333 0.5000000000
18262  -35.590  -74.671  24.135 0.4000000060
13940  -39.766  -78.530  25.000 0.4000000060
23622  -34.557  -69.385  25.135 0.4000000060
21463  -34.859  -71.723  24.407 0.5000000000
25885  -34.685  -67.163  25.077 0.4000000060
24751  -34.754  -67.822  24.622 0.4000000060
27080  -34.689  -66.355  25.542 0.3000000119
27107  -34.796  -66.213  24.732 0.3000000119
27134  -35.322  -65.821  23.678 0.3000000119
29570  -35.450  -64.175  23.667 0.2000000030
27153  -36.290  -66.172  22.892 0.2000000030
30825  -35.706  -63.428  23.713 0.1000000015
28389  -36.115  -65.088  22.793 0.3000000119
30851  -36.411  -63.338  22.678 0.1000000015
28390  -36.815  -65.333  22.367 0.3000000119
27155  -37.703  -66.433  21.910 0.3000000119
29617  -37.358  -63.829  21.894 0.2000000030
29597  -37.273  -64.645  21.991 0.2000000030
28404  -38.071  -65.490  21.475 0.2000000030
25938  -38.984  -67.978  20.775 0.2000000030
24802  -40.446  -69.059  20.418 0.2000000030
28412  -38.602  -65.470  20.068 0.2000000030
24815  -39.921  -68.477  19.905 0.2000000030
24816  -40.729  -68.956  19.707 0.2000000030
27181  -38.601  -66.435  19.836 0.2000000030
24822  -40.120  -68.409  18.834 0.1000000015
23693  -41.898  -69.664  19.142 0.2000000030
22603  -43.160  -70.038  19.510 0.2000000030
25975  -40.084  -67.228  17.420 0.1000000015
24829  -40.651  -68.677  18.079 0.1000000015
22642  -42.543  -70.100  17.653 0.1000000015
22629  -43.819  -70.503  18.156 0.1000000015
25987  -41.094  -67.444  16.454 0.1000000015
24857  -41.689  -68.561  16.343 0.1000000015
22643  -43.096  -70.354  17.273 0.1000000015
24869  -41.920  -68.377  15.944 0.1000000015
23745  -42.504  -69.169  15.783 0.1000000015
26027  -42.790  -67.621  14.706 0.1000000015
27262  -43.425  -66.610  13.888 0.1000000015
13912  -37.836  -78.380  26.829 0.3000000119
15916  -37.988  -76.525  28.289 0.3000000119
14920  -37.258  -77.404  27.193 0.3000000119
15934  -37.063  -76.581  27.058 0.3000000119
13924  -37.994  -78.352  25.818 0.5000000000
17063  -36.644  -75.060  26.082 0.4000000060
15958  -36.328  -76.443  25.570 0.5000000000
14948  -36.682  -77.134  25.982 0.4000000060
14949  -37.149  -77.685  25.519 0.4000000060
22497  -34.979  -70.328  26.472 0.4000000060
21448  -35.283  -71.854  25.804 0.4000000060
19331  -35.447  -73.418  24.977 0.5000000000
18240  -35.593  -74.416  24.957 0.5000000000
25820  -35.286  -67.549  27.254 0.4000000060
24712  -34.833  -68.399  26.931 0.4000000060
22513  -34.708  -70.311  25.715 0.4000000060
27036  -35.172  -66.815  26.950 0.4000000060
25865  -34.574  -67.264  25.897 0.4000000060
27037  -35.882  -66.641  27.205 0.4000000060
28263  -35.891  -65.814  26.978 0.3000000119
28284  -34.815  -65.518  25.901 0.3000000119
29480  -35.129  -64.510  25.777 0.3000000119
29479  -34.782  -65.068  25.529 0.3000000119
30742  -36.042  -63.636  25.811 0.3000000119
30771  -35.599  -63.530  25.153 0.2000000030
31975  -36.659  -62.161  24.591 0.1000000015
33127  -36.588  -62.103  23.699 0.1000000015
32019  -36.845  -62.504  22.484 0.1000000015
30876  -37.381  -63.216  21.832 0.1000000015
29618  -38.039  -64.324  21.606 0.2000000030
33157  -37.903  -61.758  21.860 0.1000000015
32039  -38.213  -62.407  21.552 0.1000000015
29629  -38.511  -64.694  21.044 0.2000000030
30878  -38.598  -63.237  21.284 0.2000000030
29637  -38.723  -64.811  20.509 0.2000000030
28416  -38.767  -65.712  19.411 0.1000000015
29649  -39.616  -64.685  19.371 0.1000000015
28430  -39.658  -65.661  18.006 0.1000000015
28418  -40.009  -65.036  18.201 0.1000000015
27196  -40.387  -66.420  17.018 0.1000000015
25988  -41.546  -67.694  16.086 0.1000000015
28432  -41.282  -65.177  16.913 0.1000000015
27210  -41.472  -66.815  15.936 0.1000000015
28476  -42.676  -65.816  14.954 0.1000000015
29716  -42.936  -64.983  15.247 0.1000000015
28499  -43.164  -66.159  14.341 0.1000000015
29740  -44.715  -64.764  14.093 0.1000000015
29759  -44.952  -64.959  13.386 0.1000000015
29760  -45.599  -64.845  13.199 0.1000000015
29782  -46.523  -64.964  12.396 0.1000000015
15917  -38.839  -76.114  28.444 0.3000000119
14900  -38.164  -76.950  28.826 0.2000000030
17038  -38.500  -75.553  27.524 0.3000000119
17064  -37.389  -75.343  26.736 0.4000000060
17065  -38.306  -75.097  26.800 0.3000000119
21426  -35.407  -71.385  26.264 0.3000000119
20332  -36.043  -72.431  26.078 0.4000000060
18212  -36.460  -74.071  25.783 0.4000000060
18214  -38.076  -74.378  26.057 0.3000000119
24688  -35.537  -68.599  27.453 0.3000000119
22498  -35.692  -70.469  27.009 0.3000000119
19312  -36.826  -73.348  25.893 0.4000000060
18213  -37.128  -74.339  26.100 0.4000000060
27038  -36.826  -66.736  27.305 0.3000000119
25821  -36.157  -67.592  27.499 0.3000000119
28265  -37.505  -65.995  26.996 0.3000000119
28264  -36.611  -65.905  27.033 0.3000000119
28287  -37.258  -65.178  26.740 0.3000000119
29481  -35.989  -64.313  26.254 0.3000000119
30743  -36.730  -63.646  25.993 0.3000000119
30773  -37.357  -62.900  25.777 0.2000000030
31943  -37.108  -62.116  25.116 0.1000000015
33081  -37.847  -61.392  24.956 0.1000000015
34141  -38.845  -60.526  24.883 0.1000000015
33128  -37.150  -61.432  23.324 0.1000000015
35243  -38.677  -60.009  23.695 0.1000000015
34173  -37.584  -60.988  23.006 0.1000000015
34190  -38.486  -60.794  22.030 0.1000000015
32040  -38.977  -62.287  21.264 0.1000000015
30891  -39.133  -63.485  20.981 0.2000000030
32057  -40.521  -62.473  20.811 0.2000000030
30893  -40.765  -63.242  20.595 0.2000000030
29639  -40.261  -64.277  19.769 0.1000000015
30894  -41.650  -63.337  20.404 0.1000000015
29640  -41.130  -64.140  19.565 0.1000000015
29670  -41.525  -64.633  17.742 0.1000000015
29641  -42.121  -64.164  19.624 0.1000000015
29652  -42.424  -64.527  18.702 0.1000000015
29694  -41.987  -64.819  16.861 0.1000000015
29671  -42.712  -64.635  17.618 0.1000000015
29695  -42.900  -64.689  16.234 0.1000000015
29696  -44.174  -64.557  16.331 0.1000000015
29717  -43.778  -64.739  15.014 0.1000000015
29741  -45.809  -64.703  14.523 0.1000000015
29719  -46.016  -65.135  15.894 0.1000000015
29720  -46.627  -65.507  15.696 0.1000000015
29761  -46.716  -64.766  13.547 0.1000000015
29742  -46.873  -65.208  14.928 0.1000000015
29784  -48.278  -65.295  13.095 0.1000000015
29762  -47.711  -65.170  13.907 0.1000000015
28553  -48.760  -65.735  11.967 0.1000000015
15899  -40.037  -76.413  29.242 0.2000000030
14872  -38.972  -77.129  29.533 0.2000000030
15919  -40.858  -75.889  28.701 0.2000000030
17017  -39.723  -75.444  27.908 0.3000000119
17019  -41.657  -75.451  27.997 0.2000000030
17018  -40.664  -75.395  27.991 0.3000000119
17016  -39.109  -75.503  27.789 0.3000000119
18215  -39.088  -74.553  26.372 0.3000000119
23574  -36.870  -69.413  27.578 0.3000000119
22479  -35.859  -70.041  27.303 0.3000000119
22499  -36.165  -70.752  27.100 0.3000000119
20333  -37.134  -72.288  26.114 0.3000000119
19333  -37.467  -73.119  25.747 0.3000000119
18242  -38.311  -73.997  25.721 0.3000000119
25822  -37.087  -67.599  27.597 0.3000000119
24690  -37.363  -68.488  27.789 0.3000000119
20360  -37.856  -72.653  25.720 0.3000000119
19334  -38.188  -73.483  25.643 0.3000000119
18243  -38.722  -73.975  25.731 0.2000000030
18216  -39.997  -74.226  26.138 0.2000000030
27040  -38.625  -66.678  27.314 0.2000000030
27039  -37.738  -66.745  27.376 0.2000000030
28266  -38.383  -66.097  26.934 0.3000000119
28288  -38.224  -65.326  26.566 0.3000000119
29483  -37.929  -64.463  26.388 0.3000000119
30744  -37.612  -63.682  26.139 0.3000000119
30745  -38.431  -63.769  26.186 0.2000000030
31944  -38.029  -62.164  25.554 0.1000000015
31946  -39.886  -62.466  25.748 0.2000000030
33083  -39.563  -61.586  25.555 0.1000000015
34125  -40.079  -60.825  25.445 0.1000000015
35231  -40.959  -59.513  24.703 0.1000000015
35233  -43.034  -59.595  24.342 0.1000000015
35247  -44.559  -59.336  23.551 0.1000000015
36371  -40.551  -59.111  24.189 0.1000000015
36372  -41.331  -58.922  24.148 0.1000000015
36389  -42.749  -58.327  23.477 0.1000000015
36391  -44.540  -58.378  23.282 0.1000000015
36393  -46.321  -58.584  23.644 0.1000000015
36377  -48.198  -58.322  24.910 0.1000000015
35258  -39.421  -59.584  22.759 0.1000000015
36402  -40.053  -59.003  22.894 0.1000000015
37681  -42.745  -57.715  22.364 0.1000000015
37671  -44.124  -57.820  22.947 0.1000000015
37685  -46.133  -57.318  23.101 0.1000000015
37675  -47.188  -57.312  23.981 0.1000000015
34191  -39.121  -60.452  21.844 0.1000000015
35273  -39.992  -59.560  21.880 0.1000000015
33159  -39.462  -61.427  21.266 0.1000000015
33175  -40.984  -61.839  20.684 0.2000000030
32058  -41.317  -62.551  20.616 0.1000000015
32059  -42.118  -62.589  20.330 0.1000000015
29642  -43.093  -64.397  19.496 0.1000000015
29653  -43.620  -64.788  18.632 0.1000000015
29672  -43.877  -64.752  17.451 0.1000000015
29673  -44.510  -64.859  17.081 0.1000000015
28455  -45.559  -65.476  17.161 0.1000000015
29697  -45.140  -64.957  16.669 0.1000000015
28478  -46.514  -65.646  16.069 0.1000000015
28479  -47.178  -65.975  15.788 0.1000000015
28502  -47.375  -65.594  15.072 0.1000000015
18220  -44.039  -73.772  25.614 0.2000000030
17041  -41.422  -74.993  27.250 0.2000000030
17040  -40.452  -74.994  27.253 0.3000000119
17066  -38.839  -75.073  26.958 0.3000000119
19314  -44.389  -73.349  25.330 0.2000000030
18188  -43.210  -74.527  26.390 0.2000000030
18187  -42.147  -74.527  26.491 0.2000000030
18186  -41.165  -74.550  26.575 0.3000000119
18184  -39.708  -74.611  26.564 0.3000000119
22481  -37.407  -70.297  27.328 0.3000000119
21428  -37.494  -71.240  26.687 0.3000000119
20334  -38.065  -71.932  26.027 0.3000000119
20361  -38.584  -72.527  25.604 0.3000000119
23575  -37.765  -69.333  27.781 0.3000000119
22482  -38.388  -70.070  27.619 0.3000000119
21429  -38.549  -71.270  26.459 0.3000000119
20335  -38.870  -71.767  25.842 0.3000000119
19335  -39.092  -73.198  25.523 0.3000000119
25796  -39.357  -67.607  28.245 0.2000000030
24661  -38.376  -68.192  28.358 0.3000000119
18244  -39.565  -73.830  25.694 0.2000000030
25824  -39.027  -67.170  27.693 0.2000000030
28267  -38.956  -66.221  26.903 0.2000000030
27041  -39.571  -66.451  26.936 0.2000000030
28289  -39.245  -65.642  26.459 0.3000000119
27063  -39.857  -65.963  26.389 0.3000000119
29484  -39.085  -64.476  26.182 0.3000000119
30775  -39.228  -63.306  26.017 0.2000000030
29485  -39.673  -65.027  26.006 0.3000000119
29516  -40.228  -64.421  25.772 0.2000000030
30777  -41.073  -63.570  25.627 0.2000000030
31947  -40.847  -62.584  25.733 0.2000000030
33085  -41.515  -61.728  25.601 0.1000000015
37710  -42.245  -57.896  20.981 0.1000000015
37698  -42.985  -57.583  21.575 0.1000000015
37683  -44.680  -57.168  22.325 0.1000000015
38857  -45.564  -56.769  22.200 0.1000000015
35291  -40.783  -59.564  20.929 0.1000000015
36433  -41.384  -58.655  20.867 0.1000000015
37711  -43.210  -57.722  20.585 0.1000000015
37712  -44.263  -57.407  20.548 0.1000000015
34211  -41.032  -60.824  20.524 0.1000000015
35292  -41.772  -59.667  20.093 0.1000000015
35308  -42.587  -59.741  19.486 0.1000000015
36454  -43.442  -58.723  19.275 0.1000000015
36455  -44.769  -58.367  19.030 0.1000000015
34213  -42.450  -61.152  19.687 0.1000000015
35321  -43.981  -60.047  18.451 0.1000000015
34243  -44.262  -60.957  18.164 0.1000000015
33186  -42.785  -61.805  19.567 0.1000000015
32060  -42.714  -62.967  20.166 0.1000000015
32083  -43.707  -62.342  19.100 0.1000000015
32084  -44.241  -62.928  19.016 0.1000000015
32072  -43.842  -63.401  19.461 0.1000000015
29643  -43.805  -64.404  19.321 0.1000000015
29654  -44.424  -64.683  18.974 0.1000000015
28434  -44.880  -65.253  17.707 0.1000000015
29698  -45.731  -65.398  16.661 0.1000000015
20340  -46.999  -72.028  25.717 0.3000000119
20367  -45.092  -72.333  25.627 0.3000000119
19339  -43.009  -72.716  25.170 0.3000000119
18247  -42.381  -73.393  25.375 0.2000000030
18218  -41.802  -74.007  25.922 0.2000000030
20365  -42.404  -72.079  25.471 0.3000000119
19338  -41.912  -72.750  25.110 0.3000000119
18246  -41.396  -73.470  25.483 0.3000000119
18185  -40.277  -74.590  26.614 0.2000000030
22502  -39.868  -71.111  27.484 0.3000000119
21450  -40.678  -71.714  25.897 0.3000000119
19337  -40.912  -72.881  25.202 0.3000000119
18245  -40.460  -73.612  25.604 0.2000000030
24663  -39.625  -68.210  28.912 0.2000000030
22483  -39.303  -70.287  28.442 0.3000000119
25797  -40.251  -67.454  28.235 0.2000000030
27042  -40.541  -66.665  26.866 0.2000000030
27064  -40.415  -66.163  26.372 0.2000000030
28291  -40.857  -65.912  26.008 0.3000000119
28312  -40.745  -65.000  25.629 0.2000000030
29517  -41.255  -64.518  25.499 0.2000000030
34244  -44.856  -61.022  17.722 0.1000000015
32085  -45.060  -63.058  18.494 0.1000000015
30912  -45.513  -64.402  18.647 0.1000000015
28420  -44.740  -65.151  18.523 0.1000000015
19292  -47.722  -72.517  27.235 0.1000000015
19291  -46.656  -72.564  27.453 0.2000000030
20314  -46.847  -72.155  26.557 0.3000000119
20339  -45.971  -71.868  25.933 0.3000000119
20338  -44.892  -71.945  26.265 0.3000000119
21453  -43.359  -71.680  26.331 0.3000000119
21431  -40.838  -71.414  26.973 0.3000000119
21432  -42.029  -71.548  26.861 0.3000000119
22466  -39.967  -70.003  29.296 0.3000000119
22484  -40.161  -71.056  28.290 0.3000000119
22503  -40.390  -71.304  27.690 0.3000000119
23542  -40.358  -69.426  29.479 0.2000000030
24664  -40.630  -67.954  28.838 0.2000000030
25798  -41.204  -67.451  28.000 0.1000000015
27043  -41.123  -66.839  26.791 0.2000000030
25799  -42.151  -67.632  27.741 0.1000000015
25827  -41.764  -67.105  26.850 0.2000000030
27065  -41.450  -66.447  26.144 0.2000000030
27066  -42.185  -66.668  25.942 0.2000000030
27081  -41.908  -66.054  25.614 0.3000000119
20312  -44.770  -72.269  27.325 0.3000000119
20337  -43.960  -71.738  26.639 0.3000000119
20336  -43.482  -71.726  27.035 0.3000000119
21386  -40.675  -70.784  29.373 0.3000000119
21408  -40.805  -71.420  28.082 0.3000000119
21409  -41.572  -71.627  27.824 0.3000000119
22459  -40.616  -70.194  29.677 0.2000000030
23543  -41.211  -69.304  29.779 0.2000000030
23544  -42.154  -69.204  29.943 0.1000000015
24666  -42.575  -68.101  28.477 0.1000000015
25800  -43.019  -67.832  27.606 0.1000000015
25828  -42.840  -67.423  26.842 0.1000000015
25848  -42.686  -67.031  25.939 0.1000000015
20304  -44.215  -72.480  28.122 0.3000000119
20310  -43.177  -71.860  27.657 0.3000000119
21410  -42.428  -71.749  27.703 0.3000000119
20302  -42.801  -72.059  28.490 0.3000000119
21387  -41.356  -71.009  29.772 0.2000000030
21388  -42.043  -71.690  29.564 0.3000000119
22446  -42.280  -70.430  30.486 0.2000000030
21371  -41.908  -70.705  30.322 0.2000000030
22448  -43.867  -70.178  30.954 0.1000000015
23525  -43.466  -69.604  30.391 0.1000000015
23512  -44.760  -70.041  30.984 0.1000000015
24631  -43.543  -69.092  29.787 0.1000000015
24667  -43.845  -68.252  28.034 0.1000000015
24632  -44.270  -69.320  29.883 0.1000000015
24652  -44.159  -68.893  29.125 0.1000000015
25830  -44.367  -67.929  26.892 0.1000000015
19276  -43.969  -72.823  28.971 0.2000000030
20294  -43.179  -72.421  29.389 0.2000000030
21372  -42.576  -71.191  30.618 0.2000000030
20293  -42.515  -72.084  29.240 0.2000000030
21354  -43.103  -71.230  31.186 0.1000000015
22433  -44.464  -70.651  31.643 0.1000000015
23526  -44.431  -69.704  30.444 0.1000000015
24633  -44.835  -69.568  29.976 0.1000000015
24653  -45.239  -69.394  29.363 0.1000000015
24668  -45.121  -68.760  28.314 0.1000000015
24694  -44.915  -68.231  27.123 0.1000000015
23513  -45.624  -70.203  31.295 0.1000000015
23527  -45.487  -69.787  30.245 0.1000000015
23547  -46.558  -69.708  29.597 0.1000000015
24669  -46.355  -69.307  28.661 0.1000000015
23514  -46.637  -70.258  31.678 0.1000000015
23515  -47.423  -70.059  31.982 0.1000000015
23548  -47.431  -69.814  30.116 0.1000000015
15996  -39.826  -76.412  22.395 0.4000000060
17134  -39.126  -75.709  22.124 0.5000000000
17156  -38.708  -75.103  21.929 0.5000000000
15995  -38.841  -76.363  22.533 0.4000000060
17157  -39.385  -75.071  21.832 0.5000000000
14980  -39.900  -77.873  23.408 0.5000000000
13955  -38.651  -77.998  23.839 0.4000000060
13943  -42.900  -79.249  24.766 0.5000000000
14979  -38.951  -77.668  23.386 0.4000000060
15997  -40.823  -76.644  22.417 0.5000000000
15004  -40.378  -77.287  22.856 0.6000000238
13960  -43.480  -78.674  24.307 0.4000000060
15980  -45.873  -77.647  23.647 0.5000000000
15982  -47.675  -77.104  23.708 0.4000000060
17138  -47.095  -75.562  22.634 0.4000000060
18320  -47.629  -74.087  21.871 0.3000000119
12859  -38.687  -79.321  27.075 0.2000000030
14977  -37.026  -77.124  24.082 0.5000000000
15003  -39.395  -77.149  22.847 0.4000000060
20421  -39.323  -72.573  21.436 0.3000000119
18314  -40.633  -74.281  21.451 0.4000000060
24782  -36.897  -68.282  22.696 0.3000000119
21503  -38.865  -71.729  21.516 0.4000000060
15999  -42.857  -76.734  22.457 0.6000000238
15006  -42.425  -77.497  22.946 0.6000000238
15005  -41.387  -77.411  22.912 0.6000000238
14982  -41.940  -78.128  23.588 0.5000000000
20422  -40.190  -72.492  21.346 0.4000000060
19393  -40.900  -73.323  21.291 0.4000000060
16022  -43.181  -75.910  22.026 0.5000000000
14983  -42.993  -78.149  23.652 0.5000000000
22575  -39.650  -70.950  21.467 0.4000000060
19394  -41.947  -73.178  21.221 0.5000000000
16023  -44.077  -75.821  22.078 0.4000000060
15008  -44.455  -77.434  23.302 0.5000000000
23655  -39.723  -69.379  21.411 0.3000000119
19395  -43.175  -72.940  21.132 0.5000000000
19396  -44.381  -73.258  21.131 0.4000000060
17163  -46.031  -74.965  22.012 0.4000000060
18318  -45.160  -74.181  21.469 0.4000000060
20439  -43.893  -71.704  21.120 0.4000000060
20426  -43.422  -71.393  21.109 0.4000000060
18319  -46.333  -74.063  21.670 0.4000000060
15967  -36.197  -76.510  24.844 0.5000000000
14963  -37.597  -77.697  24.383 0.4000000060
13956  -39.350  -78.254  24.026 0.5000000000
25902  -35.345  -66.801  23.768 0.3000000119
28388  -35.579  -64.904  23.352 0.2000000030
25919  -36.634  -67.248  22.853 0.3000000119
24783  -37.703  -68.408  22.216 0.4000000060
28391  -37.520  -65.433  21.974 0.3000000119
27169  -38.155  -66.494  21.308 0.3000000119
25937  -38.532  -67.507  21.142 0.3000000119
24785  -39.266  -68.805  21.495 0.3000000119
23668  -40.449  -69.622  20.998 0.3000000119
21507  -42.229  -71.137  21.044 0.3000000119
23669  -41.405  -69.672  20.354 0.3000000119
22579  -42.994  -70.548  20.626 0.3000000119
22592  -43.173  -70.244  20.266 0.3000000119
23683  -41.423  -69.403  19.522 0.2000000030
22593  -44.379  -70.375  20.290 0.3000000119
20441  -46.120  -71.718  20.718 0.4000000060
22594  -44.930  -70.408  20.251 0.3000000119
21535  -45.598  -70.656  19.912 0.2000000030
23702  -42.240  -69.848  18.654 0.2000000030
22617  -44.556  -70.447  19.028 0.2000000030
23746  -43.194  -69.855  15.808 0.1000000015
24880  -42.682  -68.365  15.106 0.1000000015
17085  -36.209  -75.605  25.703 0.4000000060
17084  -35.826  -75.217  25.231 0.4000000060
14961  -36.600  -77.081  25.209 0.5000000000
20382  -34.980  -72.291  24.892 0.5000000000
24732  -34.556  -68.102  26.251 0.4000000060
28339  -34.809  -65.320  24.659 0.3000000119
29545  -35.055  -64.343  24.537 0.2000000030
29595  -35.893  -64.147  23.052 0.2000000030
32018  -36.405  -62.648  23.102 0.1000000015
31973  -35.758  -63.105  24.529 0.1000000015
30877  -37.832  -63.257  21.629 0.2000000030
27177  -38.410  -66.474  20.596 0.2000000030
28409  -38.364  -65.562  20.837 0.2000000030
25952  -39.208  -67.951  20.137 0.2000000030
25951  -38.709  -67.290  20.355 0.2000000030
25964  -39.103  -67.074  18.872 0.1000000015
27184  -38.841  -66.369  19.081 0.1000000015
25965  -39.563  -67.404  18.236 0.1000000015
24828  -40.217  -68.006  17.787 0.1000000015
24823  -40.893  -69.003  18.900 0.2000000030
23692  -41.389  -69.361  18.860 0.2000000030
24840  -40.422  -67.716  17.279 0.1000000015
28431  -40.419  -65.363  17.427 0.1000000015
24841  -40.905  -68.305  17.083 0.1000000015
23709  -41.454  -69.199  17.445 0.1000000015
23726  -41.660  -69.077  16.829 0.1000000015
22644  -44.017  -70.642  17.187 0.1000000015
27209  -40.995  -66.533  16.464 0.1000000015
23727  -42.239  -69.619  16.713 0.1000000015
22661  -43.470  -70.362  16.537 0.1000000015
27231  -41.908  -67.285  15.580 0.1000000015
27232  -42.388  -66.936  15.039 0.1000000015
27261  -42.937  -66.747  14.487 0.1000000015
28500  -43.658  -65.573  14.052 0.1000000015
14899  -37.677  -77.440  28.206 0.3000000119
15936  -38.177  -76.077  28.002 0.3000000119
15935  -37.565  -76.241  27.566 0.3000000119
14936  -37.233  -77.749  26.342 0.3000000119
14935  -36.911  -77.110  26.585 0.3000000119
15945  -36.696  -76.256  26.466 0.3000000119
17037  -37.932  -75.560  27.175 0.3000000119
18241  -36.074  -74.676  25.565 0.4000000060
23605  -34.624  -69.197  26.198 0.4000000060
20358  -35.383  -72.494  25.425 0.4000000060
19332  -35.832  -73.635  25.494 0.4000000060
23588  -35.193  -69.478  27.135 0.4000000060
28285  -35.379  -65.338  26.573 0.3000000119
29482  -36.964  -64.384  26.401 0.3000000119
31942  -36.282  -62.681  24.934 0.2000000030
33106  -37.770  -61.072  24.488 0.1000000015
33141  -36.819  -61.988  22.985 0.1000000015
33142  -37.457  -61.532  22.502 0.1000000015
29619  -38.712  -63.967  21.127 0.2000000030
33158  -38.582  -61.434  21.640 0.1000000015
30879  -39.274  -62.918  21.073 0.2000000030
29630  -39.223  -64.103  20.739 0.1000000015
29638  -39.330  -64.547  20.028 0.1000000015
28417  -39.291  -65.336  18.763 0.1000000015
29650  -40.312  -64.540  18.920 0.1000000015
29651  -41.383  -64.388  18.797 0.1000000015
28452  -40.927  -65.783  16.725 0.1000000015
28453  -41.760  -65.594  16.030 0.1000000015
28475  -41.998  -66.455  15.466 0.1000000015
28454  -42.490  -65.162  15.563 0.1000000015
29718  -44.934  -64.604  15.428 0.1000000015
15898  -39.405  -76.358  28.999 0.2000000030
15918  -39.897  -75.874  28.608 0.2000000030
21427  -36.366  -71.321  26.756 0.3000000119
19311  -36.189  -73.301  25.801 0.4000000060
24689  -36.467  -68.528  27.622 0.3000000119
34140  -38.307  -60.661  24.507 0.1000000015
33082  -38.694  -61.510  25.390 0.1000000015
35216  -39.638  -60.201  25.066 0.1000000015
35229  -39.011  -60.034  24.496 0.1000000015
34159  -38.178  -60.452  23.801 0.1000000015
34174  -38.359  -60.435  22.775 0.1000000015
36386  -39.852  -59.147  23.352 0.1000000015
35272  -39.378  -59.880  22.199 0.1000000015
33160  -40.317  -61.579  20.921 0.1000000015
29631  -40.107  -63.917  20.428 0.1000000015
29633  -41.634  -63.880  20.050 0.1000000015
30895  -42.330  -63.291  20.291 0.1000000015
17020  -42.676  -75.628  27.918 0.2000000030
21407  -36.801  -70.843  27.120 0.3000000119
25823  -38.055  -67.553  27.874 0.3000000119
24691  -38.045  -68.472  28.154 0.3000000119
25795  -38.627  -67.769  28.186 0.3000000119
31945  -38.954  -62.320  25.737 0.1000000015
30776  -40.167  -63.371  25.820 0.2000000030
33084  -40.500  -61.653  25.650 0.1000000015
35217  -40.511  -60.097  25.159 0.1000000015
35218  -41.368  -60.124  25.123 0.1000000015
36373  -42.325  -58.867  24.040 0.1000000015
35234  -43.857  -59.924  24.033 0.1000000015
36374  -43.109  -58.862  23.882 0.1000000015
36392  -45.311  -58.539  23.357 0.1000000015
35246  -43.647  -59.243  23.833 0.1000000015
36387  -40.539  -58.774  23.481 0.1000000015
36388  -41.630  -58.250  23.267 0.1000000015
36390  -43.712  -58.519  23.450 0.1000000015
37670  -43.232  -57.889  22.973 0.1000000015
37673  -45.820  -57.789  23.304 0.1000000015
37672  -45.004  -57.782  23.052 0.1000000015
36375  -46.773  -58.106  23.933 0.1000000015
36376  -47.263  -58.693  24.158 0.1000000015
37657  -47.056  -57.769  24.088 0.1000000015
35259  -40.011  -59.178  22.482 0.1000000015
36404  -41.410  -58.179  22.389 0.1000000015
36416  -41.227  -58.363  21.747 0.1000000015
37682  -43.614  -57.517  22.295 0.1000000015
37697  -42.206  -57.775  21.805 0.1000000015
37684  -45.614  -57.274  22.776 0.1000000015
38841  -47.834  -56.756  24.207 0.1000000015
34192  -40.115  -60.562  21.216 0.1000000015
36415  -40.773  -58.925  21.450 0.1000000015
33176  -41.621  -61.741  20.367 0.1000000015
30901  -42.842  -63.689  20.074 0.1000000015
28433  -44.308  -65.015  18.247 0.1000000015
19316  -45.881  -73.367  25.321 0.2000000030
18219  -42.818  -73.969  25.769 0.2000000030
19340  -44.238  -72.933  25.222 0.3000000119
22500  -38.174  -70.703  26.997 0.3000000119
20362  -39.521  -72.237  25.538 0.3000000119
23576  -38.491  -69.214  28.422 0.3000000119
22501  -38.999  -70.811  27.200 0.3000000119
21449  -40.078  -71.834  25.703 0.3000000119
21430  -39.684  -71.453  26.333 0.3000000119
20363  -40.426  -72.277  25.448 0.3000000119
19336  -39.987  -73.024  25.344 0.3000000119
24662  -38.773  -68.301  28.602 0.3000000119
25825  -39.922  -67.054  27.570 0.2000000030
28290  -40.267  -65.485  25.959 0.3000000119
29515  -39.684  -63.891  25.957 0.2000000030
31948  -41.831  -62.748  25.516 0.2000000030
34126  -41.052  -60.818  25.493 0.1000000015
37699  -43.995  -57.334  21.423 0.1000000015
38858  -46.407  -56.751  22.786 0.1000000015
36434  -42.447  -58.541  20.031 0.1000000015
37730  -43.664  -57.879  19.943 0.1000000015
35307  -42.165  -60.187  19.786 0.1000000015
35309  -43.302  -59.916  18.902 0.1000000015
34228  -42.876  -60.828  19.250 0.1000000015
33187  -43.337  -61.763  19.111 0.1000000015
33198  -43.975  -61.811  18.696 0.1000000015
30911  -44.927  -63.997  18.952 0.1000000015
19342  -46.429  -72.760  25.028 0.3000000119
20366  -43.706  -72.108  25.798 0.3000000119
20364  -41.338  -72.143  25.400 0.3000000119
21451  -41.670  -71.632  26.004 0.3000000119
23556  -39.542  -69.299  29.168 0.3000000119
24648  -40.191  -68.660  29.246 0.2000000030
25826  -40.797  -67.072  27.392 0.2000000030
28313  -41.336  -65.517  25.604 0.2000000030
29518  -42.140  -64.803  25.217 0.2000000030
30778  -42.054  -63.776  25.355 0.2000000030
19293  -48.732  -72.526  27.111 0.1000000015
19290  -45.704  -72.644  27.667 0.2000000030
20313  -45.803  -72.222  26.813 0.3000000119
21452  -42.697  -71.685  26.122 0.3000000119
22458  -40.270  -69.896  29.523 0.3000000119
21396  -40.699  -71.154  28.927 0.3000000119
24649  -40.956  -68.592  29.312 0.2000000030
24665  -41.570  -67.974  28.674 0.2000000030
20311  -43.858  -72.016  27.509 0.3000000119
21397  -41.354  -71.590  28.827 0.3000000119
22460  -41.617  -70.092  30.226 0.2000000030
24650  -41.897  -68.548  29.342 0.2000000030
24651  -43.007  -68.649  29.324 0.1000000015
23545  -42.907  -69.207  30.037 0.1000000015
23524  -42.519  -69.788  30.373 0.1000000015
25829  -43.791  -67.737  26.989 0.1000000015
20303  -43.521  -72.285  28.352 0.3000000119
21398  -42.077  -71.883  28.607 0.3000000119
22447  -42.952  -70.322  30.754 0.1000000015
20284  -42.759  -71.942  30.054 0.2000000030
22432  -43.373  -70.863  31.180 0.1000000015
24654  -46.003  -69.528  29.293 0.1000000015
23528  -46.594  -70.022  30.655 0.1000000015
11772  -43.689  -80.491  23.975 0.3000000119
11823  -42.153  -81.109  22.637 0.3000000119
10694  -40.140  -82.116  19.851 0.2000000030
10711  -38.875  -81.716  18.617 0.2000000030
10654  -41.390  -81.622  21.603 0.3000000119
10634  -41.748  -81.273  22.186 0.3000000119
10674  -40.589  -81.792  20.736 0.3000000119
12883  -44.248  -79.922  24.335 0.4000000060
10620  -43.309  -81.725  22.803 0.4000000060
10695  -40.684  -82.740  20.151 0.2000000030
11773  -44.638  -80.512  23.936 0.4000000060
11802  -44.164  -81.180  23.506 0.4000000060
10655  -42.221  -82.590  21.574 0.4000000060
12884  -45.078  -79.917  24.153 0.4000000060
13946  -45.346  -79.505  24.178 0.4000000060
10636  -43.069  -82.249  22.404 0.4000000060
10675  -41.373  -82.766  20.762 0.3000000119
9555  -40.337  -83.070  19.603 0.3000000119
11774  -45.415  -80.428  23.916 0.4000000060
10621  -43.738  -81.768  22.951 0.4000000060
10656  -42.716  -82.775  21.917 0.3000000119
10637  -44.069  -82.363  22.700 0.4000000060
10676  -41.923  -83.120  21.050 0.3000000119
14986  -46.219  -78.188  23.879 0.4000000060
11803  -45.131  -81.098  23.610 0.4000000060
10622  -44.639  -81.821  23.203 0.4000000060
9504  -43.604  -82.801  22.251 0.4000000060
13963  -46.684  -78.983  24.014 0.4000000060
9541  -43.218  -83.341  21.201 0.3000000119
14987  -47.291  -78.083  23.809 0.4000000060
11804  -46.167  -80.748  23.699 0.4000000060
10623  -45.611  -81.663  23.241 0.4000000060
9505  -44.380  -82.664  22.184 0.4000000060
12901  -47.025  -79.832  23.852 0.4000000060
11805  -47.156  -80.511  23.216 0.4000000060
10624  -46.422  -81.277  23.072 0.4000000060
10638  -44.995  -82.260  22.715 0.4000000060
13964  -47.714  -78.874  23.783 0.4000000060
10639  -45.882  -81.806  22.410 0.4000000060
9506  -45.106  -82.351  22.064 0.4000000060
8452  -43.265  -83.330  20.755 0.2000000030
12902  -47.852  -79.617  23.358 0.4000000060
10640  -46.852  -81.023  22.399 0.4000000060
9542  -43.850  -82.979  20.791 0.2000000030
8481  -42.437  -83.595  19.274 0.3000000119
16004  -48.689  -76.005  23.361 0.3000000119
14988  -48.482  -77.755  23.695 0.3000000119
13965  -48.373  -78.710  23.369 0.3000000119
10657  -46.266  -81.382  21.691 0.3000000119
9543  -44.802  -82.120  20.475 0.2000000030
9524  -45.497  -81.910  21.376 0.2000000030
9557  -43.003  -83.151  19.618 0.2000000030
9573  -42.233  -83.361  18.654 0.2000000030
17139  -48.243  -75.499  22.902 0.3000000119
15010  -49.246  -77.251  23.408 0.3000000119
11826  -47.756  -80.110  22.621 0.4000000060
9544  -45.484  -81.663  20.723 0.1000000015
17140  -49.114  -75.502  23.011 0.3000000119
16005  -49.577  -76.573  23.019 0.3000000119
13984  -48.382  -78.872  22.479 0.2000000030
10658  -46.750  -80.860  21.497 0.2000000030
9558  -43.787  -82.401  19.669 0.1000000015
15030  -48.850  -77.880  22.325 0.2000000030
13983  -48.106  -78.758  21.897 0.2000000030
11861  -46.862  -80.426  21.116 0.1000000015
10677  -45.443  -81.508  20.290 0.1000000015
9575  -43.517  -82.182  19.066 0.1000000015
9574  -42.943  -82.594  18.831 0.1000000015
18321  -48.798  -73.887  21.955 0.2000000030
17141  -49.536  -75.586  22.510 0.3000000119
16028  -49.503  -76.467  22.190 0.3000000119
20427  -48.576  -72.500  20.955 0.2000000030
18322  -49.532  -73.965  21.722 0.1000000015
18303  -49.672  -74.675  21.939 0.3000000119
12935  -47.431  -79.582  21.433 0.1000000015
10698  -45.654  -81.114  19.821 0.1000000015
10696  -44.417  -81.715  19.394 0.1000000015
18323  -49.752  -74.170  21.338 0.2000000030
17165  -49.391  -75.842  21.431 0.2000000030
16027  -48.853  -76.790  21.489 0.1000000015
15029  -48.123  -77.872  21.573 0.1000000015
12958  -46.794  -79.918  20.789 0.1000000015
11874  -45.957  -80.510  19.970 0.1000000015
10716  -45.302  -81.136  19.407 0.1000000015
10713  -43.055  -81.818  18.260 0.1000000015
10749  -41.828  -82.171  16.818 0.1000000015
17180  -49.687  -74.749  21.085 0.1000000015
16026  -47.832  -77.040  21.237 0.1000000015
12934  -46.710  -79.337  20.978 0.1000000015
12957  -46.168  -79.840  20.281 0.1000000015
10715  -44.841  -81.184  19.074 0.1000000015
10714  -43.852  -81.568  18.647 0.1000000015
10733  -42.298  -82.122  17.852 0.1000000015
9637  -41.549  -82.730  15.754 0.1000000015
15028  -47.157  -77.824  21.380 0.1000000015
12976  -45.517  -80.061  19.598 0.1000000015
10750  -42.675  -81.571  16.646 0.1000000015
10767  -42.320  -81.974  15.942 0.1000000015
28315  -43.089  -66.047  24.899 0.2000000030
20443  -48.527  -72.065  20.113 0.1000000015
19401  -49.760  -73.429  21.019 0.1000000015
19415  -49.800  -73.513  20.372 0.1000000015
16045  -48.369  -76.218  20.910 0.1000000015
18327  -49.593  -74.407  20.327 0.1000000015
13981  -46.471  -78.573  21.218 0.1000000015
11890  -45.307  -80.626  19.298 0.1000000015
12933  -45.851  -79.202  20.732 0.1000000015
11801  -43.061  -81.174  23.140 0.3000000119
10635  -42.201  -81.742  22.158 0.3000000119
12900  -45.934  -79.787  24.064 0.4000000060
9503  -43.231  -82.763  22.227 0.4000000060
9521  -43.065  -83.060  21.898 0.3000000119
9523  -44.595  -82.594  21.450 0.2000000030
8465  -43.215  -83.226  20.269 0.2000000030
12903  -48.318  -79.228  23.075 0.3000000119
11842  -47.459  -80.276  22.047 0.2000000030
17116  -49.482  -76.087  23.200 0.3000000119
15009  -48.913  -77.951  23.151 0.3000000119
9559  -44.510  -81.944  19.823 0.1000000015
11843  -47.855  -79.898  22.469 0.4000000060
12936  -48.010  -79.449  22.317 0.2000000030
10678  -46.172  -81.097  20.755 0.1000000015
9597  -42.268  -82.847  18.387 0.1000000015
11860  -46.458  -80.364  20.506 0.1000000015
10697  -45.036  -81.553  19.728 0.1000000015
13982  -47.377  -78.689  21.417 0.1000000015
20429  -49.699  -73.100  20.656 0.1000000015
17179  -49.424  -74.997  20.773 0.1000000015
16025  -46.860  -77.121  21.061 0.1000000015
17178  -48.810  -75.484  20.518 0.1000000015
11769  -40.108  -80.532  25.102 0.3000000119
11798  -39.493  -80.548  24.009 0.3000000119
11799  -40.674  -80.506  23.892 0.2000000030
11719  -40.358  -79.984  26.584 0.4000000060
11745  -40.572  -80.202  26.069 0.2000000030
11821  -39.998  -80.643  22.911 0.2000000030
12872  -41.124  -79.835  26.035 0.4000000060
11820  -38.914  -80.363  22.934 0.1000000015
11839  -39.465  -80.541  21.980 0.1000000015
11770  -41.408  -80.316  25.008 0.3000000119
11840  -40.358  -80.850  21.998 0.2000000030
11858  -39.111  -80.611  21.016 0.1000000015
11859  -39.990  -81.003  21.239 0.1000000015
11871  -38.066  -80.311  19.704 0.1000000015
11872  -38.898  -80.717  20.062 0.1000000015
11887  -38.655  -80.935  19.287 0.1000000015
11800  -41.867  -80.605  23.572 0.2000000030
11841  -40.878  -81.129  21.900 0.2000000030
11886  -37.954  -80.662  18.677 0.1000000015
12881  -42.289  -79.822  24.973 0.2000000030
11771  -42.618  -80.330  24.219 0.3000000119
11822  -41.147  -80.874  22.561 0.2000000030
10653  -40.625  -81.283  21.496 0.2000000030
10693  -39.385  -81.495  19.504 0.1000000015
10710  -38.078  -81.456  18.026 0.1000000015
10712  -39.763  -82.545  19.100 0.1000000015
9592  -37.537  -82.999  17.104 0.1000000015
9570  -39.331  -83.009  18.286 0.1000000015
12882  -43.290  -79.851  24.520 0.2000000030
9571  -40.069  -83.889  19.047 0.1000000015
8525  -36.206  -84.062  16.618 0.1000000015
9593  -38.484  -83.499  17.517 0.1000000015
9594  -39.425  -84.145  18.247 0.1000000015
9539  -41.712  -83.577  20.617 0.3000000119
8527  -38.123  -84.696  17.253 0.1000000015
11746  -41.212  -80.093  25.774 0.3000000119
10731  -38.498  -82.296  17.882 0.1000000015
11873  -39.705  -81.248  20.373 0.1000000015
9620  -37.695  -83.765  17.031 0.1000000015
9619  -36.848  -83.285  16.912 0.1000000015
9556  -40.838  -83.879  19.970 0.2000000030
7508  -39.331  -85.584  17.763 0.1000000015
7509  -39.980  -85.320  17.540 0.2000000030
6636  -38.470  -86.303  16.382 0.1000000015
8478  -40.294  -84.569  19.071 0.2000000030
8499  -39.952  -84.885  18.454 0.2000000030
7534  -39.376  -85.856  16.755 0.2000000030
6637  -38.900  -86.168  15.733 0.1000000015
8500  -40.632  -84.336  17.786 0.1000000015
8479  -40.785  -84.541  19.062 0.1000000015
8449  -41.611  -84.067  20.119 0.2000000030
8462  -41.367  -84.221  19.563 0.1000000015
8480  -41.616  -84.084  18.783 0.1000000015
9540  -42.450  -83.335  21.172 0.2000000030
8450  -42.190  -83.789  20.411 0.2000000030
8463  -42.019  -84.115  19.728 0.2000000030
8501  -41.280  -83.906  18.107 0.1000000015
8451  -42.811  -83.506  20.659 0.2000000030
9595  -41.159  -83.633  17.630 0.1000000015
9572  -40.480  -84.353  19.371 0.1000000015
14871  -38.026  -77.868  29.053 0.1000000015
18222  -46.267  -74.063  25.792 0.1000000015
15901  -42.026  -76.871  29.123 0.1000000015
15900  -41.032  -76.582  29.248 0.1000000015
17042  -42.435  -75.046  27.194 0.1000000015
18223  -47.405  -74.081  26.003 0.2000000030
18190  -45.439  -74.687  26.433 0.1000000015
15922  -43.978  -76.529  28.541 0.1000000015
19317  -47.073  -73.231  25.331 0.2000000030
18189  -44.321  -74.556  26.397 0.1000000015
17021  -43.740  -75.813  27.865 0.1000000015
15921  -42.883  -76.338  28.542 0.1000000015
11718  -39.789  -80.015  26.637 0.2000000030
13895  -37.820  -78.550  28.445 0.1000000015
15920  -41.852  -76.111  28.613 0.1000000015
20341  -47.801  -72.620  25.655 0.2000000030
14874  -41.218  -77.314  29.731 0.1000000015
15902  -43.092  -77.092  29.137 0.1000000015
17043  -43.497  -75.108  27.171 0.1000000015
18191  -46.580  -74.773  26.516 0.1000000015
11744  -39.410  -80.394  26.061 0.1000000015
19277  -45.018  -73.001  28.478 0.1000000015
19278  -46.336  -73.133  28.334 0.1000000015
19264  -48.478  -73.351  28.757 0.1000000015
19249  -45.706  -74.354  30.051 0.1000000015
18157  -46.380  -74.507  29.911 0.1000000015
18158  -47.256  -74.331  29.621 0.1000000015
18141  -48.367  -74.623  30.173 0.1000000015
19261  -44.474  -73.376  29.673 0.1000000015
19262  -45.865  -73.878  29.401 0.1000000015
19263  -47.307  -73.635  28.934 0.1000000015
18159  -48.380  -73.951  29.519 0.1000000015
18143  -50.356  -73.711  30.216 0.1000000015
15885  -47.788  -75.933  31.359 0.1000000015
19248  -44.742  -74.101  30.486 0.1000000015
18139  -45.926  -74.925  30.352 0.1000000015
18140  -47.234  -74.987  30.162 0.1000000015
16991  -49.314  -74.582  30.983 0.1000000015
19260  -43.700  -72.900  29.905 0.1000000015
20285  -43.305  -72.393  30.640 0.1000000015
16988  -45.767  -75.694  30.822 0.1000000015
16989  -47.029  -75.664  30.643 0.1000000015
18138  -44.912  -74.862  30.854 0.1000000015
19247  -43.800  -73.196  30.742 0.1000000015
30779  -43.065  -64.079  25.005 0.1000000015
31977  -43.729  -62.947  24.887 0.1000000015
21373  -43.024  -71.810  30.747 0.1000000015
27082  -42.536  -66.476  25.489 0.1000000015
29546  -43.781  -65.477  24.723 0.1000000015
33109  -45.222  -61.789  24.185 0.1000000015
31976  -43.324  -62.631  25.035 0.1000000015
33108  -44.238  -61.851  24.568 0.1000000015
15884  -46.884  -76.348  31.182 0.1000000015
33086  -42.479  -61.911  25.375 0.1000000015
19279  -47.526  -72.961  28.123 0.1000000015
19280  -48.624  -72.799  27.956 0.1000000015
31950  -43.317  -63.391  24.972 0.1000000015
18160  -49.416  -73.616  29.432 0.1000000015
18142  -49.363  -74.120  30.202 0.1000000015
30780  -43.558  -63.643  24.880 0.1000000015
33107  -43.320  -62.039  25.060 0.1000000015
21524  -47.348  -71.598  20.102 0.1000000015
21525  -47.620  -71.680  19.582 0.1000000015
21536  -46.595  -71.283  19.529 0.1000000015
11742  -37.154  -80.327  25.815 0.1000000015
11767  -37.763  -80.414  24.925 0.1000000015
11743  -38.250  -80.411  25.980 0.1000000015
11715  -36.503  -80.650  26.755 0.1000000015
11716  -37.574  -80.194  26.667 0.1000000015
11714  -35.961  -80.861  26.037 0.1000000015
10575  -36.070  -81.246  26.887 0.1000000015
10563  -36.288  -81.424  27.422 0.1000000015
11692  -36.768  -80.724  27.934 0.1000000015
6417  -41.248  -85.501  30.233 0.1000000015
5634  -40.455  -85.701  25.607 0.1000000015
5651  -39.484  -85.837  24.865 0.1000000015
6508  -39.884  -85.475  25.138 0.1000000015
6506  -38.623  -85.354  24.759 0.1000000015
11768  -38.908  -80.559  25.059 0.1000000015
6522  -38.254  -85.590  24.488 0.1000000015
7401  -38.326  -85.067  25.121 0.1000000015
10574  -35.804  -81.444  26.341 0.1000000015
9428  -35.856  -82.004  26.648 0.1000000015
7415  -36.983  -85.008  24.526 0.1000000015
8389  -36.509  -84.424  24.704 0.1000000015
8380  -35.944  -83.473  25.329 0.1000000015
10586  -35.504  -81.909  25.603 0.1000000015
9429  -36.151  -82.438  26.976 0.1000000015
9414  -36.531  -82.199  27.847 0.1000000015
10549  -36.742  -81.331  28.320 0.1000000015
7435  -36.890  -85.395  23.674 0.1000000015
8388  -36.060  -84.042  24.471 0.1000000015
9440  -36.130  -82.878  26.547 0.1000000015
8362  -36.718  -83.080  27.519 0.1000000015
6436  -40.993  -85.664  29.123 0.1000000015
6458  -40.854  -85.775  27.928 0.1000000015
6490  -40.916  -85.634  26.110 0.1000000015
6509  -41.012  -85.267  25.419 0.1000000015
7402  -39.647  -85.026  25.256 0.1000000015
7403  -40.666  -84.981  25.268 0.1000000015
7400  -37.132  -84.562  25.639 0.1000000015
7388  -37.061  -84.319  26.170 0.1000000015
8373  -36.529  -83.670  26.363 0.1000000015
8363  -37.454  -83.975  27.233 0.1000000015
8343  -36.854  -82.685  28.067 0.1000000015
6418  -42.178  -85.232  29.968 0.1000000015
6437  -42.042  -85.481  28.968 0.1000000015
6419  -42.955  -84.872  29.559 0.1000000015
7313  -43.053  -84.305  31.410 0.1000000015
6459  -41.911  -85.405  27.762 0.1000000015
11693  -37.440  -79.957  27.677 0.1000000015
6473  -41.328  -85.409  26.619 0.1000000015
6474  -41.488  -85.027  26.083 0.1000000015
7391  -40.364  -84.780  25.741 0.1000000015
7390  -39.175  -84.747  25.942 0.1000000015
7389  -37.715  -84.437  26.346 0.1000000015
7376  -38.744  -84.461  26.902 0.1000000015
8344  -37.379  -83.178  28.278 0.1000000015
7375  -38.007  -84.299  26.953 0.1000000015
8364  -38.173  -84.214  27.274 0.1000000015
7327  -43.572  -84.463  30.131 0.1000000015
6438  -42.736  -85.168  28.887 0.1000000015
8308  -44.576  -83.550  30.715 0.1000000015
8291  -44.308  -83.343  31.469 0.1000000015
11680  -37.284  -80.547  28.809 0.1000000015
6460  -42.724  -85.140  28.136 0.1000000015
6439  -43.167  -84.874  28.686 0.1000000015
11679  -36.868  -80.840  28.393 0.1000000015
7362  -41.651  -84.748  27.152 0.1000000015
7363  -42.586  -84.690  27.627 0.1000000015
9395  -37.617  -82.382  29.106 0.1000000015
10550  -37.196  -81.574  28.955 0.1000000015
7378  -41.109  -84.804  26.240 0.1000000015
8345  -38.552  -84.017  27.918 0.1000000015
7377  -39.981  -84.637  26.504 0.1000000015
7360  -39.588  -84.423  27.292 0.1000000015
7328  -44.514  -83.947  29.875 0.1000000015
7340  -43.614  -84.613  28.920 0.1000000015
8320  -38.200  -83.237  28.924 0.1000000015
10534  -38.272  -81.762  29.909 0.1000000015
8346  -39.943  -84.196  27.984 0.1000000015
7361  -40.619  -84.488  27.112 0.1000000015
11641  -38.093  -80.996  30.084 0.1000000015
11662  -38.178  -79.727  30.105 0.1000000015
10513  -38.474  -81.421  30.141 0.1000000015
7364  -43.324  -84.565  28.139 0.1000000015
8321  -39.241  -83.618  28.924 0.1000000015
9396  -38.639  -82.408  29.746 0.1000000015
9375  -39.067  -81.825  30.221 0.1000000015
8347  -41.109  -84.219  27.802 0.1000000015
8322  -40.441  -83.815  28.680 0.1000000015
11661  -37.856  -80.421  29.835 0.1000000015
9376  -39.715  -82.245  30.153 0.1000000015
10514  -39.553  -81.188  30.667 0.1000000015
7365  -44.087  -84.249  28.431 0.1000000015
9377  -40.765  -82.898  30.029 0.1000000015
10515  -40.480  -81.962  30.514 0.1000000015
9397  -39.912  -83.167  29.560 0.1000000015
8348  -42.152  -84.192  27.757 0.1000000015
12807  -38.821  -79.185  30.499 0.1000000015
11643  -39.353  -80.105  30.883 0.1000000015
10493  -40.059  -80.934  30.929 0.1000000015
7342  -44.707  -83.890  28.967 0.1000000015
8323  -41.494  -83.802  28.451 0.1000000015
8349  -43.085  -84.029  27.821 0.1000000015
12808  -40.013  -79.349  30.919 0.1000000015
8350  -43.898  -83.901  28.136 0.1000000015
7314  -43.826  -83.809  31.152 0.1000000015
10433  -45.362  -81.392  33.750 0.1000000015
10459  -45.141  -81.835  33.099 0.1000000015
9337  -45.074  -82.295  32.021 0.1000000015
9310  -44.571  -82.469  32.918 0.1000000015
5583  -40.594  -85.932  26.678 0.1000000015
7416  -37.888  -85.279  24.709 0.1000000015
8381  -36.498  -84.214  25.169 0.1000000015
8372  -35.915  -83.085  25.855 0.1000000015
9439  -35.844  -82.511  26.249 0.1000000015
9415  -36.980  -82.233  28.483 0.1000000015
10533  -37.833  -81.436  29.714 0.1000000015
11642  -38.540  -80.431  30.413 0.1000000015
8305  -41.690  -83.397  29.258 0.1000000015
10458  -44.679  -82.076  33.464 0.1000000015
6809  -32.673  -85.429  8.428 0.1000000015
6794  -32.319  -85.479  9.397 0.1000000015
7722  -35.905  -84.604  5.149 0.1000000015
7702  -35.083  -84.669  5.663 0.1000000015
6841  -34.766  -85.010  6.389 0.1000000015
6823  -33.145  -85.285  7.404 0.1000000015
7748  -36.535  -84.117  4.344 0.1000000015
8755  -37.293  -83.607  3.833 0.1000000015
6795  -33.350  -85.706  9.264 0.1000000015
6774  -32.012  -85.509  10.363 0.1000000015
6824  -34.300  -85.334  7.282 0.1000000015
6810  -33.806  -85.570  8.265 0.1000000015
6793  -31.380  -85.452  9.527 0.1000000015
6842  -35.907  -85.143  6.066 0.1000000015
6840  -33.705  -85.048  6.498 0.1000000015
6860  -36.166  -84.933  5.614 0.1000000015
7749  -37.491  -84.142  4.634 0.1000000015
8756  -38.295  -83.508  4.415 0.1000000015
7556  -32.189  -85.549  15.980 0.1000000015
6697  -31.349  -85.306  13.801 0.1000000015
6653  -32.642  -85.820  15.413 0.1000000015
6775  -32.988  -85.684  10.227 0.1000000015
6748  -32.772  -85.661  11.224 0.1000000015
6747  -31.746  -85.505  11.410 0.1000000015
6721  -32.614  -85.664  12.367 0.1000000015
6720  -31.495  -85.446  12.562 0.1000000015
6698  -32.401  -85.661  13.565 0.1000000015
6776  -34.013  -85.872  10.177 0.1000000015
6811  -35.023  -85.744  8.120 0.1000000015
7723  -36.955  -84.743  5.063 0.1000000015
6630  -33.016  -85.499  16.114 0.1000000015
6677  -32.130  -85.665  14.605 0.1000000015
7527  -32.311  -84.801  16.480 0.1000000015
6749  -33.588  -85.807  10.957 0.1000000015
6825  -35.440  -85.540  7.073 0.1000000015
6826  -36.311  -85.719  6.855 0.1000000015
6843  -36.788  -85.544  6.243 0.1000000015
6862  -37.200  -85.161  5.712 0.1000000015
6796  -34.511  -85.925  9.181 0.1000000015
6652  -31.797  -85.552  15.357 0.1000000015
6676  -31.475  -85.380  14.722 0.1000000015
6651  -31.154  -85.106  15.193 0.1000000015
6777  -35.258  -86.039  10.297 0.1000000015
5865  -36.337  -86.276  11.275 0.1000000015
6722  -33.774  -85.764  12.007 0.1000000015
6750  -34.465  -85.907  11.139 0.1000000015
6723  -34.877  -85.740  12.007 0.1000000015
6751  -35.333  -85.967  11.343 0.1000000015
6700  -34.573  -85.729  12.910 0.1000000015
6699  -33.616  -85.740  13.380 0.1000000015
5885  -36.302  -86.328  9.913 0.1000000015
5584  -40.974  -85.643  26.287 0.1000000015
5610  -40.706  -85.798  26.080 0.1000000015
6461  -43.033  -84.965  28.355 0.1000000015
6472  -40.789  -85.821  27.200 0.1000000015
6491  -41.457  -85.168  25.785 0.1000000015
6510  -41.488  -85.150  25.503 0.1000000015
6861  -36.515  -85.058  5.632 0.1000000015
7341  -44.255  -84.308  29.077 0.1000000015
7366  -44.463  -84.097  28.628 0.1000000015
7379  -41.391  -84.904  25.781 0.1000000015
7392  -41.152  -84.826  25.603 0.1000000015
7393  -41.499  -84.918  25.553 0.1000000015
7404  -41.340  -84.987  25.362 0.1000000015
7405  -41.676  -84.919  25.209 0.1000000015
8275  -44.439  -82.903  32.067 0.1000000015
8374  -37.165  -84.114  26.677 0.1000000015
8635  -42.737  -82.487  12.023 0.1000000015
9311  -44.981  -82.215  32.477 0.1000000015
9336  -44.832  -82.505  32.110 0.1000000015
9358  -44.845  -82.758  31.681 0.1000000015
9398  -40.861  -83.473  29.223 0.1000000015
9520  -42.602  -82.980  21.648 0.3000000119
9522  -43.819  -83.073  21.680 0.3000000119
9688  -42.164  -81.526  12.710 0.1000000015
9690  -44.025  -81.323  13.525 0.1000000015
9722  -42.053  -82.378  11.533 0.1000000015
10494  -40.469  -81.194  30.877 0.1000000015
10512  -38.098  -81.284  30.004 0.1000000015
10562  -35.987  -81.684  26.879 0.1000000015
10679  -46.610  -80.788  21.100 0.1000000015
10795  -44.359  -80.770  14.237 0.1000000015
11806  -47.742  -80.135  22.981 0.4000000060
11824  -42.631  -81.570  22.575 0.3000000119
11825  -47.454  -80.453  22.680 0.4000000060
11949  -38.422  -80.670  14.078 0.1000000015
11977  -44.530  -79.967  13.832 0.1000000015
12918  -48.064  -79.711  22.820 0.4000000060
12919  -48.324  -79.216  22.778 0.3000000119
12937  -48.254  -79.187  22.538 0.2000000030
12972  -42.398  -79.215  19.153 0.1000000015
12997  -42.140  -79.301  18.123 0.1000000015
13060  -44.829  -79.165  14.285 0.1000000015
13082  -43.939  -79.422  13.856 0.1000000015
13972  -48.606  -78.682  22.893 0.3000000119
13997  -42.660  -78.371  19.917 0.1000000015
14018  -40.057  -78.177  18.422 0.1000000015
14919  -36.949  -76.856  26.841 0.3000000119
14989  -49.069  -77.117  23.717 0.3000000119
15001  -38.054  -76.810  23.155 0.4000000060
15031  -49.399  -77.283  22.871 0.3000000119
15062  -39.129  -76.756  19.074 0.1000000015
15063  -39.558  -77.114  19.158 0.1000000015
15108  -38.162  -77.136  16.993 0.1000000015
15167  -39.775  -76.759  13.835 0.1000000015
15946  -37.134  -76.101  26.993 0.3000000119
15957  -35.923  -75.910  25.117 0.5000000000
15966  -35.904  -76.052  24.566 0.5000000000
15976  -35.856  -75.860  24.259 0.5000000000
15983  -48.695  -76.715  23.658 0.3000000119
15984  -49.314  -76.659  23.498 0.3000000119
15993  -37.402  -76.189  23.004 0.5000000000
15994  -38.002  -76.304  22.805 0.5000000000
16046  -49.039  -75.864  21.043 0.1000000015
16061  -43.235  -76.568  19.582 0.1000000015
16075  -39.517  -76.159  19.068 0.1000000015
16143  -37.158  -76.130  15.171 0.1000000015
16239  -40.419  -76.031  10.113 0.1000000015
17039  -39.461  -75.043  27.128 0.3000000119
17114  -36.949  -75.904  23.022 0.5000000000
17115  -49.144  -76.196  23.416 0.3000000119
17131  -36.703  -75.451  22.877 0.5000000000
17135  -39.815  -75.674  22.053 0.6000000238
17166  -49.697  -75.083  21.544 0.2000000030
17197  -49.047  -74.979  20.237 0.1000000015
17223  -37.405  -75.374  17.720 0.1000000015
17263  -36.902  -75.593  14.572 0.1000000015
18217  -40.857  -74.105  26.018 0.2000000030
18221  -45.139  -73.991  25.748 0.1000000015
18248  -43.303  -73.365  25.331 0.2000000030
18278  -35.869  -74.805  23.376 0.5000000000
18279  -36.297  -75.108  22.942 0.5000000000
18299  -38.171  -74.782  21.928 0.5000000000
18302  -49.331  -74.694  22.353 0.3000000119
18328  -49.770  -74.303  20.814 0.1000000015
18463  -37.562  -74.787  12.722 0.1000000015
18486  -38.100  -74.246  11.712 0.1000000015
18511  -38.925  -73.902  10.022 0.1000000015
19265  -49.495  -73.163  28.649 0.1000000015
19313  -37.512  -73.778  25.803 0.3000000119
19315  -44.861  -73.350  25.368 0.2000000030
19341  -45.448  -72.792  25.195 0.3000000119
19343  -46.985  -72.739  25.004 0.2000000030
19402  -49.867  -73.810  20.916 0.1000000015
19409  -43.397  -72.329  21.160 0.5000000000
19410  -43.837  -72.458  21.148 0.5000000000
19414  -49.783  -73.301  20.559 0.1000000015
19478  -35.849  -73.057  16.189 0.1000000015
19498  -35.747  -73.215  15.083 0.1000000015
19531  -37.275  -74.348  12.934 0.1000000015
19559  -38.538  -73.893  10.880 0.1000000015
20331  -35.518  -72.046  25.914 0.4000000060
20357  -34.926  -72.018  25.092 0.5000000000
20359  -35.839  -72.980  25.736 0.4000000060
20368  -46.163  -72.293  25.359 0.3000000119
20369  -46.975  -72.424  25.201 0.3000000119
20370  -47.278  -72.706  25.163 0.2000000030
20428  -49.359  -72.775  20.784 0.1000000015
20500  -35.566  -72.334  15.908 0.1000000015
20560  -36.386  -72.939  13.482 0.1000000015
20596  -37.702  -72.932  11.480 0.1000000015
20632  -38.130  -73.034  9.680 0.1000000015
21406  -36.406  -70.822  27.107 0.3000000119
21425  -34.896  -70.908  26.052 0.5000000000
21433  -42.946  -71.650  26.863 0.3000000119
21434  -43.441  -71.651  26.659 0.3000000119
21447  -34.917  -71.435  25.487 0.4000000060
21464  -35.036  -72.376  23.974 0.5000000000
21476  -34.948  -71.426  23.831 0.5000000000
21508  -43.125  -70.944  20.961 0.4000000060
21509  -43.601  -71.194  21.048 0.4000000060
21520  -43.317  -70.625  20.687 0.3000000119
21534  -45.157  -70.469  20.171 0.3000000119
21644  -36.414  -72.416  12.909 0.1000000015
21714  -34.905  -70.922  11.165 0.1000000015
21727  -35.367  -71.011  9.566 0.1000000015
22467  -40.204  -70.615  29.017 0.3000000119
22480  -36.366  -70.289  27.317 0.3000000119
22561  -40.058  -69.870  21.357 0.3000000119
22574  -39.196  -71.254  21.490 0.4000000060
22591  -42.460  -70.123  20.284 0.3000000119
22605  -44.894  -70.317  19.856 0.3000000119
22606  -45.251  -70.488  19.605 0.2000000030
22615  -42.853  -70.022  18.835 0.2000000030
22627  -42.529  -70.038  18.254 0.1000000015
22628  -43.048  -70.258  18.204 0.1000000015
22637  -35.559  -70.682  16.472 0.1000000015
22657  -35.232  -71.107  16.068 0.1000000015
23529  -47.453  -69.947  31.037 0.1000000015
23546  -45.824  -69.619  29.614 0.1000000015
23555  -39.002  -68.892  28.903 0.3000000119
23572  -35.494  -69.191  27.387 0.3000000119
23573  -35.886  -69.449  27.476 0.3000000119
23577  -39.008  -69.467  28.813 0.3000000119
23589  -35.625  -69.871  27.250 0.3000000119
23684  -42.230  -69.843  19.920 0.2000000030
23694  -42.532  -69.884  19.342 0.2000000030
23700  -41.132  -69.155  18.233 0.2000000030
23701  -41.657  -69.552  18.375 0.2000000030
23708  -41.004  -68.860  17.703 0.1000000015
23710  -42.048  -69.811  17.846 0.1000000015
23728  -42.940  -70.138  16.542 0.1000000015
23740  -34.796  -69.465  15.700 0.1000000015
23764  -42.577  -68.777  15.431 0.1000000015
24692  -38.386  -68.549  28.417 0.3000000119
24693  -44.228  -68.005  27.262 0.1000000015
24750  -34.502  -68.219  25.384 0.4000000060
24766  -34.717  -68.584  24.606 0.5000000000
24842  -41.405  -68.801  16.915 0.1000000015
24856  -41.286  -68.010  16.473 0.1000000015
24858  -42.116  -68.995  16.107 0.1000000015
24870  -42.201  -68.514  15.718 0.1000000015
24912  -34.596  -68.175  12.930 0.1000000015
24929  -34.631  -68.752  12.503 0.1000000015
25794  -38.225  -67.960  28.207 0.3000000119
25846  -34.806  -67.412  26.652 0.4000000060
25847  -42.026  -66.808  26.200 0.2000000030
25886  -34.958  -67.072  24.352 0.3000000119
25958  -38.888  -67.201  19.577 0.2000000030
25959  -39.388  -67.818  19.248 0.1000000015
25976  -40.576  -67.288  16.883 0.1000000015
26004  -41.900  -68.046  15.804 0.1000000015
26005  -42.302  -67.793  15.315 0.1000000015
26023  -35.079  -67.234  15.037 0.1000000015
26074  -35.810  -66.394  11.191 0.1000000015
26094  -36.150  -66.777  10.715 0.1000000015
27061  -34.902  -66.406  26.383 0.4000000060
27062  -35.394  -66.192  26.879 0.3000000119
27108  -35.043  -66.322  24.125 0.3000000119
27133  -34.972  -65.658  24.228 0.3000000119
27152  -35.770  -65.672  23.175 0.2000000030
27185  -39.252  -66.380  18.363 0.1000000015
27195  -39.763  -66.405  17.636 0.1000000015
27297  -34.885  -66.966  12.811 0.1000000015
28286  -36.324  -65.102  26.779 0.3000000119
28311  -34.717  -65.545  25.243 0.3000000119
28314  -42.310  -65.710  25.260 0.3000000119
28340  -34.914  -64.944  24.418 0.3000000119
28368  -34.935  -65.234  24.312 0.3000000119
28369  -35.113  -65.007  23.989 0.2000000030
28413  -39.036  -65.078  19.494 0.1000000015
28419  -44.318  -64.905  18.608 0.1000000015
28456  -46.293  -65.817  16.744 0.1000000015
28477  -43.210  -65.185  14.770 0.1000000015
28480  -47.830  -66.189  15.459 0.1000000015
28501  -44.205  -65.097  13.866 0.1000000015
28546  -35.492  -65.185  12.441 0.1000000015
29513  -34.824  -64.809  25.091 0.3000000119
29514  -35.075  -64.251  25.160 0.3000000119
29544  -34.857  -64.844  24.672 0.3000000119
29571  -35.736  -63.761  23.402 0.2000000030
29594  -35.643  -64.410  23.354 0.2000000030
29596  -36.642  -64.239  22.335 0.2000000030
29632  -40.951  -63.816  20.169 0.1000000015
29655  -45.245  -64.968  18.820 0.1000000015
29669  -40.700  -64.687  18.176 0.1000000015
29739  -44.044  -64.940  14.229 0.1000000015
29743  -47.482  -65.419  14.688 0.1000000015
29763  -48.222  -65.387  13.670 0.1000000015
29777  -36.076  -63.938  12.887 0.1000000015
29800  -35.748  -64.207  11.772 0.1000000015
30741  -35.657  -63.967  25.784 0.3000000119
30772  -36.470  -63.018  25.537 0.2000000030
30774  -38.271  -62.980  26.010 0.2000000030
30801  -35.464  -63.554  24.275 0.2000000030
30826  -35.985  -63.331  23.239 0.2000000030
30852  -36.959  -63.262  22.111 0.1000000015
30892  -39.852  -63.226  20.844 0.2000000030
30900  -42.154  -63.735  20.191 0.1000000015
30902  -43.572  -63.829  19.687 0.1000000015
30910  -44.192  -63.926  19.368 0.1000000015
30922  -45.452  -63.765  18.507 0.1000000015
30985  -36.548  -63.601  13.011 0.1000000015
31019  -35.871  -63.963  11.579 0.1000000015
31035  -36.684  -63.536  10.422 0.1000000015
31049  -36.793  -63.998  9.907 0.1000000015
31941  -35.908  -62.931  24.752 0.1000000015
31949  -42.909  -62.934  25.184 0.1000000015
31974  -36.153  -62.563  24.322 0.1000000015
31997  -35.778  -63.056  24.099 0.1000000015
31998  -36.049  -62.814  23.679 0.1000000015
32038  -37.438  -62.521  21.885 0.1000000015
32041  -39.750  -62.327  21.037 0.2000000030
32070  -42.643  -62.408  19.944 0.1000000015
32071  -43.332  -62.803  19.630 0.1000000015
32188  -36.633  -63.018  11.720 0.1000000015
32201  -36.723  -62.975  11.147 0.1000000015
33080  -37.372  -61.642  24.806 0.1000000015
33104  -36.632  -62.058  24.232 0.1000000015
33105  -37.199  -61.502  24.310 0.1000000015
33143  -38.094  -61.124  22.099 0.1000000015
33177  -42.259  -61.765  19.982 0.1000000015
33214  -45.132  -61.534  17.701 0.1000000015
33272  -38.003  -61.868  13.153 0.1000000015
33293  -37.785  -61.990  12.690 0.1000000015
34123  -38.562  -60.935  25.050 0.1000000015
34124  -39.215  -60.813  25.251 0.1000000015
34139  -37.788  -60.859  24.141 0.1000000015
34158  -37.670  -60.891  23.551 0.1000000015
34175  -39.045  -60.049  22.375 0.1000000015
34212  -41.956  -60.835  20.009 0.1000000015
34227  -42.406  -60.540  19.644 0.1000000015
34229  -43.565  -60.887  18.690 0.1000000015
35215  -39.170  -60.358  24.958 0.1000000015
35228  -38.532  -60.256  24.132 0.1000000015
35230  -39.961  -59.520  24.561 0.1000000015
35232  -42.012  -59.648  24.706 0.1000000015
35244  -39.351  -59.505  23.728 0.1000000015
35245  -40.002  -59.095  23.904 0.1000000015
35257  -38.932  -59.844  23.230 0.1000000015
35293  -42.326  -59.210  19.744 0.1000000015
36403  -40.653  -58.698  22.436 0.1000000015
36432  -40.931  -59.014  21.040 0.1000000015
36435  -43.158  -58.161  19.909 0.1000000015
36453  -42.648  -59.006  19.548 0.1000000015
37658  -47.673  -57.401  24.423 0.1000000015
37669  -42.466  -57.944  22.948 0.1000000015
37674  -46.650  -57.438  23.573 0.1000000015
37680  -42.002  -57.884  22.481 0.1000000015
37696  -41.682  -57.986  21.976 0.1000000015
37709  -41.712  -58.072  21.455 0.1000000015
38856  -45.078  -56.804  21.897 0.1000000015
38888  -44.489  -57.127  21.096 0.1000000015
38889  -44.993  -56.942  20.909 0.1000000015
