#!ascii label  , from subject A00073529 vox2ras=TkReg
886
58147  22.694  -30.899  76.197 0.0000000000
58020  35.316  -31.684  81.607 0.0000000000
73763  42.259  -19.171  57.277 0.0000000000
65417  35.356  -27.526  66.632 0.0000000000
60611  38.917  -30.576  73.933 0.0000000000
85789  51.571  -9.989  49.216 0.0000000000
70294  41.809  -21.266  60.549 0.0000000000
69026  36.621  -22.122  59.710 0.0000000000
57012  18.317  -32.953  76.413 0.0000000000
58064  29.767  -31.123  79.458 0.0000000000
57026  31.806  -31.837  76.928 0.0000000000
58226  25.185  -31.688  73.651 0.0000000000
78028  47.199  -16.005  52.487 0.0000000000
60534  26.875  -29.470  81.125 0.0000000000
62859  21.843  -28.965  80.210 0.0000000000
75909  46.574  -17.744  56.365 0.0000000000
58049  18.047  -32.057  81.584 0.0000000000
54543  14.239  -35.159  82.654 0.0000000000
70220  36.345  -23.063  65.365 0.0000000000
64226  38.223  -27.904  70.176 0.0000000000
58310  36.464  -31.025  71.244 0.0000000000
59396  34.718  -31.071  74.496 0.0000000000
71442  41.427  -20.531  62.163 0.0000000000
69023  39.437  -21.631  60.393 0.0000000000
71444  38.820  -20.731  62.084 0.0000000000
71422  43.936  -20.494  62.842 0.0000000000
58202  21.842  -31.812  73.934 0.0000000000
58204  19.610  -32.716  74.922 0.0000000000
58148  21.352  -31.108  76.217 0.0000000000
58119  26.177  -31.058  77.434 0.0000000000
58143  27.202  -31.454  76.463 0.0000000000
58173  24.303  -31.453  75.430 0.0000000000
58228  22.575  -32.289  73.094 0.0000000000
74889  42.108  -18.737  54.334 0.0000000000
74834  44.219  -19.513  59.263 0.0000000000
74866  44.293  -18.494  56.681 0.0000000000
75929  45.102  -17.764  54.732 0.0000000000
62835  21.096  -28.538  82.186 0.0000000000
60555  19.746  -30.352  80.662 0.0000000000
59283  18.913  -30.890  82.826 0.0000000000
55716  15.130  -33.883  86.173 0.0000000000
55723  16.031  -33.763  83.817 0.0000000000
54521  14.117  -35.111  84.479 0.0000000000
53294  11.845  -36.594  85.681 0.0000000000
54480  11.841  -35.223  87.423 0.0000000000
66487  39.405  -26.236  71.126 0.0000000000
61785  39.204  -29.354  72.456 0.0000000000
60651  37.789  -30.397  70.694 0.0000000000
59440  37.894  -30.600  72.666 0.0000000000
57072  29.792  -31.705  74.177 0.0000000000
58194  33.470  -31.542  76.018 0.0000000000
58243  31.737  -31.545  73.797 0.0000000000
59429  33.466  -31.118  72.362 0.0000000000
67686  35.772  -24.984  66.036 0.0000000000
67720  33.839  -25.330  63.363 0.0000000000
65436  33.762  -27.812  64.144 0.0000000000
86858  54.735  -8.104  47.649 0.0000000000
85800  51.961  -9.651  46.656 0.0000000000
72614  41.333  -20.534  58.924 0.0000000000
71509  39.574  -21.208  58.910 0.0000000000
72582  43.840  -20.539  60.949 0.0000000000
56915  32.528  -31.469  80.968 0.0000000000
56958  33.552  -31.998  79.174 0.0000000000
56986  30.100  -31.734  78.255 0.0000000000
58169  28.164  -31.570  75.511 0.0000000000
58248  26.933  -31.636  72.860 0.0000000000
76965  49.338  -16.284  54.507 0.0000000000
79125  49.091  -15.159  52.934 0.0000000000
81394  49.350  -13.050  51.287 0.0000000000
83728  49.304  -11.674  48.572 0.0000000000
58069  25.618  -30.060  78.993 0.0000000000
60564  22.739  -29.707  78.778 0.0000000000
61677  24.886  -28.553  80.549 0.0000000000
59315  27.875  -30.061  80.212 0.0000000000
75940  47.475  -16.998  54.465 0.0000000000
59362  20.136  -30.681  78.465 0.0000000000
56965  17.971  -32.364  78.707 0.0000000000
56967  16.614  -33.476  79.651 0.0000000000
58012  17.578  -32.460  83.340 0.0000000000
55732  15.914  -33.628  82.015 0.0000000000
54456  9.523  -35.496  89.378 0.0000000000
73672  37.786  -20.336  63.470 0.0000000000
67673  37.359  -24.901  67.678 0.0000000000
67649  38.373  -24.962  69.116 0.0000000000
65404  36.710  -26.954  68.230 0.0000000000
61824  36.799  -30.179  69.299 0.0000000000
59495  36.503  -31.492  69.199 0.0000000000
58335  35.606  -32.194  69.571 0.0000000000
57002  35.351  -31.892  77.905 0.0000000000
58191  36.612  -31.464  75.987 0.0000000000
58239  37.170  -31.141  74.448 0.0000000000
58265  36.001  -30.724  72.964 0.0000000000
59463  34.280  -31.699  70.453 0.0000000000
70245  35.747  -22.060  62.423 0.0000000000
68989  33.811  -24.063  60.499 0.0000000000
72531  41.497  -19.746  63.333 0.0000000000
71443  40.183  -20.650  62.237 0.0000000000
72549  40.062  -20.360  62.632 0.0000000000
72515  42.852  -19.716  63.849 0.0000000000
58174  22.980  -31.229  75.165 0.0000000000
58175  21.512  -31.453  75.094 0.0000000000
58120  25.053  -30.922  77.460 0.0000000000
58145  25.214  -31.318  76.515 0.0000000000
58146  24.018  -31.091  76.396 0.0000000000
58201  23.422  -31.471  74.154 0.0000000000
74880  42.459  -18.604  55.608 0.0000000000
73762  42.829  -19.192  57.654 0.0000000000
74857  43.943  -18.834  57.913 0.0000000000
74867  43.121  -18.806  56.901 0.0000000000
74879  43.652  -18.444  55.827 0.0000000000
55712  14.267  -34.139  86.687 0.0000000000
55721  14.672  -34.600  84.910 0.0000000000
54511  13.987  -34.943  85.325 0.0000000000
53305  12.785  -35.984  84.682 0.0000000000
53280  12.517  -35.790  85.983 0.0000000000
53281  11.938  -36.010  86.337 0.0000000000
62943  39.497  -28.854  72.943 0.0000000000
61776  39.183  -29.801  72.926 0.0000000000
60625  38.506  -30.372  72.512 0.0000000000
59423  38.318  -30.582  73.804 0.0000000000
58041  36.054  -32.053  81.044 0.0000000000
58246  29.014  -31.638  73.058 0.0000000000
58221  30.993  -31.575  74.334 0.0000000000
58267  30.439  -31.567  72.631 0.0000000000
59414  31.055  -31.628  72.491 0.0000000000
66537  35.478  -25.937  66.197 0.0000000000
66545  34.673  -26.063  65.267 0.0000000000
83717  51.206  -11.021  50.468 0.0000000000
85780  52.469  -10.150  50.282 0.0000000000
85788  52.273  -9.849  49.598 0.0000000000
86855  53.209  -8.946  48.639 0.0000000000
85793  51.672  -9.722  48.581 0.0000000000
71490  41.770  -21.230  60.001 0.0000000000
72615  40.275  -20.701  58.640 0.0000000000
70312  40.449  -21.415  59.792 0.0000000000
69025  37.701  -21.822  60.021 0.0000000000
69044  37.654  -21.865  59.406 0.0000000000
69045  36.699  -22.319  58.853 0.0000000000
71440  43.291  -20.539  62.292 0.0000000000
71474  43.257  -20.843  61.060 0.0000000000
72600  42.849  -20.708  59.746 0.0000000000
58177  19.155  -32.492  75.708 0.0000000000
57013  17.505  -33.454  76.950 0.0000000000
58063  30.785  -31.354  79.644 0.0000000000
56940  31.519  -31.606  79.693 0.0000000000
58089  29.964  -31.439  78.825 0.0000000000
58171  26.468  -31.509  75.621 0.0000000000
57030  28.018  -31.470  76.343 0.0000000000
58198  26.785  -31.522  74.746 0.0000000000
58223  28.086  -31.580  74.145 0.0000000000
58249  25.828  -31.750  72.736 0.0000000000
58250  24.603  -31.809  72.547 0.0000000000
61836  36.114  -30.718  68.013 0.0000000000
76989  48.384  -16.288  53.355 0.0000000000
76987  49.183  -15.697  53.525 0.0000000000
78026  48.599  -15.844  52.994 0.0000000000
80231  48.054  -14.040  50.982 0.0000000000
81405  48.173  -13.263  50.030 0.0000000000
82565  49.328  -12.555  50.638 0.0000000000
59317  26.342  -29.443  80.125 0.0000000000
59318  25.571  -29.409  79.862 0.0000000000
60535  26.289  -29.018  80.753 0.0000000000
59300  27.312  -29.741  81.057 0.0000000000
59328  26.651  -30.002  79.390 0.0000000000
75925  48.418  -17.106  55.263 0.0000000000
75918  47.143  -17.556  55.738 0.0000000000
76982  44.536  -17.495  53.406 0.0000000000
60553  22.351  -29.453  79.471 0.0000000000
59346  22.024  -29.876  78.375 0.0000000000
61712  21.208  -29.837  79.524 0.0000000000
59333  18.611  -31.351  80.977 0.0000000000
59349  18.779  -31.220  80.110 0.0000000000
58070  18.241  -31.879  80.462 0.0000000000
56966  17.306  -33.018  79.210 0.0000000000
56943  17.191  -32.945  80.262 0.0000000000
56898  17.054  -32.818  84.563 0.0000000000
55729  14.731  -34.703  83.543 0.0000000000
55727  15.968  -33.680  82.966 0.0000000000
54556  14.554  -34.756  81.803 0.0000000000
55738  15.254  -34.235  81.353 0.0000000000
68937  37.287  -23.901  67.317 0.0000000000
65380  39.134  -26.929  70.974 0.0000000000
66495  39.108  -25.920  70.474 0.0000000000
65391  38.163  -26.769  69.679 0.0000000000
65403  37.300  -26.354  68.496 0.0000000000
64239  37.867  -27.375  69.613 0.0000000000
64241  36.808  -28.199  68.914 0.0000000000
62974  37.532  -29.039  69.986 0.0000000000
59481  37.269  -30.802  70.532 0.0000000000
59494  37.039  -30.948  69.829 0.0000000000
59482  36.817  -31.174  70.030 0.0000000000
58353  36.049  -32.154  69.153 0.0000000000
56983  32.893  -31.802  78.449 0.0000000000
56981  34.677  -31.940  78.500 0.0000000000
57004  34.054  -31.785  77.600 0.0000000000
58218  34.121  -31.272  75.187 0.0000000000
58193  34.643  -31.489  76.044 0.0000000000
58217  35.103  -31.287  75.260 0.0000000000
58215  36.938  -31.361  75.147 0.0000000000
58241  35.856  -31.052  74.336 0.0000000000
58264  36.755  -30.869  73.471 0.0000000000
59409  35.326  -30.834  73.905 0.0000000000
59445  32.483  -31.422  70.987 0.0000000000
59443  34.262  -31.210  71.543 0.0000000000
72534  37.054  -20.913  64.001 0.0000000000
71446  37.044  -21.062  62.797 0.0000000000
70229  36.141  -22.232  64.088 0.0000000000
66572  33.639  -26.224  62.769 0.0000000000
67731  33.713  -24.977  62.292 0.0000000000
86863  54.742  -8.190  46.533 0.0000000000
70240  41.760  -20.829  61.789 0.0000000000
70277  40.995  -21.374  60.803 0.0000000000
70259  39.936  -21.555  61.154 0.0000000000
68984  39.063  -21.527  60.929 0.0000000000
68986  37.020  -21.680  61.074 0.0000000000
72514  43.675  -20.056  63.879 0.0000000000
71423  43.187  -20.333  62.796 0.0000000000
58203  20.210  -32.782  74.103 0.0000000000
58176  20.234  -31.831  75.337 0.0000000000
58149  20.120  -31.499  76.512 0.0000000000
58066  27.900  -30.756  79.181 0.0000000000
56964  28.632  -31.219  78.229 0.0000000000
58118  27.310  -31.235  77.444 0.0000000000
58172  25.460  -31.515  75.581 0.0000000000
58200  24.699  -31.611  74.515 0.0000000000
58227  23.950  -31.687  73.355 0.0000000000
78040  45.847  -16.263  51.338 0.0000000000
61665  26.906  -28.677  81.700 0.0000000000
74845  44.973  -18.782  58.587 0.0000000000
74856  45.315  -18.360  57.327 0.0000000000
75910  45.689  -17.989  56.287 0.0000000000
75920  45.382  -17.959  55.489 0.0000000000
74878  44.639  -18.282  55.797 0.0000000000
74888  43.202  -18.329  54.734 0.0000000000
62848  21.215  -28.701  81.059 0.0000000000
61699  20.541  -29.817  80.398 0.0000000000
61690  19.816  -29.829  81.778 0.0000000000
59302  19.086  -30.945  82.099 0.0000000000
59303  18.684  -31.340  82.571 0.0000000000
56899  16.528  -33.198  84.915 0.0000000000
55720  15.389  -34.019  85.322 0.0000000000
55725  14.596  -34.786  84.181 0.0000000000
54531  14.181  -35.188  83.653 0.0000000000
53327  12.961  -35.967  83.471 0.0000000000
64216  39.217  -27.800  71.473 0.0000000000
62964  38.649  -28.831  71.031 0.0000000000
62973  38.049  -28.953  70.399 0.0000000000
61795  38.538  -29.759  71.368 0.0000000000
59459  37.709  -30.581  71.844 0.0000000000
58309  36.881  -30.714  72.042 0.0000000000
57043  30.496  -31.682  75.818 0.0000000000
57041  32.499  -31.760  76.334 0.0000000000
57056  31.124  -31.563  75.227 0.0000000000
58220  31.945  -31.560  74.779 0.0000000000
59398  33.101  -31.348  73.986 0.0000000000
59411  33.625  -31.166  73.354 0.0000000000
59412  32.631  -31.279  73.259 0.0000000000
59431  31.647  -31.460  71.816 0.0000000000
68950  35.836  -24.072  65.512 0.0000000000
70221  35.700  -23.345  64.667 0.0000000000
67718  34.980  -24.477  64.819 0.0000000000
66560  33.890  -26.070  63.860 0.0000000000
86859  53.926  -8.433  47.880 0.0000000000
86865  53.212  -8.748  47.020 0.0000000000
73752  41.579  -19.552  57.747 0.0000000000
73764  41.282  -19.170  56.755 0.0000000000
72628  40.860  -20.032  58.261 0.0000000000
70313  39.736  -21.437  59.554 0.0000000000
71511  38.079  -21.629  58.037 0.0000000000
72529  45.211  -20.467  63.325 0.0000000000
72547  45.179  -20.402  62.531 0.0000000000
73702  45.531  -19.835  61.479 0.0000000000
72598  44.299  -20.007  60.045 0.0000000000
73741  43.349  -19.925  58.863 0.0000000000
56913  33.830  -31.707  81.024 0.0000000000
56921  34.845  -32.107  80.479 0.0000000000
56923  33.165  -31.768  80.441 0.0000000000
56959  32.650  -31.865  79.142 0.0000000000
57007  31.370  -31.895  77.600 0.0000000000
57010  28.657  -31.429  77.094 0.0000000000
57009  29.530  -31.655  77.245 0.0000000000
57028  29.947  -31.816  76.509 0.0000000000
57058  29.389  -31.780  74.692 0.0000000000
57074  28.613  -31.641  73.750 0.0000000000
58270  27.618  -31.821  71.895 0.0000000000
80210  50.371  -14.235  53.062 0.0000000000
79132  47.841  -14.943  51.612 0.0000000000
80220  49.035  -13.865  52.037 0.0000000000
81384  50.527  -13.088  52.192 0.0000000000
82554  50.541  -12.590  51.709 0.0000000000
82574  49.767  -11.768  50.042 0.0000000000
83727  49.912  -11.024  48.893 0.0000000000
84775  50.357  -10.518  48.255 0.0000000000
58121  23.813  -30.389  77.384 0.0000000000
59359  23.021  -30.166  77.586 0.0000000000
59344  24.527  -30.030  78.491 0.0000000000
60552  23.413  -29.473  79.377 0.0000000000
61688  23.343  -29.079  79.995 0.0000000000
62832  25.502  -28.035  81.417 0.0000000000
64117  22.383  -28.040  80.994 0.0000000000
64099  22.209  -27.790  81.832 0.0000000000
58006  34.907  -31.444  82.030 0.0000000000
58022  33.521  -31.398  81.507 0.0000000000
58024  31.839  -31.176  81.321 0.0000000000
58044  30.440  -31.021  80.308 0.0000000000
59298  29.552  -30.484  81.488 0.0000000000
58046  28.596  -30.545  79.875 0.0000000000
58067  27.076  -30.275  79.196 0.0000000000
58093  26.094  -30.660  78.313 0.0000000000
76956  49.074  -16.744  55.520 0.0000000000
75939  48.262  -16.944  54.539 0.0000000000
76979  47.129  -16.614  53.827 0.0000000000
75928  45.966  -17.499  54.948 0.0000000000
76980  46.059  -16.730  53.648 0.0000000000
76991  46.662  -16.315  53.010 0.0000000000
59360  22.199  -30.151  77.702 0.0000000000
58124  19.938  -31.163  77.700 0.0000000000
59348  19.626  -30.686  79.381 0.0000000000
58096  19.308  -31.035  78.561 0.0000000000
56990  18.096  -32.518  77.536 0.0000000000
56991  17.291  -33.051  78.062 0.0000000000
56992  16.611  -33.623  78.554 0.0000000000
59284  18.557  -31.520  83.261 0.0000000000
58030  17.525  -32.463  82.420 0.0000000000
56917  16.568  -33.255  82.534 0.0000000000
56928  16.570  -33.283  81.604 0.0000000000
55737  15.969  -33.723  81.028 0.0000000000
54471  10.951  -35.363  88.319 0.0000000000
74780  39.489  -19.315  63.836 0.0000000000
71393  37.007  -22.395  65.741 0.0000000000
68939  36.399  -24.094  66.183 0.0000000000
67685  36.386  -24.841  66.742 0.0000000000
66528  36.286  -26.026  67.222 0.0000000000
67663  37.887  -24.893  68.289 0.0000000000
66516  37.218  -26.005  68.178 0.0000000000
65405  36.034  -27.668  67.865 0.0000000000
64255  36.229  -28.245  68.413 0.0000000000
62992  36.280  -29.406  68.861 0.0000000000
61825  36.383  -30.557  68.552 0.0000000000
61806  37.264  -30.230  69.797 0.0000000000
60669  37.010  -30.769  69.455 0.0000000000
60670  36.593  -31.124  68.720 0.0000000000
59496  36.228  -32.425  68.590 0.0000000000
58354  35.911  -33.204  68.688 0.0000000000
59393  38.640  -30.917  75.331 0.0000000000
56935  35.735  -32.427  79.815 0.0000000000
56955  36.018  -32.306  79.118 0.0000000000
58112  37.268  -32.336  78.390 0.0000000000
58167  34.297  -31.687  76.876 0.0000000000
58165  36.241  -31.682  76.867 0.0000000000
58138  37.576  -32.071  77.527 0.0000000000
58163  37.883  -31.802  76.709 0.0000000000
58213  38.047  -31.587  75.523 0.0000000000
59406  37.889  -30.846  74.468 0.0000000000
58263  37.260  -30.879  73.834 0.0000000000
58283  37.041  -30.734  72.891 0.0000000000
58285  35.946  -31.101  71.733 0.0000000000
59428  34.320  -31.007  72.579 0.0000000000
59442  34.932  -31.103  71.832 0.0000000000
58286  35.347  -31.287  71.183 0.0000000000
58312  35.095  -31.947  70.200 0.0000000000
72551  38.253  -20.518  62.587 0.0000000000
70261  37.472  -21.369  61.427 0.0000000000
68987  35.541  -22.237  61.604 0.0000000000
68972  35.012  -22.895  63.048 0.0000000000
68988  34.246  -23.068  61.003 0.0000000000
69007  34.396  -23.710  59.792 0.0000000000
84787  51.273  -10.447  46.352 0.0000000000
73668  41.201  -19.421  63.734 0.0000000000
72532  40.489  -20.026  62.964 0.0000000000
73669  40.610  -19.515  63.576 0.0000000000
72516  42.157  -19.562  63.714 0.0000000000
74868  42.163  -18.849  56.515 0.0000000000
74869  41.582  -18.792  55.900 0.0000000000
74858  43.241  -19.051  57.706 0.0000000000
54502  13.746  -34.707  86.118 0.0000000000
54503  13.190  -35.287  85.716 0.0000000000
54491  12.760  -35.013  86.580 0.0000000000
60610  39.452  -30.226  74.243 0.0000000000
61769  39.584  -29.579  73.709 0.0000000000
60618  39.250  -30.196  73.548 0.0000000000
60619  38.763  -30.364  73.194 0.0000000000
58019  36.215  -31.837  81.728 0.0000000000
58269  28.679  -31.663  71.947 0.0000000000
58245  29.891  -31.584  73.363 0.0000000000
58268  29.754  -31.527  72.081 0.0000000000
65423  35.618  -26.421  66.503 0.0000000000
65424  35.134  -26.999  66.003 0.0000000000
84768  51.338  -10.429  49.790 0.0000000000
84762  51.741  -10.714  50.523 0.0000000000
84767  52.061  -10.327  50.226 0.0000000000
71491  41.072  -21.255  59.798 0.0000000000
70295  40.873  -21.412  60.217 0.0000000000
69027  35.565  -22.805  59.210 0.0000000000
70275  42.687  -20.981  61.339 0.0000000000
71459  43.180  -20.727  61.725 0.0000000000
70293  42.508  -21.129  60.869 0.0000000000
71489  42.714  -20.957  60.302 0.0000000000
57031  18.588  -33.411  75.660 0.0000000000
58090  29.081  -31.228  78.664 0.0000000000
58199  25.801  -31.577  74.674 0.0000000000
58225  26.284  -31.598  73.779 0.0000000000
60678  36.303  -31.495  67.820 0.0000000000
76990  47.648  -16.333  53.220 0.0000000000
78027  48.022  -16.026  52.728 0.0000000000
81413  47.796  -13.481  48.880 0.0000000000
59301  26.723  -29.452  80.815 0.0000000000
60543  25.832  -29.206  80.146 0.0000000000
75899  46.798  -17.815  57.104 0.0000000000
75908  47.362  -17.652  56.551 0.0000000000
61697  22.546  -29.225  79.774 0.0000000000
60565  21.837  -29.703  79.134 0.0000000000
61698  21.515  -29.508  79.788 0.0000000000
56926  17.674  -32.524  80.850 0.0000000000
56927  17.148  -33.002  81.207 0.0000000000
57994  17.504  -32.354  85.190 0.0000000000
55734  14.829  -34.587  82.964 0.0000000000
54542  14.679  -34.664  82.531 0.0000000000
65386  38.665  -26.859  70.326 0.0000000000
64240  37.521  -28.062  69.510 0.0000000000
64227  37.846  -28.504  70.024 0.0000000000
59461  36.816  -31.063  70.637 0.0000000000
58334  36.301  -31.526  70.052 0.0000000000
58311  35.782  -31.504  70.636 0.0000000000
57006  32.271  -31.844  77.702 0.0000000000
57005  33.133  -31.809  77.706 0.0000000000
57025  32.567  -31.980  77.119 0.0000000000
58216  36.025  -31.253  75.086 0.0000000000
59395  35.435  -31.093  74.638 0.0000000000
71410  36.688  -21.896  64.642 0.0000000000
70258  41.293  -21.141  61.331 0.0000000000
70241  40.695  -21.007  61.686 0.0000000000
70242  39.432  -21.103  61.627 0.0000000000
70260  38.710  -21.347  61.213 0.0000000000
68985  38.174  -21.492  60.903 0.0000000000
72500  44.213  -19.854  64.372 0.0000000000
71424  42.254  -20.113  62.851 0.0000000000
71408  43.117  -20.086  63.334 0.0000000000
71441  42.444  -20.565  62.151 0.0000000000
58092  27.112  -30.837  78.311 0.0000000000
74833  44.687  -19.265  59.360 0.0000000000
74865  45.040  -18.313  56.379 0.0000000000
74877  45.199  -18.180  55.958 0.0000000000
61689  20.437  -29.421  81.117 0.0000000000
61678  20.397  -29.273  81.968 0.0000000000
60537  19.376  -30.378  82.333 0.0000000000
56895  15.745  -33.456  85.892 0.0000000000
56900  15.993  -33.458  85.288 0.0000000000
54522  13.596  -35.507  83.932 0.0000000000
53293  12.669  -35.933  85.338 0.0000000000
53268  11.614  -35.878  86.796 0.0000000000
54481  11.131  -35.657  87.648 0.0000000000
64207  39.548  -27.856  72.261 0.0000000000
62953  39.157  -28.812  71.876 0.0000000000
62963  38.999  -28.341  71.296 0.0000000000
62954  38.854  -29.338  71.586 0.0000000000
60626  38.151  -30.469  72.058 0.0000000000
59441  37.353  -30.642  72.345 0.0000000000
57057  30.215  -31.689  74.825 0.0000000000
58244  30.845  -31.585  73.375 0.0000000000
58242  32.469  -31.488  74.145 0.0000000000
59413  31.691  -31.400  72.830 0.0000000000
67700  35.540  -24.603  65.522 0.0000000000
68951  35.361  -24.223  65.074 0.0000000000
67701  35.092  -25.123  65.361 0.0000000000
65435  34.231  -27.113  64.927 0.0000000000
66559  34.299  -26.057  64.636 0.0000000000
65446  33.946  -26.629  64.286 0.0000000000
85795  52.494  -9.144  47.322 0.0000000000
86860  53.160  -8.759  48.078 0.0000000000
85799  52.531  -9.380  46.180 0.0000000000
84786  51.980  -9.936  46.067 0.0000000000
72627  41.916  -20.008  58.438 0.0000000000
72616  39.692  -20.897  58.405 0.0000000000
71523  39.266  -21.097  58.288 0.0000000000
71524  38.681  -21.266  57.808 0.0000000000
70278  40.122  -21.636  60.541 0.0000000000
70296  39.863  -21.595  60.002 0.0000000000
70297  39.120  -21.568  59.785 0.0000000000
70315  37.726  -21.849  58.602 0.0000000000
70330  37.492  -21.991  57.826 0.0000000000
72513  44.414  -20.279  63.946 0.0000000000
72512  45.271  -20.168  64.064 0.0000000000
71406  44.559  -20.479  63.417 0.0000000000
72567  44.036  -20.571  61.659 0.0000000000
72548  44.527  -20.493  62.111 0.0000000000
72566  44.785  -20.232  61.543 0.0000000000
73684  45.597  -20.049  62.009 0.0000000000
72581  44.422  -20.096  60.580 0.0000000000
72612  43.391  -20.209  59.235 0.0000000000
72613  42.649  -20.413  59.063 0.0000000000
72626  42.537  -19.903  58.459 0.0000000000
56914  33.010  -31.531  80.976 0.0000000000
56961  30.897  -31.682  78.950 0.0000000000
56960  31.749  -31.713  79.061 0.0000000000
56985  31.056  -31.852  78.312 0.0000000000
56984  31.976  -31.789  78.393 0.0000000000
56989  27.864  -31.296  77.530 0.0000000000
56988  28.401  -31.260  77.760 0.0000000000
57011  27.887  -31.418  77.125 0.0000000000
57029  28.932  -31.702  76.224 0.0000000000
57045  28.825  -31.780  75.216 0.0000000000
57044  29.610  -31.808  75.548 0.0000000000
58247  28.022  -31.633  73.099 0.0000000000
58251  23.440  -32.505  72.390 0.0000000000
78007  49.754  -16.146  54.989 0.0000000000
78025  49.077  -15.485  53.201 0.0000000000
79116  49.900  -15.111  53.612 0.0000000000
79124  49.758  -14.801  53.131 0.0000000000
79123  50.705  -14.423  53.436 0.0000000000
79133  47.043  -15.458  51.198 0.0000000000
80230  48.756  -13.546  51.348 0.0000000000
80221  48.414  -14.416  51.857 0.0000000000
80219  50.076  -13.879  52.620 0.0000000000
81385  49.818  -13.317  52.027 0.0000000000
81393  50.083  -12.812  51.681 0.0000000000
82575  48.953  -12.288  49.670 0.0000000000
83719  49.640  -11.558  49.447 0.0000000000
83718  50.406  -11.199  49.985 0.0000000000
58094  25.087  -30.295  78.361 0.0000000000
58095  24.272  -30.178  78.146 0.0000000000
60544  24.927  -29.212  80.005 0.0000000000
60551  24.411  -29.543  79.399 0.0000000000
60545  23.968  -29.219  79.924 0.0000000000
61687  24.091  -28.852  80.278 0.0000000000
61666  26.217  -28.565  81.331 0.0000000000
64097  24.524  -27.688  81.708 0.0000000000
64116  23.245  -27.835  81.141 0.0000000000
58007  33.981  -31.267  82.031 0.0000000000
58025  31.025  -30.922  81.196 0.0000000000
59299  28.282  -30.247  81.023 0.0000000000
58027  29.009  -30.604  80.676 0.0000000000
58028  28.341  -30.307  80.336 0.0000000000
58047  27.912  -30.252  79.753 0.0000000000
59329  26.175  -29.873  79.443 0.0000000000
58068  26.116  -30.212  78.957 0.0000000000
73765  40.069  -19.733  56.487 0.0000000000
75926  47.717  -17.286  55.116 0.0000000000
76978  48.016  -16.663  53.878 0.0000000000
76993  44.478  -17.360  52.753 0.0000000000
76981  45.088  -17.110  53.467 0.0000000000
76992  45.407  -16.609  52.413 0.0000000000
59347  20.889  -30.274  78.787 0.0000000000
59361  21.074  -30.520  78.036 0.0000000000
60554  20.386  -30.242  80.072 0.0000000000
60567  19.994  -30.581  80.018 0.0000000000
58097  18.593  -31.584  79.321 0.0000000000
58125  18.797  -31.745  78.143 0.0000000000
55758  15.955  -34.148  79.003 0.0000000000
58011  18.065  -32.058  83.710 0.0000000000
58029  18.208  -31.961  82.708 0.0000000000
56905  15.978  -33.639  84.636 0.0000000000
56916  17.010  -32.866  82.088 0.0000000000
54461  10.830  -34.971  88.915 0.0000000000
55696  10.177  -35.275  89.208 0.0000000000
54462  10.372  -35.359  88.973 0.0000000000
73644  37.522  -20.358  65.609 0.0000000000
71392  37.408  -22.766  66.690 0.0000000000
70208  36.904  -23.323  66.395 0.0000000000
68923  37.193  -24.488  67.425 0.0000000000
68938  36.971  -24.129  67.043 0.0000000000
67674  36.875  -24.859  67.285 0.0000000000
66535  36.435  -25.390  67.131 0.0000000000
66504  38.585  -25.896  69.743 0.0000000000
67650  38.026  -25.330  68.759 0.0000000000
65415  36.414  -26.397  67.546 0.0000000000
62991  36.938  -29.097  69.516 0.0000000000
62993  36.102  -30.194  68.503 0.0000000000
61796  38.177  -30.018  70.870 0.0000000000
61805  37.780  -29.828  70.271 0.0000000000
59502  36.455  -32.206  68.067 0.0000000000
58355  35.552  -33.676  68.941 0.0000000000
56937  34.204  -32.137  79.845 0.0000000000
56920  35.562  -32.243  80.483 0.0000000000
56936  34.989  -32.367  79.850 0.0000000000
56956  35.233  -32.262  79.171 0.0000000000
56980  35.516  -32.073  78.455 0.0000000000
58113  36.409  -32.286  78.564 0.0000000000
58114  35.960  -32.135  78.399 0.0000000000
57040  33.187  -31.789  76.490 0.0000000000
58168  33.581  -31.768  76.669 0.0000000000
58192  35.654  -31.449  76.021 0.0000000000
58166  35.287  -31.612  76.851 0.0000000000
58139  36.786  -32.049  77.671 0.0000000000
58164  37.145  -31.798  76.801 0.0000000000
58214  37.718  -31.406  75.271 0.0000000000
58237  37.917  -31.377  75.092 0.0000000000
58238  37.657  -31.178  74.706 0.0000000000
59407  37.536  -30.782  74.031 0.0000000000
58284  36.495  -30.796  72.380 0.0000000000
59462  34.835  -31.415  70.986 0.0000000000
73671  38.562  -19.667  63.728 0.0000000000
73685  39.173  -20.057  63.085 0.0000000000
73686  38.500  -20.262  63.043 0.0000000000
70244  36.613  -21.440  62.552 0.0000000000
70262  36.339  -21.731  61.790 0.0000000000
70263  35.842  -21.959  61.931 0.0000000000
68961  35.054  -23.739  64.228 0.0000000000
68962  34.514  -23.875  63.551 0.0000000000
68974  33.727  -24.060  61.484 0.0000000000
68973  34.179  -23.491  62.434 0.0000000000
69008  33.988  -24.164  60.033 0.0000000000
86862  55.371  -7.843  46.210 0.0000000000
87882  56.034  -7.556  45.847 0.0000000000
84781  50.441  -10.780  47.187 0.0000000000
84788  50.586  -11.065  46.568 0.0000000000
71425  41.079  -20.185  62.612 0.0000000000
71426  40.478  -20.325  62.574 0.0000000000
73749  43.650  -19.426  58.652 0.0000000000
74846  44.171  -19.202  58.864 0.0000000000
62822  20.763  -28.573  83.245 0.0000000000
61667  20.046  -29.275  82.969 0.0000000000
54512  13.347  -35.437  84.806 0.0000000000
54492  12.038  -35.509  86.758 0.0000000000
61786  38.960  -29.812  72.109 0.0000000000
61777  38.884  -30.144  72.662 0.0000000000
59439  38.254  -30.553  73.135 0.0000000000
59424  37.846  -30.614  73.571 0.0000000000
58222  30.316  -31.647  74.023 0.0000000000
59433  30.179  -31.641  71.070 0.0000000000
67687  35.369  -25.496  65.896 0.0000000000
66544  35.085  -26.023  65.775 0.0000000000
65434  34.783  -26.559  65.545 0.0000000000
83709  51.662  -11.345  51.099 0.0000000000
85791  53.270  -9.067  48.939 0.0000000000
85792  52.625  -9.232  48.552 0.0000000000
85796  51.759  -9.589  47.507 0.0000000000
71507  41.649  -20.966  59.480 0.0000000000
71508  40.590  -21.095  59.352 0.0000000000
69024  38.777  -21.652  60.151 0.0000000000
69043  38.407  -21.695  59.768 0.0000000000
72568  43.583  -20.684  61.533 0.0000000000
71473  43.506  -20.717  60.872 0.0000000000
71488  43.391  -20.709  60.617 0.0000000000
71506  42.356  -20.924  59.708 0.0000000000
57033  17.095  -34.433  76.624 0.0000000000
56925  31.652  -31.557  80.195 0.0000000000
56924  32.243  -31.622  80.475 0.0000000000
58062  31.372  -31.475  80.017 0.0000000000
58088  30.601  -31.526  79.106 0.0000000000
56962  30.382  -31.607  78.788 0.0000000000
58170  27.359  -31.525  75.599 0.0000000000
58197  27.641  -31.554  74.802 0.0000000000
58196  28.277  -31.640  74.831 0.0000000000
58224  27.276  -31.508  73.908 0.0000000000
58271  26.594  -32.220  71.897 0.0000000000
58272  25.457  -32.163  71.704 0.0000000000
63012  35.711  -29.799  68.271 0.0000000000
76977  48.791  -16.488  54.011 0.0000000000
76976  49.395  -15.844  53.948 0.0000000000
76988  48.903  -15.997  53.473 0.0000000000
78036  48.772  -15.411  52.835 0.0000000000
79143  47.653  -14.658  50.911 0.0000000000
80232  47.570  -14.555  50.546 0.0000000000
81395  48.639  -13.339  50.863 0.0000000000
81404  48.873  -12.869  50.531 0.0000000000
82576  48.244  -12.920  49.299 0.0000000000
82586  48.278  -12.846  48.567 0.0000000000
59330  25.064  -29.742  79.192 0.0000000000
60536  25.499  -28.747  80.500 0.0000000000
58048  27.529  -30.036  79.799 0.0000000000
59316  27.201  -29.830  80.021 0.0000000000
75917  47.917  -17.410  55.881 0.0000000000
75927  46.877  -17.350  55.045 0.0000000000
75943  44.732  -17.606  53.976 0.0000000000
59319  19.093  -30.870  81.291 0.0000000000
59332  19.263  -30.825  80.407 0.0000000000
56942  17.816  -32.382  79.828 0.0000000000
57998  17.957  -32.082  84.509 0.0000000000
57999  17.551  -32.460  84.201 0.0000000000
55728  15.377  -34.238  83.366 0.0000000000
55733  15.232  -34.240  82.469 0.0000000000
70207  37.335  -23.482  67.103 0.0000000000
70187  37.684  -23.464  67.698 0.0000000000
68922  37.494  -24.213  67.639 0.0000000000
66505  38.093  -25.893  69.128 0.0000000000
65392  37.548  -26.804  69.038 0.0000000000
65393  37.152  -27.497  68.923 0.0000000000
59480  37.634  -30.625  71.171 0.0000000000
60652  37.388  -30.499  70.075 0.0000000000
56957  34.416  -32.145  79.188 0.0000000000
56982  33.800  -31.845  78.465 0.0000000000
58219  33.042  -31.383  74.859 0.0000000000
58240  36.411  -31.069  74.189 0.0000000000
59408  35.902  -30.847  73.795 0.0000000000
59426  35.620  -30.718  73.386 0.0000000000
59444  33.418  -31.312  71.255 0.0000000000
59464  33.328  -31.761  70.242 0.0000000000
59483  33.944  -32.276  69.731 0.0000000000
73658  37.524  -20.303  64.407 0.0000000000
71427  36.700  -21.330  63.497 0.0000000000
70230  35.631  -22.580  63.544 0.0000000000
67730  34.007  -24.470  63.288 0.0000000000
86864  54.018  -8.479  46.791 0.0000000000
70276  41.955  -21.192  61.095 0.0000000000
69002  39.472  -21.634  60.765 0.0000000000
68983  39.464  -21.612  60.993 0.0000000000
69003  38.816  -21.579  60.594 0.0000000000
69004  37.888  -21.661  60.512 0.0000000000
69005  36.693  -21.889  60.507 0.0000000000
71407  43.840  -20.336  63.375 0.0000000000
72501  43.512  -19.670  64.353 0.0000000000
71460  42.842  -20.684  61.964 0.0000000000
70257  42.365  -20.884  61.650 0.0000000000
58150  18.981  -31.934  76.967 0.0000000000
58065  28.807  -30.973  79.284 0.0000000000
58091  28.135  -31.102  78.332 0.0000000000
58144  26.297  -31.337  76.523 0.0000000000
78038  47.533  -15.635  52.047 0.0000000000
78039  46.666  -15.821  51.571 0.0000000000
60524  26.672  -28.957  81.368 0.0000000000
60509  27.473  -28.962  81.848 0.0000000000
74832  45.776  -18.891  59.615 0.0000000000
74844  46.033  -18.422  58.378 0.0000000000
75900  46.125  -17.880  56.952 0.0000000000
75921  44.699  -18.082  55.143 0.0000000000
74887  44.087  -18.216  55.210 0.0000000000
75930  44.184  -18.063  54.444 0.0000000000
75931  43.397  -18.229  53.880 0.0000000000
62860  21.077  -29.261  80.466 0.0000000000
61700  19.900  -29.907  81.079 0.0000000000
60546  19.482  -30.407  81.562 0.0000000000
59320  18.642  -31.441  81.896 0.0000000000
56894  16.342  -33.076  85.583 0.0000000000
55724  15.291  -34.302  84.274 0.0000000000
54532  13.559  -35.640  83.046 0.0000000000
53316  13.054  -35.771  84.182 0.0000000000
65379  39.498  -26.933  71.635 0.0000000000
64217  38.844  -27.797  70.863 0.0000000000
61804  38.265  -29.503  70.784 0.0000000000
60635  38.505  -30.222  71.869 0.0000000000
60636  38.110  -30.350  71.402 0.0000000000
59460  37.159  -30.761  71.396 0.0000000000
57042  31.421  -31.657  76.100 0.0000000000
57055  31.885  -31.603  75.586 0.0000000000
58195  32.547  -31.537  75.525 0.0000000000
59397  33.831  -31.200  74.257 0.0000000000
59410  34.475  -30.942  73.582 0.0000000000
59430  32.525  -31.215  72.096 0.0000000000
67719  34.405  -24.926  64.333 0.0000000000
67702  34.625  -25.532  64.950 0.0000000000
85804  52.899  -9.552  45.392 0.0000000000
73753  40.663  -19.711  57.433 0.0000000000
72629  39.628  -20.518  57.594 0.0000000000
70314  38.701  -21.554  59.281 0.0000000000
71510  38.681  -21.446  58.532 0.0000000000
71421  44.591  -20.539  62.825 0.0000000000
73716  45.174  -19.769  60.894 0.0000000000
73731  44.881  -19.603  60.091 0.0000000000
73732  44.253  -19.789  59.634 0.0000000000
72599  43.601  -20.402  59.913 0.0000000000
73740  43.827  -19.818  59.182 0.0000000000
73750  43.080  -19.527  58.305 0.0000000000
73751  42.392  -19.558  58.000 0.0000000000
56911  35.492  -31.898  81.076 0.0000000000
56912  34.706  -31.759  81.027 0.0000000000
56922  34.038  -31.917  80.451 0.0000000000
56938  33.345  -31.947  79.828 0.0000000000
56939  32.436  -31.812  79.801 0.0000000000
56963  28.938  -31.280  78.176 0.0000000000
56987  29.226  -31.439  77.892 0.0000000000
57008  30.439  -31.877  77.457 0.0000000000
57027  30.879  -31.787  76.736 0.0000000000
57059  28.730  -31.711  74.436 0.0000000000
57073  29.233  -31.702  73.931 0.0000000000
58273  24.295  -32.486  71.545 0.0000000000
80209  50.932  -13.853  53.020 0.0000000000
78037  48.275  -15.480  52.503 0.0000000000
79131  48.812  -14.824  52.509 0.0000000000
79130  49.429  -14.355  52.623 0.0000000000
80218  50.672  -13.520  52.597 0.0000000000
82563  51.039  -11.833  51.173 0.0000000000
82564  50.174  -12.167  50.915 0.0000000000
83710  50.913  -11.508  50.752 0.0000000000
84769  50.563  -10.594  49.178 0.0000000000
84774  51.017  -10.102  48.822 0.0000000000
59345  23.557  -29.909  78.379 0.0000000000
59331  24.139  -29.665  79.070 0.0000000000
62858  22.652  -28.854  80.137 0.0000000000
61676  25.618  -28.406  80.903 0.0000000000
64096  25.331  -27.752  81.851 0.0000000000
62833  24.854  -27.946  81.022 0.0000000000
62845  24.092  -28.220  80.743 0.0000000000
62846  23.178  -28.457  80.466 0.0000000000
62847  22.174  -28.488  80.547 0.0000000000
64118  21.827  -28.283  80.960 0.0000000000
64100  21.693  -28.190  81.415 0.0000000000
62834  21.481  -27.928  82.666 0.0000000000
58005  35.817  -31.618  82.072 0.0000000000
58021  34.419  -31.554  81.556 0.0000000000
58023  32.638  -31.268  81.380 0.0000000000
58042  32.150  -31.421  80.969 0.0000000000
58043  31.454  -31.338  80.530 0.0000000000
58026  30.020  -30.733  80.932 0.0000000000
58045  29.443  -30.835  80.100 0.0000000000
73776  40.704  -19.200  55.570 0.0000000000
77999  49.543  -16.415  55.321 0.0000000000
78008  49.321  -16.483  54.991 0.0000000000
76966  48.891  -16.736  54.760 0.0000000000
75919  46.275  -17.670  55.636 0.0000000000
75941  46.541  -17.042  54.413 0.0000000000
75942  45.584  -17.282  54.249 0.0000000000
78029  46.351  -16.117  52.182 0.0000000000
58122  22.385  -30.464  76.998 0.0000000000
58123  21.168  -30.758  77.182 0.0000000000
61713  20.878  -29.962  79.838 0.0000000000
60566  20.675  -30.182  79.507 0.0000000000
57014  16.667  -33.896  77.423 0.0000000000
55769  15.993  -34.452  77.901 0.0000000000
58050  17.449  -32.586  81.641 0.0000000000
56903  17.060  -32.811  83.800 0.0000000000
56909  16.603  -33.270  83.402 0.0000000000
56908  17.096  -32.903  82.970 0.0000000000
56944  16.626  -33.399  80.660 0.0000000000
55747  16.027  -33.961  80.064 0.0000000000
55748  15.452  -34.342  80.447 0.0000000000
55759  15.350  -34.698  79.479 0.0000000000
53257  10.680  -36.004  87.683 0.0000000000
53258  10.156  -36.324  88.033 0.0000000000
74762  40.161  -19.067  64.017 0.0000000000
72517  37.120  -21.282  65.115 0.0000000000
66536  35.951  -25.773  66.716 0.0000000000
65416  35.853  -26.977  67.126 0.0000000000
66515  37.659  -25.761  68.565 0.0000000000
66526  37.446  -25.414  68.040 0.0000000000
66527  36.868  -25.714  67.637 0.0000000000
64268  35.711  -27.836  67.538 0.0000000000
64256  35.672  -28.515  68.005 0.0000000000
63011  35.910  -28.944  68.475 0.0000000000
61823  37.260  -29.718  69.819 0.0000000000
59503  36.480  -33.004  68.177 0.0000000000
60604  38.999  -30.612  74.611 0.0000000000
56919  36.233  -32.251  80.476 0.0000000000
56934  36.379  -32.349  79.747 0.0000000000
57024  33.256  -31.979  76.963 0.0000000000
57023  33.788  -31.839  77.007 0.0000000000
58142  34.583  -31.755  77.438 0.0000000000
58140  35.849  -31.913  77.791 0.0000000000
58111  37.923  -32.034  78.177 0.0000000000
58137  38.096  -31.952  77.342 0.0000000000
58190  37.481  -31.506  76.032 0.0000000000
58189  37.908  -32.228  75.826 0.0000000000
58187  38.394  -31.772  76.094 0.0000000000
58212  38.186  -31.631  75.710 0.0000000000
59394  38.170  -31.140  75.028 0.0000000000
59405  38.447  -30.742  74.527 0.0000000000
59425  37.479  -30.698  73.229 0.0000000000
59427  35.152  -30.743  72.852 0.0000000000
58266  35.500  -30.974  72.064 0.0000000000
58336  35.141  -33.157  69.389 0.0000000000
58313  34.574  -32.442  69.713 0.0000000000
73670  39.745  -19.733  63.347 0.0000000000
72550  39.263  -20.412  62.602 0.0000000000
73687  37.970  -20.440  62.974 0.0000000000
71445  37.648  -20.820  62.333 0.0000000000
70243  38.083  -20.975  61.668 0.0000000000
69006  35.455  -22.514  60.285 0.0000000000
84780  50.951  -9.999  47.744 0.0000000000
56941  30.958  -31.543  79.345 0.0000000000
56954  36.431  -32.374  79.330 0.0000000000
56979  35.996  -32.200  78.667 0.0000000000
57003  34.895  -31.837  77.896 0.0000000000
58087  36.439  -32.377  79.083 0.0000000000
58115  29.642  -31.528  78.346 0.0000000000
58116  29.356  -31.398  78.382 0.0000000000
58117  27.919  -31.204  77.761 0.0000000000
58141  35.055  -31.749  77.454 0.0000000000
58188  38.170  -31.817  75.956 0.0000000000
70206  37.444  -23.757  67.446 0.0000000000
70239  42.211  -20.777  61.862 0.0000000000
70256  42.759  -20.879  61.579 0.0000000000
71409  42.672  -19.925  63.337 0.0000000000
71438  44.582  -20.514  62.459 0.0000000000
71458  43.714  -20.627  61.808 0.0000000000
72530  42.318  -19.806  63.396 0.0000000000
72533  39.768  -20.172  62.915 0.0000000000
72552  37.419  -20.708  63.024 0.0000000000
72583  43.688  -20.659  61.308 0.0000000000
73655  41.660  -19.272  63.967 0.0000000000
74779  40.029  -19.427  63.682 0.0000000000
74781  39.000  -19.226  64.072 0.0000000000
76955  49.546  -16.480  55.600 0.0000000000
77998  50.049  -16.290  55.595 0.0000000000
78017  49.885  -15.361  53.930 0.0000000000
78024  49.507  -15.379  53.546 0.0000000000
81383  51.115  -13.198  52.548 0.0000000000
