#!ascii label  , from subject A00073529 vox2ras=TkReg
811
66330  17.636  -27.408  85.476 0.0000000000
54686  3.861  -36.654  75.728 0.0000000000
61626  9.787  -31.623  86.506 0.0000000000
60560  8.388  -31.758  79.848 0.0000000000
64185  4.537  -28.588  73.942 0.0000000000
64032  13.586  -30.194  85.652 0.0000000000
62861  13.634  -29.093  80.861 0.0000000000
65191  19.290  -27.555  87.984 0.0000000000
61598  14.694  -31.599  87.563 0.0000000000
60442  11.692  -32.943  89.020 0.0000000000
62842  4.873  -28.305  81.439 0.0000000000
62880  6.284  -29.901  77.599 0.0000000000
66420  3.626  -26.547  77.169 0.0000000000
59244  6.922  -33.904  86.268 0.0000000000
58033  6.835  -33.589  82.515 0.0000000000
60540  10.777  -32.111  82.420 0.0000000000
64123  8.942  -29.010  81.777 0.0000000000
57016  6.323  -33.676  77.920 0.0000000000
59399  5.987  -31.939  74.885 0.0000000000
60628  5.854  -31.078  71.331 0.0000000000
66499  4.692  -26.753  69.848 0.0000000000
64044  16.332  -29.270  84.990 0.0000000000
64080  15.535  -28.663  83.555 0.0000000000
66304  18.584  -27.273  86.668 0.0000000000
62744  17.375  -30.170  87.237 0.0000000000
64011  16.321  -30.182  86.063 0.0000000000
62755  14.217  -30.918  86.627 0.0000000000
65316  3.594  -27.323  78.909 0.0000000000
60471  8.305  -33.088  86.543 0.0000000000
60515  8.094  -32.773  84.841 0.0000000000
61647  10.041  -30.851  84.746 0.0000000000
66395  11.883  -26.828  81.674 0.0000000000
64134  11.477  -28.701  80.482 0.0000000000
61613  10.803  -32.148  87.850 0.0000000000
59212  10.275  -33.803  89.202 0.0000000000
60460  8.823  -33.170  87.949 0.0000000000
59234  7.326  -34.330  87.415 0.0000000000
58052  8.351  -33.291  81.056 0.0000000000
58101  6.255  -34.235  79.956 0.0000000000
58098  8.452  -33.162  79.236 0.0000000000
62918  5.212  -29.014  75.461 0.0000000000
61748  7.855  -30.408  75.657 0.0000000000
64182  6.903  -29.641  73.698 0.0000000000
60620  6.055  -31.408  72.592 0.0000000000
61780  5.057  -30.099  72.014 0.0000000000
62776  11.986  -30.302  85.978 0.0000000000
62806  11.364  -30.458  84.405 0.0000000000
64082  13.819  -29.380  83.573 0.0000000000
66392  14.509  -26.699  81.394 0.0000000000
62761  19.679  -28.733  87.126 0.0000000000
59241  18.571  -31.111  85.285 0.0000000000
60462  18.582  -30.654  87.570 0.0000000000
59232  16.190  -32.147  87.017 0.0000000000
60449  13.434  -32.181  88.230 0.0000000000
62750  12.118  -31.352  87.602 0.0000000000
62869  6.749  -29.770  80.015 0.0000000000
60569  7.744  -31.341  79.091 0.0000000000
61716  5.400  -30.066  79.005 0.0000000000
62894  4.698  -29.150  77.630 0.0000000000
65346  3.703  -27.600  75.779 0.0000000000
68574  18.111  -24.018  86.272 0.0000000000
64054  21.848  -26.859  83.785 0.0000000000
66311  22.940  -24.603  85.831 0.0000000000
66308  20.025  -26.526  87.367 0.0000000000
68561  19.629  -24.841  87.536 0.0000000000
57997  5.736  -34.784  85.265 0.0000000000
58015  5.300  -34.809  83.870 0.0000000000
59290  6.549  -33.889  84.517 0.0000000000
59307  8.316  -32.959  82.473 0.0000000000
59336  9.598  -32.307  80.875 0.0000000000
61681  12.242  -30.821  81.760 0.0000000000
61703  11.001  -30.744  80.541 0.0000000000
62867  8.491  -30.185  81.040 0.0000000000
62826  7.057  -28.186  82.139 0.0000000000
58077  5.463  -35.166  81.426 0.0000000000
56971  4.996  -34.879  79.362 0.0000000000
57017  4.369  -34.288  77.508 0.0000000000
60586  8.010  -31.483  77.326 0.0000000000
59378  6.759  -32.459  76.269 0.0000000000
57049  4.308  -34.400  75.448 0.0000000000
57079  5.088  -34.404  73.909 0.0000000000
57093  6.912  -34.188  72.130 0.0000000000
67546  4.620  -24.885  74.971 0.0000000000
66462  3.980  -26.442  73.885 0.0000000000
68826  4.299  -24.717  71.270 0.0000000000
65374  3.871  -27.545  71.260 0.0000000000
61816  5.142  -29.581  69.883 0.0000000000
65223  16.976  -28.343  85.207 0.0000000000
65237  17.020  -27.660  84.672 0.0000000000
66340  17.535  -27.074  85.010 0.0000000000
66310  18.160  -27.487  86.191 0.0000000000
65197  17.443  -28.786  86.064 0.0000000000
65201  17.414  -28.460  85.842 0.0000000000
64016  16.196  -29.968  85.711 0.0000000000
53449  4.263  -37.502  75.159 0.0000000000
54703  4.314  -36.475  74.855 0.0000000000
61634  9.302  -32.160  86.121 0.0000000000
61649  9.244  -31.973  85.511 0.0000000000
62796  9.936  -30.825  85.433 0.0000000000
60510  19.636  -29.831  83.602 0.0000000000
61620  10.430  -31.811  87.173 0.0000000000
61614  9.946  -32.522  87.848 0.0000000000
61621  9.559  -32.290  87.159 0.0000000000
60465  8.404  -33.022  87.058 0.0000000000
59337  8.696  -32.475  80.069 0.0000000000
59350  8.455  -32.513  79.105 0.0000000000
62927  5.151  -28.809  74.491 0.0000000000
64175  6.693  -28.880  74.727 0.0000000000
62926  5.743  -28.891  73.986 0.0000000000
62935  6.364  -29.976  73.087 0.0000000000
62946  5.081  -29.529  72.577 0.0000000000
62775  12.917  -30.217  86.015 0.0000000000
62793  12.858  -30.003  85.132 0.0000000000
62792  13.529  -29.820  84.649 0.0000000000
65286  15.527  -27.617  82.034 0.0000000000
67480  12.729  -25.891  82.483 0.0000000000
64009  19.877  -28.514  88.078 0.0000000000
61625  18.936  -30.281  87.397 0.0000000000
61605  19.059  -29.733  88.314 0.0000000000
61609  15.838  -31.041  87.359 0.0000000000
60457  16.919  -31.210  87.210 0.0000000000
60458  16.076  -31.712  87.299 0.0000000000
60448  14.253  -32.003  87.941 0.0000000000
62762  13.960  -30.582  86.243 0.0000000000
62756  13.264  -30.933  86.963 0.0000000000
62763  13.050  -30.554  86.601 0.0000000000
62758  11.726  -31.159  87.231 0.0000000000
61683  5.833  -28.802  80.637 0.0000000000
62870  6.065  -29.589  79.839 0.0000000000
61710  5.051  -29.289  79.968 0.0000000000
66415  3.527  -26.334  78.203 0.0000000000
64154  4.123  -28.484  78.492 0.0000000000
65323  3.623  -27.539  77.847 0.0000000000
64166  4.183  -28.575  76.361 0.0000000000
66426  3.678  -26.700  76.168 0.0000000000
66307  20.508  -25.969  87.003 0.0000000000
57996  6.200  -34.546  85.560 0.0000000000
58000  5.896  -34.390  85.008 0.0000000000
59267  6.634  -33.864  85.195 0.0000000000
60529  9.503  -32.205  83.488 0.0000000000
59287  8.210  -32.842  83.593 0.0000000000
59285  9.701  -32.502  82.874 0.0000000000
59306  9.247  -32.693  82.276 0.0000000000
59322  10.389  -32.354  81.442 0.0000000000
62824  12.606  -30.161  83.068 0.0000000000
61657  11.845  -30.585  83.498 0.0000000000
61680  12.721  -30.124  81.568 0.0000000000
64121  10.291  -28.745  81.346 0.0000000000
62864  11.464  -29.625  80.400 0.0000000000
64136  9.926  -29.511  81.146 0.0000000000
62866  9.485  -30.337  81.044 0.0000000000
64137  9.135  -29.608  81.366 0.0000000000
62852  7.960  -29.109  81.176 0.0000000000
64106  8.256  -28.530  81.731 0.0000000000
59248  17.905  -31.903  85.298 0.0000000000
57998  17.957  -32.082  84.509 0.0000000000
57971  12.104  -33.393  89.014 0.0000000000
55693  11.898  -34.193  88.797 0.0000000000
56866  11.425  -34.007  89.338 0.0000000000
57965  9.447  -34.408  89.354 0.0000000000
56869  9.755  -34.777  89.412 0.0000000000
59239  6.980  -33.945  86.870 0.0000000000
57987  6.337  -34.900  86.911 0.0000000000
58034  6.309  -34.104  83.183 0.0000000000
58057  5.454  -35.167  82.433 0.0000000000
58056  5.905  -34.716  82.220 0.0000000000
56969  6.405  -34.264  79.081 0.0000000000
56970  5.576  -34.365  79.160 0.0000000000
56995  5.724  -33.990  78.269 0.0000000000
56996  4.714  -34.342  78.296 0.0000000000
58129  4.948  -33.804  77.828 0.0000000000
61724  7.329  -30.460  78.051 0.0000000000
60577  8.070  -31.623  78.205 0.0000000000
61723  7.832  -30.907  77.725 0.0000000000
60605  6.926  -31.293  74.756 0.0000000000
59386  7.321  -32.021  75.989 0.0000000000
59387  6.456  -32.028  75.543 0.0000000000
58205  5.310  -32.792  75.881 0.0000000000
59389  5.122  -32.886  74.609 0.0000000000
57063  4.329  -34.463  74.454 0.0000000000
59401  5.210  -32.886  74.151 0.0000000000
60627  6.273  -31.626  71.775 0.0000000000
58254  6.432  -32.907  73.023 0.0000000000
59453  6.700  -32.418  71.588 0.0000000000
68760  4.655  -23.919  74.394 0.0000000000
67567  4.489  -25.716  74.359 0.0000000000
67582  4.588  -24.674  73.297 0.0000000000
68848  4.782  -24.876  70.190 0.0000000000
67613  4.372  -25.801  71.137 0.0000000000
66482  3.977  -26.591  71.699 0.0000000000
66488  4.244  -26.747  70.744 0.0000000000
62965  4.342  -28.761  70.602 0.0000000000
64231  4.485  -28.371  69.689 0.0000000000
64045  15.157  -29.737  84.917 0.0000000000
64057  14.863  -29.348  84.275 0.0000000000
64056  16.067  -29.013  84.302 0.0000000000
65192  18.816  -27.844  87.601 0.0000000000
62743  18.234  -29.637  87.840 0.0000000000
65193  18.483  -28.274  86.942 0.0000000000
64004  17.413  -29.567  86.761 0.0000000000
62746  15.183  -30.775  86.987 0.0000000000
62739  14.475  -31.327  87.370 0.0000000000
64012  15.293  -30.506  86.145 0.0000000000
64017  15.381  -30.281  85.691 0.0000000000
64126  3.982  -27.201  81.305 0.0000000000
64138  4.303  -28.357  80.437 0.0000000000
65309  3.525  -26.997  79.930 0.0000000000
66411  3.476  -26.084  79.235 0.0000000000
67513  3.450  -25.119  78.515 0.0000000000
60479  7.840  -33.361  86.279 0.0000000000
60495  7.664  -33.342  85.675 0.0000000000
60494  8.241  -32.946  85.419 0.0000000000
60492  9.161  -31.906  84.862 0.0000000000
60512  9.785  -31.704  83.809 0.0000000000
65299  12.960  -27.660  80.487 0.0000000000
64133  12.342  -28.610  80.239 0.0000000000
65300  11.706  -27.527  80.865 0.0000000000
65276  10.031  -27.894  82.192 0.0000000000
64104  9.291  -28.346  82.238 0.0000000000
64061  8.184  -27.619  82.621 0.0000000000
60452  11.456  -32.711  88.763 0.0000000000
59211  10.899  -33.592  89.246 0.0000000000
60444  10.483  -33.369  88.998 0.0000000000
59220  9.301  -33.533  88.802 0.0000000000
59221  8.824  -33.880  88.649 0.0000000000
59223  8.056  -34.916  88.220 0.0000000000
60461  8.473  -33.587  87.729 0.0000000000
60472  7.958  -33.371  86.697 0.0000000000
58053  7.592  -33.567  81.232 0.0000000000
58075  6.155  -34.012  80.872 0.0000000000
58073  7.787  -33.687  80.402 0.0000000000
58099  7.845  -33.747  79.408 0.0000000000
58127  7.686  -33.557  78.375 0.0000000000
62907  5.676  -29.404  76.428 0.0000000000
62891  7.569  -29.897  76.665 0.0000000000
62906  6.848  -29.346  76.117 0.0000000000
62915  7.353  -29.828  74.542 0.0000000000
61764  6.853  -30.785  74.110 0.0000000000
60607  5.784  -32.086  73.903 0.0000000000
61771  6.373  -30.857  73.302 0.0000000000
61778  5.987  -30.723  72.578 0.0000000000
61787  5.454  -30.812  71.377 0.0000000000
66498  5.424  -26.345  69.595 0.0000000000
66509  5.310  -27.115  69.274 0.0000000000
66508  6.018  -26.786  69.159 0.0000000000
62766  10.657  -31.085  86.503 0.0000000000
62795  10.627  -30.446  85.204 0.0000000000
62794  11.654  -30.144  85.201 0.0000000000
62823  13.226  -29.746  83.436 0.0000000000
62836  13.995  -29.037  82.107 0.0000000000
64081  14.563  -29.036  83.542 0.0000000000
64120  14.582  -28.513  81.791 0.0000000000
64131  14.106  -28.513  80.969 0.0000000000
66394  12.579  -26.543  81.531 0.0000000000
61631  19.574  -28.914  85.951 0.0000000000
60474  19.238  -29.737  85.299 0.0000000000
61632  19.122  -29.728  86.175 0.0000000000
60456  17.885  -30.741  87.420 0.0000000000
60464  17.247  -31.290  87.066 0.0000000000
57985  16.504  -32.281  86.562 0.0000000000
57970  12.732  -33.139  88.662 0.0000000000
60450  12.522  -32.528  88.605 0.0000000000
62740  13.803  -31.484  87.539 0.0000000000
61610  12.739  -31.632  87.905 0.0000000000
61602  11.813  -32.199  88.414 0.0000000000
61612  11.572  -31.774  87.891 0.0000000000
62759  11.111  -31.312  86.963 0.0000000000
61706  7.931  -31.012  80.425 0.0000000000
60561  7.790  -31.246  79.780 0.0000000000
61707  7.161  -30.590  79.632 0.0000000000
61715  6.273  -30.315  78.855 0.0000000000
61726  5.662  -29.827  78.012 0.0000000000
62877  4.450  -28.993  79.142 0.0000000000
61727  4.876  -29.579  78.390 0.0000000000
61738  4.981  -29.563  77.416 0.0000000000
61750  4.889  -29.540  76.790 0.0000000000
64165  4.383  -28.661  75.730 0.0000000000
64186  4.063  -28.145  74.275 0.0000000000
67425  18.428  -25.433  85.727 0.0000000000
62802  20.805  -27.494  84.446 0.0000000000
66335  25.038  -25.224  84.687 0.0000000000
67423  23.958  -24.721  85.786 0.0000000000
66336  23.908  -25.050  84.796 0.0000000000
65222  22.760  -25.705  84.351 0.0000000000
64042  21.120  -26.514  84.819 0.0000000000
62790  20.407  -27.336  85.439 0.0000000000
65196  20.080  -27.071  87.385 0.0000000000
65190  19.797  -27.474  87.783 0.0000000000
67398  19.862  -25.723  87.399 0.0000000000
66302  19.335  -26.788  87.586 0.0000000000
67401  19.301  -26.074  86.920 0.0000000000
67405  18.981  -25.984  86.628 0.0000000000
58014  5.930  -34.378  84.196 0.0000000000
59309  6.816  -33.341  83.412 0.0000000000
59265  7.530  -33.099  84.537 0.0000000000
59288  7.388  -33.009  83.828 0.0000000000
59308  7.405  -33.014  82.948 0.0000000000
59324  8.729  -32.888  81.645 0.0000000000
58071  9.146  -32.706  80.932 0.0000000000
60559  9.338  -31.785  80.574 0.0000000000
62807  10.661  -30.737  84.414 0.0000000000
61658  11.043  -30.876  83.716 0.0000000000
60539  11.437  -31.858  82.077 0.0000000000
61701  12.468  -29.803  80.572 0.0000000000
60556  12.077  -31.020  80.828 0.0000000000
60548  11.750  -31.878  81.270 0.0000000000
59335  10.808  -32.050  80.992 0.0000000000
61704  9.963  -31.011  80.759 0.0000000000
61705  8.905  -31.160  80.790 0.0000000000
62868  7.583  -30.016  80.479 0.0000000000
62853  7.053  -29.200  80.687 0.0000000000
61672  5.752  -28.534  81.300 0.0000000000
62808  6.894  -27.808  82.477 0.0000000000
62810  5.843  -27.819  82.258 0.0000000000
64107  4.513  -27.459  81.910 0.0000000000
55703  11.529  -34.805  88.412 0.0000000000
56867  11.004  -34.323  89.275 0.0000000000
58102  5.669  -34.547  80.121 0.0000000000
58103  5.181  -35.039  80.410 0.0000000000
55798  4.012  -35.358  76.540 0.0000000000
60568  8.176  -31.996  78.915 0.0000000000
58151  8.296  -32.670  77.920 0.0000000000
58152  7.813  -32.895  77.585 0.0000000000
60594  8.026  -31.401  76.573 0.0000000000
59377  7.501  -32.324  76.704 0.0000000000
58180  6.003  -32.853  76.679 0.0000000000
58181  4.753  -33.399  76.393 0.0000000000
57034  4.179  -34.556  76.664 0.0000000000
55814  4.094  -35.512  75.699 0.0000000000
55831  3.910  -35.291  74.466 0.0000000000
58255  6.069  -33.439  73.537 0.0000000000
57094  6.099  -34.390  73.180 0.0000000000
68727  3.948  -24.230  76.668 0.0000000000
68726  4.084  -23.600  76.239 0.0000000000
67530  3.906  -25.630  76.489 0.0000000000
67547  4.154  -25.913  75.445 0.0000000000
65354  3.794  -27.328  74.697 0.0000000000
65360  3.814  -27.394  73.521 0.0000000000
67598  4.151  -25.532  72.041 0.0000000000
65367  3.816  -27.469  72.369 0.0000000000
64195  4.203  -28.321  73.094 0.0000000000
62955  4.389  -29.037  71.237 0.0000000000
61797  4.956  -30.249  70.888 0.0000000000
60645  5.850  -30.873  70.668 0.0000000000
61814  6.194  -29.922  69.831 0.0000000000
66314  17.845  -27.498  85.806 0.0000000000
65213  17.253  -28.353  85.589 0.0000000000
53442  3.780  -37.317  76.203 0.0000000000
53441  3.967  -37.448  75.686 0.0000000000
61633  9.608  -31.330  85.843 0.0000000000
62803  20.536  -28.455  84.191 0.0000000000
61656  20.163  -29.287  83.888 0.0000000000
61646  19.834  -29.079  84.802 0.0000000000
61627  9.153  -32.396  86.663 0.0000000000
62937  4.933  -28.958  73.359 0.0000000000
64047  13.306  -30.100  85.477 0.0000000000
64046  13.941  -29.891  85.006 0.0000000000
64001  19.560  -28.417  88.199 0.0000000000
62741  19.362  -29.319  88.276 0.0000000000
62742  18.887  -29.307  88.349 0.0000000000
61597  15.483  -31.359  87.435 0.0000000000
61596  15.777  -31.365  87.427 0.0000000000
60446  15.648  -31.602  87.437 0.0000000000
59215  15.406  -32.028  87.515 0.0000000000
60447  15.003  -31.854  87.612 0.0000000000
62774  13.550  -30.358  86.069 0.0000000000
61684  5.320  -28.625  81.022 0.0000000000
61694  5.267  -28.882  80.447 0.0000000000
62855  4.789  -28.555  80.816 0.0000000000
65334  3.690  -27.641  76.802 0.0000000000
59251  6.570  -34.290  85.895 0.0000000000
59268  6.373  -34.214  85.351 0.0000000000
59250  6.798  -33.913  85.699 0.0000000000
59305  10.147  -32.449  82.205 0.0000000000
59304  10.870  -32.350  81.906 0.0000000000
62837  13.360  -29.609  82.334 0.0000000000
62838  12.569  -30.233  82.257 0.0000000000
62850  13.293  -29.626  81.239 0.0000000000
64122  9.550  -28.969  81.643 0.0000000000
64124  8.569  -28.881  81.614 0.0000000000
64105  8.650  -28.565  82.111 0.0000000000
59209  11.954  -33.087  89.024 0.0000000000
57961  11.655  -33.608  89.290 0.0000000000
57966  8.915  -34.526  89.246 0.0000000000
56870  9.241  -34.951  89.461 0.0000000000
59240  6.696  -34.503  87.153 0.0000000000
59245  6.620  -34.352  86.554 0.0000000000
57991  6.375  -34.702  86.208 0.0000000000
58055  6.340  -34.158  81.894 0.0000000000
56994  6.824  -33.873  78.421 0.0000000000
58154  5.540  -33.447  77.456 0.0000000000
61725  6.546  -30.117  78.030 0.0000000000
61736  7.017  -30.139  77.705 0.0000000000
60600  6.553  -31.665  74.974 0.0000000000
59388  5.531  -32.483  75.189 0.0000000000
59400  5.621  -32.364  74.376 0.0000000000
70043  4.483  -22.982  74.872 0.0000000000
70056  4.573  -23.038  73.736 0.0000000000
67566  4.809  -24.778  73.881 0.0000000000
68781  4.491  -23.989  73.235 0.0000000000
67644  4.800  -26.013  70.141 0.0000000000
68849  4.565  -25.145  70.612 0.0000000000
67628  4.619  -26.012  70.460 0.0000000000
65381  4.088  -27.705  70.206 0.0000000000
65387  4.572  -27.745  69.517 0.0000000000
64030  15.360  -30.053  85.351 0.0000000000
66353  17.308  -26.417  84.330 0.0000000000
64010  17.077  -29.458  86.270 0.0000000000
64005  16.294  -30.286  86.474 0.0000000000
64006  15.557  -30.535  86.464 0.0000000000
64029  16.174  -29.761  85.455 0.0000000000
65302  3.607  -26.655  80.818 0.0000000000
60478  8.274  -33.106  86.089 0.0000000000
61648  9.583  -31.318  85.183 0.0000000000
61660  9.692  -31.463  84.461 0.0000000000
61659  10.286  -31.197  83.900 0.0000000000
66406  12.202  -26.889  81.214 0.0000000000
65288  11.184  -27.129  81.863 0.0000000000
65262  9.783  -27.540  82.591 0.0000000000
64083  9.205  -27.696  82.624 0.0000000000
64060  8.782  -27.463  82.725 0.0000000000
61603  11.166  -32.409  88.367 0.0000000000
60453  10.754  -32.898  88.732 0.0000000000
61604  10.485  -32.633  88.318 0.0000000000
60459  9.404  -32.833  88.083 0.0000000000
60454  9.773  -33.162  88.595 0.0000000000
60455  9.151  -33.406  88.555 0.0000000000
59227  8.619  -33.660  88.012 0.0000000000
60480  7.436  -33.611  86.509 0.0000000000
56993  7.428  -33.877  78.794 0.0000000000
64174  7.019  -29.112  74.347 0.0000000000
62916  7.152  -29.036  75.150 0.0000000000
62924  6.921  -30.047  73.699 0.0000000000
61770  6.688  -30.500  73.631 0.0000000000
62934  6.619  -30.347  73.403 0.0000000000
62945  5.591  -29.988  72.550 0.0000000000
62944  5.823  -30.353  72.567 0.0000000000
61779  5.530  -30.642  71.972 0.0000000000
68874  5.020  -24.782  69.824 0.0000000000
67642  5.528  -25.500  69.677 0.0000000000
66497  6.066  -26.081  69.421 0.0000000000
62777  10.983  -30.273  86.058 0.0000000000
62804  13.313  -29.734  84.226 0.0000000000
64103  13.685  -29.470  83.051 0.0000000000
64119  15.161  -28.108  81.960 0.0000000000
65287  15.009  -27.638  81.574 0.0000000000
65297  14.500  -27.737  81.116 0.0000000000
66404  13.645  -27.025  80.811 0.0000000000
66393  13.388  -26.457  81.319 0.0000000000
61623  19.703  -28.612  86.744 0.0000000000
61624  19.373  -29.366  87.125 0.0000000000
60469  18.367  -30.697  86.956 0.0000000000
64003  18.344  -29.094  87.339 0.0000000000
61607  17.598  -30.519  87.425 0.0000000000
59224  16.470  -31.770  87.054 0.0000000000
59231  16.704  -31.809  86.839 0.0000000000
59238  17.017  -31.737  86.700 0.0000000000
57980  16.286  -32.205  86.868 0.0000000000
56885  15.324  -33.115  86.878 0.0000000000
59217  13.839  -32.438  88.152 0.0000000000
59218  13.058  -32.674  88.504 0.0000000000
59219  12.406  -32.950  88.785 0.0000000000
62747  14.280  -31.208  87.023 0.0000000000
62749  12.670  -31.307  87.531 0.0000000000
61601  12.397  -32.046  88.370 0.0000000000
61611  12.208  -31.690  88.009 0.0000000000
62765  11.444  -30.754  86.588 0.0000000000
61709  5.461  -29.733  79.664 0.0000000000
61708  6.134  -30.064  79.516 0.0000000000
64148  3.940  -28.279  79.687 0.0000000000
64147  4.385  -28.631  80.035 0.0000000000
64153  4.410  -28.680  77.993 0.0000000000
62882  4.613  -28.978  78.177 0.0000000000
61751  4.761  -29.419  76.975 0.0000000000
64177  4.012  -28.233  75.313 0.0000000000
64176  4.574  -28.642  75.068 0.0000000000
67410  18.752  -25.469  86.286 0.0000000000
64079  22.483  -27.319  82.680 0.0000000000
67408  23.848  -24.386  86.146 0.0000000000
66325  24.493  -24.887  85.344 0.0000000000
66326  23.510  -24.797  85.395 0.0000000000
66337  23.136  -24.988  84.956 0.0000000000
66327  22.486  -25.074  85.336 0.0000000000
64027  20.470  -26.731  85.900 0.0000000000
65195  20.162  -27.098  87.100 0.0000000000
68560  19.917  -25.058  87.508 0.0000000000
67399  19.712  -25.855  87.423 0.0000000000
67400  19.542  -25.931  87.289 0.0000000000
68569  18.909  -24.547  86.827 0.0000000000
68563  19.223  -25.330  86.879 0.0000000000
56896  5.616  -35.400  85.665 0.0000000000
59291  6.241  -34.167  84.902 0.0000000000
58013  6.382  -34.095  83.988 0.0000000000
59310  6.636  -33.751  83.871 0.0000000000
60516  7.745  -33.137  85.078 0.0000000000
58032  7.500  -33.361  82.074 0.0000000000
59323  9.481  -32.629  81.466 0.0000000000
61669  12.108  -30.700  82.609 0.0000000000
61670  11.422  -31.158  82.852 0.0000000000
61682  11.851  -31.216  82.187 0.0000000000
62874  12.040  -29.225  80.149 0.0000000000
61702  12.035  -30.396  80.578 0.0000000000
60557  11.517  -31.454  80.787 0.0000000000
59334  11.406  -32.033  80.989 0.0000000000
62839  7.637  -28.393  81.749 0.0000000000
62840  7.037  -28.658  81.460 0.0000000000
62841  6.399  -28.741  81.011 0.0000000000
62827  6.240  -28.336  81.822 0.0000000000
64062  7.394  -27.717  82.531 0.0000000000
60491  18.976  -30.497  84.826 0.0000000000
59246  18.770  -31.180  84.439 0.0000000000
55694  11.331  -34.574  88.838 0.0000000000
57963  10.657  -34.096  89.299 0.0000000000
57992  6.115  -35.011  85.939 0.0000000000
58078  5.112  -35.544  81.767 0.0000000000
56945  4.830  -35.483  80.823 0.0000000000
56972  4.457  -35.572  79.808 0.0000000000
56997  4.294  -35.325  78.710 0.0000000000
57018  4.087  -34.991  77.605 0.0000000000
55799  3.589  -35.637  77.044 0.0000000000
57035  3.951  -35.120  76.955 0.0000000000
59369  8.123  -32.229  77.622 0.0000000000
59370  7.770  -32.384  77.235 0.0000000000
62890  7.898  -30.295  76.232 0.0000000000
61734  7.991  -30.680  76.875 0.0000000000
61747  8.024  -30.803  75.965 0.0000000000
58179  7.104  -32.763  76.986 0.0000000000
58206  4.791  -33.364  75.163 0.0000000000
57064  3.688  -34.817  73.833 0.0000000000
55884  5.523  -34.888  73.480 0.0000000000
60612  6.013  -31.853  73.438 0.0000000000
60613  5.828  -32.169  73.698 0.0000000000
59415  6.185  -32.589  73.323 0.0000000000
58276  6.594  -33.369  72.546 0.0000000000
58277  6.255  -33.891  73.198 0.0000000000
68742  4.406  -23.909  75.625 0.0000000000
68743  4.260  -24.928  75.870 0.0000000000
66452  3.972  -26.444  74.751 0.0000000000
70088  4.217  -23.567  71.291 0.0000000000
68804  4.307  -24.310  72.302 0.0000000000
64201  4.028  -28.348  71.864 0.0000000000
62947  4.497  -29.111  72.355 0.0000000000
61817  4.814  -29.427  70.209 0.0000000000
61799  4.670  -29.388  70.685 0.0000000000
60647  5.061  -30.184  70.490 0.0000000000
60646  5.290  -30.522  70.632 0.0000000000
60663  5.276  -30.093  70.183 0.0000000000
64247  5.093  -28.333  69.164 0.0000000000
65224  16.717  -28.898  85.275 0.0000000000
64055  16.661  -28.545  84.828 0.0000000000
66309  18.630  -26.795  86.497 0.0000000000
66305  18.036  -28.034  86.340 0.0000000000
65198  16.921  -29.334  85.882 0.0000000000
65202  16.819  -29.224  85.677 0.0000000000
65214  16.878  -28.926  85.491 0.0000000000
61635  8.757  -32.744  86.374 0.0000000000
60477  8.790  -32.626  85.792 0.0000000000
61615  9.285  -32.673  87.674 0.0000000000
61622  8.916  -32.666  87.211 0.0000000000
61628  8.678  -32.784  86.748 0.0000000000
58072  8.636  -33.066  80.357 0.0000000000
62917  6.087  -28.995  75.099 0.0000000000
64184  6.413  -28.939  74.242 0.0000000000
64193  6.170  -29.118  73.681 0.0000000000
64192  6.246  -29.409  73.394 0.0000000000
62936  5.754  -29.325  73.167 0.0000000000
64058  13.982  -29.473  84.247 0.0000000000
65273  15.967  -27.635  82.862 0.0000000000
66391  15.234  -27.095  81.680 0.0000000000
67491  13.774  -26.063  81.713 0.0000000000
67479  13.588  -25.541  82.259 0.0000000000
62752  19.837  -28.649  87.493 0.0000000000
61616  19.787  -29.348  87.760 0.0000000000
62753  19.842  -28.971  88.063 0.0000000000
61617  19.345  -30.045  88.051 0.0000000000
61618  18.564  -30.607  87.815 0.0000000000
61608  16.279  -31.098  87.315 0.0000000000
59225  15.779  -32.231  87.246 0.0000000000
62757  12.483  -30.930  87.172 0.0000000000
62764  12.242  -30.587  86.672 0.0000000000
62854  6.341  -29.172  80.302 0.0000000000
61693  5.678  -29.235  80.089 0.0000000000
64157  4.189  -28.532  77.493 0.0000000000
62895  4.545  -29.072  77.040 0.0000000000
65200  20.532  -26.176  86.582 0.0000000000
67404  20.269  -25.422  87.317 0.0000000000
68562  19.347  -24.909  87.256 0.0000000000
60514  8.585  -32.449  84.449 0.0000000000
59264  7.948  -32.883  84.305 0.0000000000
60530  8.927  -32.457  83.797 0.0000000000
59286  9.013  -32.689  83.113 0.0000000000
64135  10.764  -29.189  80.818 0.0000000000
62865  10.429  -30.088  80.688 0.0000000000
62851  8.645  -29.407  81.372 0.0000000000
59242  18.166  -31.513  85.662 0.0000000000
59247  18.248  -31.697  84.886 0.0000000000
57993  17.923  -32.056  84.967 0.0000000000
56874  12.434  -33.721  88.617 0.0000000000
56875  11.634  -34.025  89.172 0.0000000000
56876  11.168  -34.418  89.171 0.0000000000
57964  9.968  -34.239  89.324 0.0000000000
58035  5.591  -34.666  83.201 0.0000000000
58036  5.216  -35.118  83.207 0.0000000000
58130  4.634  -34.031  77.701 0.0000000000
58155  4.598  -33.785  77.282 0.0000000000
61714  7.129  -30.635  78.718 0.0000000000
60578  7.648  -31.008  78.384 0.0000000000
61758  7.524  -30.704  75.185 0.0000000000
61757  7.708  -31.138  75.592 0.0000000000
60599  7.228  -31.507  75.397 0.0000000000
59379  5.995  -32.496  75.910 0.0000000000
58231  4.940  -33.551  74.378 0.0000000000
58256  5.414  -33.311  74.056 0.0000000000
59434  6.321  -32.301  72.570 0.0000000000
67583  4.414  -25.342  73.168 0.0000000000
64208  4.001  -28.356  70.868 0.0000000000
64218  4.213  -28.432  70.252 0.0000000000
62981  4.851  -28.994  69.628 0.0000000000
64031  14.335  -30.236  85.584 0.0000000000
65260  16.290  -28.021  83.784 0.0000000000
65238  16.616  -28.131  84.365 0.0000000000
65272  16.490  -27.228  83.436 0.0000000000
64002  18.750  -28.583  88.059 0.0000000000
65194  17.890  -28.587  86.457 0.0000000000
62745  16.127  -30.704  87.052 0.0000000000
62738  15.221  -31.127  87.319 0.0000000000
62754  14.847  -30.786  86.768 0.0000000000
64013  14.697  -30.528  86.079 0.0000000000
64018  14.749  -30.345  85.697 0.0000000000
64125  4.319  -27.971  81.123 0.0000000000
64139  3.842  -27.627  80.586 0.0000000000
66407  3.448  -25.841  80.220 0.0000000000
67519  3.628  -25.332  77.483 0.0000000000
60496  7.309  -33.605  86.012 0.0000000000
59249  7.076  -33.613  85.536 0.0000000000
60493  8.637  -32.391  85.161 0.0000000000
60513  9.266  -31.993  84.157 0.0000000000
60528  10.260  -31.906  83.098 0.0000000000
64132  13.372  -28.516  80.517 0.0000000000
65301  11.000  -28.429  81.045 0.0000000000
65275  10.633  -27.150  82.418 0.0000000000
65289  10.633  -27.879  81.623 0.0000000000
65290  9.953  -28.421  81.851 0.0000000000
64084  8.718  -28.092  82.467 0.0000000000
59210  11.459  -33.340  89.252 0.0000000000
60443  11.119  -33.057  89.045 0.0000000000
60445  10.021  -33.561  89.006 0.0000000000
59213  9.577  -33.806  89.118 0.0000000000
59214  9.173  -34.116  89.189 0.0000000000
57972  8.582  -34.545  88.821 0.0000000000
59222  8.341  -34.532  88.303 0.0000000000
59228  8.271  -34.077  87.722 0.0000000000
59233  7.865  -33.956  87.323 0.0000000000
60466  8.131  -33.552  87.285 0.0000000000
60467  7.680  -33.848  87.187 0.0000000000
60473  7.535  -33.699  86.992 0.0000000000
58054  6.840  -33.738  81.536 0.0000000000
58074  6.905  -33.845  80.625 0.0000000000
58100  7.055  -34.003  79.763 0.0000000000
56968  7.153  -34.087  79.073 0.0000000000
58128  7.032  -33.586  78.106 0.0000000000
62892  6.656  -29.823  77.207 0.0000000000
62905  7.745  -29.845  75.673 0.0000000000
60606  6.240  -31.657  74.254 0.0000000000
61765  6.371  -31.291  73.752 0.0000000000
60621  5.938  -31.096  72.017 0.0000000000
67643  4.996  -25.686  69.956 0.0000000000
66510  4.894  -27.476  69.340 0.0000000000
66496  6.375  -25.956  69.327 0.0000000000
54687  3.573  -36.494  76.579 0.0000000000
62778  10.159  -30.751  86.000 0.0000000000
62805  12.390  -30.052  84.167 0.0000000000
62849  13.872  -29.086  81.529 0.0000000000
64101  15.123  -28.421  82.639 0.0000000000
64102  14.150  -29.028  82.737 0.0000000000
65298  13.854  -27.774  80.703 0.0000000000
66405  12.722  -26.886  80.904 0.0000000000
66381  13.042  -26.102  81.921 0.0000000000
62791  20.140  -28.183  85.169 0.0000000000
60475  18.842  -30.414  85.743 0.0000000000
60468  18.784  -30.232  86.646 0.0000000000
60476  18.487  -30.955  86.156 0.0000000000
57989  17.191  -32.087  86.119 0.0000000000
61606  18.531  -30.141  88.036 0.0000000000
60463  18.022  -30.889  87.275 0.0000000000
59230  17.433  -31.357  86.895 0.0000000000
57984  17.043  -31.891  86.513 0.0000000000
57981  15.783  -32.564  86.991 0.0000000000
56873  12.998  -33.308  88.434 0.0000000000
60441  12.029  -32.823  88.876 0.0000000000
61599  13.939  -31.709  87.839 0.0000000000
61600  13.153  -31.799  88.067 0.0000000000
62748  13.404  -31.317  87.399 0.0000000000
60451  11.998  -32.566  88.733 0.0000000000
61619  11.137  -31.622  87.449 0.0000000000
62881  6.091  -29.900  77.756 0.0000000000
62871  4.745  -28.801  80.247 0.0000000000
62876  4.589  -28.938  79.722 0.0000000000
61717  4.789  -29.568  79.264 0.0000000000
61718  4.550  -29.397  78.996 0.0000000000
62893  5.899  -29.775  77.361 0.0000000000
61737  5.277  -29.737  77.073 0.0000000000
61749  5.064  -29.620  76.584 0.0000000000
62908  4.789  -29.144  76.146 0.0000000000
62909  4.653  -29.195  76.667 0.0000000000
67426  18.190  -26.701  85.654 0.0000000000
66329  18.082  -26.426  85.368 0.0000000000
68584  17.655  -24.094  85.529 0.0000000000
62773  20.105  -27.911  86.200 0.0000000000
64007  20.005  -27.957  87.263 0.0000000000
64008  20.021  -28.057  87.778 0.0000000000
64000  19.810  -27.983  87.997 0.0000000000
68565  21.074  -24.319  87.399 0.0000000000
66301  19.719  -26.522  87.526 0.0000000000
66303  18.971  -27.001  87.236 0.0000000000
67406  18.669  -26.459  86.347 0.0000000000
67411  18.461  -26.534  85.990 0.0000000000
58001  5.445  -34.732  84.564 0.0000000000
59266  7.110  -33.427  84.991 0.0000000000
59289  6.963  -33.363  84.189 0.0000000000
58031  8.120  -33.234  81.692 0.0000000000
58051  8.887  -32.903  81.068 0.0000000000
61671  10.789  -31.343  83.255 0.0000000000
60527  10.946  -31.671  82.727 0.0000000000
62862  12.939  -29.363  80.528 0.0000000000
61691  12.702  -30.041  80.891 0.0000000000
61692  12.419  -30.689  81.069 0.0000000000
60538  11.930  -31.465  81.667 0.0000000000
59321  11.179  -32.194  81.395 0.0000000000
60558  10.411  -31.592  80.792 0.0000000000
61673  5.322  -28.446  81.433 0.0000000000
64085  8.079  -28.099  82.123 0.0000000000
64086  7.506  -28.028  82.165 0.0000000000
62809  6.445  -27.823  82.371 0.0000000000
62828  5.345  -28.161  81.907 0.0000000000
64108  4.119  -26.913  81.705 0.0000000000
66339  17.862  -25.931  84.991 0.0000000000
60490  19.507  -29.853  84.379 0.0000000000
60511  19.319  -30.561  84.002 0.0000000000
59262  18.936  -31.078  83.616 0.0000000000
59263  18.449  -31.666  84.075 0.0000000000
57962  11.237  -33.839  89.343 0.0000000000
55695  10.735  -34.841  89.173 0.0000000000
58058  5.120  -35.485  82.633 0.0000000000
58076  5.786  -34.587  81.126 0.0000000000
55749  4.401  -35.801  80.416 0.0000000000
55761  4.167  -36.026  80.012 0.0000000000
55815  3.828  -35.914  76.307 0.0000000000
59363  8.333  -32.370  78.338 0.0000000000
58126  8.407  -32.990  78.357 0.0000000000
58153  6.798  -33.305  77.628 0.0000000000
61735  7.498  -30.228  77.431 0.0000000000
59376  7.925  -31.974  76.967 0.0000000000
60598  7.790  -31.500  75.943 0.0000000000
59385  7.783  -31.878  76.413 0.0000000000
58178  7.538  -32.559  77.168 0.0000000000
59417  5.423  -32.909  74.074 0.0000000000
57095  5.574  -34.643  73.546 0.0000000000
68709  3.565  -24.105  77.782 0.0000000000
66439  3.745  -26.805  75.362 0.0000000000
68782  4.460  -24.575  72.983 0.0000000000
66473  3.906  -26.454  72.780 0.0000000000
62938  4.494  -28.772  73.044 0.0000000000
61781  4.754  -29.705  72.121 0.0000000000
61789  4.736  -29.811  71.445 0.0000000000
61788  5.136  -30.499  71.313 0.0000000000
60629  5.448  -30.857  71.026 0.0000000000
65398  4.865  -27.917  69.204 0.0000000000
63003  5.102  -28.738  69.289 0.0000000000
61815  5.608  -29.725  69.845 0.0000000000
60662  5.705  -30.372  70.162 0.0000000000
60644  6.532  -31.534  70.758 0.0000000000
55760  4.292  -35.838  80.041 0.0000000000
57015  6.750  -33.603  78.018 0.0000000000
57078  5.882  -34.101  73.469 0.0000000000
59416  5.734  -32.610  73.867 0.0000000000
60547  12.103  -31.315  81.161 0.0000000000
60664  5.034  -29.894  70.236 0.0000000000
61728  4.669  -29.535  78.826 0.0000000000
61739  4.772  -29.348  77.223 0.0000000000
61790  4.628  -29.509  71.013 0.0000000000
61798  4.850  -29.841  70.689 0.0000000000
61818  4.621  -29.135  70.431 0.0000000000
62737  15.602  -31.046  87.345 0.0000000000
62772  20.273  -27.318  86.001 0.0000000000
62825  7.551  -28.193  81.977 0.0000000000
62863  12.180  -29.426  80.282 0.0000000000
62875  11.884  -29.320  80.216 0.0000000000
62883  4.574  -29.190  78.684 0.0000000000
62904  7.910  -30.325  75.895 0.0000000000
62925  6.738  -29.741  73.541 0.0000000000
62956  4.538  -29.237  70.972 0.0000000000
62966  4.500  -29.040  70.754 0.0000000000
62982  4.523  -28.869  70.141 0.0000000000
62983  4.502  -28.919  70.463 0.0000000000
64014  20.394  -26.719  86.269 0.0000000000
64043  16.686  -28.738  85.081 0.0000000000
64145  12.136  -28.995  80.126 0.0000000000
64146  11.851  -29.040  80.186 0.0000000000
64156  4.528  -28.828  77.809 0.0000000000
64173  7.055  -29.548  73.972 0.0000000000
64183  6.642  -29.386  73.728 0.0000000000
64194  4.495  -28.674  73.364 0.0000000000
64230  4.831  -28.540  69.334 0.0000000000
64248  4.729  -28.192  69.289 0.0000000000
65397  5.260  -27.806  69.170 0.0000000000
66328  18.268  -25.762  85.472 0.0000000000
66383  11.415  -26.708  82.364 0.0000000000
66403  14.193  -27.267  80.917 0.0000000000
67424  18.403  -25.665  85.693 0.0000000000
67627  4.770  -25.539  70.272 0.0000000000
